('OC-FakeDect1 (Trained on DFDB Dataset) \nTested on AVG Deepfakes Dataset \nRunning Average Evaluation', 'OC-FakeDect1_DFDB', 'DFDB', 'OC-FakeDect1_DFDB_raeonDFavg')
auroc=0.5115727413681146
f1=0.46961325966850825
prec=0.434412265758092
recall=0.5110220440881763

fpr=[0.0, 0.4878765613519471, 1.0]

tpr=[0.0, 0.5110220440881763, 1.0]

y_true=[0, 0, 0, 0, 0, 0, 0, 0, 0, 0, 0, 0, 0, 0, 0, 0, 0, 0, 0, 0, 0, 0, 0, 0, 0, 0, 0, 0, 0, 0, 0, 0, 0, 0, 0, 0, 0, 0, 0, 0, 0, 0, 0, 0, 0, 0, 0, 0, 0, 0, 0, 0, 0, 0, 0, 0, 0, 0, 0, 0, 0, 0, 0, 0, 0, 0, 0, 0, 0, 0, 0, 0, 0, 0, 0, 0, 0, 0, 0, 0, 0, 0, 0, 0, 0, 0, 0, 0, 0, 0, 0, 0, 0, 0, 0, 0, 0, 0, 0, 0, 0, 0, 0, 0, 0, 0, 0, 0, 0, 0, 0, 0, 0, 0, 0, 0, 0, 0, 0, 0, 0, 0, 0, 0, 0, 0, 0, 0, 0, 0, 0, 0, 0, 0, 0, 0, 0, 0, 0, 0, 0, 0, 0, 0, 0, 0, 0, 0, 0, 0, 0, 0, 0, 0, 0, 0, 0, 0, 0, 0, 0, 0, 0, 0, 0, 0, 0, 0, 0, 0, 0, 0, 0, 0, 0, 0, 0, 0, 0, 0, 0, 0, 0, 0, 0, 0, 0, 0, 0, 0, 0, 0, 0, 0, 0, 0, 0, 0, 0, 0, 0, 0, 0, 0, 0, 0, 0, 0, 0, 0, 0, 0, 0, 0, 0, 0, 0, 0, 0, 0, 0, 0, 0, 0, 0, 0, 0, 0, 0, 0, 0, 0, 0, 0, 0, 0, 0, 0, 0, 0, 0, 0, 0, 0, 0, 0, 0, 0, 0, 0, 0, 0, 0, 0, 0, 0, 0, 0, 0, 0, 0, 0, 0, 0, 0, 0, 0, 0, 0, 0, 0, 0, 0, 0, 0, 0, 0, 0, 0, 0, 0, 0, 0, 0, 0, 0, 0, 0, 0, 0, 0, 0, 0, 0, 0, 0, 0, 0, 0, 0, 0, 0, 0, 0, 0, 0, 0, 0, 0, 0, 0, 0, 0, 0, 0, 0, 0, 0, 0, 0, 0, 0, 0, 0, 0, 0, 0, 0, 0, 0, 0, 0, 0, 0, 0, 0, 0, 0, 0, 0, 0, 0, 0, 0, 0, 0, 0, 0, 0, 0, 0, 0, 0, 0, 0, 0, 0, 0, 0, 0, 0, 0, 0, 0, 0, 0, 0, 0, 0, 0, 0, 0, 0, 0, 0, 0, 0, 0, 0, 0, 0, 0, 0, 0, 0, 0, 0, 0, 0, 0, 0, 0, 0, 0, 0, 0, 0, 0, 0, 0, 0, 0, 0, 0, 0, 0, 0, 0, 0, 0, 0, 0, 0, 0, 0, 0, 0, 0, 0, 0, 0, 0, 0, 0, 0, 0, 0, 0, 0, 0, 0, 0, 0, 0, 0, 0, 0, 0, 0, 0, 0, 0, 0, 0, 0, 0, 0, 0, 0, 0, 0, 0, 0, 0, 0, 0, 0, 0, 0, 0, 0, 0, 0, 0, 0, 0, 0, 0, 0, 0, 0, 0, 0, 0, 0, 0, 0, 0, 0, 0, 0, 0, 0, 0, 0, 0, 0, 0, 0, 0, 0, 0, 0, 0, 0, 0, 0, 0, 0, 0, 0, 0, 0, 0, 0, 0, 0, 0, 0, 0, 0, 0, 0, 0, 0, 0, 0, 0, 0, 0, 0, 0, 0, 0, 0, 0, 0, 0, 0, 0, 0, 0, 0, 0, 0, 0, 0, 0, 0, 0, 0, 0, 0, 0, 0, 0, 0, 0, 0, 0, 0, 0, 0, 0, 0, 0, 0, 0, 0, 0, 0, 0, 0, 0, 0, 0, 0, 0, 0, 0, 0, 0, 0, 0, 0, 0, 0, 0, 0, 0, 0, 0, 0, 0, 0, 0, 0, 0, 0, 0, 0, 0, 0, 0, 0, 0, 0, 0, 0, 0, 0, 0, 0, 0, 0, 0, 0, 0, 0, 0, 0, 0, 0, 0, 0, 0, 0, 0, 0, 0, 0, 0, 0, 0, 0, 0, 0, 0, 0, 0, 0, 0, 0, 0, 0, 0, 0, 0, 0, 0, 0, 0, 0, 0, 0, 0, 0, 0, 0, 0, 0, 0, 0, 0, 0, 0, 0, 0, 0, 0, 0, 0, 0, 0, 0, 0, 0, 0, 0, 0, 0, 0, 0, 0, 0, 0, 0, 0, 0, 0, 0, 0, 0, 0, 0, 0, 0, 0, 0, 0, 0, 0, 0, 0, 0, 0, 0, 0, 0, 0, 0, 0, 0, 0, 0, 0, 0, 0, 0, 0, 0, 0, 0, 0, 0, 0, 0, 0, 0, 0, 0, 0, 0, 0, 0, 0, 0, 0, 0, 0, 0, 0, 0, 0, 0, 0, 0, 0, 0, 0, 0, 0, 0, 0, 0, 0, 0, 0, 0, 0, 0, 0, 0, 0, 0, 0, 0, 0, 0, 0, 0, 0, 0, 0, 0, 0, 0, 0, 0, 0, 0, 0, 0, 0, 0, 0, 0, 0, 0, 0, 0, 0, 0, 0, 0, 0, 0, 0, 0, 0, 0, 0, 0, 0, 0, 0, 0, 0, 0, 0, 0, 0, 0, 0, 0, 0, 0, 0, 0, 0, 0, 0, 0, 0, 0, 0, 0, 0, 0, 0, 0, 0, 0, 0, 0, 0, 0, 0, 0, 0, 0, 0, 0, 0, 0, 0, 0, 0, 0, 0, 0, 0, 0, 0, 0, 0, 0, 0, 0, 0, 0, 0, 0, 0, 0, 0, 0, 0, 0, 0, 0, 0, 0, 0, 0, 0, 0, 0, 0, 0, 0, 0, 0, 0, 0, 0, 0, 0, 0, 0, 0, 0, 0, 0, 0, 0, 0, 0, 0, 0, 0, 0, 0, 0, 0, 0, 0, 0, 0, 0, 0, 0, 0, 0, 0, 0, 0, 0, 0, 0, 0, 0, 0, 0, 0, 0, 0, 0, 0, 0, 0, 0, 0, 0, 0, 0, 0, 0, 0, 0, 0, 0, 0, 0, 0, 0, 0, 0, 0, 0, 0, 0, 0, 0, 0, 0, 0, 0, 0, 0, 0, 0, 0, 0, 0, 0, 0, 0, 0, 0, 0, 0, 0, 0, 0, 0, 0, 0, 0, 0, 0, 0, 0, 0, 0, 0, 0, 0, 0, 0, 0, 0, 0, 0, 0, 0, 0, 0, 0, 0, 0, 0, 0, 0, 0, 0, 0, 0, 0, 0, 0, 0, 0, 0, 0, 0, 0, 0, 0, 0, 0, 0, 0, 0, 0, 0, 0, 0, 0, 0, 0, 0, 0, 0, 0, 0, 0, 0, 0, 0, 0, 0, 0, 0, 0, 0, 0, 0, 0, 0, 0, 0, 0, 0, 0, 0, 0, 0, 0, 0, 0, 0, 0, 0, 0, 0, 0, 0, 0, 0, 0, 0, 0, 0, 0, 0, 0, 0, 0, 0, 0, 0, 0, 0, 0, 0, 0, 0, 0, 0, 0, 0, 0, 0, 0, 0, 0, 0, 0, 0, 0, 0, 0, 0, 0, 0, 0, 0, 0, 0, 0, 0, 0, 0, 0, 0, 0, 0, 0, 0, 0, 0, 0, 0, 0, 0, 0, 0, 0, 0, 0, 0, 0, 0, 0, 0, 0, 0, 0, 0, 0, 0, 0, 0, 0, 0, 0, 0, 0, 0, 0, 0, 0, 0, 0, 0, 0, 0, 0, 0, 0, 0, 0, 0, 0, 0, 0, 0, 0, 0, 0, 0, 0, 0, 0, 0, 0, 0, 0, 0, 0, 0, 0, 0, 0, 0, 0, 0, 0, 0, 0, 0, 0, 0, 0, 0, 0, 0, 0, 0, 0, 0, 0, 0, 0, 0, 0, 0, 0, 0, 0, 0, 0, 0, 0, 0, 0, 0, 0, 0, 0, 0, 0, 0, 0, 0, 0, 0, 0, 0, 0, 0, 0, 0, 0, 0, 0, 0, 0, 0, 0, 0, 0, 0, 0, 0, 0, 0, 0, 0, 0, 0, 0, 0, 0, 0, 0, 0, 0, 0, 0, 0, 0, 0, 0, 0, 0, 0, 0, 0, 0, 0, 0, 0, 0, 0, 0, 0, 0, 0, 0, 0, 0, 0, 0, 0, 0, 0, 0, 0, 0, 0, 0, 0, 0, 0, 0, 0, 0, 0, 0, 0, 0, 0, 0, 0, 0, 0, 0, 0, 0, 0, 0, 0, 0, 0, 0, 0, 0, 0, 0, 0, 0, 0, 0, 0, 0, 0, 0, 0, 0, 0, 0, 0, 0, 0, 0, 0, 0, 0, 0, 0, 0, 0, 0, 0, 0, 0, 0, 0, 0, 0, 0, 0, 0, 0, 0, 0, 0, 0, 0, 0, 0, 0, 0, 0, 0, 0, 0, 0, 0, 1, 1, 1, 1, 1, 1, 1, 1, 1, 1, 1, 1, 1, 1, 1, 1, 1, 1, 1, 1, 1, 1, 1, 1, 1, 1, 1, 1, 1, 1, 1, 1, 1, 1, 1, 1, 1, 1, 1, 1, 1, 1, 1, 1, 1, 1, 1, 1, 1, 1, 1, 1, 1, 1, 1, 1, 1, 1, 1, 1, 1, 1, 1, 1, 1, 1, 1, 1, 1, 1, 1, 1, 1, 1, 1, 1, 1, 1, 1, 1, 1, 1, 1, 1, 1, 1, 1, 1, 1, 1, 1, 1, 1, 1, 1, 1, 1, 1, 1, 1, 1, 1, 1, 1, 1, 1, 1, 1, 1, 1, 1, 1, 1, 1, 1, 1, 1, 1, 1, 1, 1, 1, 1, 1, 1, 1, 1, 1, 1, 1, 1, 1, 1, 1, 1, 1, 1, 1, 1, 1, 1, 1, 1, 1, 1, 1, 1, 1, 1, 1, 1, 1, 1, 1, 1, 1, 1, 1, 1, 1, 1, 1, 1, 1, 1, 1, 1, 1, 1, 1, 1, 1, 1, 1, 1, 1, 1, 1, 1, 1, 1, 1, 1, 1, 1, 1, 1, 1, 1, 1, 1, 1, 1, 1, 1, 1, 1, 1, 1, 1, 1, 1, 1, 1, 1, 1, 1, 1, 1, 1, 1, 1, 1, 1, 1, 1, 1, 1, 1, 1, 1, 1, 1, 1, 1, 1, 1, 1, 1, 1, 1, 1, 1, 1, 1, 1, 1, 1, 1, 1, 1, 1, 1, 1, 1, 1, 1, 1, 1, 1, 1, 1, 1, 1, 1, 1, 1, 1, 1, 1, 1, 1, 1, 1, 1, 1, 1, 1, 1, 1, 1, 1, 1, 1, 1, 1, 1, 1, 1, 1, 1, 1, 1, 1, 1, 1, 1, 1, 1, 1, 1, 1, 1, 1, 1, 1, 1, 1, 1, 1, 1, 1, 1, 1, 1, 1, 1, 1, 1, 1, 1, 1, 1, 1, 1, 1, 1, 1, 1, 1, 1, 1, 1, 1, 1, 1, 1, 1, 1, 1, 1, 1, 1, 1, 1, 1, 1, 1, 1, 1, 1, 1, 1, 1, 1, 1, 1, 1, 1, 1, 1, 1, 1, 1, 1, 1, 1, 1, 1, 1, 1, 1, 1, 1, 1, 1, 1, 1, 1, 1, 1, 1, 1, 1, 1, 1, 1, 1, 1, 1, 1, 1, 1, 1, 1, 1, 1, 1, 1, 1, 1, 1, 1, 1, 1, 1, 1, 1, 1, 1, 1, 1, 1, 1, 1, 1, 1, 1, 1, 1, 1, 1, 1, 1, 1, 1, 1, 1, 1, 1, 1, 1, 1, 1, 1, 1, 1, 1, 1, 1, 1, 1, 1, 1, 1, 1, 1, 1, 1, 1, 1, 1, 1, 1, 1, 1, 1, 1, 1, 1, 1, 1, 1, 1, 1, 1, 1, 1, 1, 1, 1, 1, 1, 1, 1, 1, 1, 1, 1, 1, 1, 1, 1, 1, 1, 1, 1, 1, 1, 1, 1, 1, 1, 1, 1, 1, 1, 1, 1, 1, 1, 1, 1, 1, 1, 1, 1, 1, 1, 1, 1, 1, 1, 1, 1, 1, 1, 1, 1, 1, 1, 1, 1, 1, 1, 1, 1, 1, 1, 1, 1, 1, 1, 1, 1, 1, 1, 1, 1, 1, 1, 1, 1, 1, 1, 1, 1, 1, 1, 1, 1, 1, 1, 1, 1, 1, 1, 1, 1, 1, 1, 1, 1, 1, 1, 1, 1, 1, 1, 1, 1, 1, 1, 1, 1, 1, 1, 1, 1, 1, 1, 1, 1, 1, 1, 1, 1, 1, 1, 1, 1, 1, 1, 1, 1, 1, 1, 1, 1, 1, 1, 1, 1, 1, 1, 1, 1, 1, 1, 1, 1, 1, 1, 1, 1, 1, 1, 1, 1, 1, 1, 1, 1, 1, 1, 1, 1, 1, 1, 1, 1, 1, 1, 1, 1, 1, 1, 1, 1, 1, 1, 1, 1, 1, 1, 1, 1, 1, 1, 1, 1, 1, 1, 1, 1, 1, 1, 1, 1, 1, 1, 1, 1, 1, 1, 1, 1, 1, 1, 1, 1, 1, 1, 1, 1, 1, 1, 1, 1, 1, 1, 1, 1, 1, 1, 1, 1, 1, 1, 1, 1, 1, 1, 1, 1, 1, 1, 1, 1, 1, 1, 1, 1, 1, 1, 1, 1, 1, 1, 1, 1, 1, 1, 1, 1, 1, 1, 1, 1, 1, 1, 1, 1, 1, 1, 1, 1, 1, 1, 1, 1, 1, 1, 1, 1, 1, 1, 1, 1, 1, 1, 1, 1, 1, 1, 1, 1, 1, 1, 1, 1, 1, 1, 1, 1, 1, 1, 1, 1, 1, 1, 1, 1, 1, 1, 1, 1, 1, 1, 1, 1, 1, 1, 1, 1, 1, 1, 1, 1, 1, 1, 1, 1, 1, 1, 1, 1, 1, 1, 1, 1, 1, 1, 1, 1, 1, 1, 1, 1, 1, 1, 1, 1, 1, 1, 1, 1, 1, 1, 1, 1, 1, 1, 1, 1, 1, 1, 1, 1, 1, 1, 1, 1, 1, 1, 1, 1, 1, 1, 1, 1, 1, 1, 1, 1, 1, 1, 1, 1, 1, 1, 1, 1, 1, 1, 1, 1, 1, 1, 1, 1, 1, 1, 1, 1, 1, 1, 1, 1, 1, 1, 1, 1, 1, 1, 1, 1, 1, 1, 1, 1, 1, 1, 1, 1, 1, 1, 1, 1, 1, 1, 1, 1, 1, 1, 1, 1, 1, 1, 1, 1, 1, 1, 1, 1, 1, 1, 1, 1, 1, 1, 1, 1, 1, 1, 1, 1, 1, 1, 1, 1, 1, 1, 1, 1, 1, 1, 1, 1, 1, 1, 1, 1, 1, 1, 1, 1, 1, 1, 1, 1, 1, 1, 1, 1, 1, 1, 1, 1, 1, 1, 1, 1, 1, 1, 1, 1, 1, 1, 1, 1, 1, 1, 1, 1, 1, 1, 1, 1, 1, 1, 1, 1, 1, 1, 1, 1, 1, 1, 1, 1, 1, 1, 1, 1, 1, 1, 1, 1, 1, 1, 1, 1, 1, 1, 1, 1, 1, 1, 1, 1, 1, 1, 1, 1, 1, 1, 1, 1, 1, 1, 1, 1, 1, 1, 1, 1, 1]

y_pred=[1.0, 1.0, 0.0, 0.0, 0.0, 1.0, 0.0, 0.0, 1.0, 1.0, 0.0, 1.0, 0.0, 1.0, 0.0, 1.0, 0.0, 0.0, 0.0, 0.0, 0.0, 0.0, 1.0, 0.0, 1.0, 1.0, 0.0, 0.0, 1.0, 0.0, 0.0, 1.0, 0.0, 0.0, 0.0, 1.0, 0.0, 1.0, 1.0, 1.0, 0.0, 1.0, 1.0, 1.0, 0.0, 1.0, 0.0, 0.0, 1.0, 0.0, 0.0, 0.0, 0.0, 0.0, 1.0, 1.0, 1.0, 1.0, 1.0, 0.0, 0.0, 0.0, 0.0, 1.0, 0.0, 1.0, 1.0, 1.0, 1.0, 1.0, 1.0, 0.0, 0.0, 1.0, 1.0, 1.0, 1.0, 1.0, 1.0, 1.0, 1.0, 1.0, 0.0, 1.0, 0.0, 1.0, 0.0, 1.0, 1.0, 1.0, 1.0, 1.0, 1.0, 0.0, 0.0, 0.0, 1.0, 0.0, 0.0, 0.0, 1.0, 0.0, 0.0, 0.0, 0.0, 0.0, 0.0, 1.0, 1.0, 0.0, 0.0, 0.0, 1.0, 0.0, 0.0, 0.0, 1.0, 0.0, 0.0, 0.0, 0.0, 1.0, 1.0, 1.0, 1.0, 1.0, 1.0, 0.0, 0.0, 1.0, 0.0, 0.0, 1.0, 1.0, 1.0, 1.0, 1.0, 1.0, 1.0, 0.0, 1.0, 1.0, 0.0, 1.0, 0.0, 1.0, 0.0, 0.0, 1.0, 1.0, 1.0, 0.0, 1.0, 1.0, 0.0, 1.0, 1.0, 0.0, 0.0, 1.0, 0.0, 0.0, 0.0, 0.0, 1.0, 0.0, 1.0, 0.0, 1.0, 1.0, 0.0, 1.0, 0.0, 0.0, 0.0, 0.0, 0.0, 0.0, 1.0, 0.0, 0.0, 0.0, 0.0, 0.0, 1.0, 0.0, 0.0, 0.0, 0.0, 1.0, 0.0, 0.0, 1.0, 0.0, 1.0, 1.0, 0.0, 1.0, 1.0, 1.0, 1.0, 1.0, 1.0, 0.0, 1.0, 0.0, 0.0, 1.0, 0.0, 1.0, 1.0, 0.0, 0.0, 1.0, 1.0, 0.0, 0.0, 0.0, 1.0, 1.0, 0.0, 0.0, 0.0, 1.0, 1.0, 0.0, 0.0, 1.0, 1.0, 0.0, 0.0, 1.0, 0.0, 0.0, 1.0, 1.0, 1.0, 1.0, 1.0, 1.0, 0.0, 0.0, 0.0, 1.0, 0.0, 1.0, 0.0, 0.0, 1.0, 0.0, 1.0, 0.0, 1.0, 1.0, 0.0, 0.0, 0.0, 0.0, 1.0, 0.0, 0.0, 0.0, 0.0, 0.0, 0.0, 0.0, 1.0, 0.0, 1.0, 1.0, 0.0, 0.0, 1.0, 1.0, 0.0, 1.0, 1.0, 1.0, 1.0, 0.0, 1.0, 1.0, 1.0, 0.0, 0.0, 1.0, 1.0, 0.0, 0.0, 1.0, 1.0, 1.0, 1.0, 0.0, 0.0, 0.0, 1.0, 1.0, 0.0, 0.0, 1.0, 1.0, 0.0, 1.0, 1.0, 0.0, 1.0, 0.0, 1.0, 1.0, 1.0, 1.0, 0.0, 1.0, 1.0, 1.0, 1.0, 0.0, 0.0, 0.0, 1.0, 0.0, 1.0, 1.0, 0.0, 1.0, 1.0, 1.0, 0.0, 1.0, 1.0, 0.0, 1.0, 0.0, 0.0, 0.0, 1.0, 1.0, 1.0, 0.0, 1.0, 0.0, 1.0, 1.0, 0.0, 1.0, 1.0, 0.0, 0.0, 1.0, 1.0, 1.0, 0.0, 1.0, 1.0, 1.0, 1.0, 1.0, 1.0, 0.0, 1.0, 0.0, 1.0, 1.0, 1.0, 0.0, 0.0, 1.0, 0.0, 0.0, 1.0, 0.0, 1.0, 1.0, 1.0, 0.0, 0.0, 1.0, 1.0, 1.0, 0.0, 0.0, 1.0, 1.0, 0.0, 0.0, 1.0, 0.0, 0.0, 0.0, 1.0, 1.0, 0.0, 0.0, 0.0, 0.0, 0.0, 1.0, 1.0, 1.0, 0.0, 1.0, 0.0, 1.0, 0.0, 1.0, 0.0, 1.0, 1.0, 0.0, 1.0, 1.0, 0.0, 1.0, 1.0, 0.0, 0.0, 1.0, 0.0, 0.0, 0.0, 1.0, 1.0, 0.0, 1.0, 0.0, 1.0, 0.0, 1.0, 1.0, 0.0, 0.0, 0.0, 1.0, 0.0, 1.0, 0.0, 0.0, 1.0, 0.0, 0.0, 1.0, 1.0, 1.0, 0.0, 1.0, 1.0, 0.0, 0.0, 1.0, 1.0, 0.0, 0.0, 0.0, 0.0, 0.0, 1.0, 1.0, 0.0, 0.0, 0.0, 1.0, 0.0, 0.0, 1.0, 1.0, 1.0, 0.0, 1.0, 1.0, 1.0, 0.0, 1.0, 0.0, 1.0, 0.0, 0.0, 1.0, 0.0, 1.0, 0.0, 1.0, 1.0, 1.0, 1.0, 0.0, 1.0, 0.0, 0.0, 0.0, 0.0, 0.0, 0.0, 0.0, 0.0, 0.0, 0.0, 0.0, 0.0, 1.0, 1.0, 1.0, 1.0, 0.0, 1.0, 0.0, 0.0, 1.0, 0.0, 0.0, 0.0, 0.0, 1.0, 0.0, 0.0, 1.0, 1.0, 1.0, 0.0, 1.0, 0.0, 0.0, 0.0, 1.0, 1.0, 1.0, 0.0, 0.0, 0.0, 0.0, 1.0, 0.0, 1.0, 1.0, 0.0, 1.0, 1.0, 0.0, 0.0, 0.0, 1.0, 1.0, 0.0, 1.0, 1.0, 0.0, 0.0, 1.0, 1.0, 1.0, 1.0, 0.0, 0.0, 1.0, 0.0, 1.0, 1.0, 1.0, 1.0, 0.0, 0.0, 1.0, 1.0, 1.0, 0.0, 1.0, 1.0, 1.0, 1.0, 1.0, 1.0, 0.0, 1.0, 1.0, 1.0, 0.0, 1.0, 1.0, 1.0, 1.0, 1.0, 0.0, 0.0, 0.0, 1.0, 0.0, 1.0, 1.0, 0.0, 1.0, 0.0, 1.0, 0.0, 0.0, 0.0, 0.0, 0.0, 0.0, 0.0, 1.0, 1.0, 0.0, 1.0, 0.0, 0.0, 0.0, 1.0, 0.0, 1.0, 1.0, 0.0, 1.0, 0.0, 1.0, 1.0, 0.0, 0.0, 0.0, 0.0, 0.0, 1.0, 0.0, 0.0, 1.0, 0.0, 0.0, 1.0, 0.0, 1.0, 0.0, 1.0, 0.0, 0.0, 1.0, 1.0, 0.0, 0.0, 1.0, 1.0, 0.0, 0.0, 0.0, 0.0, 0.0, 1.0, 1.0, 1.0, 0.0, 0.0, 0.0, 0.0, 0.0, 0.0, 1.0, 1.0, 1.0, 0.0, 0.0, 0.0, 0.0, 1.0, 0.0, 1.0, 1.0, 0.0, 0.0, 0.0, 1.0, 0.0, 1.0, 0.0, 0.0, 0.0, 0.0, 0.0, 0.0, 0.0, 1.0, 0.0, 0.0, 0.0, 1.0, 0.0, 1.0, 0.0, 0.0, 1.0, 0.0, 0.0, 1.0, 0.0, 1.0, 0.0, 0.0, 1.0, 0.0, 0.0, 1.0, 1.0, 0.0, 1.0, 0.0, 0.0, 1.0, 0.0, 0.0, 1.0, 0.0, 0.0, 0.0, 1.0, 1.0, 0.0, 1.0, 0.0, 1.0, 1.0, 1.0, 1.0, 1.0, 1.0, 0.0, 1.0, 0.0, 1.0, 0.0, 1.0, 0.0, 1.0, 0.0, 1.0, 1.0, 0.0, 1.0, 1.0, 0.0, 1.0, 0.0, 0.0, 0.0, 1.0, 1.0, 0.0, 1.0, 0.0, 0.0, 0.0, 0.0, 0.0, 0.0, 0.0, 0.0, 0.0, 1.0, 0.0, 0.0, 1.0, 0.0, 1.0, 1.0, 0.0, 0.0, 0.0, 1.0, 0.0, 1.0, 1.0, 0.0, 1.0, 1.0, 1.0, 0.0, 0.0, 0.0, 0.0, 0.0, 1.0, 1.0, 1.0, 1.0, 0.0, 1.0, 1.0, 1.0, 1.0, 0.0, 1.0, 0.0, 1.0, 1.0, 0.0, 1.0, 1.0, 0.0, 0.0, 0.0, 1.0, 1.0, 0.0, 1.0, 1.0, 0.0, 0.0, 0.0, 1.0, 0.0, 1.0, 1.0, 1.0, 1.0, 0.0, 0.0, 1.0, 1.0, 0.0, 0.0, 0.0, 1.0, 1.0, 1.0, 1.0, 1.0, 1.0, 0.0, 0.0, 0.0, 1.0, 0.0, 1.0, 1.0, 0.0, 0.0, 0.0, 1.0, 1.0, 0.0, 1.0, 0.0, 0.0, 0.0, 0.0, 1.0, 1.0, 1.0, 1.0, 0.0, 1.0, 0.0, 0.0, 0.0, 1.0, 0.0, 0.0, 1.0, 1.0, 1.0, 1.0, 1.0, 1.0, 0.0, 0.0, 0.0, 0.0, 0.0, 0.0, 0.0, 1.0, 0.0, 0.0, 1.0, 0.0, 1.0, 0.0, 0.0, 0.0, 1.0, 1.0, 0.0, 0.0, 0.0, 1.0, 0.0, 1.0, 0.0, 1.0, 1.0, 1.0, 0.0, 0.0, 0.0, 0.0, 1.0, 0.0, 1.0, 1.0, 0.0, 1.0, 0.0, 1.0, 1.0, 0.0, 1.0, 0.0, 0.0, 0.0, 0.0, 0.0, 0.0, 1.0, 1.0, 1.0, 1.0, 0.0, 0.0, 1.0, 1.0, 1.0, 1.0, 1.0, 0.0, 0.0, 1.0, 1.0, 1.0, 0.0, 1.0, 0.0, 1.0, 1.0, 1.0, 0.0, 1.0, 1.0, 1.0, 1.0, 1.0, 1.0, 0.0, 1.0, 0.0, 1.0, 0.0, 0.0, 0.0, 0.0, 0.0, 1.0, 1.0, 0.0, 1.0, 1.0, 1.0, 1.0, 0.0, 0.0, 0.0, 0.0, 0.0, 0.0, 1.0, 0.0, 1.0, 0.0, 1.0, 1.0, 0.0, 1.0, 1.0, 1.0, 0.0, 1.0, 1.0, 0.0, 0.0, 1.0, 0.0, 0.0, 1.0, 1.0, 1.0, 1.0, 1.0, 1.0, 1.0, 1.0, 0.0, 0.0, 0.0, 1.0, 0.0, 0.0, 1.0, 0.0, 0.0, 1.0, 1.0, 1.0, 1.0, 0.0, 1.0, 1.0, 1.0, 0.0, 0.0, 0.0, 1.0, 1.0, 1.0, 0.0, 0.0, 0.0, 0.0, 1.0, 0.0, 0.0, 0.0, 1.0, 1.0, 0.0, 0.0, 0.0, 1.0, 1.0, 0.0, 0.0, 1.0, 0.0, 0.0, 0.0, 1.0, 1.0, 0.0, 0.0, 1.0, 1.0, 0.0, 1.0, 0.0, 0.0, 0.0, 0.0, 1.0, 1.0, 0.0, 0.0, 0.0, 1.0, 0.0, 0.0, 0.0, 1.0, 1.0, 0.0, 1.0, 0.0, 1.0, 0.0, 0.0, 0.0, 1.0, 1.0, 0.0, 1.0, 1.0, 1.0, 0.0, 0.0, 0.0, 0.0, 0.0, 0.0, 1.0, 1.0, 1.0, 0.0, 0.0, 0.0, 0.0, 0.0, 0.0, 1.0, 0.0, 0.0, 1.0, 0.0, 1.0, 0.0, 0.0, 0.0, 1.0, 1.0, 1.0, 0.0, 0.0, 1.0, 1.0, 0.0, 0.0, 0.0, 0.0, 0.0, 1.0, 1.0, 0.0, 1.0, 1.0, 0.0, 0.0, 1.0, 0.0, 0.0, 0.0, 1.0, 0.0, 0.0, 1.0, 0.0, 0.0, 0.0, 0.0, 1.0, 1.0, 0.0, 1.0, 1.0, 1.0, 0.0, 1.0, 0.0, 1.0, 1.0, 1.0, 0.0, 0.0, 0.0, 1.0, 1.0, 0.0, 1.0, 0.0, 1.0, 1.0, 0.0, 0.0, 0.0, 0.0, 0.0, 1.0, 1.0, 0.0, 1.0, 0.0, 0.0, 1.0, 1.0, 0.0, 1.0, 0.0, 0.0, 0.0, 1.0, 0.0, 1.0, 1.0, 0.0, 0.0, 1.0, 1.0, 1.0, 1.0, 0.0, 1.0, 1.0, 1.0, 0.0, 1.0, 0.0, 0.0, 1.0, 0.0, 0.0, 0.0, 1.0, 1.0, 1.0, 0.0, 1.0, 1.0, 1.0, 1.0, 1.0, 1.0, 0.0, 1.0, 0.0, 0.0, 0.0, 0.0, 0.0, 1.0, 0.0, 0.0, 1.0, 0.0, 1.0, 0.0, 1.0, 1.0, 1.0, 1.0, 0.0, 1.0, 1.0, 1.0, 1.0, 1.0, 1.0, 0.0, 0.0, 1.0, 1.0, 0.0, 1.0, 0.0, 1.0, 0.0, 0.0, 1.0, 1.0, 1.0, 1.0, 0.0, 0.0, 1.0, 0.0, 1.0, 1.0, 1.0, 0.0, 0.0, 1.0, 1.0, 0.0, 1.0, 0.0, 0.0, 1.0, 0.0, 1.0, 0.0, 0.0, 1.0, 1.0, 1.0, 0.0, 1.0, 0.0, 0.0, 1.0, 1.0, 1.0, 1.0, 0.0, 1.0, 0.0, 0.0, 0.0, 1.0, 1.0, 1.0, 0.0, 1.0, 1.0, 0.0, 0.0, 1.0, 1.0, 1.0, 1.0, 0.0, 0.0, 1.0, 1.0, 1.0, 0.0, 1.0, 0.0, 1.0, 0.0, 1.0, 0.0, 0.0, 1.0, 0.0, 0.0, 1.0, 0.0, 0.0, 1.0, 1.0, 1.0, 1.0, 1.0, 1.0, 0.0, 0.0, 1.0, 0.0, 1.0, 1.0, 0.0, 0.0, 0.0, 1.0, 0.0, 1.0, 1.0, 1.0, 0.0, 0.0, 1.0, 1.0, 0.0, 0.0, 1.0, 0.0, 1.0, 0.0, 0.0, 0.0, 0.0, 0.0, 0.0, 0.0, 1.0, 0.0, 1.0, 0.0, 0.0, 0.0, 0.0, 0.0, 0.0, 0.0, 1.0, 0.0, 0.0, 1.0, 0.0, 1.0, 1.0, 0.0, 1.0, 0.0, 0.0, 0.0, 0.0, 0.0, 1.0, 0.0, 0.0, 1.0, 1.0, 1.0, 0.0, 0.0, 0.0, 1.0, 0.0, 1.0, 1.0, 1.0, 0.0, 0.0, 0.0, 0.0, 1.0, 0.0, 0.0, 1.0, 0.0, 1.0, 1.0, 1.0, 0.0, 0.0, 1.0, 0.0, 1.0, 1.0, 0.0, 0.0, 1.0, 0.0, 1.0, 1.0, 1.0, 1.0, 1.0, 1.0, 1.0, 1.0, 1.0, 1.0, 1.0, 1.0, 0.0, 0.0, 1.0, 1.0, 1.0, 0.0, 1.0, 0.0, 1.0, 0.0, 0.0, 0.0, 1.0, 0.0, 1.0, 1.0, 1.0, 1.0, 1.0, 1.0, 1.0, 1.0, 0.0, 1.0, 1.0, 1.0, 1.0, 0.0, 0.0, 0.0, 0.0, 1.0, 1.0, 1.0, 1.0, 1.0, 1.0, 0.0, 1.0, 0.0, 0.0, 1.0, 0.0, 1.0, 1.0, 1.0, 1.0, 0.0, 1.0, 1.0, 0.0, 0.0, 1.0, 1.0, 0.0, 1.0, 0.0, 0.0, 0.0, 0.0, 0.0, 1.0, 1.0, 1.0, 1.0, 0.0, 0.0, 0.0, 0.0, 0.0, 1.0, 1.0, 1.0, 1.0, 1.0, 0.0, 0.0, 1.0, 0.0, 0.0, 0.0, 0.0, 0.0, 1.0, 1.0, 0.0, 1.0, 1.0, 1.0, 1.0, 1.0, 1.0, 1.0, 0.0, 1.0, 1.0, 0.0, 0.0, 0.0, 1.0, 0.0, 0.0, 1.0, 1.0, 1.0, 0.0, 1.0, 1.0, 1.0, 0.0, 1.0, 1.0, 0.0, 0.0, 0.0, 1.0, 1.0, 1.0, 1.0, 0.0, 0.0, 1.0, 1.0, 0.0, 1.0, 1.0, 1.0, 0.0, 1.0, 1.0, 1.0, 1.0, 1.0, 1.0, 1.0, 1.0, 0.0, 1.0, 1.0, 1.0, 1.0, 0.0, 0.0, 0.0, 0.0, 1.0, 0.0, 0.0, 1.0, 0.0, 0.0, 0.0, 0.0, 1.0, 1.0, 0.0, 0.0, 0.0, 1.0, 0.0, 1.0, 0.0, 0.0, 0.0, 1.0, 0.0, 0.0, 0.0, 0.0, 1.0, 0.0, 1.0, 0.0, 1.0, 1.0, 1.0, 0.0, 0.0, 1.0, 0.0, 1.0, 0.0, 0.0, 1.0, 0.0, 0.0, 1.0, 1.0, 0.0, 1.0, 1.0, 1.0, 0.0, 0.0, 0.0, 1.0, 0.0, 1.0, 1.0, 1.0, 1.0, 1.0, 1.0, 0.0, 0.0, 0.0, 0.0, 0.0, 0.0, 1.0, 0.0, 1.0, 0.0, 0.0, 1.0, 0.0, 0.0, 0.0, 1.0, 1.0, 0.0, 0.0, 0.0, 1.0, 0.0, 1.0, 1.0, 1.0, 1.0, 1.0, 0.0, 1.0, 1.0, 1.0, 0.0, 0.0, 0.0, 0.0, 1.0, 1.0, 0.0, 1.0, 1.0, 0.0, 1.0, 1.0, 0.0, 0.0, 0.0, 0.0, 0.0, 0.0, 1.0, 1.0, 0.0, 0.0, 0.0, 0.0, 0.0, 1.0, 0.0, 1.0, 1.0, 1.0, 0.0, 0.0, 1.0, 1.0, 1.0, 0.0, 1.0, 0.0, 0.0, 0.0, 1.0, 1.0, 0.0, 0.0, 0.0, 1.0, 1.0, 1.0, 0.0, 0.0, 1.0, 1.0, 1.0, 0.0, 0.0, 1.0, 1.0, 1.0, 1.0, 0.0, 1.0, 0.0, 0.0, 0.0, 0.0, 0.0, 1.0, 1.0, 1.0, 1.0, 1.0, 1.0, 1.0, 1.0, 1.0, 1.0, 0.0, 1.0, 1.0, 1.0, 1.0, 0.0, 0.0, 1.0, 0.0, 1.0, 1.0, 1.0, 1.0, 0.0, 0.0, 0.0, 1.0, 1.0, 1.0, 1.0, 0.0, 1.0, 1.0, 1.0, 0.0, 1.0, 1.0, 0.0, 1.0, 1.0, 0.0, 0.0, 1.0, 0.0, 0.0, 1.0, 0.0, 1.0, 0.0, 1.0, 1.0, 1.0, 1.0, 0.0, 0.0, 1.0, 1.0, 1.0, 0.0, 0.0, 1.0, 1.0, 1.0, 0.0, 1.0, 0.0, 1.0, 0.0, 0.0, 1.0, 1.0, 0.0, 1.0, 1.0, 1.0, 0.0, 1.0, 1.0, 1.0, 0.0, 1.0, 1.0, 1.0, 0.0, 0.0, 0.0, 0.0, 1.0, 1.0, 1.0, 0.0, 0.0, 0.0, 1.0, 0.0, 0.0, 0.0, 0.0, 1.0, 1.0, 1.0, 1.0, 0.0, 0.0, 0.0, 0.0, 0.0, 1.0, 1.0, 1.0, 0.0, 1.0, 1.0, 0.0, 0.0, 0.0, 0.0, 0.0, 1.0, 0.0, 1.0, 0.0, 0.0, 1.0, 0.0, 0.0, 0.0, 1.0, 1.0, 0.0, 0.0, 1.0, 1.0, 0.0, 0.0, 0.0, 1.0, 0.0, 0.0, 0.0, 1.0, 0.0, 1.0, 1.0, 0.0, 1.0, 0.0, 1.0, 0.0, 1.0, 1.0, 0.0, 1.0, 0.0, 1.0, 1.0, 0.0, 1.0, 1.0, 0.0, 1.0, 0.0, 0.0, 1.0, 1.0, 0.0, 1.0, 0.0, 0.0, 0.0, 0.0, 0.0, 1.0, 0.0, 0.0, 0.0, 0.0, 1.0, 0.0, 0.0, 1.0, 0.0, 0.0, 1.0, 1.0, 1.0, 0.0, 1.0, 0.0, 0.0, 1.0, 0.0, 1.0, 1.0, 1.0, 1.0, 0.0, 0.0, 0.0, 1.0, 1.0, 0.0, 1.0, 0.0, 1.0, 1.0, 0.0, 0.0, 0.0, 1.0, 1.0, 0.0, 0.0, 1.0, 0.0, 0.0, 1.0, 0.0, 0.0, 0.0, 0.0, 1.0, 0.0, 1.0, 1.0, 1.0, 1.0, 0.0, 0.0, 0.0, 1.0, 0.0, 0.0, 0.0, 1.0, 1.0, 1.0, 0.0, 0.0, 1.0, 0.0, 1.0, 1.0, 1.0, 0.0, 0.0, 0.0, 1.0, 0.0, 1.0, 1.0, 1.0, 0.0, 1.0, 0.0, 1.0, 1.0, 1.0, 0.0, 0.0, 0.0, 0.0, 0.0, 1.0, 0.0, 0.0, 0.0, 1.0, 0.0, 0.0, 1.0, 1.0, 0.0, 0.0, 1.0, 0.0, 0.0, 0.0, 0.0, 0.0, 1.0, 1.0, 0.0, 0.0, 1.0, 1.0, 0.0, 0.0, 1.0, 0.0, 0.0, 1.0, 0.0, 1.0, 0.0, 1.0, 0.0, 0.0, 1.0, 0.0, 0.0, 0.0, 1.0, 0.0, 0.0, 0.0, 1.0, 0.0, 0.0, 1.0, 1.0, 1.0, 0.0, 1.0, 1.0, 0.0, 1.0, 1.0, 1.0, 0.0, 1.0, 1.0, 1.0, 0.0, 0.0, 1.0, 1.0, 1.0, 1.0, 1.0, 0.0, 1.0, 0.0, 0.0, 1.0, 0.0, 1.0, 0.0, 1.0, 1.0, 1.0, 1.0, 1.0, 0.0, 0.0, 0.0, 1.0, 1.0, 1.0, 0.0, 0.0, 1.0, 0.0, 1.0, 0.0, 0.0, 1.0, 0.0, 1.0, 0.0, 0.0, 1.0, 0.0, 1.0, 0.0, 0.0, 0.0, 0.0, 1.0, 0.0, 1.0, 1.0, 1.0, 1.0, 1.0, 1.0, 0.0, 0.0, 0.0, 0.0, 0.0, 1.0, 1.0, 0.0, 0.0, 1.0, 1.0, 0.0, 1.0, 0.0, 1.0, 1.0, 0.0, 0.0, 0.0, 1.0, 1.0, 0.0, 1.0, 1.0, 1.0, 1.0, 0.0, 1.0, 1.0, 1.0, 0.0, 0.0, 0.0, 0.0, 0.0, 1.0, 1.0, 0.0, 0.0, 0.0, 1.0, 1.0, 1.0, 0.0, 1.0, 0.0, 0.0, 1.0, 0.0, 1.0, 0.0, 0.0, 0.0, 0.0, 1.0, 1.0, 0.0, 0.0, 0.0, 0.0, 1.0, 0.0, 1.0, 1.0, 0.0, 1.0, 0.0, 0.0, 0.0, 0.0, 1.0, 1.0, 1.0, 1.0, 0.0, 0.0, 0.0, 0.0, 1.0, 0.0, 1.0, 0.0, 0.0, 1.0, 0.0, 1.0, 1.0, 0.0, 0.0, 0.0, 0.0, 1.0, 0.0, 1.0, 0.0, 0.0, 0.0, 1.0, 1.0, 1.0, 0.0, 1.0, 0.0, 1.0, 0.0, 0.0, 0.0, 0.0, 1.0, 0.0, 0.0, 1.0, 0.0, 1.0, 1.0, 1.0, 0.0, 1.0, 1.0, 0.0, 0.0, 1.0, 0.0, 1.0, 0.0, 1.0, 0.0, 1.0, 1.0, 1.0, 1.0, 0.0, 0.0, 1.0, 1.0, 0.0, 1.0, 0.0, 0.0, 0.0, 1.0, 0.0, 0.0, 0.0, 1.0, 0.0, 0.0, 1.0, 1.0, 1.0, 0.0, 0.0, 1.0, 1.0, 0.0, 0.0, 0.0, 1.0, 0.0, 0.0, 0.0, 0.0, 1.0, 0.0, 0.0, 1.0, 0.0, 1.0, 1.0, 0.0, 1.0, 0.0, 1.0, 0.0, 0.0, 0.0, 1.0, 1.0, 1.0, 0.0, 0.0, 1.0, 1.0, 1.0, 1.0, 0.0, 1.0, 0.0, 1.0, 1.0, 0.0, 1.0, 0.0, 1.0, 0.0, 1.0, 1.0, 1.0, 1.0, 0.0, 1.0, 1.0, 0.0, 0.0, 1.0, 1.0, 0.0, 1.0, 1.0, 1.0, 1.0, 0.0, 1.0, 1.0, 0.0, 1.0, 1.0, 1.0, 0.0, 1.0, 0.0, 1.0, 1.0, 1.0, 0.0, 1.0, 0.0, 1.0, 0.0, 0.0, 1.0, 0.0, 1.0, 1.0, 0.0, 0.0, 1.0, 0.0, 1.0, 1.0, 1.0, 1.0, 1.0, 1.0, 0.0, 0.0, 0.0, 0.0, 1.0, 0.0, 1.0, 0.0, 0.0, 0.0, 0.0, 1.0, 1.0, 0.0, 1.0, 0.0, 0.0, 0.0, 0.0, 1.0, 1.0, 0.0, 1.0, 0.0, 1.0, 0.0, 0.0, 1.0, 0.0, 1.0, 1.0, 1.0, 0.0]
\score={0: [0.12742332534657586, 0.12725395385337912, 0.12782929160378195, 0.12778121729691824, 0.12778860107064247, 0.12734703678223822, 0.12795510287246398, 0.12787315937188956, 0.12698765535806789, 0.12754531328876814, 0.12833677758188808, 0.12738572410307825, 0.12789504416286945, 0.12749657755897892, 0.12755594603144205, 0.12626014378937808, 0.12834294025714582, 0.12841752713376825, 0.12868646904826164, 0.1281991255554286, 0.12760388925671579, 0.1281551095215898, 0.12709435960277915, 0.1278602190467776, 0.12715689167380334, 0.12687093371318447, 0.12760522758418863, 0.12770143896341324, 0.12701051589101553, 0.12769613104561964, 0.1276231006435726, 0.12696025967597963, 0.12769350312326266, 0.12833898548375477, 0.1291878940537572, 0.12728266658321505, 0.12794763760434258, 0.1270994475732247, 0.12596530805934558, 0.12674632171789804, 0.1294343595703443, 0.12694814726710318, 0.12712894621733073, 0.12656962095449367, 0.1280006586828015, 0.12684668021069634, 0.12824520551496082, 0.12858294340826215, 0.12645996574844634, 0.12835941062523767, 0.1276061734450715, 0.12783713564276694, 0.127780814965566, 0.12835535407066345, 0.12711487976568087, 0.1269269362092018, 0.12588478895750913, 0.12655218547353378, 0.1271297365427017, 0.1277369499206543, 0.12765399925410748, 0.1287240373591582, 0.12823893129825592, 0.12703496827320618, 0.12863099740611184, 0.1272733312460684, 0.1270928766359301, 0.12682075388729572, 0.1270219508720481, 0.1274440572375343, 0.12683682350648773, 0.1276733374287342, 0.12826286256313324, 0.1271405814117507, 0.12716140073131432, 0.12719674459819136, 0.1271798089146614, 0.12656796102722487, 0.1274275850990544, 0.12686331570148468, 0.12736578782399496, 0.12644455055980122, 0.1284943023010304, 0.12730834633111954, 0.1285393238067627, 0.12706770605984188, 0.12764512099649594, 0.12704298893610635, 0.12749946862459183, 0.1272257113335084, 0.12656440834204355, 0.12628526810337515, 0.1269724122606791, 0.12778452783823013, 0.1276205994866111, 0.12842778116464615, 0.12752608775064864, 0.1279973101336509, 0.127779367972504, 0.12804588228464125, 0.12709913849830629, 0.12767875705052306, 0.12826816478501196, 0.12770874260200393, 0.12776945617336494, 0.12763290405273436, 0.12838766562441986, 0.1267928991998945, 0.12748919291929764, 0.12791126627813687, 0.12806036395411338, 0.12779952006207573, 0.12731466939051947, 0.12762759568599555, 0.1280077792265836, 0.12820661308303957, 0.12727104052901267, 0.12805698779614075, 0.12870179248206756, 0.12825270271614977, 0.12761428628278815, 0.12743921652436258, 0.1264253838194741, 0.12739805546071795, 0.12731568028147405, 0.12662655301392078, 0.1275288580606381, 0.1276290016653745, 0.12801812163421086, 0.12707465059227413, 0.12757174061103302, 0.12813089858917964, 0.12742883068594066, 0.12738459706306457, 0.1267757241924604, 0.12715851049870253, 0.12719216098388036, 0.12734169704027665, 0.12656367669502894, 0.12817394360899925, 0.12730424588217454, 0.12740719844313228, 0.12780133160677823, 0.12653023166501004, 0.12857965060642787, 0.12706286046240065, 0.12763108611106871, 0.1282589241862297, 0.12737838923931122, 0.12501747906208038, 0.1267121359705925, 0.12804256159473548, 0.12722566475470862, 0.1274239362350532, 0.1278629653594073, 0.12736670497585745, 0.12661728262901306, 0.12862008574761843, 0.127652486320585, 0.12724736953775087, 0.12772625481540506, 0.12778603340740557, 0.12774300435557961, 0.12760119526474564, 0.12750759233648962, 0.12792010525507586, 0.12742364406585693, 0.12805795446038246, 0.12734299153089523, 0.12691606315118925, 0.12796068801121277, 0.12706208928967966, 0.1285212884346644, 0.12800027642931258, 0.12818232710872376, 0.12820915272459388, 0.12855929136276245, 0.12758148780890874, 0.12748697639576026, 0.12897841585800052, 0.12762203738093375, 0.12800548617777072, 0.12772670537233352, 0.12823853032155472, 0.12707250971685757, 0.12816150994463402, 0.12858113080263137, 0.12880449232302213, 0.12756444870129877, 0.12720820354297757, 0.12835829611867666, 0.12775567972234317, 0.12687513404167616, 0.12774250097572803, 0.12681404082104564, 0.12656424939632416, 0.12864273085313685, 0.1273262852972204, 0.12716696148409562, 0.1268143349637588, 0.12703081847805725, 0.12724940727154413, 0.12711075618863105, 0.1283021381367808, 0.1263890415430069, 0.12771889911248133, 0.12783468915865973, 0.12719463557004929, 0.12792071912969863, 0.1269407577135346, 0.12611238658428192, 0.12857561185956, 0.1286813619080931, 0.12735699797454086, 0.1272295186916987, 0.12792313744624456, 0.12859868774047264, 0.127696770158681, 0.12704709958699015, 0.1272578912973404, 0.12798913568258286, 0.12793789279681664, 0.12808383744338464, 0.12593438648260558, 0.12710342871455046, 0.12857373617589474, 0.12765891964618975, 0.12661245006781358, 0.1271769666801328, 0.1276727964480718, 0.12757363118404566, 0.1274781349030408, 0.12771522489033246, 0.12859023031261232, 0.1262413795505251, 0.1275425686136536, 0.1267828218638897, 0.12744084695974986, 0.12720721773803234, 0.12626850108305612, 0.12894984632730483, 0.12857451066374778, 0.12774485116824508, 0.12635652088757718, 0.12789712988194965, 0.12750110134135845, 0.12827536310343182, 0.12827649136835878, 0.12672961111131467, 0.12838864547234993, 0.12743237691706624, 0.12769569996744395, 0.12686432267610842, 0.12634539790451527, 0.12767870313134685, 0.12849121168255806, 0.12818117998540401, 0.12837439007125795, 0.1271873697362564, 0.12825327962636948, 0.12756685474339655, 0.12803634032607078, 0.12855125591158867, 0.12763539887964725, 0.12788102542981505, 0.128138966858387, 0.127314378592101, 0.12866738438606262, 0.12743091732263565, 0.1271842706948519, 0.12816988262865278, 0.12773068866559437, 0.12665576062032155, 0.1273515494885268, 0.12933245301246643, 0.1268152246872584, 0.1272984780371189, 0.12693620500741182, 0.12748488548554873, 0.12794741881745203, 0.12725493119608972, 0.12664206804973738, 0.12734811815122762, 0.1277348893609914, 0.12768708944320678, 0.12665716260671617, 0.12698787233481804, 0.12857656478881835, 0.1276586763560772, 0.12744387781078165, 0.12665512894882874, 0.12562623958696018, 0.12729751156724017, 0.12782433815300465, 0.1278097778558731, 0.1281160782608721, 0.12658162361809186, 0.1265861352807597, 0.12818942384587395, 0.12792759347293112, 0.1264573965560306, 0.1265146411382235, 0.12839245796203613, 0.1273729202873779, 0.1275167502462864, 0.12813801887003998, 0.12752720560221112, 0.12763528898358345, 0.1274804100394249, 0.1269631490111351, 0.12670060123006502, 0.1275103995203972, 0.12783321356162047, 0.12666874159784877, 0.12715504288673402, 0.12612491026520728, 0.12682472086615032, 0.12778808027505875, 0.12782747814288506, 0.12775486369024625, 0.12707621564990595, 0.12783595564819517, 0.12678978898945978, 0.12690314690808993, 0.1290769726037979, 0.12694050636556414, 0.12719064030577154, 0.12718844103316465, 0.12788380281283304, 0.12749413326382636, 0.1268507262522524, 0.1285120610679899, 0.12725958158262074, 0.12762316316366196, 0.12836914509534836, 0.12885955423116685, 0.12668444187595293, 0.12693440690636634, 0.1275377929210663, 0.12863760644739325, 0.12647543027997016, 0.12876171048949747, 0.12684913208851448, 0.12606719741597772, 0.1286521620220608, 0.12648183213812964, 0.12725754380226134, 0.1276215979208549, 0.12804180596555984, 0.1272325748205185, 0.12708121538162231, 0.12569209709763526, 0.12776986742392182, 0.1265232198768192, 0.12704551964998245, 0.1275307330347243, 0.12685049081943472, 0.12706269742920995, 0.12749608854452768, 0.12814952472322866, 0.12665341794490814, 0.12799425423145294, 0.12733702230102875, 0.12713927403092384, 0.1273997073682646, 0.12843476310372354, 0.12871420956574953, 0.12712787251387322, 0.1282943758097562, 0.12778325180212657, 0.1271154089934296, 0.1284146601955096, 0.12676919922232627, 0.12715374784810202, 0.12672648802399636, 0.1286550760269165, 0.12773467414081097, 0.12695480436086654, 0.1268077790737152, 0.12736764337335313, 0.12921922697740443, 0.12759056478738784, 0.1272858189685004, 0.127013489138335, 0.12813512235879898, 0.1277015312678284, 0.12750082411642732, 0.1281177011819986, 0.1279631055891514, 0.12787448311293567, 0.12702479917142126, 0.12741482601715967, 0.12808777216602774, 0.127816020225992, 0.12832461870633638, 0.127996626496315, 0.1277842711318623, 0.12750498338469438, 0.12689548606673876, 0.12750759215227195, 0.1288171924650669, 0.1258966729044914, 0.12775096918145815, 0.12697535635609375, 0.12776938453316689, 0.12669027845064798, 0.12758729574473007, 0.1271353522936503, 0.12660081312060356, 0.1281187988817692, 0.1272316039963202, 0.12680916198425823, 0.12807056233286856, 0.1272511285330568, 0.12729361888609433, 0.12785141648990767, 0.12801074139449908, 0.12714562366406124, 0.12756349629647024, 0.12759606167674065, 0.12763780574588215, 0.12704584648211797, 0.1270756945014, 0.12769922763109207, 0.12663432278416373, 0.12788416138466666, 0.12669545344331049, 0.12774407615264258, 0.12713743771972327, 0.12746447324752808, 0.12865255773067474, 0.127922222526236, 0.1280643050558865, 0.1272545100554176, 0.12879088686572182, 0.12696560273567836, 0.12779001891613007, 0.1276300922036171, 0.127072356068171, 0.12757249921560287, 0.12787336930632592, 0.12747427283061874, 0.12737956922501326, 0.12708734111352402, 0.12797875619596905, 0.1272970789577812, 0.1270930579886204, 0.12833476492336818, 0.12766835341850916, 0.12647700825562844, 0.12698701843619348, 0.12875702881043957, 0.12864468720826236, 0.12801248021423817, 0.12817906588315964, 0.12772462368011475, 0.12730449537436167, 0.12703521418220856, 0.1276159253385332, 0.12807073613459413, 0.1276348548439833, 0.12689455204150257, 0.12795796617865562, 0.12784959831171566, 0.1269283245007197, 0.12674163430929183, 0.12687998140851656, 0.12838629326399634, 0.1270124794294437, 0.12714614515954797, 0.12709922591845194, 0.12791327978002615, 0.12753221291032704, 0.12770568667089238, 0.1260341487824917, 0.12845327655474345, 0.12797074839472772, 0.12728029557249762, 0.12802409629027048, 0.12718842727573296, 0.12808713196746765, 0.12748557877014666, 0.1273195677820374, 0.12754864344994227, 0.12697353802229228, 0.12798041105270386, 0.1270175576210022, 0.12901591108395502, 0.12771691977977753, 0.12811396756144458, 0.12780289258807898, 0.12785673555400637, 0.12767315457264583, 0.1285879909992218, 0.12823026473152227, 0.12777153063904156, 0.1281354504947861, 0.12760616838932037, 0.1283861535290877, 0.12734440062195063, 0.12720371671020986, 0.12693380999068418, 0.12740292517762436, 0.1282318799811251, 0.12733417749404907, 0.12782193134937966, 0.12804673612117767, 0.12704821582883596, 0.12788803437176874, 0.12779620937679126, 0.12761636620218103, 0.12789248607375406, 0.12720938937531578, 0.1276795533688172, 0.12762460559606553, 0.12720894982868974, 0.12631462067365645, 0.1249755018136718, 0.12787135690450668, 0.12704399117717036, 0.12852174906354202, 0.1276089528744871, 0.12852393286792854, 0.12727289119871651, 0.1274369959719479, 0.12737967185676097, 0.12781108483191458, 0.1278202123939991, 0.12789277604648044, 0.12806090479716659, 0.12715689092874527, 0.12757271528244019, 0.12700135726481676, 0.12723649239965848, 0.12845479622483252, 0.1271927383812991, 0.12724055531057152, 0.12853092700242996, 0.12795958135809218, 0.12781075686216353, 0.12707304279319942, 0.12669991239391523, 0.12757877232851805, 0.12708053682689313, 0.12713841125369071, 0.12791490129062108, 0.12768068111368588, 0.12734058038109825, 0.12710847918476378, 0.12673043873575, 0.1273210287432779, 0.12806222354993224, 0.12834262459174448, 0.12696218838294346, 0.12768036797642707, 0.12719924204672375, 0.12578115835785866, 0.1275487454874175, 0.1266943789445437, 0.1277608908712864, 0.12785517137784225, 0.12610487611247942, 0.12743060832673853, 0.1271926623251703, 0.1275991052389145, 0.12729372891287008, 0.12712027471173892, 0.12667970765720715, 0.12742440811088007, 0.12701387248105472, 0.12708132578568024, 0.12768101210103316, 0.12669812752441925, 0.12726876747851468, 0.1275316325740682, 0.12845620337654562, 0.12690525377790132, 0.12699034768674108, 0.12727176137268542, 0.12732850884397826, 0.1268764375285669, 0.12778686533371608, 0.12797199675570364, 0.128676267961661, 0.12627085138644492, 0.12791818781540945, 0.12700682692229748, 0.12667369639331644, 0.12763927242270223, 0.12713390464584032, 0.12848882526159286, 0.12662886083126068, 0.1278198076920076, 0.128241665661335, 0.12798574566841125, 0.1276412621654313, 0.12773328865396566, 0.12789414301514626, 0.12820486947894097, 0.12739463780934995, 0.12736003142264155, 0.12886625197198656, 0.12663622635106245, 0.12987918965518475, 0.12789990695623252, 0.12771900044754148, 0.12667764370378695, 0.1280357425029461, 0.12703927882291652, 0.12729246946780579, 0.12785043927931017, 0.12747121509164572, 0.12781968050532871, 0.12748715707233974, 0.12630160773793855, 0.12758582163798182, 0.1279729509895498, 0.1278818798561891, 0.12826617807149887, 0.12791959941387177, 0.1266718037864741, 0.1278586983680725, 0.12775854380994006, 0.1271484651063618, 0.12775108342369398, 0.1276382196017287, 0.12734285610563614, 0.1281056838730971, 0.12670732289552689, 0.12943124771118164, 0.1263575129210949, 0.12803653875986734, 0.128149537877603, 0.12734562073435102, 0.1272805662204822, 0.12805684493935626, 0.12823204374448818, 0.1266062594950199, 0.127121934791406, 0.12784474669024348, 0.1282790501912435, 0.12758041207085957, 0.12755466625094414, 0.1279858508043819, 0.12551991641521454, 0.12713518838087717, 0.12724515883361592, 0.12770341150462627, 0.12821871042251587, 0.12793833203613758, 0.1281547615161309, 0.12803824851289392, 0.12876375541090965, 0.12691685737207017, 0.127187333173222, 0.12737344531342387, 0.1279597093661626, 0.1275943172605414, 0.12810048129823473, 0.12770190139611562, 0.127280608211693, 0.12860857993364333, 0.12708476363193422, 0.12752828711555117, 0.12834962043497297, 0.1282940992287227, 0.12779918719421735, 0.1262035635502442, 0.12889395654201508, 0.12666289909527853, 0.12761627957224847, 0.12761859595775604, 0.12775502574664574, 0.12781144662035837, 0.12844262619813282, 0.12783521274104714, 0.1279516374071439, 0.12692766001119332, 0.12819813104236827, 0.12761729607979458, 0.12864259562709116, 0.1271407648921013, 0.1276807998203569, 0.12745947763323784, 0.12793565473773263, 0.12857468128204347, 0.1272733056296905, 0.12809738169113796, 0.1276181081775576, 0.12673327842584023, 0.1282773119482127, 0.12692300297997214, 0.12789585143327714, 0.12764294617451155, 0.12752295867539942, 0.12828662991523743, 0.12867170572280884, 0.12641051129714861, 0.12624017894268036, 0.12760516662489285, 0.1271514981985092, 0.12767053097486497, 0.12775667995214463, 0.1275200011099086, 0.1284698166630485, 0.1286083190805382, 0.12695297226309776, 0.12761508580297232, 0.1279497759209739, 0.1279862211085856, 0.12658367082476615, 0.12744433929522833, 0.1276681311428547, 0.1274588125593522, 0.12770181894302368, 0.12747858667915518, 0.1274440667845986, 0.12752347737550734, 0.1262618824839592, 0.12735146284103394, 0.12729994311100906, 0.12780340172742544, 0.1270943752356938, 0.12839949958854252, 0.1268435584811064, 0.12826616913080216, 0.12744796010000364, 0.12784654709200063, 0.1273781851761871, 0.1281689682768451, 0.12734792152276406, 0.12746844154137832, 0.12782134053607783, 0.12659351610475117, 0.1268384815617041, 0.12805800652131438, 0.12698323527971903, 0.12803852328887352, 0.12827626739939055, 0.127892627435572, 0.12682978350382584, 0.12607511464092466, 0.12880343145557813, 0.12694762067662346, 0.12859064313982213, 0.12758766808386507, 0.12843962758779526, 0.1285079457930156, 0.12814735919237136, 0.12793992906808854, 0.12755471716324487, 0.12755127189060053, 0.1278497815916413, 0.1271901341776053, 0.12808329205621372, 0.12838966324925422, 0.1273775893662657, 0.12769644842906433, 0.1272268502248658, 0.12672373067055429, 0.12834992706775666, 0.12812817453042322, 0.12818070217257455, 0.12739375668267408, 0.12785120347612783, 0.1268773957022599, 0.1272261826829477, 0.12784905765544285, 0.12589638544754547, 0.12737495079636574, 0.12723519370473665, 0.12818214111030102, 0.12760597914457322, 0.12861749529838562, 0.12798178160474413, 0.12755227213104567, 0.12649382957640817, 0.12607236206531525, 0.12723487243056297, 0.12744204161895645, 0.1277266889810562, 0.12734100681084853, 0.12733675065365704, 0.12632342179616293, 0.12654881551861763, 0.12756991051137448, 0.12649802987774214, 0.12776848700429713, 0.12667430598627438, 0.12671556367593653, 0.12827916271411455, 0.12704359429577985, 0.12601230815052986, 0.12771727118108953, 0.1283553197979927, 0.1278852470792257, 0.1271216979152278, 0.1273691945455291, 0.12779980965635993, 0.12623225649197897, 0.1265869387322002, 0.1276538489120347, 0.12858673185110092, 0.12814629237566674, 0.12711405903100967, 0.1275503893311207, 0.12698047739617965, 0.12721485272049904, 0.12744938143912485, 0.1266716274743279, 0.12804747422536214, 0.12883872166275978, 0.1274234503507614, 0.12496708333492279, 0.12772582098841667, 0.12867128352324167, 0.12812431879779873, 0.12702436834573747, 0.12671999734911052, 0.12745051372509736, 0.12727023992273542, 0.12752503635627882, 0.1266540105144183, 0.12829275632446463, 0.12887763231992722, 0.1282377615571022, 0.1273342512237529, 0.12773281674493442, 0.12556511976502158, 0.126824059269645, 0.1279500648379326, 0.12785426656837048, 0.12764547558294403, 0.12699233401905408, 0.12674948505379938, 0.1280249930345095, 0.12750559921065965, 0.12789668372044197, 0.12879851534962655, 0.12843961417675018, 0.12834968268871308, 0.12736709664265314, 0.12724873067244238, 0.1272105821967125, 0.12744686678051947, 0.12802834915263311, 0.12745754623954947, 0.12757132823268572, 0.12829446461465624, 0.1280146285891533, 0.12681388448585162, 0.12765120661684445, 0.1284387396140532, 0.12732441309425566, 0.1273183398089319, 0.1266790527318205, 0.1273981382449468, 0.12665962479237852, 0.12753738130026676, 0.1278603430027547, 0.12801934551033708, 0.12844725769190563, 0.12806739751249552, 0.1282766362031301, 0.12842553968612963, 0.12888906002044678, 0.12661365816990536, 0.127784586566336, 0.12769177607421217, 0.12729054772191578, 0.12777677219774988, 0.12710764668881894, 0.1276793364774097, 0.12871031327681107, 0.12797877418272424, 0.127466844022274, 0.12746070623397826, 0.12803248708185397, 0.12787398571769396, 0.12770875204693188, 0.12680414194862047, 0.12787498551897886, 0.12736571715636688, 0.12817827554849479, 0.12664409478505453, 0.12637144327163696, 0.12600963161541864, 0.12895437516272068, 0.12766760473067945, 0.12784457786215675, 0.12818286526534292, 0.12750492741664252, 0.12803395443102894, 0.12722743167118591, 0.12748889884223108, 0.12854148345914754, 0.12735781180007116, 0.12895844994406952, 0.1271861121058464, 0.12712698236659722, 0.12796800791524177, 0.12655914121347925, 0.12882190495729445, 0.1279180430703693, 0.12780575785371992, 0.1281386132944714, 0.12779313863979447, 0.12848146259784698, 0.1269209740253595, 0.1274575059198671, 0.1271083101630211, 0.12729117823274513, 0.12796287536621093, 0.1277970996286188, 0.1262433311343193, 0.12713443860411644, 0.12720314383506776, 0.12654528463328327, 0.12754163915912312, 0.12885670699179172, 0.12757986604139723, 0.1273840124408404, 0.12721279050622666, 0.12630244479937988, 0.12773638804044044, 0.12746943533420563, 0.128015128726309, 0.12682960828145345, 0.12640791115435687, 0.12637219429016114, 0.12765794433653355, 0.12645181434022057, 0.12739678735242171, 0.12735195718705655, 0.12751579213710057, 0.1271163454422584, 0.1275263025329031, 0.12852861799977042, 0.12713678754293, 0.12788448101136743, 0.12699982676750574, 0.12787403585389256, 0.1277936491370201, 0.12834042191505432, 0.12850940972566605, 0.128023224696517, 0.12750164182348686, 0.12673484782377878, 0.12780486196279525, 0.12752079053057563, 0.12730329217655317, 0.12674419209361076, 0.12694155648350716, 0.12783195078372955, 0.12831495702266693, 0.12776816974986682, 0.12756432355804878, 0.1279444389722564, 0.1282913400126355, 0.12695070470754916, 0.1277321692435972, 0.12599524855613708, 0.12829556167125702, 0.12702592983841896, 0.12680585434039435, 0.12797088734805584, 0.12734970590099692, 0.1273649459970849, 0.12679534927010536, 0.12780248029873922, 0.1271501271163716, 0.12717820663709897, 0.12776363734155893, 0.12786620642457688, 0.12724328843446878, 0.12810349754161304, 0.12758156458536785, 0.1272813795428527, 0.12670744849102838, 0.1269297461424555, 0.12735063670312657, 0.1270366886423694, 0.12726116329431533, 0.12634343430399894, 0.1257687471807003, 0.127724300505537, 0.12758999379972616, 0.12772565873132813, 0.12682700157165527, 0.12804474964224058, 0.12855085223913193, 0.1272000087691205, 0.1278437301516533, 0.12771984570203943, 0.12711663000486992, 0.12709718316793442, 0.12662328965961933, 0.12713820528652933, 0.12948113679885864, 0.12693197983834478, 0.12663134336471557, 0.1269214985271295, 0.12782643628971918, 0.12779366821050644, 0.1292336235443751, 0.12708480723879553, 0.12715628660387462, 0.12720594949582043, 0.1275851867700878, 0.12860206243666736, 0.12897067103121015, 0.12767306193709374, 0.1266388325020671, 0.12772069818207196, 0.12817918703607892, 0.12873596251010894, 0.12670225517026015, 0.12617274060061104, 0.1281983604033788, 0.12784040305349562, 0.12866582442075014, 0.12696219682693483, 0.12706558257341385, 0.12811319360678847, 0.12789104328207349, 0.12726868624272553, 0.12844869625919006, 0.12794257306000767, 0.1289847046136856, 0.12719365696494395, 0.12735963861147562, 0.12848184630274773, 0.12778933998197317, 0.12726473010012082, 0.1274598249130779, 0.12756566051393747, 0.12659657543355768, 0.12778622061014175, 0.12782071131680692, 0.12868982851505278, 0.12825066099564233, 0.126295305788517, 0.12718799943104386, 0.12830829806625843, 0.12798727676272392, 0.12788360091772946, 0.12707677111029625, 0.12767458210388818, 0.1279829703271389, 0.1276743091069735, 0.12632926118870577, 0.12727518791430875, 0.1277786340468969, 0.12754583092672483, 0.12790081029136977, 0.12641201975444952, 0.1278844949874011, 0.1276458893781123, 0.12865929821362862, 0.12695147494475048, 0.1274627665989101, 0.12876569479703903, 0.1271443734211581, 0.12627735485633215, 0.1267513593560771, 0.1275994077717003, 0.12809986907702225, 0.12811239498356977, 0.12827975099736993, 0.1279850248247385, 0.12761977671281152, 0.1261752757888574, 0.1271593996456691, 0.1270367300936154, 0.1289540512057451, 0.12779626863844254, 0.12774754265944163, 0.12821283759105773, 0.1276554559667905, 0.12796023751006408, 0.12681543257306604, 0.12798902858048677, 0.12791459055410492, 0.1272400145729383, 0.12771193757653237, 0.12737382713117099, 0.12812146544456482, 0.12823925279080867, 0.127633735537529, 0.12739414118585132, 0.1256106272339821, 0.1268860607555038, 0.12789023021856943, 0.12868539616465569, 0.12738637253642082, 0.12687785997986795, 0.12823961228132247, 0.12806648896499115, 0.12757919371128082, 0.12763150679794225, 0.12761879488825797, 0.1271438980475068, 0.12753605063665996, 0.129676832507054, 0.12732917429120452, 0.12717762390772502, 0.12823328524827957, 0.1277424144473943, 0.1263927161693573, 0.12765057981014252, 0.12813104350458493, 0.127737823341574, 0.12740285694599152, 0.1276634968817234, 0.12787813824765823, 0.12730872631072998, 0.1287767795416025, 0.12815561108291149, 0.1278400495648384, 0.12780525428908213, 0.1271326785737818, 0.12749701997508173, 0.12763282588937067, 0.12735883998019354, 0.12733561545610428, 0.12690017372369766, 0.12776915516172135, 0.12682071141898632, 0.1284364089369774, 0.12578354155023894, 0.12751268022335494, 0.12748588273922604, 0.12828801497817038, 0.12824423789978026, 0.12768857229140498, 0.1270636774991688, 0.12728564513306465, 0.12891719937324525, 0.12707949700680646, 0.127937794086479, 0.12688597223975442, 0.12730465626174753, 0.12769367247819902, 0.12821461065955783, 0.1278510455042124, 0.12760635997567857, 0.12817730547653305, 0.1270942842731109, 0.1261541560292244, 0.1284448117017746, 0.12735344309891974, 0.12760499261674427, 0.12804462080416473, 0.12731151787504072, 0.12725533828848884, 0.12857954402764638, 0.12749553539536215, 0.12794634267207114, 0.12781595485284925, 0.12848316133022308, 0.12740568902630073, 0.12769024194897832, 0.1265659901712622, 0.12754636211320758, 0.12824261990877298, 0.12918864775981223, 0.12746615376737383, 0.12669218810541288, 0.12708603156109652, 0.12663728472861377, 0.12777854387576765, 0.12746794149279594, 0.12727244819204012, 0.12719189578836615, 0.12791663656632105, 0.12712734540303547, 0.12784116715192795, 0.1277343129569834, 0.12702843140472064, 0.12797141250442057, 0.12769821733236314, 0.12804515535632768, 0.12717617377638818, 0.12697204103072485, 0.12722975541563594, 0.12825604435056448, 0.12674430622295899, 0.12695798836648464, 0.1274087611924518, 0.12725484956588065, 0.12746873535215855, 0.1273511629551649, 0.12757968476840428, 0.12719339706624547, 0.12845337059762743, 0.12883245674046603, 0.12775492249056697, 0.12822465697924296, 0.12828478440642357, 0.12753004809984794, 0.1275989512602488, 0.12767206194500128, 0.12731652826070786, 0.12825262159109116, 0.12715825381187293, 0.12804981376285907, 0.12641259696748522, 0.12654796039516275, 0.1270552692313989, 0.12729210779070854, 0.1280536032281816, 0.1266052753974994, 0.12677716755348703, 0.127128342882945, 0.1269122600191977, 0.12655963908348764, 0.12747255836923918, 0.12769892025325033, 0.12829678629835448, 0.12651159482843735, 0.12732457999999708, 0.1276504507866399, 0.12647446088100733, 0.12875409983098507, 0.12685646345982185, 0.1276317413430661, 0.12786834577427192, 0.12734298844789638, 0.12745902687311172, 0.1272600728430246, 0.12726358162320178, 0.1297686899250204, 0.12801060351458463, 0.12702688947319984, 0.12823894458848076, 0.12687962149318896, 0.12650203312698163, 0.12659158361585518, 0.1279524816916539, 0.1282670795917511, 0.1265910682933671, 0.1265551367153724, 0.12756561736265817, 0.12707492549504554, 0.12835208498514616, 0.12755526453256608, 0.12743429886177182, 0.12801943633418816, 0.1273352178660306, 0.12796433777971702, 0.12791403664482964, 0.12692007651695839, 0.12747962959110737, 0.1271117186317077, 0.12758457422890562, 0.12726388002435365, 0.12759677954018117, 0.12779288434169508, 0.12647126615047455, 0.12743398199478786, 0.12731058365768858, 0.1275085014104843, 0.1278027959845283, 0.1264027690757876, 0.1283600926399231, 0.12832340123978528, 0.1279010065855124, 0.12720422446727753, 0.12652971053665335, 0.12733419487873712, 0.12785824686288833, 0.12752268753117985, 0.127525906044024, 0.1276996647939086, 0.12837946911652884, 0.12729067584642997, 0.1263399892128431, 0.1273592526891402, 0.12680328694673684, 0.12798329815268517, 0.1276264414191246, 0.126352971047163, 0.12683523310856384, 0.1274860142306848, 0.1280864234323855, 0.12702859011365147, 0.12766808034344154, 0.12714072763919831, 0.12798334091901778, 0.12691091033427612, 0.1284950595526468, 0.12778484746813773, 0.12720212074262754, 0.1280524934331576, 0.12763865757733583, 0.12681584507226945, 0.12777918577194214, 0.12796584951380888, 0.1271448607246081, 0.12648455860714117, 0.1270872476426038, 0.127205652633199, 0.12615330815315245, 0.12627203911542892, 0.12875543321881974, 0.12789651080965997, 0.12667068745940924, 0.1275939116704053, 0.12710807431075308, 0.12639521594558442, 0.12760040673770404, 0.1275755636394024, 0.12836679816246033, 0.12751716719223902, 0.12825291827321053, 0.12718557827174665, 0.12599146366119385, 0.1265337798330519, 0.127592251607866, 0.12845567294529506, 0.12618504216273627, 0.12679147663024756, 0.12821374088525772, 0.12813863502098963, 0.12712184282449576, 0.12823404371738434, 0.1270746092001597, 0.12759720741046798, 0.12762085751940808, 0.12760050299887857, 0.12759442455493486, 0.12849821062648997, 0.12789434691270193, 0.12798045738600194, 0.1273857308551669, 0.127615464585168, 0.1269368500663684, 0.12791150537404147, 0.12778647078408134, 0.1281291682805334, 0.12772371972862043, 0.12803322387238344, 0.12838596494301505, 0.12769247425927055, 0.1273209383642232, 0.12777739096628993, 0.12787162397916502, 0.127141994535923, 0.12811566056574092, 0.12744052211443582, 0.12608629579727465, 0.12774895876646042, 0.12713967351352468, 0.12831904515624046, 0.12780806720256804, 0.12785038352012634, 0.12766988016664982, 0.12764500464136536, 0.12738292446980873, 0.12776678334921598, 0.12819558652964505], 1: [0.12722823719183604, 0.12700448880592982, 0.1268290369771421, 0.12861218819251427, 0.12839805707335472, 0.1276751270890236, 0.12738725087708896, 0.12781399889634207, 0.12729646833170027, 0.12729444205760956, 0.12690357640385627, 0.12780403221646944, 0.12783403087545325, 0.12842074495095473, 0.1281191850150073, 0.1274251898129781, 0.12880025684833527, 0.12769749760627747, 0.1275348889713104, 0.12759753117958705, 0.12674807544265473, 0.12724057833353677, 0.12700304699440798, 0.1278195335314824, 0.12792773213651445, 0.1270430400967598, 0.12842709227250174, 0.12751369021440806, 0.1271429488604719, 0.12781174345449967, 0.12804137505590915, 0.12673467939550226, 0.12833918631076813, 0.12705327705903488, 0.12737982273101806, 0.1272145588608349, 0.12720726989209652, 0.12737527083266864, 0.12693899186948934, 0.12676843802134197, 0.12745260214433074, 0.1260260446713521, 0.12640153158169526, 0.1271183810063771, 0.12696060985326768, 0.12789442716166377, 0.12756754209597906, 0.12484913505613804, 0.1271897129714489, 0.12636598944664001, 0.128789455195268, 0.1273472412969127, 0.12756657181307673, 0.12660786035385999, 0.12772359773516656, 0.12794743478298187, 0.1292653994427787, 0.12692875927314162, 0.1279547855257988, 0.12732083876343334, 0.12735987226996157, 0.12607281425824532, 0.1274901035428047, 0.12701821593301638, 0.12715446787035983, 0.12657535753466867, 0.1271351237188686, 0.12793518258975103, 0.12724047062956556, 0.12743467837572098, 0.1269251998513937, 0.12752325530163944, 0.1277013656740286, 0.12777415249082777, 0.12815076811239123, 0.1275772899389267, 0.12694099638611078, 0.12731370627880095, 0.12622704431414605, 0.12722921100529758, 0.12665016360973058, 0.12686437141636145, 0.1283615544438362, 0.1267348619944909, 0.12797160127333232, 0.12768483587673732, 0.12596721636752287, 0.12865436348048123, 0.1270924075728371, 0.127112392646571, 0.12716315314173698, 0.12753967195749283, 0.12816283106803894, 0.12705712697722696, 0.12705622879522188, 0.12834421545267105, 0.12806308154876417, 0.12748797034675424, 0.12750156066919627, 0.127727902748368, 0.12630739180665268, 0.12810667735688827, 0.12793978578165957, 0.12826472334563732, 0.12866987412174544, 0.12755354195833207, 0.12701264900319717, 0.1266264754992265, 0.12748153241617338, 0.12694153686364493, 0.12807377204298973, 0.12764009132104762, 0.1285211353709823, 0.12756766440967718, 0.1278377014555429, 0.12665348703211005, 0.12733318713995126, 0.12729860606946444, 0.1274657009000128, 0.12623475456521624, 0.1276669887204965, 0.12804950972398121, 0.12723340223664822, 0.12837865576148033, 0.12807751379229806, 0.12756577879190445, 0.12795946064094701, 0.12765849782870367, 0.1274761754003438, 0.12725973918157465, 0.12820529859316976, 0.12608820034397972, 0.1274662343294997, 0.1274508244612, 0.1272454674045245, 0.12673198012635112, 0.1273436126383868, 0.12686308059427473, 0.12825311692776503, 0.12754832108815511, 0.12733641266822815, 0.128925995334335, 0.12894348220692742, 0.12773885692541415, 0.1264496727713517, 0.1276002373546362, 0.12818518908400284, 0.1275282061100006, 0.1273980230877274, 0.1275370568037033, 0.12790170506290768, 0.1271552876992659, 0.12705644903083643, 0.12659815542007746, 0.1280652955174446, 0.12719563270608583, 0.127516604621302, 0.1283499374985695, 0.1281100468976157, 0.12776347192434165, 0.127467842400074, 0.12748683653771878, 0.12688131367459016, 0.12714745906683114, 0.1283430252224207, 0.12787423903743425, 0.12648414820432663, 0.12727921809020795, 0.12756317751160984, 0.12748232220902161, 0.1269282691180706, 0.12751300565221094, 0.1275848668246042, 0.12725265369270788, 0.1274171288717877, 0.12749155806867699, 0.12729893252253532, 0.1271169615479616, 0.12742773357492226, 0.12742515822703188, 0.12664003297686577, 0.12817240221535459, 0.12686352845695284, 0.12750503197312354, 0.12736511137336493, 0.12676109969615937, 0.12767119758895465, 0.12766401693224907, 0.12926832789724524, 0.1279581394046545, 0.1275229100137949, 0.12869081578471445, 0.1289307822783788, 0.1267989878853162, 0.1276738898207744, 0.12792648375034332, 0.12775202547865255, 0.12865148010579022, 0.12746685424021312, 0.1267959071466556, 0.12861999395218762, 0.12863146699965, 0.12825199617789343, 0.12738974168896675, 0.12796026137140062, 0.12729390279242866, 0.1277928869239986, 0.12878741696476936, 0.12758770381862466, 0.12728960663080216, 0.1275513700463555, 0.12769042551517487, 0.12768977768719197, 0.12874380286250794, 0.1272917501628399, 0.12929425667971373, 0.126223374158144, 0.12849112848440805, 0.127434369463187, 0.1274694065962519, 0.1274248422788722, 0.12771931141614914, 0.12766560912132263, 0.1274135574698448, 0.12826706943186847, 0.1274301357129041, 0.12776660608748594, 0.1279956283979118, 0.1274202028910319, 0.12773416770829094, 0.12880992020169893, 0.1268265595038732, 0.12675236860911052, 0.12839985352296096, 0.12719361633062362, 0.12719106248446874, 0.12728597547696985, 0.12800342386419122, 0.127999297529459, 0.12792375733455022, 0.12709378749132155, 0.12849266479412716, 0.12719819694757462, 0.12649121657013893, 0.12743010904107774, 0.12669014253399588, 0.1273326569547256, 0.12734151418719972, 0.12808102170626323, 0.127732162747313, 0.1278398565270684, 0.12854348397568652, 0.12795722713837257, 0.12799535645172, 0.12700005508959294, 0.12874382585287095, 0.12743230015039445, 0.12760088182985782, 0.12823429852724075, 0.12710692327130924, 0.1278161458671093, 0.12817244852582613, 0.12805666443374422, 0.12712835992981747, 0.1262866459786892, 0.12756175954233517, 0.12795015871524812, 0.12775804019636577, 0.12703711052353567, 0.12834391539747064, 0.12736166552418754, 0.12710084233965194, 0.12740818682042035, 0.12738247513771056, 0.12696737910692507, 0.12834853082895278, 0.12698384272781285, 0.1274822186678648, 0.12713324549523267, 0.12759541968504587, 0.1281375639140606, 0.12848716567863117, 0.12782744860107248, 0.12713640414435287, 0.12687404602766036, 0.12791524728139242, 0.1271522787089149, 0.12725168963273367, 0.12757312102864185, 0.12695175341584466, 0.12669043635067187, 0.12766675256630955, 0.12837254730137912, 0.12861080169677735, 0.1282161229423114, 0.12783956915140152, 0.12759017313902193, 0.12749018316919153, 0.12717563596864542, 0.127566958963871, 0.12774243893531653, 0.12828404787513945, 0.1289613557358583, 0.12877991910164172, 0.12638587057590484, 0.1282702452606625, 0.12697509489953518, 0.12740155475007164, 0.12742976620793342, 0.12760050553414556, 0.1279711831699718, 0.1268901037318366, 0.12707236273722214, 0.12725869478548274, 0.12761782937579685, 0.12701512225296185, 0.12825825661420823, 0.1276050447936981, 0.12766593809311205, 0.12672832197156444, 0.12714983612298966, 0.1285688613469784, 0.1276901587843895, 0.1280008891926092, 0.12730514652588787, 0.12569331675767897, 0.12694297381676733, 0.12799651823613956, 0.1276180652471689, 0.12634524432095615, 0.12689615599811077, 0.12718057153480394, 0.12828139907547406, 0.12770991399884224, 0.1274353951215744, 0.12670747889205813, 0.12672073921809593, 0.12693073835812116, 0.12778712064027786, 0.12731908949521872, 0.1284567347981713, 0.1280181735754013, 0.12756951227784158, 0.12775059315291318, 0.12794646310309568, 0.12637334395396083, 0.12748393028974533, 0.12691058963537216, 0.12711066752672195, 0.12644886835054917, 0.12667997255921365, 0.1274187188934196, 0.1274980954825878, 0.126258485019207, 0.12702701714905826, 0.12800456129986307, 0.12702314741909504, 0.1274146149555842, 0.12736978415738454, 0.12673477030226163, 0.1291674462457498, 0.12819673381745816, 0.1262942118679776, 0.12863038042012384, 0.1273705917927954, 0.1271266167362531, 0.1273703177769979, 0.126662863926454, 0.12794462508625454, 0.12757041875053854, 0.1281764873049476, 0.12741119704312748, 0.12708144025369125, 0.12588234059512615, 0.12744774268223688, 0.12772451092799506, 0.12717475667595862, 0.1272951677441597, 0.12735310061411423, 0.12775348318474633, 0.12678254616481285, 0.1273515082895756, 0.12878394356140724, 0.12649280428886414, 0.12720189367731413, 0.12793145802888004, 0.12787607237696647, 0.1274816014549949, 0.12788276208771598, 0.12838900163769723, 0.12625768159826598, 0.1283148147843101, 0.12713501992679777, 0.12866188938680448, 0.1268036308742705, 0.12738283599416414, 0.12613664641976358, 0.12698378016551334, 0.12822528183460236, 0.1275520815203587, 0.1264737106859684, 0.12734355653325716, 0.1267637967625085, 0.12758007571101188, 0.12779121642762964, 0.1270035502055417, 0.12635932937264444, 0.12751288264989852, 0.1277518543330106, 0.1271839290857315, 0.12834239355288446, 0.12751129766305289, 0.1277406930923462, 0.1280268018444379, 0.12678590851525465, 0.1271170987969353, 0.12830538036567823, 0.12699772620742972, 0.1263171447948976, 0.12669996172189713, 0.12861090749502183, 0.12705314023928208, 0.12699240987951105, 0.12706725547711054, 0.12785088041654, 0.12752247127619656, 0.1275089937262237, 0.12633604323491454, 0.12760147514442602, 0.12763074371549818, 0.12785515251259008, 0.12830183045430618, 0.12717685369508608, 0.12681999430060387, 0.12681681911150613, 0.1276618428528309, 0.1275865077972412, 0.1278009549714625, 0.12750343097881836, 0.12779671931639314, 0.12766811411295617, 0.12797964257853373, 0.12765236385166645, 0.127457818524404, 0.12749225104396994, 0.12701708174520923, 0.1273101946072919, 0.12793132834709608, 0.1276845765464446, 0.12810606671416241, 0.12816559487865084, 0.12938796864314514, 0.12696350655621952, 0.12696060612797738, 0.12718731611967088, 0.12782753144319242, 0.12742940404198386, 0.12726522237062454, 0.12801390555169848, 0.12874808087944983, 0.1277323494354884, 0.12887886379446303, 0.12803447097539902, 0.1267760729088503, 0.12772411586982862, 0.12728854304268247, 0.12794480919837953, 0.12815164625644684, 0.12734603194090036, 0.12836233195331362, 0.12838804664520118, 0.12774295608202615, 0.12697590745630719, 0.12742457621627384, 0.12770533561706543, 0.1276612978647737, 0.12730853483080865, 0.12750909080108005, 0.1275948520217623, 0.12866779327392577, 0.12813387976752388, 0.12751044379547238, 0.1283057859310737, 0.12776572038145625, 0.12775959633290768, 0.12736083045601845, 0.12763101779497588, 0.12681277382832307, 0.12700185992500998, 0.12833148762583732, 0.12557131983339787, 0.12797332415357232, 0.12728590111840854, 0.1277100034058094, 0.1264788189104625, 0.12715129122922295, 0.12784058483023392, 0.12684233039617537, 0.1277613788843155, 0.12742797285318375, 0.12715029781279358, 0.12952934033595598, 0.12738139046864075, 0.12749551236629486, 0.12788266995373895, 0.1267659930806411, 0.1277973394502293, 0.12770681942884737, 0.127261937285463, 0.12710194165507951, 0.12801430658215568, 0.1269453812171431, 0.12795700505375862, 0.12773022563620048, 0.12840353175997735, 0.12779923688088143, 0.12847611010074617, 0.12689242053490418, 0.12814861287673315, 0.12763985681037107, 0.1277068242430687, 0.12873103121916454, 0.12716860954578108, 0.12808185680346054, 0.1281713883464153, 0.12730582860799936, 0.12827806413173676, 0.12821493670344353, 0.12692629219964147, 0.1273880018030896, 0.127468208471934, 0.1276796374607969, 0.12738667022098193, 0.12760396860539913, 0.12833806830975744, 0.12720395103096963, 0.1297963990105523, 0.1271378856152296, 0.12731607471193587, 0.12741906719004853, 0.12714448670546213, 0.12800291038694836, 0.12812210991978645, 0.1276352075593812, 0.1270976871961639, 0.127107510343194, 0.1276975915982173, 0.12727402127347887, 0.12814590614289045, 0.12743205536861676, 0.12680429890751838, 0.12830140920622007, 0.12782824039459229, 0.1278700354067903, 0.12706208346705689, 0.12704903135697046, 0.1287801627601896, 0.12876156568527222, 0.126684582978487, 0.12759593288813317, 0.1275678977370262, 0.12697166251018643, 0.1279977129565345, 0.12808138728141785, 0.12781508763631186, 0.12829024940729142, 0.12754164094274695, 0.12799631853898366, 0.12738231817881265, 0.12654774669896474, 0.1274863492165293, 0.12712394972057903, 0.12766782815257707, 0.12802701567610106, 0.12766031044370987, 0.12674167955463583, 0.12912903477748236, 0.12755098193883896, 0.12838885519239637, 0.1273580640554428, 0.12670925124125046, 0.12672532700440464, 0.12837593456109364, 0.12897030467336829, 0.12709825951606035, 0.12819225043058396, 0.12748804947604303, 0.12725194626384312, 0.12751716213381808, 0.12829049080610275, 0.12774609503420917, 0.12840598560869693, 0.12697921926155686, 0.12788384035229683, 0.12715519352683, 0.12747814692556858, 0.12681176430649227, 0.12790416777133942, 0.12716091221029108, 0.12919044643640518, 0.12749653768080932, 0.12703020125627518, 0.1272656030275605, 0.127973710000515, 0.12781253720031066, 0.12760844888786474, 0.12786688540990537, 0.12761382182890718, 0.1261615174321028, 0.12805026719967524, 0.12860177643597126, 0.12845732585379951, 0.12668846795956293, 0.12765974613527456, 0.12785757879416149, 0.12718713689934125, 0.12689764151970545, 0.12813787839629434, 0.1277280386005129, 0.12744444913484834, 0.12797187889615694, 0.12787797212600707, 0.12769188811736448, 0.1281676646322012, 0.12802779268134723, 0.12612361262242, 0.1269694465611662, 0.1281252560707239, 0.1277368562296033, 0.12705221623182297, 0.12669761147763994, 0.12783543327275446, 0.1279877756650631, 0.1273683486506343, 0.12815321575511585, 0.12840766391970895, 0.12652943215586923, 0.12769104623132282, 0.12714261710643768, 0.12757753718056178, 0.12743391344944635, 0.1289616823196411, 0.1281232863664627, 0.1266263914294541, 0.12778974037904006, 0.12822201528719493, 0.12791016640571448, 0.1267768286845901, 0.1290624514222145, 0.12785183591768146, 0.12827043682336808, 0.12672031714635737, 0.12817076023887186, 0.12869213223457338, 0.12695992784574628, 0.12717471508817238, 0.12662892585450952, 0.1294416571882638, 0.12717005088925362, 0.1262702559431394, 0.12826621208501898, 0.1270958712058408, 0.1271084775075768, 0.12752673278252283, 0.12865795713403952, 0.12644863331859763, 0.12668759810427824, 0.12723173946142197, 0.12787053547799587, 0.1280834548175335, 0.12658530473709106, 0.12679913301359524, 0.12691290378570558, 0.12672660127282143, 0.12713359392458393, 0.12906724876827663, 0.12707456946372986, 0.12757320921210683, 0.12774212741189533, 0.12722997181117535, 0.12875446677207947, 0.12621350315484134, 0.1276642701455525, 0.12697695642709733, 0.12742471367120742, 0.12722491224606833, 0.1274827684586247, 0.12650900255692632, 0.12808773666620255, 0.1275702382509525, 0.1279957758322839, 0.12729739621281624, 0.1268158099717564, 0.1273923491945072, 0.12860610683759052, 0.12799737664560476, 0.1273363802049841, 0.1275843009352684, 0.12730229260592624, 0.1288365963846445, 0.12769193102916082, 0.1272917926311493, 0.12903108075261116, 0.12732511581409545, 0.1282223630696535, 0.12868294526230206, 0.12645958478634173, 0.12768208980560303, 0.12682889455131122, 0.12799004809214518, 0.12801337566064752, 0.12776933014392852, 0.12818617522716522, 0.12725662731606027, 0.1280147743721803, 0.1274432600899176, 0.1272907517850399, 0.12738374727112906, 0.1266139011297907, 0.12747195895229066, 0.12629926470773561, 0.1278932751579718, 0.12775190249085427, 0.12768301877536273, 0.12762843072414398, 0.12799794599413872, 0.12668130132887098, 0.12729654815934954, 0.12825465351343154, 0.12851956486701965, 0.12743456223431757, 0.12537214308977127, 0.127646014560014, 0.1268496923148632, 0.12811778748736663, 0.1269204600581101, 0.12722142988985236, 0.1276441696099937, 0.12771949544548988, 0.12814828318854174, 0.12588844820857048, 0.12709092535078526, 0.1286332756280899, 0.1255054839632728, 0.12745564803481102, 0.12733211947811973, 0.12656272338195282, 0.12754995003342628, 0.12668143037487478, 0.12719283465828216, 0.12711939098019348, 0.1281048186123371, 0.12770576982034576, 0.12759485665489645, 0.12793702334165574, 0.12760856887325644, 0.1268173895384136, 0.1271325115646635, 0.1292519016812245, 0.12848625630140303, 0.1280601704493165, 0.12684058472514154, 0.12754836503197164, 0.12689320743083954, 0.12784905955195427, 0.12664221493261202, 0.1288935182725682, 0.12802032409952238, 0.12719332426786423, 0.1284476385816284, 0.1271752268075943, 0.1286062590777874, 0.12769621486465135, 0.128165519485871, 0.12815085839894083, 0.12675686599686742, 0.1257283048083385, 0.12769421675930853, 0.12814475099245706, 0.12836775797254898, 0.12759020030498505, 0.12752394664746064, 0.12829462687174478, 0.12692945897579194, 0.1269460286606442, 0.12834589017762077, 0.1274641163647175, 0.1276298340629129, 0.1276532438184534, 0.12854474348326525, 0.12764636178811392, 0.12728083245456218, 0.12678376788442786, 0.1271240029197473, 0.127394637465477, 0.12775835850172573, 0.12768509103493256, 0.12786810955515615, 0.1282631516456604, 0.1275226020294687, 0.1283262327313423, 0.12667232565581799, 0.12840600510438283, 0.1276153935038525, 0.12702235765755177, 0.12868418792883554, 0.12648734556777136, 0.12669250816106797, 0.12813378870487213, 0.127945156658397, 0.12845669740012713, 0.1287925046953288, 0.12607651265958944, 0.12863664435488836, 0.12731870670210232, 0.1277490071952343, 0.12825153882686907, 0.12791276723146439, 0.12682232367140905, 0.12707142227075316, 0.12654551044106482, 0.12759745121002197, 0.1274700327353044, 0.12756358087062836, 0.1272514395415783, 0.12955256657941, 0.12835885173287884, 0.12816616743803025, 0.12757514417171478, 0.12706941269014194, 0.12775265831838956, 0.12803254784508186, 0.12715833634138107, 0.12790680419782113, 0.12742181973797934, 0.12750293442915225, 0.12714117454985777, 0.1282616061599631, 0.12706787511706352, 0.12675835481948322, 0.12795767635107042, 0.12828083607283505, 0.1271419016023477, 0.127960964160807, 0.12743334340698578, 0.12756823854787008, 0.1271621659398079, 0.1275593607376019, 0.12672570773533412, 0.12744699617226918, 0.1269612845319968, 0.12673281133174896, 0.12845150381326675, 0.1275641450827772, 0.12691140100359916, 0.1274047609079968, 0.12863728945905512, 0.12738645212216812, 0.1276820460955302, 0.12815863237931177, 0.12773181366569855, 0.12718168752534048, 0.12817111492156982, 0.12803440771642186, 0.12760000815615058, 0.12736173301935197, 0.12865808606147766, 0.12829019448586873, 0.1274506771250775, 0.12620898336172104, 0.12672203576022928, 0.12800838612020016, 0.12803954905585238, 0.12635233476758004, 0.12685857713222504, 0.12757531190529847, 0.1282607957043431, 0.12799540609121324, 0.127226560598328, 0.12804742716252804, 0.12776489069928293, 0.12792582692284332, 0.12862988987139293, 0.1273622691631317, 0.12860104923739152, 0.12780480997429955, 0.1274748017390569, 0.128146792948246, 0.12713292141755422, 0.12673523873090745, 0.12817470878362655, 0.12720814781884351, 0.12778402345650125, 0.12735422497445886, 0.12805681621156087, 0.1286808902567083, 0.12863118201494217, 0.12572347447276117, 0.1266940166907651, 0.12753647056065107, 0.12773441116918216, 0.1277623777942998, 0.12706439763307573, 0.12714653015136718, 0.12703817933797837, 0.12736749787021567, 0.1293645203113556, 0.1272777844877804, 0.12821900265084374, 0.1268821507692337, 0.1262406873015257, 0.12874740455299616, 0.12685606886561102, 0.12868903887768587, 0.1268907832828435, 0.12848366796970367, 0.12665657699108124, 0.1271860519690173, 0.12753337870041528, 0.12685163095593452, 0.1277633272111416, 0.12713345661759376, 0.12731157952830904, 0.12793518561455938, 0.1285386330315045, 0.12749423442975336, 0.1271719726232382, 0.12848436997996437, 0.12691710935905576, 0.12717589968815446, 0.12599074155092238, 0.12707560136914253, 0.12798000986759478, 0.12745813546436174, 0.12752453734477362, 0.1275937326929786, 0.1265347653201648, 0.1259335050216088, 0.1266756775892443, 0.12768057473003863, 0.12715568160638213, 0.12791911355758967, 0.12686632089316846, 0.1253832752505938, 0.12717294126749037, 0.12771606147289277, 0.12743991613388062, 0.12833321218689284, 0.12754333888490996, 0.12766235445936522, 0.12836988270282745, 0.12712256163358687, 0.12759086051407983, 0.12740738689899445, 0.12721107974648477, 0.12757071725478986, 0.12855307152494788, 0.12702694932619732, 0.12794919850097763, 0.12705857050605118, 0.12753202334830635, 0.12715012376958673, 0.12684213370084763, 0.12675237407286963, 0.1274922779377769, 0.12774481003483137, 0.12862818146293814, 0.12887980375025007, 0.1282753601670265, 0.12745935359486826, 0.12762874439358712, 0.12751705365048516, 0.127980845218355, 0.12800527344911528, 0.12801739871501921, 0.12769386870786548, 0.1269658576039707, 0.126699030585587, 0.12758217131098112, 0.12725063636898995, 0.12771053463220597, 0.12766536218779428, 0.1287774153881603, 0.12763926493270056, 0.1271731939453345, 0.12668575625866652, 0.1280590821057558, 0.12731010581438357, 0.12791621271106932, 0.12716027979667371, 0.1281214522627684, 0.12774045715729396, 0.1262080855667591, 0.1285521201789379, 0.1274015423324373, 0.12725632580427024, 0.127202340147712, 0.1277932511134581]}