('OC-FakeDect1 (Trained on DFDB Dataset)  \nTested on RND FaceSwap Dataset  \nRunning Average Evaluation', 'OC-FakeDect1_DFDB', 'DFDB', 'OC-FakeDect1_DFDB_raeonFSrnd')
auroc=0.5024880768149083
f1=0.4577432617633623
prec=0.42065491183879095
recall=0.5020040080160321

fpr=[0.0, 0.5020040080160321, 1.0]

tpr=[0.0, 0.5069801616458487, 1.0]

y_true=[0, 0, 0, 0, 0, 0, 0, 0, 0, 0, 0, 0, 0, 0, 0, 0, 0, 0, 0, 0, 0, 0, 0, 0, 0, 0, 0, 0, 0, 0, 0, 0, 0, 0, 0, 0, 0, 0, 0, 0, 0, 0, 0, 0, 0, 0, 0, 0, 0, 0, 0, 0, 0, 0, 0, 0, 0, 0, 0, 0, 0, 0, 0, 0, 0, 0, 0, 0, 0, 0, 0, 0, 0, 0, 0, 0, 0, 0, 0, 0, 0, 0, 0, 0, 0, 0, 0, 0, 0, 0, 0, 0, 0, 0, 0, 0, 0, 0, 0, 0, 0, 0, 0, 0, 0, 0, 0, 0, 0, 0, 0, 0, 0, 0, 0, 0, 0, 0, 0, 0, 0, 0, 0, 0, 0, 0, 0, 0, 0, 0, 0, 0, 0, 0, 0, 0, 0, 0, 0, 0, 0, 0, 0, 0, 0, 0, 0, 0, 0, 0, 0, 0, 0, 0, 0, 0, 0, 0, 0, 0, 0, 0, 0, 0, 0, 0, 0, 0, 0, 0, 0, 0, 0, 0, 0, 0, 0, 0, 0, 0, 0, 0, 0, 0, 0, 0, 0, 0, 0, 0, 0, 0, 0, 0, 0, 0, 0, 0, 0, 0, 0, 0, 0, 0, 0, 0, 0, 0, 0, 0, 0, 0, 0, 0, 0, 0, 0, 0, 0, 0, 0, 0, 0, 0, 0, 0, 0, 0, 0, 0, 0, 0, 0, 0, 0, 0, 0, 0, 0, 0, 0, 0, 0, 0, 0, 0, 0, 0, 0, 0, 0, 0, 0, 0, 0, 0, 0, 0, 0, 0, 0, 0, 0, 0, 0, 0, 0, 0, 0, 0, 0, 0, 0, 0, 0, 0, 0, 0, 0, 0, 0, 0, 0, 0, 0, 0, 0, 0, 0, 0, 0, 0, 0, 0, 0, 0, 0, 0, 0, 0, 0, 0, 0, 0, 0, 0, 0, 0, 0, 0, 0, 0, 0, 0, 0, 0, 0, 0, 0, 0, 0, 0, 0, 0, 0, 0, 0, 0, 0, 0, 0, 0, 0, 0, 0, 0, 0, 0, 0, 0, 0, 0, 0, 0, 0, 0, 0, 0, 0, 0, 0, 0, 0, 0, 0, 0, 0, 0, 0, 0, 0, 0, 0, 0, 0, 0, 0, 0, 0, 0, 0, 0, 0, 0, 0, 0, 0, 0, 0, 0, 0, 0, 0, 0, 0, 0, 0, 0, 0, 0, 0, 0, 0, 0, 0, 0, 0, 0, 0, 0, 0, 0, 0, 0, 0, 0, 0, 0, 0, 0, 0, 0, 0, 0, 0, 0, 0, 0, 0, 0, 0, 0, 0, 0, 0, 0, 0, 0, 0, 0, 0, 0, 0, 0, 0, 0, 0, 0, 0, 0, 0, 0, 0, 0, 0, 0, 0, 0, 0, 0, 0, 0, 0, 0, 0, 0, 0, 0, 0, 0, 0, 0, 0, 0, 0, 0, 0, 0, 0, 0, 0, 0, 0, 0, 0, 0, 0, 0, 0, 0, 0, 0, 0, 0, 0, 0, 0, 0, 0, 0, 0, 0, 0, 0, 0, 0, 0, 0, 0, 0, 0, 0, 0, 0, 0, 0, 0, 0, 0, 0, 0, 0, 0, 0, 0, 0, 0, 0, 0, 0, 0, 0, 0, 0, 0, 0, 0, 0, 0, 0, 0, 0, 0, 0, 0, 0, 0, 0, 0, 0, 0, 0, 0, 0, 0, 0, 0, 0, 0, 0, 0, 0, 0, 0, 0, 0, 0, 0, 0, 0, 0, 0, 0, 0, 0, 0, 0, 0, 0, 0, 0, 0, 0, 0, 0, 0, 0, 0, 0, 0, 0, 0, 0, 0, 0, 0, 0, 0, 0, 0, 0, 0, 0, 0, 0, 0, 0, 0, 0, 0, 0, 0, 0, 0, 0, 0, 0, 0, 0, 0, 0, 0, 0, 0, 0, 0, 0, 0, 0, 0, 0, 0, 0, 0, 0, 0, 0, 0, 0, 0, 0, 0, 0, 0, 0, 0, 0, 0, 0, 0, 0, 0, 0, 0, 0, 0, 0, 0, 0, 0, 0, 0, 0, 0, 0, 0, 0, 0, 0, 0, 0, 0, 0, 0, 0, 0, 0, 0, 0, 0, 0, 0, 0, 0, 0, 0, 0, 0, 0, 0, 0, 0, 0, 0, 0, 0, 0, 0, 0, 0, 0, 0, 0, 0, 0, 0, 0, 0, 0, 0, 0, 0, 0, 0, 0, 0, 0, 0, 0, 0, 0, 0, 0, 0, 0, 0, 0, 0, 0, 0, 0, 0, 0, 0, 0, 0, 0, 0, 0, 0, 0, 0, 0, 0, 0, 0, 0, 0, 0, 0, 0, 0, 0, 0, 0, 0, 0, 0, 0, 0, 0, 0, 0, 0, 0, 0, 0, 0, 0, 0, 0, 0, 0, 0, 0, 0, 0, 0, 0, 0, 0, 0, 0, 0, 0, 0, 0, 0, 0, 0, 0, 0, 0, 0, 0, 0, 0, 0, 0, 0, 0, 0, 0, 0, 0, 0, 0, 0, 0, 0, 0, 0, 0, 0, 0, 0, 0, 0, 0, 0, 0, 0, 0, 0, 0, 0, 0, 0, 0, 0, 0, 0, 0, 0, 0, 0, 0, 0, 0, 0, 0, 0, 0, 0, 0, 0, 0, 0, 0, 0, 0, 0, 0, 0, 0, 0, 0, 0, 0, 0, 0, 0, 0, 0, 0, 0, 0, 0, 0, 0, 0, 0, 0, 0, 0, 0, 0, 0, 0, 0, 0, 0, 0, 0, 0, 0, 0, 0, 0, 0, 0, 0, 0, 0, 0, 0, 0, 0, 0, 0, 0, 0, 0, 0, 0, 0, 0, 0, 0, 0, 0, 0, 0, 0, 0, 0, 0, 0, 0, 0, 0, 0, 0, 0, 0, 0, 0, 0, 0, 0, 0, 0, 0, 0, 0, 0, 0, 0, 0, 0, 0, 0, 0, 0, 0, 0, 0, 0, 0, 0, 0, 0, 0, 0, 0, 0, 0, 0, 0, 0, 0, 0, 0, 0, 0, 0, 0, 0, 0, 0, 0, 0, 0, 0, 0, 0, 0, 0, 0, 0, 0, 0, 0, 0, 0, 0, 0, 0, 0, 0, 0, 0, 0, 0, 0, 0, 0, 0, 0, 0, 0, 0, 0, 0, 0, 0, 0, 0, 0, 0, 0, 0, 0, 0, 0, 0, 0, 0, 0, 0, 0, 0, 0, 0, 0, 0, 0, 0, 0, 0, 0, 0, 0, 0, 0, 0, 0, 0, 0, 0, 0, 0, 0, 0, 0, 0, 0, 0, 0, 0, 0, 0, 0, 0, 0, 0, 0, 0, 0, 0, 0, 0, 0, 0, 0, 0, 0, 0, 0, 0, 0, 0, 0, 0, 0, 0, 0, 0, 0, 0, 0, 0, 0, 0, 0, 0, 0, 0, 0, 0, 0, 0, 0, 0, 0, 0, 0, 0, 0, 0, 0, 0, 0, 0, 0, 0, 0, 0, 0, 0, 0, 0, 0, 0, 0, 0, 0, 0, 0, 0, 0, 0, 0, 0, 0, 0, 0, 0, 0, 0, 0, 0, 0, 0, 0, 0, 0, 0, 0, 0, 0, 0, 0, 0, 0, 0, 0, 0, 0, 0, 0, 0, 0, 0, 0, 0, 0, 0, 0, 0, 0, 0, 0, 0, 0, 0, 0, 0, 0, 0, 0, 0, 0, 0, 0, 0, 0, 0, 0, 0, 0, 0, 0, 0, 0, 0, 0, 0, 0, 0, 0, 0, 0, 0, 0, 0, 0, 0, 0, 0, 0, 0, 0, 0, 0, 0, 0, 0, 0, 0, 0, 0, 0, 0, 0, 0, 0, 0, 0, 0, 0, 0, 0, 0, 0, 0, 0, 0, 0, 0, 0, 0, 0, 0, 0, 0, 0, 0, 0, 0, 0, 0, 0, 0, 0, 0, 0, 0, 0, 0, 0, 0, 0, 0, 0, 0, 0, 0, 0, 0, 0, 0, 0, 0, 0, 0, 0, 0, 0, 0, 0, 0, 0, 0, 0, 0, 0, 0, 0, 0, 0, 0, 0, 0, 0, 0, 0, 0, 0, 0, 0, 0, 0, 0, 0, 0, 0, 0, 0, 0, 0, 0, 0, 0, 0, 0, 0, 0, 0, 0, 0, 0, 0, 0, 0, 0, 0, 0, 0, 0, 0, 0, 0, 0, 0, 0, 0, 0, 0, 0, 0, 0, 0, 0, 0, 0, 0, 0, 0, 0, 0, 0, 0, 0, 0, 0, 0, 0, 0, 0, 0, 0, 0, 0, 0, 0, 0, 0, 0, 0, 0, 0, 0, 0, 0, 0, 0, 0, 0, 0, 0, 1, 1, 1, 1, 1, 1, 1, 1, 1, 1, 1, 1, 1, 1, 1, 1, 1, 1, 1, 1, 1, 1, 1, 1, 1, 1, 1, 1, 1, 1, 1, 1, 1, 1, 1, 1, 1, 1, 1, 1, 1, 1, 1, 1, 1, 1, 1, 1, 1, 1, 1, 1, 1, 1, 1, 1, 1, 1, 1, 1, 1, 1, 1, 1, 1, 1, 1, 1, 1, 1, 1, 1, 1, 1, 1, 1, 1, 1, 1, 1, 1, 1, 1, 1, 1, 1, 1, 1, 1, 1, 1, 1, 1, 1, 1, 1, 1, 1, 1, 1, 1, 1, 1, 1, 1, 1, 1, 1, 1, 1, 1, 1, 1, 1, 1, 1, 1, 1, 1, 1, 1, 1, 1, 1, 1, 1, 1, 1, 1, 1, 1, 1, 1, 1, 1, 1, 1, 1, 1, 1, 1, 1, 1, 1, 1, 1, 1, 1, 1, 1, 1, 1, 1, 1, 1, 1, 1, 1, 1, 1, 1, 1, 1, 1, 1, 1, 1, 1, 1, 1, 1, 1, 1, 1, 1, 1, 1, 1, 1, 1, 1, 1, 1, 1, 1, 1, 1, 1, 1, 1, 1, 1, 1, 1, 1, 1, 1, 1, 1, 1, 1, 1, 1, 1, 1, 1, 1, 1, 1, 1, 1, 1, 1, 1, 1, 1, 1, 1, 1, 1, 1, 1, 1, 1, 1, 1, 1, 1, 1, 1, 1, 1, 1, 1, 1, 1, 1, 1, 1, 1, 1, 1, 1, 1, 1, 1, 1, 1, 1, 1, 1, 1, 1, 1, 1, 1, 1, 1, 1, 1, 1, 1, 1, 1, 1, 1, 1, 1, 1, 1, 1, 1, 1, 1, 1, 1, 1, 1, 1, 1, 1, 1, 1, 1, 1, 1, 1, 1, 1, 1, 1, 1, 1, 1, 1, 1, 1, 1, 1, 1, 1, 1, 1, 1, 1, 1, 1, 1, 1, 1, 1, 1, 1, 1, 1, 1, 1, 1, 1, 1, 1, 1, 1, 1, 1, 1, 1, 1, 1, 1, 1, 1, 1, 1, 1, 1, 1, 1, 1, 1, 1, 1, 1, 1, 1, 1, 1, 1, 1, 1, 1, 1, 1, 1, 1, 1, 1, 1, 1, 1, 1, 1, 1, 1, 1, 1, 1, 1, 1, 1, 1, 1, 1, 1, 1, 1, 1, 1, 1, 1, 1, 1, 1, 1, 1, 1, 1, 1, 1, 1, 1, 1, 1, 1, 1, 1, 1, 1, 1, 1, 1, 1, 1, 1, 1, 1, 1, 1, 1, 1, 1, 1, 1, 1, 1, 1, 1, 1, 1, 1, 1, 1, 1, 1, 1, 1, 1, 1, 1, 1, 1, 1, 1, 1, 1, 1, 1, 1, 1, 1, 1, 1, 1, 1, 1, 1, 1, 1, 1, 1, 1, 1, 1, 1, 1, 1, 1, 1, 1, 1, 1, 1, 1, 1, 1, 1, 1, 1, 1, 1, 1, 1, 1, 1, 1, 1, 1, 1, 1, 1, 1, 1, 1, 1, 1, 1, 1, 1, 1, 1, 1, 1, 1, 1, 1, 1, 1, 1, 1, 1, 1, 1, 1, 1, 1, 1, 1, 1, 1, 1, 1, 1, 1, 1, 1, 1, 1, 1, 1, 1, 1, 1, 1, 1, 1, 1, 1, 1, 1, 1, 1, 1, 1, 1, 1, 1, 1, 1, 1, 1, 1, 1, 1, 1, 1, 1, 1, 1, 1, 1, 1, 1, 1, 1, 1, 1, 1, 1, 1, 1, 1, 1, 1, 1, 1, 1, 1, 1, 1, 1, 1, 1, 1, 1, 1, 1, 1, 1, 1, 1, 1, 1, 1, 1, 1, 1, 1, 1, 1, 1, 1, 1, 1, 1, 1, 1, 1, 1, 1, 1, 1, 1, 1, 1, 1, 1, 1, 1, 1, 1, 1, 1, 1, 1, 1, 1, 1, 1, 1, 1, 1, 1, 1, 1, 1, 1, 1, 1, 1, 1, 1, 1, 1, 1, 1, 1, 1, 1, 1, 1, 1, 1, 1, 1, 1, 1, 1, 1, 1, 1, 1, 1, 1, 1, 1, 1, 1, 1, 1, 1, 1, 1, 1, 1, 1, 1, 1, 1, 1, 1, 1, 1, 1, 1, 1, 1, 1, 1, 1, 1, 1, 1, 1, 1, 1, 1, 1, 1, 1, 1, 1, 1, 1, 1, 1, 1, 1, 1, 1, 1, 1, 1, 1, 1, 1, 1, 1, 1, 1, 1, 1, 1, 1, 1, 1, 1, 1, 1, 1, 1, 1, 1, 1, 1, 1, 1, 1, 1, 1, 1, 1, 1, 1, 1, 1, 1, 1, 1, 1, 1, 1, 1, 1, 1, 1, 1, 1, 1, 1, 1, 1, 1, 1, 1, 1, 1, 1, 1, 1, 1, 1, 1, 1, 1, 1, 1, 1, 1, 1, 1, 1, 1, 1, 1, 1, 1, 1, 1, 1, 1, 1, 1, 1, 1, 1, 1, 1, 1, 1, 1, 1, 1, 1, 1, 1, 1, 1, 1, 1, 1, 1, 1, 1, 1, 1, 1, 1, 1, 1, 1, 1, 1, 1, 1, 1, 1, 1, 1, 1, 1, 1, 1, 1, 1, 1, 1, 1, 1, 1, 1, 1, 1, 1, 1, 1, 1, 1, 1, 1, 1, 1, 1, 1, 1, 1, 1, 1, 1, 1, 1, 1, 1, 1, 1, 1, 1, 1, 1, 1, 1, 1, 1, 1, 1, 1, 1, 1, 1, 1, 1, 1, 1, 1, 1, 1, 1, 1, 1, 1, 1, 1, 1, 1, 1, 1, 1, 1, 1, 1, 1, 1, 1, 1, 1, 1, 1, 1, 1, 1, 1, 1, 1, 1, 1, 1, 1, 1, 1, 1, 1, 1, 1, 1, 1, 1, 1, 1, 1, 1, 1, 1, 1, 1, 1, 1, 1, 1, 1, 1, 1, 1, 1, 1, 1, 1, 1, 1, 1, 1, 1, 1, 1, 1, 1, 1, 1, 1, 1, 1, 1, 1, 1, 1, 1, 1, 1, 1, 1, 1, 1, 1, 1, 1, 1, 1, 1, 1, 1, 1, 1, 1, 1, 1, 1, 1, 1, 1, 1, 1, 1, 1, 1, 1, 1, 1, 1, 1, 1, 1, 1, 1, 1, 1, 1, 1, 1, 1, 1]

y_pred=[0.0, 0.0, 0.0, 1.0, 1.0, 1.0, 1.0, 0.0, 0.0, 1.0, 1.0, 1.0, 0.0, 1.0, 1.0, 0.0, 0.0, 1.0, 0.0, 1.0, 0.0, 1.0, 1.0, 0.0, 1.0, 1.0, 1.0, 0.0, 1.0, 0.0, 1.0, 0.0, 1.0, 0.0, 1.0, 0.0, 0.0, 1.0, 1.0, 0.0, 1.0, 0.0, 1.0, 0.0, 1.0, 1.0, 1.0, 0.0, 1.0, 1.0, 1.0, 0.0, 0.0, 0.0, 0.0, 1.0, 1.0, 0.0, 1.0, 1.0, 0.0, 1.0, 0.0, 1.0, 1.0, 1.0, 1.0, 0.0, 1.0, 0.0, 0.0, 0.0, 0.0, 1.0, 1.0, 0.0, 0.0, 0.0, 0.0, 1.0, 0.0, 1.0, 1.0, 1.0, 0.0, 0.0, 1.0, 1.0, 0.0, 0.0, 1.0, 0.0, 0.0, 0.0, 0.0, 1.0, 0.0, 1.0, 1.0, 0.0, 1.0, 1.0, 0.0, 0.0, 0.0, 0.0, 0.0, 0.0, 1.0, 0.0, 0.0, 1.0, 0.0, 0.0, 1.0, 0.0, 0.0, 0.0, 1.0, 0.0, 0.0, 0.0, 1.0, 1.0, 0.0, 0.0, 1.0, 0.0, 0.0, 0.0, 1.0, 1.0, 0.0, 0.0, 1.0, 0.0, 1.0, 1.0, 0.0, 0.0, 1.0, 1.0, 0.0, 1.0, 0.0, 0.0, 1.0, 0.0, 1.0, 0.0, 0.0, 0.0, 1.0, 1.0, 1.0, 0.0, 1.0, 1.0, 0.0, 1.0, 0.0, 1.0, 1.0, 1.0, 1.0, 1.0, 0.0, 0.0, 1.0, 1.0, 1.0, 1.0, 0.0, 1.0, 1.0, 0.0, 0.0, 1.0, 0.0, 1.0, 1.0, 0.0, 0.0, 1.0, 1.0, 1.0, 1.0, 1.0, 1.0, 0.0, 0.0, 1.0, 0.0, 0.0, 1.0, 0.0, 1.0, 0.0, 1.0, 0.0, 1.0, 0.0, 1.0, 0.0, 0.0, 1.0, 0.0, 1.0, 0.0, 1.0, 0.0, 0.0, 0.0, 1.0, 1.0, 0.0, 0.0, 1.0, 1.0, 0.0, 1.0, 1.0, 1.0, 0.0, 1.0, 0.0, 1.0, 1.0, 1.0, 0.0, 0.0, 1.0, 1.0, 0.0, 0.0, 0.0, 0.0, 1.0, 0.0, 1.0, 1.0, 1.0, 0.0, 0.0, 1.0, 1.0, 0.0, 1.0, 0.0, 1.0, 1.0, 0.0, 0.0, 0.0, 0.0, 0.0, 1.0, 1.0, 1.0, 1.0, 1.0, 0.0, 0.0, 0.0, 0.0, 0.0, 1.0, 1.0, 0.0, 1.0, 0.0, 1.0, 0.0, 0.0, 0.0, 1.0, 0.0, 1.0, 1.0, 0.0, 0.0, 1.0, 1.0, 1.0, 1.0, 1.0, 0.0, 1.0, 0.0, 0.0, 1.0, 0.0, 0.0, 1.0, 0.0, 1.0, 0.0, 1.0, 1.0, 0.0, 1.0, 1.0, 0.0, 1.0, 0.0, 1.0, 1.0, 1.0, 1.0, 0.0, 1.0, 0.0, 1.0, 1.0, 1.0, 1.0, 0.0, 1.0, 1.0, 0.0, 0.0, 1.0, 0.0, 0.0, 0.0, 1.0, 1.0, 1.0, 1.0, 1.0, 1.0, 1.0, 0.0, 0.0, 1.0, 0.0, 0.0, 1.0, 0.0, 0.0, 0.0, 1.0, 1.0, 1.0, 1.0, 1.0, 1.0, 0.0, 1.0, 1.0, 1.0, 0.0, 1.0, 0.0, 1.0, 1.0, 0.0, 1.0, 0.0, 0.0, 0.0, 1.0, 1.0, 0.0, 1.0, 0.0, 0.0, 0.0, 1.0, 1.0, 0.0, 0.0, 0.0, 0.0, 1.0, 1.0, 1.0, 0.0, 0.0, 1.0, 1.0, 1.0, 1.0, 1.0, 1.0, 0.0, 1.0, 0.0, 0.0, 1.0, 1.0, 0.0, 1.0, 1.0, 1.0, 1.0, 1.0, 0.0, 0.0, 0.0, 1.0, 0.0, 1.0, 0.0, 0.0, 1.0, 1.0, 1.0, 1.0, 0.0, 0.0, 0.0, 0.0, 1.0, 0.0, 0.0, 0.0, 0.0, 1.0, 0.0, 0.0, 0.0, 1.0, 1.0, 1.0, 0.0, 0.0, 1.0, 0.0, 0.0, 1.0, 1.0, 0.0, 1.0, 1.0, 1.0, 0.0, 0.0, 1.0, 1.0, 0.0, 0.0, 0.0, 1.0, 0.0, 0.0, 0.0, 1.0, 1.0, 0.0, 0.0, 1.0, 1.0, 1.0, 0.0, 0.0, 1.0, 0.0, 1.0, 1.0, 1.0, 1.0, 1.0, 0.0, 1.0, 0.0, 1.0, 1.0, 1.0, 0.0, 0.0, 1.0, 1.0, 0.0, 1.0, 0.0, 0.0, 1.0, 0.0, 1.0, 0.0, 0.0, 0.0, 1.0, 1.0, 0.0, 1.0, 0.0, 0.0, 0.0, 1.0, 1.0, 1.0, 0.0, 0.0, 0.0, 1.0, 0.0, 0.0, 0.0, 0.0, 0.0, 0.0, 0.0, 1.0, 0.0, 1.0, 1.0, 0.0, 0.0, 1.0, 1.0, 1.0, 1.0, 0.0, 1.0, 1.0, 0.0, 0.0, 1.0, 0.0, 1.0, 0.0, 1.0, 0.0, 1.0, 1.0, 0.0, 1.0, 0.0, 1.0, 0.0, 1.0, 1.0, 1.0, 0.0, 0.0, 1.0, 1.0, 0.0, 0.0, 0.0, 1.0, 0.0, 1.0, 1.0, 0.0, 1.0, 0.0, 0.0, 0.0, 1.0, 0.0, 1.0, 0.0, 1.0, 0.0, 1.0, 1.0, 0.0, 1.0, 0.0, 1.0, 0.0, 0.0, 0.0, 1.0, 0.0, 0.0, 1.0, 0.0, 0.0, 1.0, 1.0, 0.0, 0.0, 1.0, 0.0, 0.0, 0.0, 1.0, 1.0, 0.0, 0.0, 1.0, 0.0, 0.0, 0.0, 1.0, 1.0, 1.0, 1.0, 0.0, 0.0, 0.0, 1.0, 0.0, 1.0, 0.0, 0.0, 0.0, 1.0, 0.0, 0.0, 1.0, 1.0, 1.0, 0.0, 0.0, 1.0, 1.0, 0.0, 0.0, 0.0, 1.0, 0.0, 0.0, 1.0, 0.0, 0.0, 0.0, 0.0, 1.0, 1.0, 1.0, 1.0, 0.0, 1.0, 0.0, 0.0, 1.0, 1.0, 0.0, 0.0, 0.0, 1.0, 1.0, 0.0, 0.0, 1.0, 1.0, 0.0, 0.0, 1.0, 1.0, 1.0, 0.0, 1.0, 0.0, 0.0, 1.0, 0.0, 0.0, 0.0, 1.0, 1.0, 1.0, 1.0, 1.0, 1.0, 1.0, 1.0, 1.0, 1.0, 0.0, 1.0, 1.0, 0.0, 0.0, 0.0, 1.0, 1.0, 0.0, 0.0, 1.0, 1.0, 0.0, 0.0, 0.0, 0.0, 0.0, 0.0, 0.0, 0.0, 1.0, 0.0, 0.0, 1.0, 0.0, 1.0, 0.0, 0.0, 0.0, 0.0, 0.0, 1.0, 1.0, 0.0, 1.0, 0.0, 0.0, 1.0, 1.0, 0.0, 0.0, 1.0, 1.0, 0.0, 0.0, 0.0, 0.0, 0.0, 0.0, 1.0, 0.0, 0.0, 1.0, 0.0, 0.0, 1.0, 1.0, 1.0, 1.0, 0.0, 1.0, 0.0, 1.0, 0.0, 0.0, 0.0, 1.0, 0.0, 0.0, 0.0, 1.0, 0.0, 0.0, 1.0, 1.0, 0.0, 0.0, 1.0, 0.0, 0.0, 1.0, 1.0, 0.0, 1.0, 0.0, 0.0, 1.0, 1.0, 1.0, 0.0, 0.0, 1.0, 0.0, 1.0, 0.0, 0.0, 1.0, 1.0, 0.0, 0.0, 1.0, 0.0, 0.0, 0.0, 0.0, 1.0, 0.0, 1.0, 1.0, 0.0, 1.0, 1.0, 0.0, 0.0, 0.0, 1.0, 0.0, 1.0, 1.0, 0.0, 1.0, 0.0, 1.0, 1.0, 1.0, 1.0, 0.0, 1.0, 0.0, 0.0, 0.0, 1.0, 1.0, 1.0, 1.0, 1.0, 0.0, 1.0, 1.0, 0.0, 0.0, 1.0, 0.0, 1.0, 1.0, 0.0, 1.0, 1.0, 1.0, 0.0, 1.0, 0.0, 0.0, 0.0, 1.0, 0.0, 0.0, 1.0, 1.0, 0.0, 0.0, 0.0, 1.0, 0.0, 1.0, 0.0, 0.0, 0.0, 0.0, 0.0, 0.0, 0.0, 0.0, 0.0, 1.0, 0.0, 0.0, 1.0, 1.0, 1.0, 0.0, 1.0, 0.0, 0.0, 0.0, 0.0, 1.0, 0.0, 0.0, 0.0, 0.0, 1.0, 1.0, 1.0, 1.0, 0.0, 0.0, 0.0, 0.0, 1.0, 1.0, 0.0, 1.0, 1.0, 0.0, 0.0, 1.0, 1.0, 0.0, 1.0, 1.0, 1.0, 0.0, 1.0, 1.0, 1.0, 0.0, 1.0, 0.0, 0.0, 1.0, 0.0, 0.0, 1.0, 0.0, 0.0, 0.0, 0.0, 0.0, 0.0, 0.0, 1.0, 1.0, 0.0, 0.0, 0.0, 0.0, 1.0, 0.0, 1.0, 0.0, 1.0, 1.0, 0.0, 1.0, 0.0, 0.0, 1.0, 1.0, 0.0, 0.0, 0.0, 0.0, 1.0, 1.0, 1.0, 0.0, 1.0, 0.0, 1.0, 0.0, 1.0, 0.0, 0.0, 1.0, 1.0, 1.0, 0.0, 0.0, 0.0, 0.0, 1.0, 1.0, 1.0, 0.0, 0.0, 0.0, 0.0, 0.0, 1.0, 0.0, 0.0, 0.0, 0.0, 1.0, 1.0, 1.0, 0.0, 0.0, 1.0, 1.0, 0.0, 1.0, 1.0, 1.0, 0.0, 0.0, 1.0, 1.0, 1.0, 1.0, 0.0, 1.0, 0.0, 1.0, 1.0, 1.0, 0.0, 0.0, 0.0, 1.0, 1.0, 1.0, 1.0, 0.0, 1.0, 1.0, 0.0, 1.0, 1.0, 1.0, 1.0, 1.0, 0.0, 0.0, 1.0, 0.0, 1.0, 1.0, 0.0, 0.0, 0.0, 1.0, 0.0, 1.0, 1.0, 1.0, 0.0, 1.0, 1.0, 0.0, 1.0, 1.0, 1.0, 0.0, 1.0, 1.0, 1.0, 0.0, 0.0, 1.0, 1.0, 1.0, 0.0, 1.0, 1.0, 1.0, 0.0, 0.0, 1.0, 1.0, 0.0, 1.0, 0.0, 0.0, 0.0, 0.0, 1.0, 1.0, 0.0, 0.0, 1.0, 0.0, 0.0, 1.0, 1.0, 0.0, 1.0, 0.0, 1.0, 1.0, 0.0, 1.0, 0.0, 1.0, 1.0, 1.0, 0.0, 1.0, 0.0, 1.0, 1.0, 1.0, 0.0, 1.0, 0.0, 1.0, 0.0, 0.0, 0.0, 0.0, 0.0, 0.0, 1.0, 0.0, 1.0, 1.0, 0.0, 1.0, 0.0, 1.0, 0.0, 0.0, 0.0, 1.0, 0.0, 1.0, 1.0, 1.0, 1.0, 1.0, 0.0, 1.0, 1.0, 0.0, 1.0, 0.0, 1.0, 0.0, 0.0, 0.0, 1.0, 1.0, 1.0, 0.0, 1.0, 0.0, 0.0, 0.0, 0.0, 1.0, 0.0, 0.0, 1.0, 0.0, 0.0, 0.0, 0.0, 0.0, 1.0, 1.0, 1.0, 0.0, 0.0, 0.0, 1.0, 0.0, 0.0, 0.0, 0.0, 1.0, 1.0, 0.0, 1.0, 0.0, 0.0, 0.0, 1.0, 1.0, 1.0, 1.0, 0.0, 0.0, 0.0, 1.0, 1.0, 1.0, 0.0, 0.0, 1.0, 1.0, 1.0, 1.0, 0.0, 0.0, 0.0, 0.0, 1.0, 0.0, 0.0, 0.0, 0.0, 1.0, 0.0, 1.0, 1.0, 0.0, 1.0, 1.0, 1.0, 0.0, 1.0, 0.0, 0.0, 0.0, 0.0, 0.0, 1.0, 0.0, 1.0, 1.0, 0.0, 1.0, 1.0, 0.0, 1.0, 1.0, 1.0, 0.0, 1.0, 1.0, 1.0, 0.0, 1.0, 0.0, 1.0, 1.0, 0.0, 1.0, 1.0, 0.0, 0.0, 1.0, 0.0, 1.0, 0.0, 1.0, 1.0, 0.0, 0.0, 1.0, 1.0, 0.0, 1.0, 1.0, 0.0, 1.0, 1.0, 1.0, 0.0, 1.0, 1.0, 1.0, 0.0, 0.0, 0.0, 1.0, 0.0, 0.0, 0.0, 1.0, 1.0, 1.0, 1.0, 1.0, 1.0, 1.0, 0.0, 1.0, 1.0, 0.0, 0.0, 0.0, 1.0, 0.0, 0.0, 1.0, 0.0, 1.0, 0.0, 1.0, 1.0, 1.0, 0.0, 0.0, 1.0, 0.0, 0.0, 0.0, 0.0, 1.0, 0.0, 0.0, 1.0, 1.0, 0.0, 0.0, 1.0, 0.0, 0.0, 1.0, 0.0, 0.0, 0.0, 1.0, 0.0, 0.0, 0.0, 1.0, 1.0, 0.0, 0.0, 0.0, 1.0, 1.0, 0.0, 1.0, 0.0, 0.0, 0.0, 1.0, 0.0, 0.0, 1.0, 0.0, 1.0, 1.0, 1.0, 0.0, 0.0, 0.0, 1.0, 1.0, 0.0, 0.0, 1.0, 0.0, 1.0, 0.0, 1.0, 0.0, 1.0, 0.0, 0.0, 1.0, 1.0, 1.0, 1.0, 0.0, 1.0, 0.0, 0.0, 1.0, 1.0, 0.0, 1.0, 0.0, 0.0, 1.0, 1.0, 1.0, 1.0, 0.0, 0.0, 0.0, 1.0, 0.0, 1.0, 0.0, 1.0, 0.0, 1.0, 0.0, 0.0, 0.0, 1.0, 1.0, 0.0, 1.0, 1.0, 1.0, 0.0, 1.0, 1.0, 0.0, 0.0, 1.0, 1.0, 1.0, 0.0, 1.0, 0.0, 0.0, 0.0, 1.0, 0.0, 1.0, 1.0, 0.0, 0.0, 0.0, 1.0, 1.0, 1.0, 1.0, 0.0, 1.0, 1.0, 0.0, 0.0, 1.0, 1.0, 1.0, 0.0, 0.0, 1.0, 1.0, 0.0, 1.0, 0.0, 0.0, 1.0, 0.0, 1.0, 1.0, 0.0, 0.0, 1.0, 1.0, 0.0, 0.0, 0.0, 0.0, 1.0, 1.0, 1.0, 0.0, 1.0, 1.0, 0.0, 0.0, 0.0, 1.0, 1.0, 0.0, 1.0, 1.0, 0.0, 0.0, 0.0, 0.0, 1.0, 0.0, 0.0, 0.0, 1.0, 1.0, 1.0, 1.0, 1.0, 0.0, 0.0, 1.0, 1.0, 0.0, 1.0, 0.0, 0.0, 1.0, 1.0, 1.0, 0.0, 1.0, 1.0, 1.0, 0.0, 0.0, 1.0, 0.0, 0.0, 1.0, 0.0, 0.0, 0.0, 0.0, 1.0, 1.0, 1.0, 0.0, 0.0, 1.0, 1.0, 0.0, 1.0, 1.0, 0.0, 1.0, 1.0, 0.0, 1.0, 0.0, 0.0, 1.0, 1.0, 1.0, 1.0, 1.0, 0.0, 1.0, 1.0, 0.0, 1.0, 0.0, 1.0, 0.0, 0.0, 0.0, 0.0, 1.0, 0.0, 1.0, 1.0, 1.0, 0.0, 0.0, 0.0, 1.0, 0.0, 0.0, 1.0, 1.0, 1.0, 0.0, 0.0, 0.0, 0.0, 0.0, 1.0, 1.0, 1.0, 0.0, 0.0, 0.0, 0.0, 0.0, 0.0, 0.0, 1.0, 1.0, 1.0, 0.0, 1.0, 0.0, 1.0, 1.0, 0.0, 0.0, 0.0, 1.0, 0.0, 1.0, 0.0, 1.0, 1.0, 1.0, 1.0, 0.0, 1.0, 1.0, 0.0, 0.0, 1.0, 1.0, 0.0, 1.0, 0.0, 0.0, 0.0, 0.0, 0.0, 1.0, 1.0, 1.0, 0.0, 0.0, 1.0, 1.0, 1.0, 1.0, 0.0, 0.0, 1.0, 0.0, 1.0, 1.0, 0.0, 1.0, 0.0, 1.0, 1.0, 0.0, 0.0, 0.0, 0.0, 1.0, 1.0, 1.0, 1.0, 0.0, 0.0, 1.0, 1.0, 0.0, 0.0, 0.0, 1.0, 0.0, 1.0, 1.0, 1.0, 1.0, 0.0, 0.0, 0.0, 1.0, 1.0, 1.0, 1.0, 1.0, 1.0, 1.0, 1.0, 0.0, 0.0, 1.0, 0.0, 1.0, 1.0, 0.0, 0.0, 1.0, 0.0, 1.0, 1.0, 0.0, 0.0, 1.0, 1.0, 0.0, 0.0, 0.0, 0.0, 0.0, 1.0, 0.0, 0.0, 0.0, 1.0, 0.0, 0.0, 0.0, 0.0, 0.0, 1.0, 0.0, 1.0, 1.0, 0.0, 1.0, 0.0, 1.0, 0.0, 0.0, 0.0, 0.0, 0.0, 1.0, 1.0, 1.0, 1.0, 0.0, 0.0, 0.0, 1.0, 0.0, 0.0, 1.0, 0.0, 1.0, 1.0, 0.0, 1.0, 1.0, 0.0, 0.0, 1.0, 1.0, 0.0, 1.0, 1.0, 1.0, 1.0, 0.0, 0.0, 1.0, 0.0, 0.0, 1.0, 1.0, 0.0, 0.0, 1.0, 1.0, 0.0, 1.0, 0.0, 1.0, 0.0, 0.0, 1.0, 1.0, 1.0, 1.0, 1.0, 0.0, 0.0, 0.0, 1.0, 1.0, 1.0, 1.0, 0.0, 0.0, 0.0, 0.0, 1.0, 1.0, 0.0, 1.0, 0.0, 1.0, 1.0, 1.0, 0.0, 1.0, 1.0, 0.0, 1.0, 1.0, 1.0, 1.0, 0.0, 0.0, 1.0, 0.0, 0.0, 0.0, 1.0, 1.0, 0.0, 1.0, 0.0, 0.0, 1.0, 0.0, 0.0, 1.0, 1.0, 0.0, 0.0, 1.0, 0.0, 0.0, 1.0, 0.0, 0.0, 0.0, 0.0, 0.0, 0.0, 1.0, 0.0, 1.0, 0.0, 0.0, 0.0, 1.0, 1.0, 0.0, 0.0, 0.0, 1.0, 0.0, 0.0, 1.0, 0.0, 1.0, 0.0, 0.0, 0.0, 0.0, 0.0, 0.0, 0.0, 0.0, 1.0, 0.0, 1.0, 0.0, 0.0, 1.0, 1.0, 1.0, 0.0, 1.0, 1.0, 0.0, 1.0, 0.0, 1.0, 0.0, 0.0, 1.0, 1.0, 1.0, 1.0, 1.0, 1.0, 1.0, 1.0, 0.0, 1.0, 0.0, 0.0, 0.0, 1.0, 0.0, 0.0, 0.0, 0.0, 0.0, 1.0, 1.0, 0.0, 1.0, 0.0, 0.0, 1.0, 0.0, 0.0, 0.0, 0.0, 0.0, 1.0, 1.0, 1.0, 0.0, 1.0, 1.0, 0.0, 0.0, 1.0, 0.0, 0.0, 0.0, 1.0, 0.0, 1.0, 0.0, 1.0, 0.0, 1.0, 0.0, 1.0, 1.0, 1.0, 0.0, 1.0, 1.0, 0.0, 1.0, 1.0, 0.0, 1.0, 1.0, 1.0, 0.0, 1.0, 1.0, 1.0, 0.0, 1.0, 1.0, 1.0, 0.0, 1.0, 1.0, 1.0, 1.0, 1.0, 1.0, 1.0, 0.0, 0.0, 0.0, 0.0, 1.0, 0.0, 0.0, 0.0, 1.0, 0.0, 1.0, 1.0, 1.0, 1.0, 0.0, 1.0, 1.0, 1.0, 0.0, 0.0, 0.0, 1.0, 0.0, 1.0, 0.0, 0.0, 0.0, 1.0, 0.0, 1.0, 0.0, 1.0, 0.0, 0.0, 1.0, 0.0, 0.0, 1.0, 0.0, 0.0, 0.0, 0.0, 1.0, 0.0, 0.0, 0.0, 0.0, 0.0, 1.0, 1.0, 0.0, 0.0, 0.0, 1.0, 1.0, 0.0, 1.0, 1.0, 1.0, 1.0, 0.0, 0.0, 1.0, 0.0, 0.0, 0.0, 1.0, 1.0, 0.0, 1.0, 1.0, 1.0, 0.0, 0.0, 1.0, 1.0, 1.0, 1.0, 1.0, 1.0, 1.0, 0.0, 1.0, 0.0, 1.0, 1.0, 1.0, 1.0, 1.0, 0.0, 0.0, 1.0, 0.0, 0.0, 1.0, 0.0, 1.0, 0.0, 1.0, 1.0, 1.0, 0.0, 1.0, 1.0, 0.0, 1.0, 1.0, 1.0, 1.0, 1.0, 0.0, 1.0, 0.0, 0.0, 0.0, 0.0, 1.0, 0.0, 0.0, 0.0, 1.0, 1.0, 0.0, 0.0, 1.0, 1.0, 1.0, 1.0, 0.0, 1.0, 0.0, 1.0, 0.0, 1.0, 0.0, 0.0, 1.0, 1.0, 0.0, 1.0, 0.0, 1.0, 1.0, 0.0, 0.0, 1.0, 1.0, 0.0, 1.0, 0.0, 0.0, 0.0, 0.0, 1.0, 1.0, 0.0, 1.0, 1.0, 0.0, 1.0, 0.0, 1.0, 1.0, 0.0, 0.0, 1.0, 0.0, 1.0, 1.0, 0.0, 1.0, 0.0, 0.0, 0.0, 0.0, 1.0, 0.0, 1.0, 1.0, 0.0, 1.0, 0.0, 0.0, 0.0, 0.0, 1.0, 0.0, 1.0, 0.0, 0.0, 0.0, 0.0, 1.0, 1.0, 1.0, 1.0, 1.0, 1.0, 0.0, 0.0, 1.0, 1.0, 1.0, 0.0, 1.0, 1.0, 0.0, 0.0, 1.0, 0.0, 0.0, 0.0, 1.0, 1.0, 0.0, 0.0, 0.0, 1.0, 0.0, 1.0, 1.0, 0.0, 0.0, 1.0, 1.0, 1.0, 0.0, 1.0, 0.0, 0.0, 1.0, 1.0, 1.0, 1.0, 0.0, 1.0, 0.0, 0.0, 0.0, 0.0, 0.0, 0.0, 0.0, 1.0, 0.0, 0.0, 1.0, 1.0, 0.0, 0.0, 0.0, 1.0, 1.0, 1.0, 0.0, 1.0, 0.0, 0.0, 1.0, 0.0, 0.0, 0.0, 0.0, 0.0, 0.0, 1.0, 1.0, 0.0, 1.0, 0.0, 0.0, 1.0, 1.0, 1.0, 1.0, 0.0, 1.0, 0.0, 1.0, 1.0, 0.0, 0.0, 1.0, 1.0, 1.0, 1.0, 1.0, 0.0, 1.0, 0.0, 1.0, 0.0, 1.0, 0.0, 1.0, 0.0, 1.0, 1.0, 1.0, 0.0, 0.0, 1.0, 0.0, 0.0, 0.0, 1.0, 1.0, 1.0, 1.0, 0.0, 1.0, 0.0, 1.0, 1.0, 1.0, 0.0, 1.0, 0.0, 0.0, 0.0, 0.0, 1.0, 0.0, 1.0, 0.0, 0.0, 1.0, 1.0, 1.0, 0.0, 1.0, 1.0, 0.0, 0.0, 1.0, 1.0, 0.0, 1.0, 0.0, 1.0, 0.0, 0.0, 1.0, 0.0, 0.0, 0.0, 1.0, 1.0, 0.0, 1.0, 0.0, 1.0, 0.0, 0.0, 1.0, 1.0, 1.0, 0.0, 1.0, 1.0, 1.0, 1.0, 1.0, 1.0, 0.0, 0.0, 0.0, 1.0, 1.0, 0.0, 1.0, 1.0, 0.0, 1.0, 0.0, 1.0, 0.0, 0.0, 0.0, 0.0, 1.0, 0.0, 0.0, 0.0, 0.0, 1.0, 0.0, 0.0, 1.0, 1.0, 1.0, 1.0, 1.0, 1.0, 1.0, 1.0, 1.0, 0.0, 0.0, 1.0, 0.0, 0.0, 1.0, 0.0, 0.0, 1.0, 1.0, 0.0, 1.0, 0.0, 1.0, 1.0, 0.0, 0.0, 0.0, 0.0, 1.0, 0.0, 1.0, 0.0, 0.0, 1.0, 0.0, 0.0, 0.0, 1.0, 0.0, 1.0, 0.0, 1.0, 1.0, 0.0, 0.0, 1.0, 0.0, 1.0, 0.0, 0.0, 0.0, 0.0, 0.0, 1.0, 0.0, 1.0, 1.0, 1.0, 0.0, 1.0, 0.0, 0.0, 1.0, 0.0, 0.0, 0.0, 1.0, 0.0, 0.0, 0.0, 1.0, 0.0, 0.0, 1.0, 0.0, 0.0, 1.0, 1.0, 0.0, 1.0, 0.0, 1.0, 0.0, 0.0, 1.0, 0.0, 1.0, 1.0, 1.0, 1.0, 0.0, 1.0, 1.0, 0.0, 0.0, 1.0, 1.0, 0.0, 1.0, 1.0, 0.0, 1.0, 1.0, 0.0, 0.0]
\score={0: [0.13251586920685238, 0.13271346299544626, 0.13204287805340506, 0.13340602119763692, 0.13319542706012727, 0.13303916404644647, 0.13327355442508573, 0.130826120193188, 0.13273615004687472, 0.13358443851272264, 0.13313764815821366, 0.13313410663977265, 0.13277117695127214, 0.13311072318784653, 0.13310836542111176, 0.1320704993876544, 0.1318720464523022, 0.13345168937336316, 0.13236250430345536, 0.13319011438976636, 0.1322087213397026, 0.13354085307372243, 0.13308651559054852, 0.13272006201500797, 0.13372394144535066, 0.1331449051698049, 0.13420526547865433, 0.13278870905439058, 0.13324460294097662, 0.13202976000805697, 0.13344057746555493, 0.13206059336662293, 0.13306418903495953, 0.13277584246613763, 0.13323228247463703, 0.13257136364136973, 0.132655691769388, 0.133398175239563, 0.13306103917685422, 0.1324521283308665, 0.13402471194664636, 0.13292333409190177, 0.13313737471361417, 0.13247332411507765, 0.13347160612994974, 0.13413791358470917, 0.1329853054549959, 0.13208183433328355, 0.1333799266389438, 0.13338442910940218, 0.13338515534996986, 0.13261419286330542, 0.13294386267662048, 0.1327094423274199, 0.13202241169554846, 0.13404007156689962, 0.13332940231670032, 0.13255193256414854, 0.13331422448158264, 0.13320494989554088, 0.13285443047061563, 0.13310212393601736, 0.13293074529904586, 0.13392861458388242, 0.13352440628740522, 0.13315812906911295, 0.1333443579428336, 0.13219887614250184, 0.1334380811971167, 0.13259692561058772, 0.13287310385041767, 0.13296576409504332, 0.13256936994465915, 0.13300795029652746, 0.13319808854298157, 0.13280024148266892, 0.13240615924199423, 0.13247791801889738, 0.13164495255636133, 0.13328328604499498, 0.1319430060684681, 0.1333561338046018, 0.1331206191527216, 0.13365418016910552, 0.1326422623612664, 0.13287768832274846, 0.1329879061035488, 0.1340686615024294, 0.13241150162436746, 0.13296495165143693, 0.13330133010943732, 0.13267470282666824, 0.13230919685119238, 0.13291108161211013, 0.13294788653200323, 0.1334554709494114, 0.1327044516801834, 0.13338522566482425, 0.13453807749531485, 0.13274720758199693, 0.13332066610455512, 0.13308564435552667, 0.13280506172905798, 0.13158410787582397, 0.13282648875163153, 0.13250321745872498, 0.13295381094018618, 0.1323477682613191, 0.13343048366633328, 0.13067375123500824, 0.1320769234049705, 0.13336660299036238, 0.13179223636786144, 0.13235402794984671, 0.1337798378046821, 0.1329544835513638, 0.13171174079179765, 0.13251144860101782, 0.13354451954364777, 0.13275828879130513, 0.13297739754552426, 0.13172376453876494, 0.13344511886437735, 0.13348468310303158, 0.132830499456479, 0.13293585181236267, 0.1330388051768144, 0.13289175053005634, 0.13160701947552816, 0.13232961076277275, 0.13317734409462323, 0.133073600984755, 0.13283079185269095, 0.13283908863862356, 0.1340515755471729, 0.13290997967123985, 0.13397767345110576, 0.13384041075523084, 0.13244028588136036, 0.13293824344873428, 0.13349532555131352, 0.1332774363896426, 0.13276815956289117, 0.13339953059735504, 0.1315908581018448, 0.13180215656757355, 0.13365734219551087, 0.13234901010990144, 0.1362784504890442, 0.13211574405431747, 0.13240917026996613, 0.13240762799978256, 0.1338868226323809, 0.13414182194641658, 0.13308326023466446, 0.1327671022976146, 0.13423861116170882, 0.1332061800517534, 0.13249047379940748, 0.13350443914532661, 0.13170702213590796, 0.13425669625953393, 0.13373819831758738, 0.13317815517937695, 0.13299434574750754, 0.13312431744166783, 0.1323316086615835, 0.1329691469669342, 0.13357780252893767, 0.13330332030143058, 0.13324227116324686, 0.13336954243255383, 0.13268366766472658, 0.13323406342949187, 0.1338775051491601, 0.13254321925342083, 0.1322736842067618, 0.13333031215838023, 0.13278088931526458, 0.13428513798862696, 0.13338558971881867, 0.1322167782407058, 0.13217083662748336, 0.13333275417486826, 0.13417246802286667, 0.13340071114626798, 0.13404369294643403, 0.13313817585769452, 0.13330662639244742, 0.1327911587432027, 0.13266532961279154, 0.1332597445164408, 0.13291800365998194, 0.13225543685257435, 0.13314245268702507, 0.13278312385082244, 0.1338227803216261, 0.13276733593507248, 0.13325506361091838, 0.13214949890971184, 0.13359547602502922, 0.13281521863407558, 0.13341293036937713, 0.13280972060949905, 0.132315619633748, 0.1332082633788769, 0.13290603688130012, 0.13420149683952332, 0.13247030803135462, 0.13339681516994129, 0.1310765023032824, 0.13230284601449965, 0.13209519442170858, 0.13357555153577225, 0.13347570796807606, 0.13288835287094117, 0.13256958012397474, 0.13345429030331699, 0.1333465145693885, 0.13229310631752014, 0.133195411413908, 0.13308873551863212, 0.13350533616953883, 0.13287676985447222, 0.1341039056961353, 0.13271615778406462, 0.13337225180405837, 0.1339941299878634, 0.13305249745431152, 0.13285208344459534, 0.13290309316890184, 0.13391910357908768, 0.13333699891441747, 0.13276302152209812, 0.13168753435214361, 0.13290820821471835, 0.1323639467358589, 0.13421028852462769, 0.1322336159646511, 0.13439556625154284, 0.13327203691005707, 0.13363149538636207, 0.13163807708770037, 0.13255149893688434, 0.13313668824377514, 0.1334000302608623, 0.13289656753049178, 0.13377968221902847, 0.1324800543094936, 0.13335953211342846, 0.13343336510247197, 0.13291144371032715, 0.1322620717378763, 0.13206867749492326, 0.13261384902329282, 0.13144365698099136, 0.1330633514693805, 0.13347158394753933, 0.133391376722742, 0.13379629999399184, 0.13319189583553986, 0.1324862688779831, 0.1326839787264665, 0.1317849401384592, 0.1326425140723586, 0.13266135156154632, 0.13346314294771713, 0.13355566648875966, 0.13228981842597326, 0.13426180705428123, 0.1329241262541877, 0.13379216066428593, 0.1324790950332369, 0.13287508046185528, 0.1321417734026909, 0.13415962581833205, 0.13286775981004423, 0.13298240083235283, 0.13319934120303706, 0.13234966780458177, 0.13180025258371908, 0.1331154587013381, 0.13510950406392416, 0.13303024931387467, 0.13315044939517975, 0.13350607603788375, 0.1320861422767242, 0.13348499387502671, 0.1326730380455653, 0.13296934284947134, 0.1330627746441785, 0.13122979212890973, 0.13291731865509696, 0.13367982134222983, 0.1312410533428192, 0.1336384134160148, 0.13202072360685893, 0.13331960533794604, 0.13353112836678824, 0.13130085501405928, 0.13444847003980118, 0.13341909073866332, 0.1327860687787716, 0.13348829249540964, 0.13256733492016792, 0.13345021989784742, 0.133129580932505, 0.13369389758868652, 0.13389608717483023, 0.13219109922647476, 0.1343696378171444, 0.13241161942481994, 0.13386065493791532, 0.134250711868791, 0.13339976131916045, 0.13304637372493744, 0.13255817939837775, 0.1331854869922002, 0.13365252430622393, 0.13289579207246954, 0.13276989130597366, 0.1332177221775055, 0.13250233495936675, 0.1327604671587815, 0.13229704052209854, 0.13331884344418843, 0.13380740495289073, 0.13315655663609505, 0.13388706934757721, 0.1331714116036892, 0.13343936069445175, 0.13361532134669168, 0.13270211406052113, 0.1328403428196907, 0.13314969340960184, 0.1323559895157814, 0.13261725868170077, 0.1336408317089081, 0.13283568488226996, 0.13289377770640634, 0.1322344183921814, 0.13406758974580205, 0.13378119927186233, 0.13341678213328123, 0.13315831787056392, 0.13325040822937376, 0.13440927416086196, 0.13285200235744318, 0.13431404850312642, 0.13308542013168334, 0.1336448002945293, 0.1328635960817337, 0.1339893965050578, 0.13253281017144522, 0.13414577229155433, 0.13333870931750252, 0.1323644111351091, 0.13304437324404716, 0.13250987678766252, 0.13263735253559916, 0.13281088901890648, 0.1336833428252827, 0.13368458651444493, 0.13236417147246274, 0.13310952546695867, 0.13219664245843887, 0.13272441808994, 0.13224472318376815, 0.1333911269903183, 0.13312637607256572, 0.13268275807301202, 0.1324863294760386, 0.13259785920381545, 0.13253466997827804, 0.13342814594507219, 0.13299777186833894, 0.13335073149452606, 0.13200803895791371, 0.13199757653124192, 0.13367742938654764, 0.13302245034891017, 0.13321161925792693, 0.13370120844670705, 0.13345038332045078, 0.1330189827297415, 0.1321936593287521, 0.133618272070227, 0.1327210939847506, 0.13259917348623276, 0.1333643060039591, 0.13308247592714098, 0.13269897951529577, 0.13329212805804083, 0.13314249320906035, 0.1341955799322862, 0.13371341228485106, 0.13370289450342004, 0.13289702577250345, 0.1321708094328642, 0.1328898279794625, 0.13384714499115943, 0.13220628947019578, 0.13376317669947943, 0.1321158965951518, 0.13190001696348191, 0.13313364485899606, 0.13360003025635428, 0.13337099055449167, 0.13354301239762986, 0.13225185126066208, 0.13194505193016745, 0.13253129687574175, 0.13251110166311264, 0.1336508680667196, 0.13297634140441292, 0.1329413971730641, 0.13246199942153433, 0.13215193649133047, 0.13345327449811473, 0.13209288716316223, 0.13277242902447195, 0.13277312268813452, 0.13357617155365323, 0.13353058199087778, 0.1330175061117519, 0.13286106288433075, 0.13126985999670895, 0.13328735828399657, 0.13248405066029778, 0.13211865598956743, 0.13345927662319607, 0.1332823449576443, 0.13260603696107864, 0.13337468193924945, 0.13401289615366194, 0.13341282904148102, 0.13179893046617508, 0.13256970513612032, 0.133324591586223, 0.1333889077449667, 0.1316298097372055, 0.13290801230404112, 0.13210705388337374, 0.1329954225908626, 0.13218547734949324, 0.13283315859735012, 0.13265615156510982, 0.13308678354535783, 0.13323790000544655, 0.13278183341026306, 0.1314492255449295, 0.1335121734488395, 0.13339315896684473, 0.13443235556284586, 0.13195725778738657, 0.13286310732364653, 0.13318244169155757, 0.13196088811930487, 0.133208605978224, 0.13368047231977637, 0.13299477329620948, 0.13365846697021933, 0.13307390175759792, 0.13256054537163842, 0.13369960337877274, 0.13244138062000274, 0.13311450307567915, 0.13361816108226776, 0.1343188981215159, 0.13260470872575586, 0.13267545004685719, 0.13372700841262422, 0.13335564258423718, 0.1322031599633834, 0.13359943628311158, 0.13239783893028895, 0.13220179527997972, 0.1330485533584248, 0.1328966145714124, 0.1332294125305979, 0.13224269738120417, 0.1322369097786791, 0.13278676218846264, 0.13307235936323802, 0.13316367880294197, 0.13225268572568893, 0.13344340957701206, 0.13284855450575167, 0.1318315178155899, 0.1328683564829272, 0.13314458262175322, 0.13438068826993307, 0.1335697869459788, 0.13260795269161463, 0.13223879347587453, 0.13262815096161581, 0.1332974253843228, 0.1329701789047407, 0.13205639024575552, 0.13253510650247335, 0.1318398281931877, 0.13243974248568216, 0.13231853591768364, 0.13261648223680608, 0.13390877324601877, 0.13255756774118968, 0.13344434400399527, 0.13312977831810713, 0.1325912405462826, 0.13278261798879373, 0.1332941163669933, 0.13393120061267505, 0.13340252913810588, 0.1338815416978753, 0.13116430789232253, 0.13362275605851953, 0.13355296105146408, 0.13227018849416214, 0.13235710312922797, 0.1330806568816856, 0.13183494696491643, 0.1335706033489921, 0.13279819723806882, 0.13333140822445474, 0.13245542626827955, 0.13314610794186593, 0.13299835353128373, 0.13230148702859879, 0.1333670049905777, 0.13284709677100182, 0.1342289412722868, 0.13296928324482657, 0.13357958011329174, 0.13343245748962676, 0.13496767729520798, 0.1327272734858773, 0.13253044800178423, 0.1341796897351742, 0.1333878877617064, 0.13222407996654512, 0.13248621486127377, 0.13246129042115704, 0.13299126150431456, 0.13279312241960456, 0.13398864567279817, 0.13363350289208548, 0.1320998008762087, 0.13357263306776682, 0.1326552437884467, 0.13258316119511923, 0.13262299753048204, 0.13315945956856012, 0.1316130196918612, 0.13366553088029226, 0.13187885383764902, 0.1338809443016847, 0.1325898364186287, 0.13344913806234088, 0.13317273557186127, 0.1329542008392951, 0.13343028666881415, 0.13276996864722326, 0.13329945143425104, 0.13239853481451672, 0.13138266950845717, 0.1325710987051328, 0.13311661170287567, 0.131947247819467, 0.13197750165577857, 0.1332746007376247, 0.1318822814659639, 0.13264732501086066, 0.13313671269200064, 0.1334722008632154, 0.1327923010620806, 0.13294604771277485, 0.13318679481744766, 0.1325901233487659, 0.13280752226710318, 0.13257552435000738, 0.13405413112857126, 0.13318616648515066, 0.1329410749932994, 0.1328239900370439, 0.1332197306411607, 0.13224100378843454, 0.13271757339437804, 0.13286867195909674, 0.1334192305803299, 0.13350934618049198, 0.13479867875576018, 0.13355473961148942, 0.13248965415087613, 0.13199691616353534, 0.13067928769371726, 0.13357119673284992, 0.13246780120093246, 0.13475731909275054, 0.13233960494399072, 0.13282838463783264, 0.13283122165335548, 0.13447972138722739, 0.13273456692695618, 0.13278129138052464, 0.13312757129852587, 0.13314034137874842, 0.13359840449533963, 0.13262360714949095, 0.13216522280816678, 0.13330099569714587, 0.13333809808377298, 0.1329747922718525, 0.13242463601960075, 0.1314667732942672, 0.13458308163616392, 0.13281376424588656, 0.13250798935239966, 0.13301150649785995, 0.13257578884561858, 0.12996017932891846, 0.13172031763721914, 0.13232455441826269, 0.13324105277143675, 0.13309875679643532, 0.1334278533856074, 0.13350520689379086, 0.13165282589547775, 0.13298404961824417, 0.13245446400509941, 0.1328703612089157, 0.13306954354047776, 0.13381864875555038, 0.13221371173858643, 0.1326299867459706, 0.13224894553422928, 0.1339750814697017, 0.13343854993581772, 0.13192098140716552, 0.13219518860181173, 0.13350506965070963, 0.13349203889568648, 0.13230996240269055, 0.13287801721266337, 0.13354351371526718, 0.13382277265191078, 0.13319540818532308, 0.1324915728148292, 0.13398537933826446, 0.13278367427679208, 0.13279295961062113, 0.13360246672080114, 0.13140204548835754, 0.13218046128749847, 0.13277567820302372, 0.13389973176850212, 0.13332473766058683, 0.13377035160859427, 0.13315271625393316, 0.1334454785618517, 0.13378243645032248, 0.13348625757192312, 0.13346397131681442, 0.1336409854037421, 0.1336376489627929, 0.13262628349992964, 0.13366046377590723, 0.13345015861771323, 0.13295134448486826, 0.13140162825584412, 0.13148930668830872, 0.13343445956707, 0.13355213244046485, 0.1322464540048882, 0.13258558809757232, 0.13339375108480453, 0.1334789814427495, 0.1321754237016042, 0.13252323778236613, 0.13275179091621847, 0.13286208609739938, 0.13239542056213727, 0.1325651988387108, 0.13265478942129347, 0.13231843411922456, 0.1343905817378651, 0.13255211412906648, 0.13252943754196167, 0.13354559739430746, 0.1326666483655572, 0.13490838729418242, 0.13242974470962177, 0.1325235732577064, 0.13161927163600923, 0.1322130664036824, 0.13251222157850862, 0.1336122170874947, 0.13338268399238587, 0.1327835989964975, 0.1334281791932881, 0.13292665102265097, 0.13133673469225565, 0.1335207402706146, 0.1332690304517746, 0.1327056718223235, 0.13218184763734991, 0.13351778106557, 0.13437483459711075, 0.13184716645628214, 0.13156237453222275, 0.13249473739415407, 0.13264714628458024, 0.1326364768402917, 0.13167400454932993, 0.13365988696322723, 0.13274182230234147, 0.13228932971304114, 0.13319346037777988, 0.13197358325123787, 0.129884734749794, 0.13408031314611435, 0.13353919155067867, 0.13315044343471527, 0.13360403158835002, 0.1328380521800783, 0.13312590351471534, 0.13261604011058808, 0.13329401931592397, 0.13279297575354576, 0.1315873141090075, 0.13182243953148523, 0.1331164687871933, 0.1323480892639894, 0.13274995299677053, 0.13155834211243522, 0.13356023214080118, 0.1327438047155738, 0.1318569646941291, 0.13302986782330734, 0.13317139074206352, 0.13294158262365005, 0.13199187242067778, 0.13312803539964888, 0.13223674786942347, 0.13176293836699593, 0.13323603676898138, 0.13308199829068676, 0.1319882243871689, 0.1331749119928905, 0.13288702567418417, 0.13274548828601837, 0.1330446720123291, 0.13382912054657936, 0.1335662454366684, 0.1314406730234623, 0.1321150227026506, 0.13368798717856406, 0.13297049701213837, 0.13333985751325433, 0.13281414740615421, 0.13248670314039504, 0.1342671662569046, 0.13299704505049664, 0.13226629438854398, 0.13249890754620233, 0.1331845882691835, 0.13297229473079955, 0.13281130519780246, 0.13221762600270184, 0.13188193602995438, 0.13365361342827478, 0.13235310644939027, 0.13393069431185722, 0.13364176551500956, 0.13272576332092284, 0.1334715953895024, 0.13317796463767687, 0.13187605931478388, 0.1319270022213459, 0.13271815397522665, 0.13432647205061382, 0.1326845921576023, 0.1337422625376628, 0.1330922774293206, 0.13216577346126238, 0.13399312272667885, 0.13289269283413888, 0.1340780191951328, 0.1331824410174574, 0.13335703719745984, 0.13469411169781403, 0.13295720976132613, 0.13401797724266848, 0.13260918855667114, 0.13204076992613928, 0.13247278481721877, 0.1347159995482518, 0.1339680066234187, 0.13447222790934824, 0.13454304906454953, 0.13475322557820213, 0.1328681531879637, 0.13308295820440566, 0.13436968353661624, 0.13280905038118362, 0.1326831191778183, 0.13399085173240075, 0.13267159724936767, 0.13355118036270142, 0.13385971416445339, 0.13232473470270634, 0.13301894714434942, 0.13498019129037858, 0.13447276651859283, 0.13173158466815948, 0.13436712231487036, 0.1317671083268665, 0.13251747826443, 0.13171728670597077, 0.1335961331020702, 0.13264262332366064, 0.13196792950232825, 0.13380007765122823, 0.1356601188580195, 0.13147318092259494, 0.131344710290432, 0.13213049104580513, 0.133308669552207, 0.13256578960201956, 0.13320951705629175, 0.13217968425967477, 0.13203322589397432, 0.1329077184200287, 0.13192781392070982, 0.1318541711026972, 0.13247392123395746, 0.13290629707849944, 0.13221988330284754, 0.13235861750749442, 0.13397748470306398, 0.13175797164440156, 0.13243213891983033, 0.13344366351763406, 0.13390781989564066, 0.13336149275302886, 0.13290741443634033, 0.13329893776348659, 0.13272323933514682, 0.13260298346479735, 0.1328339328368505, 0.13283397257328033, 0.13319076191295276, 0.1325316663299288, 0.13290004432201385, 0.13275365200307634, 0.13281223121679053, 0.133172801562718, 0.13430795967578887, 0.13349159113292036, 0.13317222703010478, 0.1329219736482786, 0.13286899733874533, 0.13297077871504284, 0.1327764829620719, 0.13381380140781401, 0.1347898176083198, 0.1327653333544731, 0.13476406733194987, 0.13331339815083673, 0.1326937834764349, 0.13195910470353234, 0.13317155175738865, 0.13342742398381233, 0.13276391950520602, 0.1331248486583883, 0.1332589735587438, 0.13355053812265397, 0.13249084770679473, 0.13314515901239296, 0.1337857445081075, 0.13322593610395084, 0.13169713235563701, 0.1330005054066821, 0.13259991326115347, 0.1323153284879831, 0.13406274914741517, 0.13285817578434944, 0.1326527320421659, 0.13316598224143186, 0.13183998259214255, 0.13099337120850882, 0.13281184683243433, 0.13221085195740065, 0.13291781527154586, 0.1329055740074678, 0.13292778574902078, 0.13378507847135718, 0.133994565478393, 0.13260645223291298, 0.1329012824141461, 0.1324961025405813, 0.13269570573817852, 0.13299087208250296, 0.13143089413642883, 0.13344965544011858, 0.13201256261931527, 0.13312182778661902, 0.13325473914543787, 0.13285150130589804, 0.1331037191244272, 0.13290339211622873, 0.13228151947259903, 0.1336677395983746, 0.13407498896121978, 0.1325865952031953, 0.13088119447231292, 0.13254564069211483, 0.1325165796279907, 0.13307035410845722, 0.13357185274362565, 0.13314997255802155, 0.1327337807622449, 0.13364318211873372, 0.1329616450128101, 0.1336536244912581, 0.13265387820346014, 0.13404760675297844, 0.13262989033352246, 0.13204617500305177, 0.13469557870518079, 0.1333092510700226, 0.13368168207151548, 0.13066591984695858, 0.13241314362077153, 0.13280629143118858, 0.1323406994342804, 0.13358921844225663, 0.13387184718559528, 0.13330953229557385, 0.13223756505892828, 0.13268261348328939, 0.1329373476596979, 0.13291490590199828, 0.13227486610412598, 0.13334766268730164, 0.1328091894586881, 0.13248233497142792, 0.1327582665465095, 0.13279341906309128, 0.13315874993801116, 0.13311648617188135, 0.13335735883031571, 0.1318036623299122, 0.13217330425977708, 0.13376280268033344, 0.1342637146061117, 0.13200031491843137, 0.13316324217752976, 0.13371149789203296, 0.13325642102531024, 0.13292434926216418, 0.1328655303485932, 0.1332624852657318, 0.13376400470733643, 0.13363206386566162, 0.13406497736771902, 0.1327718640677631, 0.13360795937478542, 0.13231027711715018, 0.1342006653547287, 0.13333729826487029, 0.1338141499196782, 0.1324837042673214, 0.13267147913575172, 0.13199062113251006, 0.13328473155315107, 0.1330591556098726, 0.13349556028842927, 0.13319044050417447, 0.13262287474104337, 0.13301539527518408, 0.13322223284665277, 0.13256174491511452, 0.13342725485563278, 0.13351129591464997, 0.13343036621809007, 0.13363561756683118, 0.13348584001262984, 0.1328762107425266, 0.1328012834895741, 0.1331107323539668, 0.1329558238387108, 0.13305677260671342, 0.13337134463446482, 0.1328413873276812, 0.13254285341984517, 0.13212861239910126, 0.13390895600120226, 0.13286993900934854, 0.1337079033255577, 0.1334635822309388, 0.13486722409725188, 0.13290293018023172, 0.1330982574394771, 0.13334996849298478, 0.13161137451728186, 0.13306330957195975, 0.13302088832413708, 0.13350570464835448, 0.1328023695632031, 0.13403439657254654, 0.1333205744072243, 0.1337765097618103, 0.13231916104753813, 0.13199964272124426, 0.13323649828848633, 0.13298066407442094, 0.1332630951489721, 0.13237949970521426, 0.13366542535799522, 0.13413873811562857, 0.13315081130713224, 0.13237638473510743, 0.1329648017883301, 0.13343762945045123, 0.13326978877834653, 0.13221460192099863, 0.13365576021811543, 0.1320124452604967, 0.13245710879564285, 0.132811956680738, 0.1329433290908734, 0.13318162163098654, 0.13382259234786034, 0.13219356323991502, 0.1316913449101978, 0.13347385544329882, 0.13135906105691736, 0.13278752068678537, 0.13333769728030478, 0.13310000523924828, 0.13292157898346582, 0.13376143723726272, 0.13243982568383217, 0.1330971552857331, 0.13313338812440634, 0.1326619969172911, 0.13391428564985594, 0.13180844858288765, 0.13300832267850637, 0.13406626536295965, 0.1331889070570469, 0.13272028494822352, 0.13326838918221304, 0.1325248841728483, 0.13327257169617546, 0.1330682865033547, 0.13412433185360648, 0.13261959410232046, 0.1335009325009126, 0.13218369881312053, 0.133365242742002, 0.13267826288938522, 0.13295621424913406, 0.13195634881655374, 0.13297404270423085, 0.13245496193045064, 0.13260980867422545, 0.13336192816495895, 0.13292686641216278, 0.13365377698625838, 0.13331005236376886, 0.1320820336158459, 0.1330500500542777, 0.13290701912982122, 0.13325424606983477, 0.13200088458902695, 0.1323701933026314, 0.13256376946256274, 0.13387563625971477, 0.13283633922829347, 0.13375342593473546, 0.1333562054981788, 0.13421877887513903, 0.13356656630833943, 0.134183369576931, 0.1317581024609114, 0.13426467669861658, 0.13321630284190178, 0.1326629449339474, 0.13321571406863986, 0.132329455443791, 0.13382343477324435, 0.13199916779994963, 0.13239215090870857, 0.13248266763985156, 0.1330779254436493, 0.13328893184661866, 0.13450332392345776, 0.13221815466880799, 0.1333173154429956, 0.13219582587480544, 0.13295716047286987, 0.13259257240728897, 0.13268369187911352, 0.13342245750957066, 0.1328249474366506, 0.13255254924297333, 0.13335257497700778, 0.13264216482639313, 0.13263313770294188, 0.13226910375735976, 0.1326394123690469, 0.1324959264861213, 0.13353696997676576, 0.13455076077405145, 0.1337017834186554, 0.13232562633661124, 0.13232099860906602, 0.13274812605232, 0.13375086443764822, 0.13291841609911484, 0.13260877521141715, 0.1326280836806153, 0.1321170571304503, 0.13311459918816884, 0.1344460000594457, 0.13247462681361608, 0.1331629684815804, 0.1321293752301823, 0.13289599617322287, 0.13242484571842048, 0.13426391879717509, 0.13358927816152572, 0.133237224817276, 0.1337397228325567, 0.13269505336096413, 0.1322128710246855, 0.13259847611188888, 0.13375963947989725, 0.13318277185871488, 0.1332237273454666, 0.13240768692710184, 0.13247343053420385, 0.1337528857200042, 0.13361033499240876, 0.13343330295312972, 0.13317431012789407, 0.1318897261069371, 0.13294094800949097, 0.13284263213475545, 0.1329144122345107, 0.1338651180267334, 0.1327393800020218, 0.13265416939412394, 0.13246900127047584, 0.13289998074372608, 0.13312717188488354, 0.1325869026683992, 0.13340059574693441, 0.13346423208713531, 0.1326951694030028, 0.13360127363656019, 0.13300371542572975, 0.13317111786454916, 0.13243847168408907, 0.13441181076424463, 0.1327192419105106, 0.13293258739369257, 0.13211399192611376, 0.13269113139672714, 0.1325256652556933, 0.13304566442966462, 0.13271578898032507, 0.13334910571575165, 0.13352440545956293, 0.13287083307902017, 0.1338330019604076, 0.1349790245294571, 0.13219925625757736, 0.1340032044579001, 0.13486799895763396, 0.13355982303619385, 0.1324624389410019, 0.13369049231211344, 0.1332459331435316, 0.1339069614186883, 0.1322321340893254, 0.1335795894265175, 0.13162244179032065, 0.13361356194530213, 0.1335133768618107, 0.13279798859730363, 0.13309586686747416, 0.13333899403611818, 0.13244390156533983, 0.13193154470487076, 0.13303018361330032, 0.1328997552394867, 0.13469067513942717, 0.13296998120271242, 0.13353592654069266, 0.13334850470225015, 0.1326606458425522, 0.13282833755016327, 0.1342779088478822, 0.13334757365562297, 0.13209995792971718, 0.13334166597236286, 0.13353525549173356, 0.1320975437760353, 0.1334045948460698, 0.13341318940122923, 0.13352351149787073, 0.13246148308882347, 0.13337629233918538, 0.13351791564907348, 0.13329980274041495, 0.13219147423903146, 0.1324366293847561, 0.13225403252769918, 0.13329599912349993, 0.13265561132595458, 0.13238751104003504, 0.13270892078677812, 0.1335108715754289, 0.13377332454547286, 0.13304616773829742, 0.13333621055915437, 0.1334056481719017, 0.13314181330956912, 0.13314137251480765, 0.1321972500194203, 0.13386815312233838, 0.13337037861347198, 0.13272338098770864, 0.13242306991627342, 0.13236427699264727, 0.13343562970035955, 0.13227436175713173, 0.13297091126441957, 0.13298761418887547, 0.132616243014733, 0.13314281900723776, 0.13277659565210342, 0.13329909627254194, 0.13451370298862458, 0.1339643793180585, 0.13233281213503617, 0.13256542926484888, 0.13345496695150028, 0.13293391366799673, 0.1329400619635215, 0.13196720679601034, 0.1326406139593858, 0.13344097708133942, 0.1325650910536448, 0.13268924206495286, 0.1339468786662275, 0.13322395724909647, 0.1326057195663452, 0.1327272206544876, 0.13323331415653228, 0.13255545700138266, 0.1325517465238986, 0.1333523228764534, 0.13149144568226553, 0.1325437762798407, 0.13119535262768084, 0.13326294313777576, 0.13236317535241446, 0.1318661128481229, 0.13228295081191593, 0.13407433253747444, 0.13299838453531265, 0.13259023427963257, 0.13294258217016855, 0.13264082142939934, 0.1332200425011771, 0.13428798833718666, 0.13290782592126302, 0.1333134535587195, 0.13270641714334488, 0.13275119120424445, 0.132346663962711, 0.1342581918946019, 0.13245791251339564, 0.13253462314605713, 0.13390815456708272, 0.13287131428718568, 0.13329863353915836, 0.13390501624061948, 0.13314851224422455, 0.1324909489069666, 0.132663694024086, 0.1326057699819406, 0.13339059352874755, 0.13435420393943787, 0.13236697018146515, 0.13255488375822702, 0.13369278982281685, 0.13291631774468857, 0.13308788891191836, 0.13244875520467758, 0.13363392353057862, 0.13218836060592107, 0.13435831367969514, 0.13227462116628885, 0.13233218316374154, 0.13336018058988783, 0.134225671844823, 0.13385385667022906, 0.13318199813365936, 0.13233697414398193, 0.13426624467739692, 0.13253570050001146, 0.1317721612751484, 0.13365676800409954, 0.13302532003985512, 0.13265668442755035, 0.1331398689321109, 0.13172253593802452, 0.13198274832505447, 0.1348286975513805, 0.13369834766938135, 0.1334456308529927, 0.13335779160261155, 0.13195094300640953, 0.13239298429754046, 0.1323656396319469, 0.13344370666891336, 0.13158718324624574, 0.13333923501126907, 0.13234536515341866, 0.1337073901668191, 0.1325997533276677, 0.13316781712429865, 0.13287129482397667, 0.13196380300955338, 0.13283529546525744, 0.13315071591309138, 0.1337243106804396, 0.13231369853019714, 0.13425509048544843, 0.13298247202678962, 0.1331626966043755, 0.13241694867610931, 0.13329948828770563, 0.13345779061317445, 0.13267513846649842, 0.13272715210914612, 0.1330838891176077, 0.1333812067906062, 0.133081135504386, 0.132963228225708, 0.13300618827342986, 0.13275284658778796, 0.13283700309693813, 0.13231012708431966, 0.13359229639172554, 0.13253049179911613, 0.1346158276904713], 1: [0.13315353592236837, 0.13253031422694525, 0.1328191151842475, 0.1322504304922544, 0.13378854095935822, 0.13403374552726746, 0.13310078365935218, 0.1330681202503351, 0.13270890074116842, 0.13378169238567353, 0.13404531031847, 0.13252545023957887, 0.13262028034244264, 0.13336793734477118, 0.13316434290673998, 0.13360318938891094, 0.1327715238928795, 0.1319755039044789, 0.13298160433769227, 0.13367650806903839, 0.13208441165360538, 0.1335315869914161, 0.13178416002880444, 0.13158391186824211, 0.13351121951233258, 0.13258948624134065, 0.13304470135615423, 0.13410374522209167, 0.13197615200823004, 0.13296575166962363, 0.13366956040263175, 0.13331896202130752, 0.13207356135050455, 0.1322440979155627, 0.13244353930155436, 0.13259664703817928, 0.13331056634585062, 0.13391040536490353, 0.13390877842903137, 0.13243236343065898, 0.13374701142311096, 0.13359315557913345, 0.13195330649614334, 0.13171171844005586, 0.13257327303290367, 0.13301811087876558, 0.1336582519791343, 0.13265858963131905, 0.13327259421348572, 0.13300943250457445, 0.13293881714344025, 0.13240986030835372, 0.13289747673731583, 0.1320228414102034, 0.1333209380507469, 0.13165948092937468, 0.13224925266371834, 0.13209887932647357, 0.13487983781557816, 0.13312861936933854, 0.13402685435379252, 0.13341862765642312, 0.1338790349270168, 0.13214405519621714, 0.1314265623688698, 0.13346402211622757, 0.13354618576439944, 0.13165651376430804, 0.13379909719030061, 0.1328435130417347, 0.13293607036272684, 0.1332815196365118, 0.13313163923365728, 0.13333766907453537, 0.13088835962116718, 0.13327741324901582, 0.13303704330554375, 0.1332046076655388, 0.13049629479646682, 0.13269616121595557, 0.13320258855819703, 0.13278725246588388, 0.13290061801671982, 0.1340753585100174, 0.1314819414507259, 0.1327297283070428, 0.13208584735790888, 0.13288253545761108, 0.13405382768674332, 0.13349591408457076, 0.13325132264031303, 0.13192824748429385, 0.13267494489749274, 0.1341456100344658, 0.13415216033657393, 0.13293858468532563, 0.1332928010008552, 0.13343598761341788, 0.13179881464351306, 0.13316892262767344, 0.13341760138670603, 0.13287209471066794, 0.1336772732044521, 0.13140696585178374, 0.13133963818351427, 0.13373532742261887, 0.13419578281732705, 0.1333736559519401, 0.13395514445645468, 0.1335577993165879, 0.1326420083642006, 0.13393180469671886, 0.1334159504622221, 0.13190939525763193, 0.13323949691322115, 0.13235403055494482, 0.1346009774849965, 0.13272698720296225, 0.13264618175370352, 0.13284548503511093, 0.13211466454797322, 0.13300682604312897, 0.13251501321792603, 0.13376488536596298, 0.1348819692026485, 0.13403650576418097, 0.1324970990419388, 0.13245372015696305, 0.13207230303022596, 0.1335406128097983, 0.13242838137290058, 0.13244989017645517, 0.13340358206859002, 0.13322888179258865, 0.13364770263433456, 0.13217851370573044, 0.1328103611102471, 0.1328953579068184, 0.13234014643563163, 0.13245040277640024, 0.13556584268808364, 0.13322978948845582, 0.13317491279708016, 0.13272431628270584, 0.1321300587483815, 0.13254806978835, 0.1326184406876564, 0.1327642947435379, 0.13198866734379217, 0.13257049295035275, 0.1338591662545999, 0.13303165544163098, 0.13332275797923407, 0.13291893154382706, 0.13302067667245865, 0.13264640089538363, 0.13345044437381956, 0.13318018317222596, 0.1322341454880578, 0.13199240511113947, 0.1315239261497151, 0.13337728960646522, 0.13174350559711456, 0.13482964411377907, 0.13282622532411056, 0.13412581011652946, 0.13337055913039617, 0.13371237260954721, 0.13300126791000366, 0.13108331315657673, 0.13328428268432618, 0.1334159106016159, 0.13228510040789843, 0.132333026578029, 0.13371173224665903, 0.13331645413448936, 0.13209827137844904, 0.1344048105753385, 0.1322906270623207, 0.1325044886154287, 0.13251374129738128, 0.13291207452615103, 0.13263896566170913, 0.13366829603910446, 0.1330513134598732, 0.1336650135261672, 0.13236745446920395, 0.13293311595916749, 0.1335157508199865, 0.13319525346159936, 0.1334057938721445, 0.1331588312983513, 0.1326741013262007, 0.13242128863930702, 0.1330495998263359, 0.13262784779071807, 0.13306828122586012, 0.13374085859818893, 0.13166067323514394, 0.13343205054601034, 0.13266987827691165, 0.13370191057523093, 0.13319548964500427, 0.13166174590587615, 0.13250966204537284, 0.13208923135933123, 0.13277784455567598, 0.13395236838947644, 0.13369099253957922, 0.13368052045504253, 0.13386496630581943, 0.13205362459023792, 0.13200927206448146, 0.1332989971746098, 0.13415028806775808, 0.1326054587960243, 0.1327803000807762, 0.13287831346193948, 0.13331415571949698, 0.13219472056343443, 0.13389407911083914, 0.1336933985352516, 0.13310917168855668, 0.1339407427744432, 0.13281145962801846, 0.1314696143655216, 0.13258172944188118, 0.1330307349562645, 0.13397680670022966, 0.13309246301651, 0.13331795980532965, 0.13306726316610973, 0.13351361354192098, 0.1340307808584637, 0.13335729539394378, 0.1323264643549919, 0.13254428282380104, 0.13316615874117071, 0.1329005777835846, 0.1331966459751129, 0.13441032767295838, 0.13276993483304977, 0.1322706421980491, 0.13358619064092636, 0.13218513556889125, 0.13343538614836606, 0.13374915843208632, 0.13203842015493483, 0.1314364659289519, 0.13362719293902903, 0.13480319218202072, 0.13268077102574435, 0.13171859085559845, 0.1327637108889493, 0.1321636778967721, 0.1321142554283142, 0.1332835301756859, 0.1328548525388424, 0.1322712282339732, 0.1329596001993526, 0.1340038597583771, 0.1309528611600399, 0.1322656985786226, 0.13119251198238796, 0.13260823637247085, 0.13148933107202704, 0.1333816960453987, 0.13175901770591736, 0.1346451924605803, 0.13374276730147275, 0.13290086601461684, 0.13367800956422632, 0.13264614614573392, 0.13323744982481003, 0.1319540154475432, 0.13272966369986533, 0.13242468535900115, 0.1326613873243332, 0.13270703777670861, 0.13317720592021942, 0.13390996754169465, 0.13309058099985122, 0.1335240423679352, 0.13296794518828392, 0.13293519467115403, 0.13267048199971518, 0.1333143189549446, 0.131904730366336, 0.13274302780628205, 0.13397796993905847, 0.1328139016404748, 0.13374339739481608, 0.13409917598420923, 0.13294737637043, 0.1334175563284329, 0.13371334135532378, 0.13258090764284133, 0.13226214051246643, 0.13338723530371985, 0.13460075110197067, 0.13229666994168207, 0.1336180933497169, 0.1332696552077929, 0.13350724830077246, 0.1332200989127159, 0.13151283860206603, 0.13235665964228766, 0.13496128718058267, 0.1328391581773758, 0.1312848910689354, 0.13412056456912647, 0.13366251777518878, 0.13283410532908005, 0.13262731378728693, 0.13443483784794807, 0.13333169792009436, 0.1324818843603134, 0.133548202422949, 0.1327727809548378, 0.13301130533218383, 0.13201873275366696, 0.1318215005672895, 0.13339596851305527, 0.13366027264034047, 0.13435280323028564, 0.13300527185201644, 0.13342411377850702, 0.1329693900687354, 0.13286483173186964, 0.13275028900666672, 0.13510209818681082, 0.13370814706598008, 0.13304176181554794, 0.1336360438303514, 0.1325367517196215, 0.1329017453468763, 0.13281921510185515, 0.13265353670487037, 0.13352555888039724, 0.13328802012480223, 0.13284541395577518, 0.13361267745494843, 0.13282006680965425, 0.13381012325937097, 0.13373392143032767, 0.13310244040829794, 0.13242550736123865, 0.13314058699391104, 0.13368550091981887, 0.13216910849918018, 0.13501765280961991, 0.13329025581479073, 0.13393278568983077, 0.13304505348205567, 0.13134894669055938, 0.13287655037382376, 0.13301253070433935, 0.1325153241554896, 0.13218438281462744, 0.13216829033834593, 0.13307933633526167, 0.13396389076584264, 0.13239499777555466, 0.13406427029301138, 0.13235313892364503, 0.13283060987790427, 0.13370146022902596, 0.13287995484742252, 0.13286886281437343, 0.13424417990095475, 0.13299943777647885, 0.13166464534070757, 0.13269421051849017, 0.13438054670890173, 0.1329153191584807, 0.13252312441666922, 0.1338927075266838, 0.13254904250303903, 0.13262698325243863, 0.13209285140037536, 0.13153989017009735, 0.1316918298602104, 0.13230003118515016, 0.13326786905527116, 0.1327844277024269, 0.1339682936668396, 0.13115441650152207, 0.13262677463618192, 0.13147217983549292, 0.133608777821064, 0.1335978995669972, 0.13103655657984994, 0.13274882095200674, 0.13244581628929486, 0.13418212036291757, 0.1325292573733763, 0.13278044760227203, 0.13300278981526692, 0.132676030198733, 0.13385575115680695, 0.13289950639009476, 0.13271252562602362, 0.1328330010175705, 0.1324461797873179, 0.13285013220526956, 0.1328096262046269, 0.13256426751613617, 0.13208723664283753, 0.13418066772547635, 0.13270370975921028, 0.13318123668432236, 0.13170637054876846, 0.13283650896378926, 0.13375989397366841, 0.13365350539485613, 0.13374581862063634, 0.1318514461700733, 0.13400338270834514, 0.13306375660679556, 0.13251707702875137, 0.13434025794267654, 0.13260812380097128, 0.13347335837104105, 0.1324827286104361, 0.13288940082896838, 0.13480116562409836, 0.13410429656505585, 0.13310504611581564, 0.13457513451576233, 0.13378967940807343, 0.133632222811381, 0.13345805487849496, 0.13405659475496837, 0.13294329245885214, 0.13311779286180223, 0.13234191089868547, 0.1324567824602127, 0.13267046890475534, 0.13310069252144208, 0.13190786242485047, 0.1327392743392424, 0.13221426414591925, 0.13166804446114433, 0.13283107632940466, 0.13353621417825873, 0.13305483236908913, 0.1329497184072222, 0.13363142311573029, 0.13276846813304083, 0.13268913494216072, 0.13408873826265336, 0.13188947466286746, 0.13262894087367588, 0.13205437660217284, 0.1324631690979004, 0.1309257195546077, 0.13324242333571115, 0.1330740710099538, 0.133568513724539, 0.13239037543535231, 0.13376695490800417, 0.13357181740658625, 0.1322413429617882, 0.1323778278687421, 0.13367251182595888, 0.1325863003730774, 0.13167190328240394, 0.1324683407942454, 0.13341945295150465, 0.13242921398745644, 0.1337827845261647, 0.1324716421465079, 0.13321525426138014, 0.13265033438801765, 0.1337222714315761, 0.13284746557474136, 0.1335122898221016, 0.133215952445479, 0.13383328701768601, 0.13221353232860567, 0.13354557752609253, 0.13418820093978534, 0.1323052980005741, 0.13325381804915035, 0.13298334553837776, 0.1319147596756617, 0.13421656993719247, 0.13339597559892213, 0.133823270147497, 0.13133508265018462, 0.13369752913713456, 0.13306861072778703, 0.1345158815383911, 0.13216170939532193, 0.13370489125902002, 0.13396741615401375, 0.13428842555731535, 0.13297925591468812, 0.1332666707389495, 0.13483309580220115, 0.13329929587515918, 0.1338252963928076, 0.13354626568880948, 0.13345300972461702, 0.13307692724115708, 0.13283542394638062, 0.1322070969776674, 0.13291977913606734, 0.13258245587348938, 0.13306285813450813, 0.13215558803998506, 0.13242493306889253, 0.13148530572652817, 0.13357709348201752, 0.13204820603132247, 0.1344156754868371, 0.13395857065916061, 0.13333940235051242, 0.1334587499499321, 0.13152985605928633, 0.13409525553385418, 0.13371452291806538, 0.13331426909336677, 0.13280456960201265, 0.13289206027984618, 0.1321301540503135, 0.13348635218360208, 0.1326827791829904, 0.13505485518412155, 0.13232679489780874, 0.13205313185850778, 0.13185769319534302, 0.13314627652818506, 0.13287144101091794, 0.1333517823368311, 0.13253539577126502, 0.13335504796769884, 0.13270244679667734, 0.13297453025976816, 0.133774609728293, 0.1319806266289491, 0.1319507142672172, 0.13357495069503783, 0.13264564648270608, 0.13220087381509635, 0.1324852652847767, 0.13241955867180458, 0.13360435802202958, 0.13192232182392707, 0.1323091560602188, 0.1324610248208046, 0.13197786148105348, 0.13198066822120122, 0.13299935193438278, 0.13336143096288045, 0.13202502429485322, 0.13272322370455816, 0.13288448875149092, 0.1341101735830307, 0.13307176956108638, 0.13225943744182586, 0.13298975202170285, 0.13319278384248415, 0.13364674746990204, 0.13302133149570888, 0.13211675446767074, 0.13136179745197296, 0.1330224103652514, 0.13163625945647559, 0.1321583656328065, 0.13292363286018372, 0.13336692129572233, 0.1332577332854271, 0.13296824942032495, 0.13366412239916184, 0.13337310155232748, 0.13306300342082977, 0.13196201473474503, 0.13266539739237893, 0.13318700260586208, 0.13299787789583206, 0.13320517627631917, 0.1349410374056209, 0.13298757916147058, 0.13372323755174875, 0.13416573504606882, 0.13229104605588046, 0.13370213371056777, 0.1328457458452745, 0.13394030779600144, 0.1341615577538808, 0.13340628643830618, 0.1330219665542245, 0.13309615477919579, 0.1317618504166603, 0.1313985912129283, 0.13334867270553813, 0.13255431254704794, 0.13083375042135065, 0.13432946056127548, 0.13197546700636545, 0.13345901519060135, 0.13274296576326544, 0.1331508070230484, 0.13324917666614056, 0.13433146029710769, 0.13253763891183412, 0.13307661513487498, 0.13347502969778502, 0.13266822199026743, 0.13336574410398802, 0.13298218231648207, 0.1339314118027687, 0.13401147102316222, 0.13325713574886322, 0.13261875916611066, 0.13424167434374493, 0.13269991278648377, 0.13209365627595357, 0.13237184137105942, 0.13293129950761795, 0.1331449511150519, 0.13217919626656702, 0.13223745053013167, 0.1317833120172674, 0.13377634733915328, 0.1342410445213318, 0.13200266773884112, 0.13245876505970955, 0.1347199186682701, 0.13313142706950506, 0.13312082909620726, 0.1330161323914161, 0.13280243774255115, 0.13323954560539938, 0.132372415878556, 0.13360010493885388, 0.13200003570980495, 0.13476625250445473, 0.1327660558745265, 0.13209955181394303, 0.1345603181557222, 0.13508808761835098, 0.1306728392839432, 0.13416360020637513, 0.13272015073082663, 0.13429278135299683, 0.13308605551719666, 0.13174316783746085, 0.13202924095094204, 0.13388733963171642, 0.13382159049312273, 0.1329299082358678, 0.13541344404220582, 0.1322356233994166, 0.13238066028464923, 0.13157425278967078, 0.13239770247177643, 0.13326310068368913, 0.1335259422659874, 0.13252173752888388, 0.13309996681553976, 0.133406030635039, 0.1319526955485344, 0.13392834266026815, 0.13260293684222482, 0.1332725596924623, 0.13337073475122452, 0.13192442432045937, 0.13204339742660523, 0.13302329778671265, 0.13226357373324307, 0.1333221137523651, 0.13403485715389252, 0.13187941299243408, 0.13350387662649155, 0.13207670639861713, 0.13289161895712218, 0.13245393335819244, 0.13217859543286836, 0.13355930043118341, 0.1321264457973567, 0.1337289184331894, 0.13343367725610733, 0.1322081849763268, 0.13337238629659018, 0.132563763194614, 0.1324649319836968, 0.13209604918956758, 0.13160600799780625, 0.13347840173677963, 0.13174530416727065, 0.13315130655582136, 0.1319966028134028, 0.13291209787130356, 0.13238677557776957, 0.1311579793691635, 0.13309545980559456, 0.13321671728044748, 0.13319961130619049, 0.13453077524900436, 0.13372714983092415, 0.13302141427993774, 0.13253891766071318, 0.13255225934765555, 0.13325678624890067, 0.13332119435071946, 0.13425951451063156, 0.13242202997207642, 0.13310547631520492, 0.1338013857603073, 0.13286646455526352, 0.13266875296831132, 0.1329843288376218, 0.13232568030556044, 0.13247473402456802, 0.13287256977387837, 0.13380098071965305, 0.13334640736381212, 0.13257178557770594, 0.13265568017959595, 0.1320780258287083, 0.1330113261938095, 0.13139790139700236, 0.13390886783599854, 0.13318559825420379, 0.13283446596728432, 0.13278184618268693, 0.13316483696301779, 0.13378078151832928, 0.1339014687321403, 0.13233892768621444, 0.13354403991252184, 0.13254952182372412, 0.13259881192987616, 0.13420563340187072, 0.1338192576711828, 0.1335302796214819, 0.13305051159113646, 0.13263951366146406, 0.13366773817688227, 0.13250219821929932, 0.1328210011124611, 0.13262215663086285, 0.13208189074482238, 0.1321413815021515, 0.13280208706855773, 0.13184391409158708, 0.1338119743501439, 0.1328502520918846, 0.13261832209194407, 0.13412999212741852, 0.13360496941539976, 0.13228092743800238, 0.13275642154945266, 0.13244229927659035, 0.13315635831917033, 0.13419050797820092, 0.133464053273201, 0.13201092034578324, 0.13331386148929597, 0.13169547468423842, 0.1316646933555603, 0.13367693722248078, 0.13228329569101333, 0.13244987917797907, 0.13175025675445795, 0.13184190293153128, 0.13287993921683386, 0.13173798769712447, 0.13483559919728172, 0.1341635227203369, 0.13273043433825174, 0.13347780580321947, 0.13259459369712406, 0.13251439854502678, 0.13448928544918695, 0.1338030807673931, 0.13370522585782138, 0.13303673968595617, 0.13230448535510472, 0.13363837202390036, 0.13253843949900734, 0.13370898167292278, 0.13368869098750027, 0.13238089945581225, 0.1329520434141159, 0.13374983738450444, 0.1345621629765159, 0.13323060919841131, 0.13357638611513026, 0.1333112536292327, 0.1324991055510261, 0.1332146662932176, 0.13271623452504475, 0.13330089896917344, 0.13199630786072125, 0.13422692716121673, 0.13276422172784805, 0.13379053382769876, 0.1325473740696907, 0.13323852512985468, 0.13364980618158975, 0.13354521854357285, 0.13297951687127352, 0.13175908558898503, 0.13336793439728872, 0.13244929909706116, 0.1322311217134649, 0.13246563602896297, 0.13308423225368773, 0.13305719196796417, 0.1340632140636444, 0.13405418666926297, 0.1320075975223021, 0.13449378460645675, 0.13232442507377037, 0.13301799378611825, 0.1330083585702456, 0.133109105581587, 0.13184705525636672, 0.133219043413798, 0.132735784758221, 0.1328445091843605, 0.1319100961089134, 0.13268813916615077, 0.1335351457198461, 0.13198554813861846, 0.13375350932280222, 0.13113796710968018, 0.13198027710119883, 0.13350124061107635, 0.133834108710289, 0.13318410907921038, 0.13255427446630266, 0.1330736130475998, 0.1342445152501265, 0.13221357213823418, 0.13246160596609116, 0.13519251719117165, 0.13416484826140934, 0.1317936568097635, 0.1334391845898195, 0.13265184462070465, 0.1336900575293435, 0.13293072900601796, 0.1325689052993601, 0.1335680236419042, 0.13275979778596333, 0.13252154390017193, 0.13254969395123994, 0.13376806037766592, 0.1331059390848333, 0.1327596970579841, 0.13400245904922486, 0.13217109441757202, 0.13395234536040912, 0.13206679839640856, 0.13235882331024518, 0.13311279192566872, 0.1343803827961286, 0.13372848715100968, 0.13275234484010273, 0.13427261435068572, 0.1332395188510418, 0.13342564495710227, 0.1334587000310421, 0.1332824592563239, 0.13392599523067475, 0.13217340575324166, 0.132123124870387, 0.1327313081576274, 0.13304555337680013, 0.13391052186489105, 0.13259237706661225, 0.1339225187897682, 0.13310799251000086, 0.13282196074724198, 0.1337323546409607, 0.1329511466125647, 0.13310810016549152, 0.13160144372118843, 0.13189354674382645, 0.13247734308242798, 0.13162584900856017, 0.13378656572765774, 0.13180617292722066, 0.1326912800470988, 0.13257781664530435, 0.13262057801087698, 0.13378649652004243, 0.13258707895874977, 0.13261433852755505, 0.13378779183734546, 0.13343555160931178, 0.13404721157117325, 0.13335533981973474, 0.13489033579826354, 0.13359204466853822, 0.13329962268471718, 0.13328123092651367, 0.13299588238199553, 0.13250082460316745, 0.1324751087847878, 0.13331735134124756, 0.13290101425214249, 0.13046985036796993, 0.13320339602582595, 0.1314452663064003, 0.13259528701504072, 0.13313111662864685, 0.1346280410885811, 0.13250378668308258, 0.1336232304573059, 0.13277483121915298, 0.1336227229663304, 0.13359807059168816, 0.13262478058988397, 0.1320822348197301, 0.1322833802551031, 0.1327063956043937, 0.13322797566652297, 0.13186116374674298, 0.13303545862436295, 0.13276679813861847, 0.13250257616693323, 0.1332007497549057, 0.13228845099608103, 0.1327864701549212, 0.13200955634767358, 0.13349731415510177, 0.1313491627573967, 0.1331434272802793, 0.1322272972514232, 0.13308544863354077, 0.13308271765708923, 0.13293964628662383, 0.13261235505342484, 0.13332038124402365, 0.13252985775470733, 0.1345649305731058, 0.13138321538766226, 0.13262290288420284, 0.13209029369884068, 0.1329097364630018, 0.1326719641685486, 0.13333258479833604, 0.13287952666481337, 0.1335030160844326, 0.13368417024612428, 0.1331098457941642, 0.1314888507127762, 0.1336787386852152, 0.131970853489988, 0.1329346001148224, 0.1333398073911667, 0.13290967643260956, 0.13259777228037517, 0.13270397153165606, 0.13324836641550064, 0.1329091414809227, 0.13185856059977882, 0.13267484472857582, 0.13455235695137696, 0.13265539968714996, 0.13159134984016418, 0.1342215578664433, 0.13269815345605215, 0.1326559789478779, 0.13316356083926031, 0.13387186527252198, 0.1322725157846104, 0.13357607207515024, 0.13261031891618455, 0.13362262944380443, 0.13170568530376142, 0.13259013990561166, 0.13358873377243677, 0.1324571685658561, 0.13383253291249275, 0.1332203877322814, 0.13378176518848964, 0.13350529140896267, 0.13291178111519134, 0.13303823195970976, 0.1338941884391448, 0.13283064388311827, 0.1323082111775875, 0.13332398566934797, 0.13381534127088693, 0.13249963521957397, 0.13384434423948588, 0.13323571704901183, 0.13201981144292013, 0.13306855658690134, 0.13413999516230363, 0.1323854164643721, 0.13292005929079923]}