('OC-FakeDect1 (Trained on AVG Dataset)  \nTested on AVG FaceSwap Dataset  \nRunning Average Evaluation', 'OC-FakeDect1_AVG', 'AVG', 'OC-FakeDect1_AVG_raeonFSavg')
auroc=0.5167156502571638
f1=0.4489428699955016
prec=0.4073469387755102
recall=0.5

fpr=[0.0, 0.5, 1.0]

tpr=[0.0, 0.5334313005143277, 1.0]

y_true=[0, 0, 0, 0, 0, 0, 0, 0, 0, 0, 0, 0, 0, 0, 0, 0, 0, 0, 0, 0, 0, 0, 0, 0, 0, 0, 0, 0, 0, 0, 0, 0, 0, 0, 0, 0, 0, 0, 0, 0, 0, 0, 0, 0, 0, 0, 0, 0, 0, 0, 0, 0, 0, 0, 0, 0, 0, 0, 0, 0, 0, 0, 0, 0, 0, 0, 0, 0, 0, 0, 0, 0, 0, 0, 0, 0, 0, 0, 0, 0, 0, 0, 0, 0, 0, 0, 0, 0, 0, 0, 0, 0, 0, 0, 0, 0, 0, 0, 0, 0, 0, 0, 0, 0, 0, 0, 0, 0, 0, 0, 0, 0, 0, 0, 0, 0, 0, 0, 0, 0, 0, 0, 0, 0, 0, 0, 0, 0, 0, 0, 0, 0, 0, 0, 0, 0, 0, 0, 0, 0, 0, 0, 0, 0, 0, 0, 0, 0, 0, 0, 0, 0, 0, 0, 0, 0, 0, 0, 0, 0, 0, 0, 0, 0, 0, 0, 0, 0, 0, 0, 0, 0, 0, 0, 0, 0, 0, 0, 0, 0, 0, 0, 0, 0, 0, 0, 0, 0, 0, 0, 0, 0, 0, 0, 0, 0, 0, 0, 0, 0, 0, 0, 0, 0, 0, 0, 0, 0, 0, 0, 0, 0, 0, 0, 0, 0, 0, 0, 0, 0, 0, 0, 0, 0, 0, 0, 0, 0, 0, 0, 0, 0, 0, 0, 0, 0, 0, 0, 0, 0, 0, 0, 0, 0, 0, 0, 0, 0, 0, 0, 0, 0, 0, 0, 0, 0, 0, 0, 0, 0, 0, 0, 0, 0, 0, 0, 0, 0, 0, 0, 0, 0, 0, 0, 0, 0, 0, 0, 0, 0, 0, 0, 0, 0, 0, 0, 0, 0, 0, 0, 0, 0, 0, 0, 0, 0, 0, 0, 0, 0, 0, 0, 0, 0, 0, 0, 0, 0, 0, 0, 0, 0, 0, 0, 0, 0, 0, 0, 0, 0, 0, 0, 0, 0, 0, 0, 0, 0, 0, 0, 0, 0, 0, 0, 0, 0, 0, 0, 0, 0, 0, 0, 0, 0, 0, 0, 0, 0, 0, 0, 0, 0, 0, 0, 0, 0, 0, 0, 0, 0, 0, 0, 0, 0, 0, 0, 0, 0, 0, 0, 0, 0, 0, 0, 0, 0, 0, 0, 0, 0, 0, 0, 0, 0, 0, 0, 0, 0, 0, 0, 0, 0, 0, 0, 0, 0, 0, 0, 0, 0, 0, 0, 0, 0, 0, 0, 0, 0, 0, 0, 0, 0, 0, 0, 0, 0, 0, 0, 0, 0, 0, 0, 0, 0, 0, 0, 0, 0, 0, 0, 0, 0, 0, 0, 0, 0, 0, 0, 0, 0, 0, 0, 0, 0, 0, 0, 0, 0, 0, 0, 0, 0, 0, 0, 0, 0, 0, 0, 0, 0, 0, 0, 0, 0, 0, 0, 0, 0, 0, 0, 0, 0, 0, 0, 0, 0, 0, 0, 0, 0, 0, 0, 0, 0, 0, 0, 0, 0, 0, 0, 0, 0, 0, 0, 0, 0, 0, 0, 0, 0, 0, 0, 0, 0, 0, 0, 0, 0, 0, 0, 0, 0, 0, 0, 0, 0, 0, 0, 0, 0, 0, 0, 0, 0, 0, 0, 0, 0, 0, 0, 0, 0, 0, 0, 0, 0, 0, 0, 0, 0, 0, 0, 0, 0, 0, 0, 0, 0, 0, 0, 0, 0, 0, 0, 0, 0, 0, 0, 0, 0, 0, 0, 0, 0, 0, 0, 0, 0, 0, 0, 0, 0, 0, 0, 0, 0, 0, 0, 0, 0, 0, 0, 0, 0, 0, 0, 0, 0, 0, 0, 0, 0, 0, 0, 0, 0, 0, 0, 0, 0, 0, 0, 0, 0, 0, 0, 0, 0, 0, 0, 0, 0, 0, 0, 0, 0, 0, 0, 0, 0, 0, 0, 0, 0, 0, 0, 0, 0, 0, 0, 0, 0, 0, 0, 0, 0, 0, 0, 0, 0, 0, 0, 0, 0, 0, 0, 0, 0, 0, 0, 0, 0, 0, 0, 0, 0, 0, 0, 0, 0, 0, 0, 0, 0, 0, 0, 0, 0, 0, 0, 0, 0, 0, 0, 0, 0, 0, 0, 0, 0, 0, 0, 0, 0, 0, 0, 0, 0, 0, 0, 0, 0, 0, 0, 0, 0, 0, 0, 0, 0, 0, 0, 0, 0, 0, 0, 0, 0, 0, 0, 0, 0, 0, 0, 0, 0, 0, 0, 0, 0, 0, 0, 0, 0, 0, 0, 0, 0, 0, 0, 0, 0, 0, 0, 0, 0, 0, 0, 0, 0, 0, 0, 0, 0, 0, 0, 0, 0, 0, 0, 0, 0, 0, 0, 0, 0, 0, 0, 0, 0, 0, 0, 0, 0, 0, 0, 0, 0, 0, 0, 0, 0, 0, 0, 0, 0, 0, 0, 0, 0, 0, 0, 0, 0, 0, 0, 0, 0, 0, 0, 0, 0, 0, 0, 0, 0, 0, 0, 0, 0, 0, 0, 0, 0, 0, 0, 0, 0, 0, 0, 0, 0, 0, 0, 0, 0, 0, 0, 0, 0, 0, 0, 0, 0, 0, 0, 0, 0, 0, 0, 0, 0, 0, 0, 0, 0, 0, 0, 0, 0, 0, 0, 0, 0, 0, 0, 0, 0, 0, 0, 0, 0, 0, 0, 0, 0, 0, 0, 0, 0, 0, 0, 0, 0, 0, 0, 0, 0, 0, 0, 0, 0, 0, 0, 0, 0, 0, 0, 0, 0, 0, 0, 0, 0, 0, 0, 0, 0, 0, 0, 0, 0, 0, 0, 0, 0, 0, 0, 0, 0, 0, 0, 0, 0, 0, 0, 0, 0, 0, 0, 0, 0, 0, 0, 0, 0, 0, 0, 0, 0, 0, 0, 0, 0, 0, 0, 0, 0, 0, 0, 0, 0, 0, 0, 0, 0, 0, 0, 0, 0, 0, 0, 0, 0, 0, 0, 0, 0, 0, 0, 0, 0, 0, 0, 0, 0, 0, 0, 0, 0, 0, 0, 0, 0, 0, 0, 0, 0, 0, 0, 0, 0, 0, 0, 0, 0, 0, 0, 0, 0, 0, 0, 0, 0, 0, 0, 0, 0, 0, 0, 0, 0, 0, 0, 0, 0, 0, 0, 0, 0, 0, 0, 0, 0, 0, 0, 0, 0, 0, 0, 0, 0, 0, 0, 0, 0, 0, 0, 0, 0, 0, 0, 0, 0, 0, 0, 0, 0, 0, 0, 0, 0, 0, 0, 0, 0, 0, 0, 0, 0, 0, 0, 0, 0, 0, 0, 0, 0, 0, 0, 0, 0, 0, 0, 0, 0, 0, 0, 0, 0, 0, 0, 0, 0, 0, 0, 0, 0, 0, 0, 0, 0, 0, 0, 0, 0, 0, 0, 0, 0, 0, 0, 0, 0, 0, 0, 0, 0, 0, 0, 0, 0, 0, 0, 0, 0, 0, 0, 0, 0, 0, 0, 0, 0, 0, 0, 0, 0, 0, 0, 0, 0, 0, 0, 0, 0, 0, 0, 0, 0, 0, 0, 0, 0, 0, 0, 0, 0, 0, 0, 0, 0, 0, 0, 0, 0, 0, 0, 0, 0, 0, 0, 0, 0, 0, 0, 0, 0, 0, 0, 0, 0, 0, 0, 0, 0, 0, 0, 0, 0, 0, 0, 0, 0, 0, 0, 0, 0, 0, 0, 0, 0, 0, 0, 0, 0, 0, 0, 0, 0, 0, 0, 0, 0, 0, 0, 0, 0, 0, 0, 0, 0, 0, 0, 0, 0, 0, 0, 0, 0, 0, 0, 0, 0, 0, 0, 0, 0, 0, 0, 0, 0, 0, 0, 0, 0, 0, 0, 0, 0, 0, 0, 0, 0, 0, 0, 0, 0, 0, 0, 0, 0, 0, 0, 0, 0, 0, 0, 0, 0, 0, 0, 0, 0, 0, 0, 0, 0, 0, 0, 0, 0, 0, 0, 0, 0, 0, 0, 0, 0, 0, 0, 0, 0, 0, 0, 0, 0, 0, 0, 0, 0, 0, 0, 0, 0, 0, 0, 0, 0, 0, 0, 0, 0, 0, 0, 0, 0, 0, 0, 0, 0, 0, 0, 0, 0, 0, 0, 0, 0, 0, 0, 0, 0, 0, 0, 0, 0, 0, 0, 0, 0, 0, 0, 0, 0, 0, 0, 0, 0, 0, 0, 0, 0, 0, 0, 0, 0, 0, 0, 0, 0, 0, 0, 0, 0, 0, 0, 0, 0, 0, 0, 0, 0, 0, 0, 0, 0, 0, 0, 0, 0, 0, 0, 0, 0, 0, 0, 0, 0, 0, 1, 1, 1, 1, 1, 1, 1, 1, 1, 1, 1, 1, 1, 1, 1, 1, 1, 1, 1, 1, 1, 1, 1, 1, 1, 1, 1, 1, 1, 1, 1, 1, 1, 1, 1, 1, 1, 1, 1, 1, 1, 1, 1, 1, 1, 1, 1, 1, 1, 1, 1, 1, 1, 1, 1, 1, 1, 1, 1, 1, 1, 1, 1, 1, 1, 1, 1, 1, 1, 1, 1, 1, 1, 1, 1, 1, 1, 1, 1, 1, 1, 1, 1, 1, 1, 1, 1, 1, 1, 1, 1, 1, 1, 1, 1, 1, 1, 1, 1, 1, 1, 1, 1, 1, 1, 1, 1, 1, 1, 1, 1, 1, 1, 1, 1, 1, 1, 1, 1, 1, 1, 1, 1, 1, 1, 1, 1, 1, 1, 1, 1, 1, 1, 1, 1, 1, 1, 1, 1, 1, 1, 1, 1, 1, 1, 1, 1, 1, 1, 1, 1, 1, 1, 1, 1, 1, 1, 1, 1, 1, 1, 1, 1, 1, 1, 1, 1, 1, 1, 1, 1, 1, 1, 1, 1, 1, 1, 1, 1, 1, 1, 1, 1, 1, 1, 1, 1, 1, 1, 1, 1, 1, 1, 1, 1, 1, 1, 1, 1, 1, 1, 1, 1, 1, 1, 1, 1, 1, 1, 1, 1, 1, 1, 1, 1, 1, 1, 1, 1, 1, 1, 1, 1, 1, 1, 1, 1, 1, 1, 1, 1, 1, 1, 1, 1, 1, 1, 1, 1, 1, 1, 1, 1, 1, 1, 1, 1, 1, 1, 1, 1, 1, 1, 1, 1, 1, 1, 1, 1, 1, 1, 1, 1, 1, 1, 1, 1, 1, 1, 1, 1, 1, 1, 1, 1, 1, 1, 1, 1, 1, 1, 1, 1, 1, 1, 1, 1, 1, 1, 1, 1, 1, 1, 1, 1, 1, 1, 1, 1, 1, 1, 1, 1, 1, 1, 1, 1, 1, 1, 1, 1, 1, 1, 1, 1, 1, 1, 1, 1, 1, 1, 1, 1, 1, 1, 1, 1, 1, 1, 1, 1, 1, 1, 1, 1, 1, 1, 1, 1, 1, 1, 1, 1, 1, 1, 1, 1, 1, 1, 1, 1, 1, 1, 1, 1, 1, 1, 1, 1, 1, 1, 1, 1, 1, 1, 1, 1, 1, 1, 1, 1, 1, 1, 1, 1, 1, 1, 1, 1, 1, 1, 1, 1, 1, 1, 1, 1, 1, 1, 1, 1, 1, 1, 1, 1, 1, 1, 1, 1, 1, 1, 1, 1, 1, 1, 1, 1, 1, 1, 1, 1, 1, 1, 1, 1, 1, 1, 1, 1, 1, 1, 1, 1, 1, 1, 1, 1, 1, 1, 1, 1, 1, 1, 1, 1, 1, 1, 1, 1, 1, 1, 1, 1, 1, 1, 1, 1, 1, 1, 1, 1, 1, 1, 1, 1, 1, 1, 1, 1, 1, 1, 1, 1, 1, 1, 1, 1, 1, 1, 1, 1, 1, 1, 1, 1, 1, 1, 1, 1, 1, 1, 1, 1, 1, 1, 1, 1, 1, 1, 1, 1, 1, 1, 1, 1, 1, 1, 1, 1, 1, 1, 1, 1, 1, 1, 1, 1, 1, 1, 1, 1, 1, 1, 1, 1, 1, 1, 1, 1, 1, 1, 1, 1, 1, 1, 1, 1, 1, 1, 1, 1, 1, 1, 1, 1, 1, 1, 1, 1, 1, 1, 1, 1, 1, 1, 1, 1, 1, 1, 1, 1, 1, 1, 1, 1, 1, 1, 1, 1, 1, 1, 1, 1, 1, 1, 1, 1, 1, 1, 1, 1, 1, 1, 1, 1, 1, 1, 1, 1, 1, 1, 1, 1, 1, 1, 1, 1, 1, 1, 1, 1, 1, 1, 1, 1, 1, 1, 1, 1, 1, 1, 1, 1, 1, 1, 1, 1, 1, 1, 1, 1, 1, 1, 1, 1, 1, 1, 1, 1, 1, 1, 1, 1, 1, 1, 1, 1, 1, 1, 1, 1, 1, 1, 1, 1, 1, 1, 1, 1, 1, 1, 1, 1, 1, 1, 1, 1, 1, 1, 1, 1, 1, 1, 1, 1, 1, 1, 1, 1, 1, 1, 1, 1, 1, 1, 1, 1, 1, 1, 1, 1, 1, 1, 1, 1, 1, 1, 1, 1, 1, 1, 1, 1, 1, 1, 1, 1, 1, 1, 1, 1, 1, 1, 1, 1, 1, 1, 1, 1, 1, 1, 1, 1, 1, 1, 1, 1, 1, 1, 1, 1, 1, 1, 1, 1, 1, 1, 1, 1, 1, 1, 1, 1, 1, 1, 1, 1, 1, 1, 1, 1, 1, 1, 1, 1, 1, 1, 1, 1, 1, 1, 1, 1, 1, 1, 1, 1, 1, 1, 1, 1, 1, 1, 1, 1, 1, 1, 1, 1, 1, 1, 1, 1, 1, 1, 1, 1, 1, 1, 1, 1, 1, 1, 1, 1, 1, 1, 1, 1, 1, 1, 1, 1, 1, 1, 1, 1, 1, 1, 1, 1, 1, 1, 1, 1, 1, 1, 1, 1, 1, 1, 1, 1, 1, 1, 1, 1, 1, 1, 1, 1, 1, 1, 1, 1, 1, 1, 1, 1, 1, 1, 1, 1, 1, 1, 1, 1, 1, 1, 1, 1, 1, 1, 1, 1, 1, 1, 1, 1, 1, 1, 1, 1, 1, 1, 1, 1, 1, 1, 1, 1, 1, 1, 1, 1, 1, 1, 1, 1, 1, 1, 1, 1, 1, 1, 1, 1, 1, 1, 1, 1, 1, 1, 1, 1, 1, 1, 1, 1, 1, 1, 1, 1, 1, 1, 1, 1, 1, 1, 1, 1, 1, 1, 1, 1, 1, 1, 1, 1, 1, 1, 1, 1, 1, 1, 1, 1, 1, 1, 1, 1, 1, 1, 1, 1, 1, 1, 1, 1, 1, 1, 1, 1, 1, 1, 1, 1, 1, 1, 1, 1, 1, 1, 1, 1, 1, 1, 1, 1, 1, 1, 1, 1, 1, 1, 1, 1, 1, 1, 1, 1, 1, 1, 1, 1, 1, 1, 1, 1, 1, 1, 1, 1, 1, 1, 1, 1, 1, 1, 1, 1, 1, 1, 1, 1, 1, 1, 1, 1, 1, 1, 1, 1, 1, 1, 1, 1, 1, 1, 1, 1, 1, 1, 1, 1, 1, 1, 1]

y_pred=[0.0, 0.0, 1.0, 0.0, 1.0, 0.0, 1.0, 0.0, 1.0, 0.0, 1.0, 1.0, 0.0, 1.0, 0.0, 1.0, 1.0, 0.0, 0.0, 0.0, 0.0, 1.0, 1.0, 1.0, 1.0, 1.0, 1.0, 1.0, 0.0, 0.0, 1.0, 0.0, 1.0, 1.0, 0.0, 1.0, 0.0, 0.0, 0.0, 0.0, 0.0, 1.0, 1.0, 1.0, 1.0, 0.0, 1.0, 1.0, 0.0, 0.0, 0.0, 1.0, 0.0, 1.0, 0.0, 1.0, 1.0, 0.0, 0.0, 1.0, 1.0, 0.0, 1.0, 0.0, 1.0, 1.0, 0.0, 0.0, 0.0, 1.0, 1.0, 1.0, 1.0, 1.0, 1.0, 1.0, 1.0, 0.0, 0.0, 1.0, 1.0, 0.0, 0.0, 0.0, 0.0, 1.0, 0.0, 1.0, 0.0, 0.0, 1.0, 1.0, 1.0, 1.0, 1.0, 0.0, 0.0, 0.0, 1.0, 0.0, 0.0, 0.0, 0.0, 1.0, 1.0, 1.0, 0.0, 1.0, 1.0, 0.0, 0.0, 1.0, 0.0, 1.0, 0.0, 0.0, 1.0, 0.0, 1.0, 1.0, 0.0, 1.0, 1.0, 1.0, 0.0, 1.0, 1.0, 0.0, 1.0, 0.0, 0.0, 0.0, 1.0, 1.0, 0.0, 1.0, 0.0, 1.0, 1.0, 1.0, 0.0, 0.0, 0.0, 1.0, 0.0, 1.0, 0.0, 0.0, 0.0, 1.0, 0.0, 1.0, 0.0, 1.0, 1.0, 0.0, 0.0, 0.0, 0.0, 0.0, 0.0, 0.0, 1.0, 1.0, 0.0, 0.0, 0.0, 1.0, 0.0, 1.0, 0.0, 1.0, 0.0, 0.0, 1.0, 0.0, 1.0, 1.0, 0.0, 1.0, 1.0, 1.0, 1.0, 1.0, 0.0, 0.0, 1.0, 0.0, 1.0, 1.0, 0.0, 1.0, 0.0, 1.0, 1.0, 1.0, 0.0, 0.0, 0.0, 1.0, 1.0, 0.0, 0.0, 1.0, 1.0, 1.0, 0.0, 0.0, 0.0, 0.0, 1.0, 1.0, 0.0, 0.0, 1.0, 0.0, 0.0, 0.0, 0.0, 1.0, 1.0, 0.0, 1.0, 1.0, 0.0, 0.0, 0.0, 1.0, 1.0, 0.0, 0.0, 0.0, 0.0, 0.0, 1.0, 1.0, 1.0, 1.0, 1.0, 0.0, 0.0, 1.0, 0.0, 0.0, 0.0, 0.0, 0.0, 1.0, 1.0, 0.0, 0.0, 0.0, 1.0, 0.0, 1.0, 1.0, 1.0, 1.0, 0.0, 0.0, 0.0, 1.0, 1.0, 1.0, 1.0, 0.0, 0.0, 0.0, 1.0, 0.0, 1.0, 1.0, 1.0, 0.0, 0.0, 1.0, 0.0, 0.0, 1.0, 0.0, 1.0, 0.0, 0.0, 1.0, 1.0, 0.0, 0.0, 0.0, 0.0, 1.0, 0.0, 0.0, 1.0, 0.0, 0.0, 0.0, 1.0, 0.0, 0.0, 0.0, 1.0, 0.0, 1.0, 1.0, 0.0, 0.0, 1.0, 1.0, 0.0, 1.0, 1.0, 0.0, 1.0, 1.0, 0.0, 0.0, 0.0, 1.0, 1.0, 1.0, 0.0, 0.0, 0.0, 1.0, 1.0, 1.0, 1.0, 1.0, 0.0, 1.0, 0.0, 0.0, 1.0, 1.0, 0.0, 0.0, 0.0, 1.0, 0.0, 0.0, 1.0, 0.0, 1.0, 1.0, 0.0, 0.0, 0.0, 0.0, 0.0, 1.0, 0.0, 0.0, 0.0, 1.0, 0.0, 1.0, 1.0, 0.0, 0.0, 0.0, 0.0, 1.0, 1.0, 1.0, 0.0, 1.0, 0.0, 0.0, 0.0, 1.0, 1.0, 1.0, 1.0, 1.0, 1.0, 0.0, 0.0, 0.0, 1.0, 1.0, 0.0, 1.0, 0.0, 0.0, 1.0, 1.0, 1.0, 0.0, 0.0, 0.0, 0.0, 0.0, 0.0, 1.0, 1.0, 1.0, 0.0, 1.0, 1.0, 0.0, 0.0, 1.0, 1.0, 0.0, 0.0, 0.0, 1.0, 0.0, 0.0, 1.0, 0.0, 1.0, 0.0, 0.0, 1.0, 0.0, 0.0, 1.0, 0.0, 0.0, 0.0, 0.0, 0.0, 0.0, 0.0, 1.0, 1.0, 0.0, 1.0, 0.0, 0.0, 0.0, 1.0, 0.0, 1.0, 0.0, 1.0, 0.0, 0.0, 1.0, 1.0, 0.0, 0.0, 1.0, 1.0, 0.0, 0.0, 0.0, 0.0, 0.0, 0.0, 0.0, 0.0, 0.0, 1.0, 0.0, 0.0, 0.0, 1.0, 1.0, 0.0, 1.0, 0.0, 1.0, 1.0, 1.0, 1.0, 1.0, 0.0, 0.0, 0.0, 0.0, 1.0, 1.0, 0.0, 0.0, 0.0, 1.0, 1.0, 0.0, 1.0, 0.0, 1.0, 0.0, 0.0, 1.0, 1.0, 0.0, 1.0, 1.0, 0.0, 0.0, 0.0, 0.0, 0.0, 1.0, 1.0, 1.0, 0.0, 0.0, 0.0, 0.0, 0.0, 1.0, 0.0, 0.0, 1.0, 0.0, 0.0, 0.0, 0.0, 0.0, 1.0, 1.0, 1.0, 1.0, 1.0, 1.0, 0.0, 0.0, 0.0, 1.0, 1.0, 0.0, 0.0, 0.0, 0.0, 1.0, 0.0, 0.0, 1.0, 0.0, 0.0, 0.0, 1.0, 1.0, 0.0, 0.0, 1.0, 0.0, 0.0, 0.0, 0.0, 0.0, 1.0, 1.0, 1.0, 0.0, 1.0, 0.0, 0.0, 1.0, 0.0, 0.0, 1.0, 1.0, 0.0, 0.0, 0.0, 0.0, 0.0, 1.0, 1.0, 0.0, 1.0, 0.0, 0.0, 1.0, 1.0, 0.0, 0.0, 1.0, 0.0, 1.0, 1.0, 0.0, 0.0, 0.0, 0.0, 0.0, 0.0, 0.0, 1.0, 0.0, 0.0, 0.0, 1.0, 0.0, 0.0, 0.0, 0.0, 1.0, 0.0, 0.0, 0.0, 1.0, 1.0, 0.0, 0.0, 0.0, 1.0, 0.0, 0.0, 0.0, 1.0, 0.0, 0.0, 1.0, 1.0, 0.0, 0.0, 1.0, 0.0, 1.0, 1.0, 1.0, 0.0, 1.0, 0.0, 0.0, 0.0, 1.0, 1.0, 1.0, 1.0, 1.0, 0.0, 0.0, 0.0, 1.0, 0.0, 0.0, 0.0, 1.0, 0.0, 0.0, 0.0, 1.0, 0.0, 1.0, 1.0, 0.0, 0.0, 0.0, 0.0, 0.0, 0.0, 0.0, 0.0, 0.0, 1.0, 0.0, 1.0, 0.0, 0.0, 0.0, 1.0, 1.0, 1.0, 0.0, 0.0, 0.0, 1.0, 1.0, 0.0, 1.0, 1.0, 1.0, 1.0, 0.0, 0.0, 0.0, 0.0, 0.0, 0.0, 0.0, 1.0, 0.0, 1.0, 0.0, 1.0, 1.0, 0.0, 1.0, 1.0, 1.0, 0.0, 0.0, 0.0, 0.0, 0.0, 1.0, 1.0, 0.0, 0.0, 1.0, 1.0, 0.0, 0.0, 0.0, 0.0, 1.0, 0.0, 0.0, 0.0, 0.0, 1.0, 1.0, 1.0, 1.0, 1.0, 1.0, 1.0, 0.0, 0.0, 0.0, 0.0, 1.0, 0.0, 0.0, 1.0, 1.0, 0.0, 1.0, 0.0, 0.0, 0.0, 1.0, 0.0, 0.0, 0.0, 0.0, 0.0, 0.0, 0.0, 0.0, 1.0, 0.0, 1.0, 0.0, 1.0, 0.0, 1.0, 1.0, 1.0, 0.0, 1.0, 0.0, 1.0, 0.0, 1.0, 0.0, 0.0, 0.0, 0.0, 0.0, 1.0, 0.0, 1.0, 0.0, 0.0, 0.0, 1.0, 1.0, 1.0, 1.0, 0.0, 0.0, 0.0, 0.0, 1.0, 1.0, 0.0, 1.0, 1.0, 1.0, 1.0, 1.0, 0.0, 0.0, 0.0, 1.0, 1.0, 1.0, 0.0, 1.0, 1.0, 0.0, 0.0, 0.0, 1.0, 0.0, 1.0, 0.0, 0.0, 0.0, 1.0, 1.0, 0.0, 1.0, 1.0, 0.0, 0.0, 1.0, 0.0, 0.0, 0.0, 1.0, 1.0, 0.0, 1.0, 1.0, 1.0, 0.0, 0.0, 0.0, 1.0, 1.0, 0.0, 1.0, 1.0, 1.0, 1.0, 1.0, 0.0, 0.0, 1.0, 1.0, 1.0, 1.0, 0.0, 1.0, 1.0, 0.0, 0.0, 0.0, 1.0, 0.0, 1.0, 0.0, 0.0, 1.0, 0.0, 0.0, 0.0, 0.0, 1.0, 0.0, 0.0, 1.0, 1.0, 0.0, 0.0, 1.0, 0.0, 0.0, 1.0, 1.0, 0.0, 1.0, 1.0, 1.0, 1.0, 0.0, 1.0, 0.0, 0.0, 1.0, 1.0, 1.0, 0.0, 1.0, 1.0, 0.0, 1.0, 1.0, 1.0, 0.0, 1.0, 1.0, 1.0, 1.0, 0.0, 1.0, 1.0, 0.0, 0.0, 0.0, 1.0, 1.0, 1.0, 1.0, 0.0, 0.0, 0.0, 1.0, 1.0, 0.0, 1.0, 1.0, 0.0, 0.0, 0.0, 0.0, 1.0, 0.0, 1.0, 0.0, 0.0, 1.0, 0.0, 1.0, 1.0, 0.0, 0.0, 0.0, 0.0, 1.0, 1.0, 1.0, 0.0, 1.0, 0.0, 1.0, 1.0, 1.0, 1.0, 0.0, 0.0, 1.0, 1.0, 0.0, 0.0, 1.0, 0.0, 1.0, 1.0, 0.0, 1.0, 0.0, 0.0, 1.0, 1.0, 0.0, 1.0, 1.0, 1.0, 1.0, 0.0, 0.0, 0.0, 0.0, 0.0, 0.0, 1.0, 0.0, 1.0, 0.0, 1.0, 1.0, 0.0, 1.0, 0.0, 1.0, 0.0, 1.0, 0.0, 1.0, 0.0, 0.0, 0.0, 1.0, 0.0, 0.0, 1.0, 1.0, 0.0, 0.0, 0.0, 0.0, 0.0, 0.0, 0.0, 1.0, 1.0, 0.0, 0.0, 1.0, 0.0, 1.0, 1.0, 0.0, 0.0, 0.0, 0.0, 1.0, 0.0, 1.0, 1.0, 1.0, 1.0, 1.0, 1.0, 1.0, 1.0, 0.0, 1.0, 1.0, 0.0, 0.0, 0.0, 1.0, 0.0, 1.0, 1.0, 1.0, 0.0, 0.0, 0.0, 1.0, 1.0, 0.0, 1.0, 0.0, 1.0, 0.0, 1.0, 1.0, 1.0, 1.0, 0.0, 1.0, 1.0, 1.0, 0.0, 0.0, 0.0, 0.0, 1.0, 1.0, 0.0, 1.0, 0.0, 1.0, 0.0, 0.0, 0.0, 0.0, 1.0, 1.0, 1.0, 1.0, 0.0, 1.0, 0.0, 0.0, 1.0, 1.0, 1.0, 0.0, 1.0, 0.0, 0.0, 0.0, 1.0, 1.0, 0.0, 0.0, 1.0, 1.0, 1.0, 0.0, 1.0, 0.0, 0.0, 1.0, 1.0, 1.0, 0.0, 0.0, 1.0, 0.0, 1.0, 1.0, 0.0, 1.0, 1.0, 1.0, 0.0, 1.0, 1.0, 1.0, 0.0, 0.0, 1.0, 0.0, 1.0, 1.0, 1.0, 0.0, 0.0, 0.0, 0.0, 0.0, 0.0, 1.0, 1.0, 0.0, 0.0, 1.0, 0.0, 0.0, 0.0, 1.0, 0.0, 1.0, 1.0, 1.0, 0.0, 1.0, 1.0, 0.0, 1.0, 1.0, 1.0, 0.0, 0.0, 0.0, 1.0, 0.0, 1.0, 0.0, 1.0, 0.0, 0.0, 1.0, 1.0, 0.0, 0.0, 1.0, 1.0, 0.0, 1.0, 1.0, 0.0, 0.0, 1.0, 1.0, 0.0, 0.0, 0.0, 1.0, 0.0, 1.0, 1.0, 1.0, 1.0, 0.0, 0.0, 1.0, 0.0, 1.0, 1.0, 0.0, 0.0, 0.0, 0.0, 0.0, 0.0, 1.0, 0.0, 0.0, 1.0, 0.0, 0.0, 0.0, 1.0, 1.0, 0.0, 0.0, 1.0, 1.0, 0.0, 0.0, 1.0, 1.0, 1.0, 0.0, 0.0, 1.0, 1.0, 0.0, 1.0, 0.0, 0.0, 1.0, 1.0, 0.0, 0.0, 1.0, 1.0, 0.0, 0.0, 1.0, 1.0, 1.0, 0.0, 0.0, 1.0, 1.0, 1.0, 0.0, 1.0, 0.0, 0.0, 0.0, 1.0, 0.0, 0.0, 1.0, 1.0, 0.0, 0.0, 1.0, 1.0, 1.0, 1.0, 0.0, 1.0, 1.0, 1.0, 0.0, 1.0, 0.0, 1.0, 1.0, 0.0, 1.0, 0.0, 0.0, 0.0, 0.0, 0.0, 0.0, 0.0, 0.0, 1.0, 1.0, 1.0, 1.0, 0.0, 0.0, 1.0, 1.0, 1.0, 0.0, 0.0, 1.0, 1.0, 1.0, 0.0, 1.0, 1.0, 0.0, 0.0, 0.0, 0.0, 1.0, 1.0, 1.0, 0.0, 1.0, 1.0, 1.0, 0.0, 1.0, 0.0, 1.0, 1.0, 0.0, 1.0, 1.0, 0.0, 0.0, 1.0, 0.0, 0.0, 1.0, 1.0, 0.0, 1.0, 1.0, 1.0, 0.0, 0.0, 0.0, 0.0, 1.0, 0.0, 1.0, 1.0, 0.0, 1.0, 0.0, 1.0, 1.0, 0.0, 0.0, 0.0, 0.0, 1.0, 1.0, 1.0, 1.0, 0.0, 1.0, 0.0, 1.0, 0.0, 0.0, 1.0, 1.0, 0.0, 1.0, 0.0, 0.0, 0.0, 0.0, 0.0, 0.0, 0.0, 0.0, 1.0, 0.0, 1.0, 0.0, 0.0, 0.0, 0.0, 1.0, 0.0, 0.0, 0.0, 0.0, 1.0, 0.0, 0.0, 1.0, 1.0, 1.0, 0.0, 1.0, 0.0, 1.0, 0.0, 0.0, 1.0, 1.0, 1.0, 0.0, 0.0, 1.0, 0.0, 0.0, 0.0, 1.0, 0.0, 1.0, 1.0, 1.0, 1.0, 0.0, 0.0, 1.0, 1.0, 0.0, 1.0, 1.0, 1.0, 0.0, 0.0, 1.0, 1.0, 1.0, 1.0, 1.0, 1.0, 1.0, 1.0, 0.0, 1.0, 1.0, 1.0, 1.0, 0.0, 1.0, 0.0, 0.0, 0.0, 1.0, 1.0, 0.0, 1.0, 1.0, 1.0, 0.0, 1.0, 1.0, 0.0, 1.0, 0.0, 0.0, 0.0, 0.0, 0.0, 0.0, 0.0, 1.0, 1.0, 1.0, 0.0, 0.0, 0.0, 0.0, 0.0, 1.0, 0.0, 1.0, 1.0, 1.0, 0.0, 0.0, 0.0, 1.0, 1.0, 1.0, 0.0, 0.0, 0.0, 0.0, 1.0, 1.0, 0.0, 0.0, 0.0, 0.0, 0.0, 0.0, 1.0, 0.0, 0.0, 0.0, 0.0, 1.0, 1.0, 0.0, 1.0, 0.0, 0.0, 0.0, 0.0, 0.0, 1.0, 0.0, 1.0, 0.0, 0.0, 1.0, 1.0, 1.0, 1.0, 0.0, 0.0, 0.0, 0.0, 1.0, 0.0, 1.0, 0.0, 0.0, 0.0, 1.0, 1.0, 1.0, 0.0, 0.0, 1.0, 1.0, 1.0, 1.0, 0.0, 0.0, 1.0, 1.0, 1.0, 1.0, 0.0, 1.0, 0.0, 0.0, 0.0, 1.0, 0.0, 0.0, 1.0, 0.0, 1.0, 1.0, 1.0, 0.0, 1.0, 0.0, 0.0, 1.0, 1.0, 1.0, 0.0, 0.0, 1.0, 1.0, 0.0, 1.0, 1.0, 0.0, 0.0, 0.0, 1.0, 1.0, 1.0, 1.0, 1.0, 1.0, 1.0, 0.0, 0.0, 0.0, 1.0, 0.0, 0.0, 0.0, 0.0, 1.0, 0.0, 0.0, 1.0, 1.0, 0.0, 1.0, 1.0, 1.0, 0.0, 0.0, 1.0, 0.0, 1.0, 1.0, 0.0, 0.0, 1.0, 0.0, 0.0, 0.0, 0.0, 0.0, 1.0, 0.0, 0.0, 1.0, 0.0, 0.0, 0.0, 1.0, 0.0, 0.0, 1.0, 0.0, 0.0, 1.0, 1.0, 1.0, 0.0, 0.0, 1.0, 0.0, 0.0, 0.0, 1.0, 0.0, 0.0, 1.0, 0.0, 0.0, 0.0, 1.0, 1.0, 0.0, 1.0, 1.0, 0.0, 1.0, 1.0, 0.0, 1.0, 0.0, 0.0, 0.0, 1.0, 1.0, 1.0, 0.0, 0.0, 1.0, 0.0, 1.0, 1.0, 0.0, 1.0, 1.0, 0.0, 0.0, 0.0, 0.0, 0.0, 1.0, 1.0, 0.0, 1.0, 1.0, 1.0, 1.0, 1.0, 0.0, 1.0, 0.0, 1.0, 1.0, 0.0, 1.0, 1.0, 1.0, 1.0, 1.0, 1.0, 1.0, 0.0, 0.0, 0.0, 1.0, 1.0, 0.0, 1.0, 0.0, 1.0, 0.0, 0.0, 0.0, 1.0, 0.0, 1.0, 0.0, 1.0, 0.0, 0.0, 0.0, 0.0, 1.0, 0.0, 1.0, 1.0, 0.0, 1.0, 0.0, 1.0, 0.0, 1.0, 0.0, 0.0, 1.0, 1.0, 0.0, 0.0, 1.0, 0.0, 1.0, 1.0, 0.0, 0.0, 0.0, 1.0, 1.0, 1.0, 0.0, 1.0, 0.0, 1.0, 1.0, 1.0, 1.0, 1.0, 0.0, 0.0, 1.0, 1.0, 1.0, 1.0, 0.0, 1.0, 0.0, 0.0, 1.0, 1.0, 0.0, 0.0, 0.0, 0.0, 0.0, 1.0, 1.0, 1.0, 0.0, 1.0, 1.0, 1.0, 1.0, 0.0, 0.0, 1.0, 1.0, 0.0, 1.0, 1.0, 1.0, 1.0, 0.0, 1.0, 1.0, 0.0, 1.0, 0.0, 0.0, 1.0, 1.0, 0.0, 0.0, 1.0, 1.0, 0.0, 1.0, 1.0, 0.0, 0.0, 0.0, 0.0, 1.0, 0.0, 1.0, 1.0, 1.0, 1.0, 1.0, 1.0, 1.0, 0.0, 1.0, 0.0, 0.0, 0.0, 0.0, 1.0, 1.0, 0.0, 1.0, 0.0, 1.0, 1.0, 1.0, 0.0, 0.0, 1.0, 1.0, 1.0, 0.0, 1.0, 1.0, 0.0, 0.0, 0.0, 0.0, 0.0, 0.0, 1.0, 0.0, 1.0, 0.0, 0.0, 1.0, 1.0, 0.0, 0.0, 0.0, 1.0, 0.0, 1.0, 0.0, 0.0, 0.0, 1.0, 1.0, 1.0, 0.0, 1.0, 0.0, 1.0, 0.0, 0.0, 1.0, 1.0, 1.0, 0.0, 1.0, 1.0, 1.0, 1.0, 1.0, 0.0, 1.0, 0.0, 0.0, 1.0, 0.0, 1.0, 0.0, 1.0, 1.0, 1.0, 0.0, 1.0, 1.0, 0.0, 0.0, 0.0, 1.0, 1.0, 1.0, 0.0, 1.0, 1.0, 0.0, 0.0, 0.0, 0.0, 0.0, 1.0, 1.0, 1.0, 0.0, 1.0, 0.0, 0.0, 0.0, 1.0, 0.0, 0.0, 1.0, 0.0, 1.0, 0.0, 0.0, 0.0, 1.0, 0.0, 1.0, 0.0, 0.0, 0.0, 1.0, 0.0, 1.0, 0.0, 1.0, 1.0, 0.0, 1.0, 0.0, 1.0, 0.0, 1.0, 0.0, 1.0, 1.0, 1.0, 1.0, 0.0, 0.0, 0.0, 0.0, 1.0, 0.0, 1.0, 1.0, 1.0, 1.0, 0.0, 1.0, 1.0, 0.0, 0.0, 0.0, 1.0, 1.0, 1.0, 0.0, 0.0, 0.0, 0.0, 0.0, 0.0, 0.0, 0.0, 0.0, 1.0, 0.0, 0.0, 1.0, 0.0, 0.0, 1.0, 1.0, 0.0, 0.0, 1.0, 0.0, 0.0, 0.0, 0.0, 0.0, 1.0, 1.0, 1.0, 1.0, 0.0, 0.0, 1.0, 1.0, 1.0, 1.0, 1.0, 1.0, 0.0, 1.0, 1.0, 1.0, 1.0, 1.0, 0.0, 1.0, 0.0, 1.0, 1.0, 1.0, 1.0, 0.0, 0.0, 0.0, 0.0, 0.0, 0.0, 0.0, 1.0, 0.0, 0.0, 0.0, 1.0, 0.0, 0.0, 0.0, 1.0, 1.0, 0.0, 1.0, 1.0, 1.0, 1.0, 1.0, 0.0, 1.0, 1.0, 0.0, 1.0, 0.0, 0.0, 0.0, 0.0, 1.0, 1.0, 0.0, 1.0, 0.0, 0.0, 1.0, 1.0, 1.0, 0.0, 0.0, 0.0, 0.0, 0.0, 1.0, 1.0, 1.0, 0.0, 1.0, 1.0, 1.0, 0.0, 1.0, 1.0, 0.0, 0.0, 0.0, 0.0, 1.0, 1.0, 1.0, 0.0, 0.0, 1.0, 1.0, 0.0, 0.0, 0.0, 0.0, 1.0, 0.0, 0.0, 1.0, 0.0, 0.0, 1.0, 1.0, 0.0, 0.0, 0.0, 1.0, 1.0, 1.0, 1.0, 0.0, 0.0, 0.0, 0.0, 0.0, 1.0, 1.0, 1.0, 0.0, 1.0, 1.0, 1.0, 1.0, 1.0, 0.0, 0.0, 1.0, 1.0, 0.0, 1.0, 1.0, 0.0, 0.0, 1.0, 1.0, 1.0, 0.0, 0.0, 0.0, 1.0, 1.0, 1.0, 1.0, 0.0, 1.0, 1.0, 0.0, 1.0, 1.0, 0.0, 0.0, 1.0, 1.0, 1.0, 1.0, 1.0, 0.0, 0.0, 1.0, 0.0, 1.0, 1.0, 1.0, 0.0, 0.0, 1.0, 0.0, 1.0, 1.0, 1.0, 1.0, 1.0, 1.0, 1.0, 1.0, 1.0, 0.0, 1.0, 1.0, 0.0, 1.0, 0.0, 0.0, 1.0, 0.0, 0.0, 1.0, 0.0, 0.0, 1.0, 1.0, 1.0, 0.0, 1.0, 0.0, 0.0, 1.0, 0.0, 1.0, 0.0, 1.0, 1.0, 0.0, 1.0, 0.0, 1.0, 0.0, 0.0, 1.0, 0.0, 1.0, 1.0, 0.0, 1.0, 0.0, 1.0, 0.0, 1.0, 1.0, 0.0, 0.0, 1.0, 1.0, 0.0, 1.0, 0.0, 0.0, 1.0, 1.0, 0.0, 1.0, 0.0, 1.0, 0.0, 0.0, 1.0, 0.0, 1.0, 0.0, 0.0, 1.0, 1.0, 0.0, 0.0, 1.0, 0.0, 0.0, 0.0, 1.0, 1.0, 1.0, 0.0, 0.0, 0.0, 0.0, 0.0, 1.0, 0.0, 1.0, 1.0, 0.0, 1.0, 1.0, 1.0, 1.0, 1.0, 0.0, 1.0, 0.0, 0.0, 1.0, 0.0, 1.0, 1.0, 0.0, 0.0, 1.0, 1.0, 0.0, 1.0, 0.0, 0.0, 0.0, 0.0, 1.0, 1.0, 1.0, 0.0, 1.0, 0.0, 0.0, 1.0, 0.0, 1.0, 0.0, 0.0, 0.0, 0.0, 0.0, 1.0, 1.0, 1.0, 0.0, 0.0, 0.0, 1.0, 1.0, 0.0, 1.0, 1.0, 1.0, 0.0, 0.0, 0.0, 0.0, 1.0, 1.0, 1.0, 0.0, 0.0, 1.0, 1.0, 0.0, 1.0, 0.0, 0.0, 1.0, 0.0, 1.0, 0.0, 0.0, 0.0, 0.0, 1.0, 0.0, 1.0, 1.0, 1.0, 0.0, 1.0, 0.0, 0.0, 1.0, 0.0, 0.0, 1.0, 1.0, 0.0, 0.0, 1.0, 0.0, 1.0, 0.0, 1.0, 0.0, 1.0, 0.0, 0.0, 0.0, 0.0, 1.0, 1.0, 1.0, 0.0, 1.0, 0.0, 0.0, 0.0, 0.0, 1.0, 0.0, 0.0, 1.0, 0.0, 0.0, 1.0, 1.0, 1.0, 1.0, 0.0, 0.0, 1.0, 0.0, 1.0, 0.0, 1.0, 1.0, 1.0, 0.0, 0.0, 0.0, 0.0, 0.0, 0.0, 1.0, 0.0, 1.0, 1.0, 1.0, 0.0, 0.0, 1.0, 0.0, 0.0, 0.0, 0.0, 1.0, 0.0, 0.0, 1.0, 1.0, 1.0, 0.0, 0.0, 0.0, 1.0, 0.0, 0.0, 0.0, 1.0, 1.0, 1.0]
\score={0: [0.11333138381059353, 0.11312329883758838, 0.11376439034938812, 0.11338531076908112, 0.11425076998197116, 0.11323432624340057, 0.11389681634803613, 0.11303141495833795, 0.11347430371321164, 0.11261053180152719, 0.11430193235476811, 0.11394311777419514, 0.11284067067835066, 0.11426396419604619, 0.11269983845321756, 0.11399665572073149, 0.11396093061193824, 0.11265464194796303, 0.1131946367344686, 0.11333456113934517, 0.11250880089673129, 0.11352896216240796, 0.11364104102055232, 0.11408617276520956, 0.11375646620988845, 0.11343062371015548, 0.11392018089934093, 0.113594900816679, 0.1133051716229495, 0.11305016561828811, 0.11383180302523431, 0.11329163782871686, 0.11424798571637698, 0.11413217362548624, 0.11340356647968292, 0.1136184607942899, 0.11328439662853877, 0.11336583230230543, 0.11194876488298178, 0.11308081767388753, 0.11316550483829096, 0.11349003933943234, 0.11341385416141371, 0.11350320076400583, 0.11353254690766335, 0.1118197001516819, 0.11342256134603082, 0.11354640019791466, 0.11272463984787465, 0.11292090432511435, 0.11290916055440903, 0.11423514485359192, 0.11303451047702269, 0.1135461101758069, 0.11327895149588585, 0.1138417012989521, 0.11384188211881198, 0.11282847635447979, 0.11324165686964989, 0.11432376832646482, 0.11379835840601188, 0.11324673239141703, 0.11352326394990087, 0.11321189119057222, 0.11380202993750572, 0.11389411105351015, 0.11279404237866401, 0.11276015368374911, 0.11270909815242416, 0.11371878385543824, 0.11358270353891632, 0.11413010756174723, 0.11368241409460704, 0.11352537529809134, 0.11482043489813805, 0.11356835493019649, 0.11344648106023669, 0.11334915893773238, 0.11309533759399697, 0.11398735506968065, 0.11369240207549854, 0.11173587975402673, 0.11294174228202213, 0.11282005930139173, 0.11339670935502419, 0.11361526780658299, 0.11293509354194005, 0.11380308053710243, 0.11273149225641699, 0.11317497571664197, 0.11379331164062023, 0.11374076679348946, 0.113662491656012, 0.11380882290276614, 0.11460604369640351, 0.11318182486754197, 0.11002079397439957, 0.11340283191409604, 0.11356829221432026, 0.11221171847798607, 0.11268010130152106, 0.1133108061292897, 0.11291869461536408, 0.1135904254282222, 0.1135898774696721, 0.11380462454898017, 0.11289094512661298, 0.11391173767031364, 0.11378856461781722, 0.11285845686992009, 0.11271258088804427, 0.11388455703854561, 0.11326651478355582, 0.11410917273976585, 0.11274801676764208, 0.11331898109479384, 0.11424617688445483, 0.11273025572299958, 0.11351634479231304, 0.11381622919669518, 0.11270954619560923, 0.11391142457723617, 0.113484420680574, 0.11351689827792785, 0.11295017302036285, 0.1139472857117653, 0.11409395560622215, 0.11297823597366612, 0.11357055672190407, 0.113224306240164, 0.11259531771594827, 0.11317878862222036, 0.11345548150332077, 0.11412401937625626, 0.11310742795467377, 0.11363928362324431, 0.11246046251975574, 0.1140292456204241, 0.11351477179457159, 0.11366316676139832, 0.11328532695770263, 0.11325503341280498, 0.11334778958310683, 0.11356722237542272, 0.11331347639069837, 0.11365746036171913, 0.11293356446549296, 0.11333596706390381, 0.11309078674424779, 0.11369238793849945, 0.11305405678493637, 0.1143938347697258, 0.11281030421907251, 0.11381603106856346, 0.11377982795238495, 0.11289451042046914, 0.11239716112613678, 0.11251034744476017, 0.113337067887187, 0.11292881816625595, 0.11298573464155197, 0.1131836898624897, 0.11368218194693328, 0.11399638073311912, 0.11289771220513753, 0.11269138685681603, 0.11300847679376602, 0.1137060597538948, 0.11269064992666245, 0.11426102103931564, 0.11314608878456056, 0.11386609343545777, 0.11232338584959507, 0.11012037098407745, 0.11391388571688107, 0.1131993463406196, 0.11354073746637865, 0.11364054150487247, 0.11333773942554698, 0.11348929421769248, 0.11372725003295475, 0.11371064335107803, 0.11369228456169367, 0.11356741678098152, 0.1129154080282087, 0.11301612718538805, 0.11345980473254856, 0.11262053797642389, 0.11373213471637832, 0.11342716323477882, 0.11333778926304408, 0.11408331309971602, 0.11294686182269029, 0.11363033354282379, 0.11391010284423828, 0.11421020599928769, 0.11311369416890321, 0.11301123443990946, 0.11289296671748161, 0.11355859041213989, 0.11355560272932053, 0.11331625418229536, 0.11260726749897003, 0.11369341842475392, 0.11393693503406313, 0.11397352306680246, 0.11292658713848694, 0.11331714661075519, 0.1125508909424146, 0.11330984109504656, 0.11416045278310775, 0.11352569175263245, 0.11296832437316577, 0.11267350167036057, 0.11348912510133925, 0.11291893045691882, 0.11305692775381936, 0.11328184040206851, 0.11253234893083572, 0.11446783319115639, 0.11364850824077924, 0.11314433366060257, 0.1142231390944549, 0.11371627897024154, 0.1122164817319976, 0.11299836449325085, 0.11337852001190185, 0.11377292424440384, 0.11406888203187422, 0.11321209211434637, 0.11304833243290584, 0.11319935392765772, 0.11260748993266713, 0.11337414785073353, 0.11342118842446286, 0.11375918835401536, 0.11441442603245378, 0.11384797990322112, 0.1136106844060123, 0.11249696297778024, 0.1133069097995758, 0.11440996798100295, 0.11306618868062894, 0.11311601208789009, 0.11312811420514034, 0.11264996603131294, 0.11340774663470009, 0.11374153129079125, 0.11382121206433685, 0.11313696602980296, 0.11330482973293825, 0.11336934256056945, 0.11357319780758449, 0.1130752295255661, 0.11368268231550853, 0.11346968964618795, 0.11394090950489044, 0.11418951178590457, 0.11330500841140748, 0.11301004480231892, 0.113203145125333, 0.11372460062439377, 0.11383275155510221, 0.11341924429871142, 0.11346393989192115, 0.11223833466118033, 0.11304392624232504, 0.11250169326861699, 0.11361133257548015, 0.11329141984644689, 0.11378684937953949, 0.11345634582851614, 0.1138517606902767, 0.1129083399261747, 0.11286957561969757, 0.11404960996964399, 0.11256805145078236, 0.11310096612821023, 0.11373300443996083, 0.11267844552910605, 0.11355923786759377, 0.11327391614516576, 0.11310679698362947, 0.11414956098253076, 0.1134682740084827, 0.11328147825869647, 0.11315478198230267, 0.11331859550305776, 0.11300135403871536, 0.1138051261707228, 0.11332166981365946, 0.11321115245421727, 0.11439715432269233, 0.1122782095335424, 0.11320859283208846, 0.11332700729370117, 0.11356429039285733, 0.11282594298774545, 0.113354350561681, 0.1129578431447347, 0.11415606059811333, 0.11290162943658374, 0.1141165950232082, 0.11374964679662998, 0.11295822262763977, 0.11233847723765807, 0.11389570012688637, 0.11346408310863706, 0.11265462885300319, 0.11347307575245698, 0.11341969093138521, 0.11288381988803546, 0.11370740559968082, 0.11362119764089584, 0.11212410245622907, 0.11297045089304447, 0.11290141691764195, 0.11394214630126953, 0.11346686035394668, 0.11357059939341112, 0.1132247269153595, 0.11304071581079847, 0.1132576446980238, 0.1138521708548069, 0.11342148010929426, 0.11396226121319665, 0.11363798007369041, 0.11416425928473473, 0.11224219650030136, 0.11452077169503484, 0.11329699666411788, 0.11281776800751686, 0.1140279094023364, 0.1135836735367775, 0.11292017331080777, 0.11309827615817387, 0.11336285112933679, 0.11422580804513849, 0.11334585705224205, 0.1132096412616807, 0.11374165862798691, 0.11289288351933162, 0.11368000693619251, 0.11427343562245369, 0.11260657491428512, 0.11263867009144563, 0.113377146422863, 0.11329317180549398, 0.11319738929159939, 0.11427453563859065, 0.11308944270466313, 0.1128674637187611, 0.112764553299972, 0.11412132966021697, 0.11264055222272873, 0.11393397373537864, 0.11344856975807084, 0.11253398521379991, 0.11272966949378743, 0.11272637884725224, 0.11306960210204124, 0.11385475937277079, 0.11405160594167131, 0.11436122345427673, 0.11285980258669172, 0.11384469213394019, 0.11337395161390304, 0.11250757780813035, 0.11282677244808939, 0.11393371100227039, 0.11446156285025856, 0.11390614649280906, 0.11365963593125343, 0.11424322453913865, 0.11356231956570237, 0.11273752587536971, 0.11299523182453648, 0.11271786012432793, 0.11357634486975493, 0.11341870099306106, 0.11296323922119643, 0.11357118897140026, 0.11308474590380986, 0.1130958163800339, 0.11359294597059488, 0.11405604270597298, 0.113463085322153, 0.11277314016352528, 0.1130829333243045, 0.11315362927104745, 0.11284316506455927, 0.11268616798851225, 0.11316891759634018, 0.1135092817246914, 0.1140609486028552, 0.11345331883057952, 0.11319187035163243, 0.11400831118226051, 0.11428003509839375, 0.11307960003614426, 0.11325765003760656, 0.11397203459189488, 0.11357425349323373, 0.1124789796769619, 0.1130170923742381, 0.1129108243461313, 0.11423131504229136, 0.11325429876645406, 0.1130930283530192, 0.1135136760198153, 0.11274874458710353, 0.11403002536722592, 0.11293360165187291, 0.11321939062327147, 0.1139615455435382, 0.11322342107693355, 0.11295263916254043, 0.1138878944127456, 0.11295486890500592, 0.1132941055111587, 0.1129141106055333, 0.11310704342193073, 0.11220669340003621, 0.11319358360308868, 0.11331583656694579, 0.11348855164315966, 0.11379416245553228, 0.11238406039774418, 0.11366025689575407, 0.1128035705340536, 0.11328845098614693, 0.11295954212546348, 0.1135869796933799, 0.11233329623937607, 0.11362481774652705, 0.11290694502266971, 0.11352627114816145, 0.11284728348255157, 0.11336604724912082, 0.11455151811242104, 0.11341269917431332, 0.11285417092343171, 0.11316826939582825, 0.11388123258948327, 0.113591268658638, 0.11291695356369019, 0.11311686370107862, 0.11288537142368463, 0.11256596371531487, 0.112668263060706, 0.11272574216127396, 0.11311518171658883, 0.11321765830119451, 0.11332115282615025, 0.11426983459999687, 0.11326199695467949, 0.11315625939856876, 0.11322556300596757, 0.11413998156785965, 0.11346208648039745, 0.11321738783432089, 0.11538324939707915, 0.11295812204480171, 0.11388800367712974, 0.11347034573554993, 0.1135953982671102, 0.11417677609816841, 0.11415046999851862, 0.11300173688393372, 0.11328510248235293, 0.11292253976518457, 0.11228891665285284, 0.11395209896213868, 0.11434581428766251, 0.11326977536082268, 0.11308817778314863, 0.11321506939000553, 0.11353268564650507, 0.11431646543113809, 0.11332031405147384, 0.11376545408909972, 0.11307676106691361, 0.1136374065409536, 0.11328304279595613, 0.11275917968966744, 0.11441129148006439, 0.11355536164981979, 0.11340702869571172, 0.11359345859714917, 0.11382840946316719, 0.11187442702551682, 0.11293045832560612, 0.11333053956429164, 0.11304556864958543, 0.11340569134088273, 0.11343223755729609, 0.11356133023897806, 0.11389852028626662, 0.11236577210101215, 0.11232791990041732, 0.11277355067431927, 0.11340197175741196, 0.11304755606933643, 0.11402577466585419, 0.11074411869049072, 0.11301708966493607, 0.11385528246561687, 0.11305701406672597, 0.11334150806069374, 0.1130692335692319, 0.11277629909190265, 0.1132683081401361, 0.1141027441391578, 0.1146279126405716, 0.11389854688977086, 0.11401927777949501, 0.1136962273158133, 0.11390234587284234, 0.1130983978509903, 0.11267535597085952, 0.11255663136641185, 0.11349974870681763, 0.1135500125862934, 0.11310837207696377, 0.1127595062489095, 0.11301150756037753, 0.11267356475194296, 0.11370421483598907, 0.11332631972101, 0.11331483274698258, 0.11355473420449666, 0.11316685946214766, 0.11316664061612552, 0.11309803969093732, 0.11405904697520393, 0.11349355982882636, 0.11332971509546041, 0.11299836138884227, 0.11366594769060612, 0.11331464120974907, 0.1130287841874726, 0.11336044718821843, 0.11302886344492435, 0.11266836466697547, 0.113580172508955, 0.11356094914178054, 0.11418058655478737, 0.1131014071012798, 0.11526649776432249, 0.1131940446794033, 0.11293319389224052, 0.11342434859589527, 0.11319026698668798, 0.11340406223347313, 0.11366894885021098, 0.11394501918995822, 0.112773064772288, 0.1133522511176441, 0.11280323565006256, 0.11309670967360337, 0.11253792361209267, 0.11379271224141121, 0.11401065105670377, 0.11293145973940154, 0.1138062754815275, 0.11296926327049732, 0.11276109110225331, 0.1136817317456007, 0.11368246731303987, 0.11338681154526196, 0.11324351783841849, 0.1139296284980244, 0.11315394623412026, 0.113483186592074, 0.11387852629025777, 0.11328457828078951, 0.11308662444353104, 0.11327819749712945, 0.1125186413526535, 0.11272183229977434, 0.11294638652067918, 0.11295725703239441, 0.11432216912508011, 0.11327311571906595, 0.11315797695091792, 0.11331023772557576, 0.11391951926052571, 0.11335299120229833, 0.11338435374200344, 0.11224294751882553, 0.11323558140632718, 0.11351827532052994, 0.11280701274788657, 0.11326394411357674, 0.11321143582463264, 0.11386050573653644, 0.11341958206433517, 0.11290958237189513, 0.11330074395822443, 0.11322571709752083, 0.11366009871874537, 0.11325894383823171, 0.11321710919340451, 0.1132195968594816, 0.11422469019889832, 0.11266466273980982, 0.11296617067777194, 0.11372542594160352, 0.11407583342357115, 0.11297316243872046, 0.1129632506519556, 0.1143731229007244, 0.11290096687643152, 0.11369984271004796, 0.11348144158169075, 0.11356488429009914, 0.11316141418435356, 0.1135836660861969, 0.11308132410049439, 0.11167388185858726, 0.11302729409474593, 0.11373022666999272, 0.11451966368726321, 0.11348760815767142, 0.114018481473128, 0.11376481130719185, 0.1120431784253854, 0.11290771342240848, 0.11318798437714576, 0.11379691639116832, 0.11305515567461649, 0.11315834454514763, 0.11331738703525983, 0.11528933048248291, 0.11325402693314986, 0.1133995796827709, 0.11323196373202583, 0.11360495605252006, 0.11330725376804669, 0.11416971277106892, 0.11352558487227984, 0.1133433012291789, 0.11334264491285596, 0.1130991524883679, 0.1132378306458978, 0.11249300994371113, 0.1133657656610012, 0.11295017600059509, 0.11295017622637027, 0.11319403499364852, 0.11374095353213223, 0.1133546100131103, 0.11360097255395807, 0.11307374387979507, 0.11289480701088905, 0.11291629395314626, 0.11378582431511446, 0.11436967822638425, 0.11357653451462586, 0.11302694512738122, 0.11299595864195573, 0.11329989473928105, 0.11379545984359887, 0.11551623385060918, 0.11336208134889603, 0.11351857567206025, 0.11355926924281651, 0.11434500366449356, 0.11354810328168027, 0.11292094964048137, 0.11300049416529827, 0.11312246281239721, 0.11272277403622866, 0.11314916553405616, 0.11323055851718654, 0.11196775361895561, 0.11347806625641309, 0.1129251506466132, 0.1134516586860021, 0.11317660556071335, 0.11365137808024883, 0.11467488557100296, 0.11338418225447337, 0.11407247628085315, 0.11377964594534465, 0.11384338598984939, 0.1132535853169181, 0.11304904197653134, 0.11207112390547991, 0.11301482419172923, 0.11283818789218601, 0.1134751859036359, 0.11391087683538596, 0.11286441404973308, 0.11280139684677123, 0.11371129861584416, 0.11400155027707418, 0.11258578879965676, 0.11299678310751915, 0.11242337077856064, 0.11328858649358153, 0.1136835469967789, 0.11258834984994703, 0.11316144638336621, 0.11307031661272049, 0.11319886380806565, 0.11369757652282715, 0.11392363136013349, 0.11357054194169384, 0.11346962675452232, 0.11391470001803504, 0.11363995261490345, 0.11351268887519836, 0.11243077293038369, 0.11311507431997193, 0.11320857171501432, 0.11316329427063465, 0.11408742889761925, 0.11327119286243732, 0.1130932534734408, 0.1137048915028572, 0.11373367676368126, 0.11237289079210976, 0.11440204828977585, 0.1133189246058464, 0.11304795416072011, 0.11338082548569549, 0.11445675740639369, 0.11236281739547849, 0.11251648825903733, 0.1132558544476827, 0.1131630050284522, 0.11334023271736346, 0.11285382961588246, 0.11284413561224937, 0.1129508555719727, 0.11433782097366121, 0.11336310076362946, 0.11365213564464025, 0.11338259472000983, 0.11369983508036687, 0.11337991928060849, 0.11352557175118348, 0.11391745209693908, 0.11389682573430679, 0.1131636756658554, 0.11343374981411866, 0.11276749604278141, 0.1136165646755177, 0.11330572202017433, 0.11425880342721939, 0.11332686642805735, 0.1133612695115584, 0.11318581027013284, 0.1133022117945883, 0.1127446578706012, 0.11358472059170405, 0.11279206822315851, 0.11368413269519806, 0.11264972727407109, 0.11323066394437444, 0.11309605737527212, 0.11362699841459592, 0.1138062416575849, 0.1137876458466053, 0.1146936435252428, 0.11333951130509376, 0.11211163674791653, 0.11327237210103444, 0.11322200546662013, 0.11387978121638298, 0.11401796340942383, 0.1132826181975278, 0.11387760085718972, 0.11345894515514374, 0.11458708824855941, 0.11349082170497804, 0.11498529836535454, 0.11265561055569422, 0.1125889189149204, 0.11319312323694644, 0.11379405178806999, 0.11367916666409549, 0.11393552439080344, 0.1127369354168574, 0.11347338929772377, 0.11351963792528424, 0.11339155435562134, 0.11271269958127629, 0.11336640838314505, 0.11404697867957028, 0.1133725717663765, 0.1138710319286301, 0.11337598514827815, 0.11292101852595807, 0.11269262007304601, 0.11445914471850675, 0.11340903490781784, 0.11313784357748534, 0.1140713170170784, 0.11429222027460734, 0.11303893228371938, 0.11285463124513626, 0.11408214338801125, 0.11294037103652954, 0.11310279341759505, 0.11317933490499854, 0.11394355141303757, 0.11438138579780405, 0.11318078264594078, 0.11364174344473416, 0.11384352908602782, 0.11407771209875743, 0.11330763064324856, 0.11235340423882008, 0.11289922606486541, 0.11390297027195201, 0.11374346415201823, 0.11330553827186425, 0.11451210950811704, 0.11344527032064355, 0.11369945853948593, 0.11345429019052156, 0.11366268247365952, 0.11264154501259327, 0.11289145424962044, 0.11359540736063933, 0.1145186960697174, 0.11394099473953247, 0.11356891443332036, 0.11316009312868118, 0.11367436269154915, 0.11364776700735092, 0.1131190891067187, 0.11308045747379462, 0.11334107264324471, 0.11396886855363846, 0.11337369581063589, 0.11349375545978546, 0.11337392032146454, 0.11339659839868546, 0.11370351862522864, 0.11293049777547519, 0.11325723095797002, 0.1121488205696407, 0.11335798123708138, 0.11420794915069234, 0.11326029630643981, 0.11339030414819717, 0.1135350362612651, 0.1134937772154808, 0.11338682691840564, 0.11304124444723129, 0.11374305276309743, 0.11301224389010006, 0.11310895585588046, 0.11342532235768533, 0.11359055139697515, 0.11331129539757967, 0.11351737380027771, 0.11373771401122212, 0.11369548222193351, 0.1134295876730572, 0.11331085711717606, 0.11458114865753385, 0.11332953015440389, 0.11309708709396966, 0.11364294588565826, 0.11351291042181753, 0.11431521011723413, 0.11311772293769397, 0.11394810552398364, 0.1140689520786206, 0.11268958896398544, 0.11344698374159634, 0.11424110772518012, 0.11343934966458215, 0.11294170242288838, 0.11350740492343903, 0.11385231912136078, 0.11386674413314232, 0.11377113713667943, 0.11319204419851303, 0.11399633969579424, 0.11357083593805631, 0.11293673701584339, 0.11328855156898499, 0.11275329326207821, 0.11483040248805826, 0.11354513308315566, 0.11348231830473604, 0.11359587001303832, 0.11279329061508178, 0.11319738974173864, 0.11227131567218086, 0.11406594763199489, 0.11352205152312915, 0.11310457997024059, 0.1134409572929144, 0.11368906917050481, 0.11320626363158226, 0.11316357903620776, 0.11294754006360706, 0.11320603503422304, 0.11386440554633737, 0.1130104717962882, 0.11346468254923821, 0.11280218372121453, 0.11247296412201489, 0.11440388510624568, 0.11317878758365457, 0.11351101733744144, 0.11392741472948165, 0.11327926585307488, 0.11245646506547928, 0.11316313790647607, 0.11320619414681973, 0.11381322791179022, 0.11373022466897964, 0.1139664360705544, 0.11302368861177693, 0.1137794554233551, 0.11304544947213596, 0.11388625630310603, 0.11386072209903172, 0.1135943315923214, 0.11349096042769295, 0.11307322316699558, 0.11331607401371002, 0.11441009094317754, 0.11371234165770668, 0.11338990456179569, 0.11329848418633143, 0.11367693336473571, 0.11166637255386873, 0.11386682093143463, 0.1137377252181371, 0.11331553235650063, 0.11350584340592225, 0.11317129792838261, 0.11299998313188553, 0.11366932019591332, 0.11354138164056672, 0.11315763327810499, 0.1141527995467186, 0.1140219767888387, 0.11404078724709424, 0.11366487666964531, 0.11233772540634329, 0.11323606057299508, 0.11289169008915241, 0.11224751845002175, 0.11294082428018253, 0.11300716027617455, 0.11374714051155334, 0.1129143616805474, 0.11395738549806454, 0.11259206316687843, 0.11344205331988633, 0.11365925403017747, 0.11270947754383087, 0.11343821815469048, 0.11304560701052348, 0.1135067876894027, 0.11310843894114861, 0.11407770017782846, 0.11279721504875592, 0.11383044471343358, 0.11332534953039519, 0.11332040144638582, 0.11314618835846584, 0.11383373646632484, 0.11267069046911986, 0.11310547457209655, 0.11361560970544815, 0.11371714524600816, 0.11229347640817816, 0.11262441509299809, 0.11295091940297021, 0.11289645613808381, 0.11254933236965112, 0.11335698995859392, 0.11326405844267677, 0.11376185558344189, 0.11374141201376915, 0.11297112865292508, 0.1129096276485003, 0.11354724375101236, 0.1131248345805539, 0.11365171615034342, 0.11362744138940521, 0.11323447453398858, 0.11335267532955516, 0.11226722747087478, 0.11326517029242082, 0.11419569477438926, 0.11315194641550382, 0.11426032781600952, 0.11377946597834428, 0.11450632940977812, 0.11455140262842178, 0.11355132928916387, 0.11381173159541755, 0.11416810886426405, 0.11379111247758071, 0.11302805656478518, 0.11372267611716923, 0.11347385868430138, 0.11311378957409608, 0.11289535090327263, 0.1133016524836421, 0.11354251516362031, 0.11297702186164402, 0.11503690034151078, 0.11461659967899322, 0.11353462841361761, 0.11252004280686378, 0.11178353428840637, 0.1129303141718819, 0.11389646157622338, 0.11354069867067867, 0.11304309167738619, 0.11455073704322179, 0.11247172206640244, 0.11381570946785712, 0.11293486560936328, 0.11354440683498979, 0.11356611715422736, 0.11361398398876191, 0.11389473577340443, 0.11339019069617445, 0.1138561349362135, 0.11379967809751115, 0.11356667361476204, 0.11290978913505872, 0.11291235995789368, 0.1126880650408566, 0.11275111085602216, 0.11361258178949356, 0.11373743905526836, 0.11322498694062233, 0.11386121157556772, 0.11253692792809528, 0.11403051180684048, 0.1131039551562733, 0.11338183941210017, 0.1133769764141603, 0.11330410589774449, 0.11454224311991741, 0.1137402155995369, 0.11363574020240617, 0.11397713016379964, 0.11244350112974644, 0.11344204799217336, 0.1133488543331623, 0.11296132153698377, 0.11358796673662522, 0.11431342735886574, 0.11473688669502735, 0.11328592735367853, 0.11355185271664099, 0.11242027174342763, 0.11335156410932541, 0.1131321256575377, 0.11401329270085774, 0.11479208916425705, 0.11231808364391327, 0.1124247530741351, 0.1143224627400438, 0.11363672791048884, 0.11385930668223988, 0.1130661278963089, 0.11365281082689763, 0.11285263643814968, 0.11301625830431779, 0.11370174586772919, 0.11467433174451193, 0.11342260153854594, 0.11306141223758459, 0.11330818808214231, 0.11344622752883217, 0.11294556695681351, 0.11368417367339134, 0.11438271837929885, 0.11242605774448468, 0.11410400147239368, 0.11472300638755163, 0.11352024345021498, 0.113233279902488, 0.11421255022287369, 0.11356366864022087, 0.11479332484304905, 0.11319695599377155, 0.11297348540808473, 0.11437351629137993, 0.1133472560083165, 0.11365971499019199, 0.11357906002264756, 0.11398825455795634, 0.11277532735557268, 0.11290234056386081, 0.1129417024552822, 0.11299430578947067, 0.11291637532413006, 0.11291483263759051, 0.11401267896095911, 0.11433838995603415, 0.11326257698237896, 0.11306104436516762, 0.11377561313134653, 0.11331657950694744, 0.11333700973126623, 0.11319981515407562, 0.11349333503416606, 0.1129207255748602, 0.11415880965068936, 0.11412756020824115, 0.11488828733563423, 0.11333733424544334, 0.11346636790978282, 0.1139120414853096, 0.11270792037248611, 0.11480540985410864, 0.11423758531992252, 0.11448382172319624, 0.1132922929621512, 0.11325795462597972, 0.11191060319542885, 0.1139435815540227, 0.1130125645015921, 0.11389461383223534, 0.11246311771018165, 0.11378971487283707, 0.11272574409290596, 0.11333067241040143, 0.11374377150987756, 0.11434043036854785, 0.11286217570304871, 0.1132645814826614, 0.11353422547208852, 0.1145221001722596, 0.11295572171608607, 0.11371211019846109, 0.11388652340361946, 0.11335444698731105, 0.11263324479971613, 0.11390109245593731, 0.114035001290696, 0.11334482952952385, 0.11339161965327385, 0.11329159140586853, 0.11349780417301437, 0.11277533379884866, 0.11365892142057418, 0.11412251605228944, 0.1136862804943865, 0.11370292973929438, 0.11320278942584991, 0.11301957070827484, 0.1144721645861864, 0.11327767200194873, 0.11396048218011856, 0.11348615779030707, 0.11286316675191023, 0.11322134360671043, 0.11237692460417747, 0.11332216486334801, 0.11206227891585406, 0.1130228669003204, 0.1137137452938727, 0.11336874767490056, 0.11329479515552521, 0.11355503288007551, 0.11316911061294377, 0.11006593704223633, 0.11268792632553312, 0.1144077129662037, 0.11364707076235821, 0.11324857637800019, 0.1133316702076367, 0.11375368474160924, 0.11359346657991409, 0.11319992070396741, 0.11264815296118076, 0.11376623765510671, 0.11402110960976831, 0.11406581984324889, 0.11326099112629891, 0.11336529695174911, 0.11388815651016851, 0.11454028094356711, 0.11321354191750288, 0.11365733189242226, 0.11327539011836052, 0.11145332455635071, 0.11360363391312686, 0.11490271836519242, 0.1129227311660846, 0.11273940838873386, 0.1144620948112928, 0.11349553851918741, 0.11293292371556163, 0.11249091600378354, 0.11378534287214279, 0.11361702838364769, 0.11359362790118092, 0.11266034582386845, 0.1124806437980045, 0.11363220115502676, 0.11347053459157115, 0.11390803443888824, 0.11239187344908715, 0.11352287580569585, 0.11288082599639893, 0.1128168607299978, 0.11289932062992683, 0.11358452100178291, 0.1130031779408455, 0.11311581673530433, 0.11407163832336664, 0.1138271352178172, 0.11289163331190745, 0.11279444068670273, 0.11386714166118986, 0.11354237894217173, 0.11341340318322182, 0.1136296377517283, 0.11301653242359559, 0.11359359459443526, 0.11468960568308831, 0.114497469190289, 0.11277653751048175, 0.11375861672254708, 0.11275256600450068, 0.11387325036856863, 0.11346001381223852, 0.11333132821779984, 0.11417162303741162, 0.11289123716679486, 0.11304766750511001, 0.11302751898765565, 0.11285560171712529, 0.11330217957496642, 0.11295363036069003, 0.11242726680479552, 0.11338153900578618, 0.11390482122078538, 0.11490297615528107, 0.11350687593221664, 0.11369504034519196, 0.11319708286060227, 0.11317941546440125, 0.11374348253011704, 0.11415457880745332, 0.1142342324767794, 0.1133022585676776, 0.11293071779337796, 0.11377943849021738, 0.11381723118178985, 0.11368199380544516, 0.11234668801937785, 0.1136282513087446, 0.11454641073942184, 0.11314517711148117, 0.11322975726354689, 0.11287554002860013, 0.1131403143517673, 0.11359011828899383, 0.11565426405933169, 0.11362260828415553, 0.11319933425296437, 0.11428023828193545, 0.11356354554494222, 0.11394246589196355, 0.11337835823788363, 0.11341358500498312, 0.11204578887139048, 0.11349892890767048, 0.11354439868591726, 0.113222193650224, 0.11488707959651948, 0.11358216275339542, 0.11319816261529922, 0.1130938513411416, 0.11400115135170165, 0.11332933490092938, 0.11326509167750677, 0.11381601406769319, 0.11383949890732765, 0.11240071803331375, 0.11354613715204699, 0.11351744148959504, 0.11449670195579528, 0.11337182058819703, 0.11289077080213107, 0.11335003435611725, 0.11329798444229014, 0.11399215891173012, 0.11264334470033646, 0.11360131988399907, 0.11365714420874913, 0.11198076419532299, 0.11349117613974072, 0.11297158524394035, 0.11382847502827645, 0.11371217419703801, 0.11304016828536988, 0.11318443156778812, 0.11208211833780463, 0.11314865985983297, 0.11347621814771132, 0.11374679269889991, 0.11460577448209126, 0.11395070759149697, 0.11326872506018343, 0.11368031902559872, 0.11314000727401839, 0.11372552067041397, 0.1128141035636266, 0.11262949456771215, 0.11434031857384576, 0.11419155182582992, 0.11338924835709964, 0.11438021585345268, 0.11330141258590362, 0.11189132970240381, 0.11290864832699299, 0.113130429928953, 0.11319604184892443, 0.11336557698600433, 0.11316890269517899, 0.11242983397096395, 0.11363147012889385, 0.11321959309279919, 0.11358314951260885, 0.11267922683195634, 0.11311859780779251, 0.1131890897046436, 0.11301046460866929, 0.11422755397283114, 0.11316424949715535, 0.11287328600883484, 0.11329617847998937, 0.1131471533860479, 0.1137210087556588, 0.1131476213534673, 0.11336003635078669, 0.1137284023894204, 0.11404100353164333, 0.11344846561551095, 0.11310734333736557, 0.11410500983829083, 0.11272944957017898, 0.11368510810037454, 0.11330798618933734, 0.11309460364282131, 0.11341534521092068, 0.11342828927768601, 0.11366717708962304, 0.11252591785575662, 0.11324813365936279], 1: [0.11341200321912766, 0.11339258538051085, 0.11274811998009682, 0.11339449062943459, 0.11352776885032653, 0.1128182067320897, 0.11372750997543335, 0.11415214029451211, 0.1138802170753479, 0.1140581186522137, 0.11253006891770796, 0.11276265877214345, 0.11363731543807422, 0.1134125388094357, 0.11322650499641895, 0.11394171764453252, 0.113809194196673, 0.11496758610010147, 0.11280865147709847, 0.1132655990394679, 0.11398078673160993, 0.11386697123879971, 0.11438514375024372, 0.11373155564069748, 0.11341775043143167, 0.11354828377564748, 0.11356379972262816, 0.11449445709586144, 0.11304146498441696, 0.1138836390205792, 0.11341125251991409, 0.11362023949623108, 0.11356950253248214, 0.11334806457161903, 0.11352844474216302, 0.11329299008304422, 0.11334368214011192, 0.11297180751959483, 0.11401729136705399, 0.11354388828788485, 0.11230632892021766, 0.11371677700016233, 0.11348463247219721, 0.11346005871891976, 0.1128561267895358, 0.11360396295785904, 0.11351361938498238, 0.11248724088072777, 0.11394902250983498, 0.11334517924115062, 0.11294935305010188, 0.11312526298893823, 0.11211903765797615, 0.11333801100651424, 0.1131721593439579, 0.11296180821955204, 0.11377109090487163, 0.11398991400545294, 0.11406727507710457, 0.11291167797411189, 0.11331571237399028, 0.11327262561429631, 0.11327413014239734, 0.11327310617674481, 0.11380638812596981, 0.11305444958535107, 0.1136535487391732, 0.11361083388328552, 0.11361578355232875, 0.11293582804501057, 0.11256873554417066, 0.11281228261558633, 0.11348247875769933, 0.11501752287149429, 0.11360696516931057, 0.11296029314398766, 0.11313986710526726, 0.11329162700308694, 0.11276643452319232, 0.11430891292790572, 0.11399016777674358, 0.11293966609698075, 0.11259096803573462, 0.11272523924708366, 0.11301916788021724, 0.11323124567667643, 0.11238488351756876, 0.11363118428450364, 0.11249206140637398, 0.11266040515441161, 0.11274017680149812, 0.11228629636267821, 0.11453090815080537, 0.11348711450894673, 0.11250495963862964, 0.1141787941257159, 0.11254185636838278, 0.11292704343795776, 0.11291587488217787, 0.11311254402001698, 0.11312389470960783, 0.113792285323143, 0.11297929365383952, 0.11382376495748758, 0.11339754204858433, 0.11288988928903233, 0.11394897997379302, 0.1134648472070694, 0.11379355415701867, 0.11371559426188468, 0.11306747545798619, 0.11273799486020032, 0.11271622506054965, 0.11321889907121659, 0.11421816051006317, 0.1132722074786822, 0.11392596770416606, 0.11329885791329776, 0.11316767169369592, 0.11336002498865128, 0.11432399600744247, 0.11353659480810166, 0.11357581479982896, 0.11334308924583289, 0.11328997995172228, 0.1142753690481186, 0.11374000188979236, 0.11345703899860382, 0.11344887346029281, 0.11231510266661644, 0.11324232295155526, 0.1140730223721928, 0.11343554572926627, 0.11378027556034234, 0.11358194177349408, 0.11256864853203297, 0.11395358219742775, 0.11286284998059273, 0.11281651400384449, 0.1127776950597763, 0.11366512016816573, 0.11268303199456288, 0.11204132499794166, 0.11365994019433856, 0.11281419477679512, 0.11449625801581603, 0.11342646858908913, 0.11348610371351242, 0.11304791520039241, 0.11364858384643282, 0.11340249826510747, 0.11314191935317856, 0.11422704465009949, 0.11402308721752728, 0.11366278380155563, 0.11337661085759893, 0.113395456969738, 0.11444208025932312, 0.11360318660736084, 0.11290982136359581, 0.11392259349425633, 0.11383520646227731, 0.11294463223644666, 0.11245859935879707, 0.11328025576141146, 0.11354648545384408, 0.1142018022281783, 0.11426031527419885, 0.1140597327189012, 0.11346770729869604, 0.1137918093625237, 0.11376670934259892, 0.11333195002455461, 0.11331887394189835, 0.11329010874032974, 0.11408422142267227, 0.1124760627746582, 0.11245133670476767, 0.11272824511808507, 0.11258078614870708, 0.11347280267406912, 0.11327597871422768, 0.1130607582628727, 0.11357376724481583, 0.11373211666941643, 0.11294792707149799, 0.11362506516955116, 0.1138602407539592, 0.11353457073370615, 0.11320203000848944, 0.11336484280499545, 0.11395830661058426, 0.11326311178067151, 0.11399450525641441, 0.11380733632379109, 0.11320857405662536, 0.11212184155980746, 0.11377058110453865, 0.11275820434093475, 0.11332997253962926, 0.1133273651025125, 0.11338086426258087, 0.11306062402824561, 0.11394286562095989, 0.11331627294421195, 0.11285782605409622, 0.11419347402724353, 0.11327609632696424, 0.11296631328084251, 0.11269196935675362, 0.11383205480300464, 0.11312410334746043, 0.11297712251543998, 0.1150184455845091, 0.11279610257882339, 0.11329272524877028, 0.11396624644597371, 0.11358472840352492, 0.1140287809073925, 0.11326656064816884, 0.11309194937348366, 0.11378401269515355, 0.11274405497880209, 0.1130610919174026, 0.1129221308689851, 0.11432522209361196, 0.1132291873296102, 0.11306311143562198, 0.11390354782342911, 0.11265750906684181, 0.11304992398149089, 0.11327039343970162, 0.11375103580454986, 0.11378831280903383, 0.11340267143466255, 0.11378635168075561, 0.1137391482205952, 0.11228367618539116, 0.11417137544888717, 0.11387684805826707, 0.11304053778831775, 0.1134146290520827, 0.11200900127490361, 0.11287784141798814, 0.1121194516973836, 0.1135526096278971, 0.11422549039125443, 0.11408873200416565, 0.11338027318318684, 0.1130588432917228, 0.1135591830719601, 0.11318468171007492, 0.11374086560681462, 0.11405699540461813, 0.1123070852323012, 0.11388789340853692, 0.11366961896419525, 0.11312359029596503, 0.11299341792861621, 0.11297858009735744, 0.11268480465962337, 0.1131677657365799, 0.11399547085165977, 0.11461368948221207, 0.11248738989233971, 0.11372690715573051, 0.11359667574817484, 0.1139588680337457, 0.11397907435894013, 0.1138981394469738, 0.11325307393615897, 0.11385697928758767, 0.1122692423787984, 0.11459217105920498, 0.11375699937343597, 0.11238490210639106, 0.11483703354994455, 0.114027282430066, 0.11417102254927158, 0.1137892570760515, 0.11343910349042792, 0.11348887607455253, 0.11352229677140713, 0.11241994751617312, 0.11272673076018691, 0.11327700751523177, 0.11380493587681226, 0.11343339309096337, 0.11296216968227835, 0.114116972860168, 0.11274578794836998, 0.11363712325692177, 0.11334882197635514, 0.11313083171844482, 0.11328586330637336, 0.11394002683022443, 0.11335743613102857, 0.11365631818771363, 0.11276437409899452, 0.11354386646832738, 0.11338227023096646, 0.11318264156579971, 0.11307124445835749, 0.11274316161870956, 0.11390445464187199, 0.11319470634827247, 0.11370147317647934, 0.1137619296258146, 0.11316267848014831, 0.1145152287049727, 0.11309598609805108, 0.11352077275514602, 0.11281967908143997, 0.11375633784030613, 0.11300074110428492, 0.11331888288259506, 0.11456242410673036, 0.11353914439678192, 0.11290478935608497, 0.11312032071873546, 0.113425238057971, 0.11204164922237396, 0.11354038704718862, 0.11367278071967038, 0.11336997094062659, 0.11295219510793686, 0.11311002522706985, 0.11357015913183038, 0.11444664746522903, 0.11377248845317146, 0.11320822189251582, 0.11395654289258851, 0.11210578083992004, 0.11371204443275928, 0.11347372476991854, 0.11399962256352107, 0.11343977329405872, 0.11354890838265419, 0.11338790953159332, 0.1126827738351292, 0.11350302621722222, 0.11343746496872469, 0.11372560533610257, 0.11375479648510615, 0.11332988515496253, 0.11395292499890694, 0.11317051202058792, 0.11333439924887248, 0.11391676515340805, 0.114489577033303, 0.11258369258471898, 0.11323936415069244, 0.11339759131272634, 0.11298395596120668, 0.1119020402431488, 0.11419894794623058, 0.11466688141226769, 0.11379915028810501, 0.11314515540233025, 0.11412936995426813, 0.11416831529802746, 0.1138971358537674, 0.11432933853939176, 0.11266990171538459, 0.11251424252986908, 0.11428959295153618, 0.11341612736384074, 0.11298826508797132, 0.11381192026393754, 0.11399432542649182, 0.1136629938014916, 0.11408647447824478, 0.11218024939298629, 0.11413579434156418, 0.11419220065528696, 0.11229064180092378, 0.1136484829088052, 0.11331918033269736, 0.11271037682890891, 0.11361415481025522, 0.1135762482881546, 0.11150454580783845, 0.11268060877919198, 0.11349499186402873, 0.11340798916561264, 0.11326507004824551, 0.11510270833969116, 0.11360781464506597, 0.11203961446881294, 0.11321450540652642, 0.1131217980926687, 0.11331646753983064, 0.11402858421206474, 0.11337520591914654, 0.11436067947319575, 0.11347253162127274, 0.11347144435752522, 0.11349655998249848, 0.11376743763685226, 0.11396891222550319, 0.11385909582559879, 0.11255274483790764, 0.11411839202046395, 0.11322289022306602, 0.11294518858194351, 0.1133061618759082, 0.11326403780417009, 0.11442380460600059, 0.11355030474563439, 0.11332587668528923, 0.11514310091733933, 0.11259243306186464, 0.11372587829828262, 0.11429485231637955, 0.11367881094867532, 0.11228917403654619, 0.11308584082871675, 0.1148669708520174, 0.1137572242455049, 0.11365433782339096, 0.11285967100411654, 0.1137539255950186, 0.11351926340943291, 0.112421894336448, 0.11287100315093994, 0.11271768063306808, 0.1128193718545577, 0.11174383097224766, 0.11222461462020875, 0.11341439275180593, 0.11326206315840993, 0.11373943178092732, 0.11181476877795325, 0.1130518682655834, 0.11346226185560226, 0.11363675047953924, 0.11319463871992551, 0.11277635892232259, 0.11273935851123598, 0.1138559287557235, 0.11209179919499618, 0.11357605254108255, 0.1133493386209011, 0.11295902219257857, 0.11318235409756501, 0.11433493002102925, 0.11370553672313691, 0.1140201681603988, 0.11276605327924093, 0.11412458270788192, 0.11266312897205352, 0.11366547346115112, 0.11313543042966298, 0.11285027033752865, 0.11421146392822265, 0.11346600001508539, 0.11416738615794615, 0.11338712510309722, 0.11377735823392868, 0.11408027485013009, 0.11404126679355447, 0.11371405008766386, 0.11453339830040932, 0.11326413669369438, 0.11488191485404968, 0.11302423959269244, 0.11303209187462926, 0.11371701820330186, 0.11311304631332557, 0.1136051391561826, 0.11201183597246805, 0.11372828036546707, 0.11393915575284225, 0.11353025212883949, 0.1132230879022525, 0.11375323496758938, 0.11392513769013542, 0.11300283082221683, 0.11288385465741158, 0.11325808763504028, 0.11373115579287212, 0.11388121488002631, 0.11359119974076748, 0.11302338139368938, 0.11343885523577531, 0.11371423371813515, 0.1120597008954395, 0.11310500055551528, 0.11307058196801406, 0.11314762425091532, 0.11310985870659351, 0.114215064379904, 0.11359991352347766, 0.11410491168498993, 0.11309411802462169, 0.11381436937621661, 0.113336097787727, 0.11313536688685417, 0.11316843284294009, 0.11462982594966889, 0.11296115877727668, 0.11276873828549135, 0.11379519684447183, 0.11297767832875252, 0.11374027794227004, 0.11231319689088398, 0.11259538544849916, 0.11330953726302022, 0.11439896076917648, 0.11278155383964379, 0.1138457761456569, 0.1124478870859513, 0.11324206313916615, 0.11282909736037254, 0.11403348445892333, 0.11301359263333408, 0.11403945432259487, 0.11274347901344299, 0.11403378397226334, 0.11353137344121933, 0.11234370023012161, 0.1135503093783672, 0.11280510053038598, 0.11373946256935596, 0.11303103094299634, 0.11382998960713546, 0.11245059357448058, 0.11537328932215185, 0.11372033786028624, 0.11354869185015559, 0.11412775442004204, 0.11308831930160522, 0.11259163565495435, 0.1131007346239957, 0.11310638216408817, 0.11386902555823326, 0.11279170960187912, 0.11448946222662926, 0.11408447536329429, 0.11421406517426173, 0.11403552021669305, 0.11274506400028865, 0.11397749731938044, 0.11390432658103797, 0.11324277073144913, 0.1124643859538165, 0.11288666565503393, 0.1140371249480681, 0.11471163630485534, 0.11407205978265175, 0.1123027615249157, 0.11207974498922174, 0.11307910423387181, 0.11307469063571521, 0.11312392083081332, 0.1126217772918088, 0.11271751197901639, 0.1127635497938503, 0.1131443738937378, 0.11362186393567494, 0.11336051401766864, 0.11270708184350621, 0.1134149248401324, 0.1131565606310254, 0.11303456872701645, 0.11385883465409279, 0.11404826864600182, 0.11241385005414486, 0.11335353659732002, 0.11375062515338262, 0.11201860797074106, 0.11238848553462462, 0.11317901554353096, 0.11314873844385147, 0.11231153532862663, 0.11384470388293266, 0.11395738273859024, 0.11362251053963389, 0.11373475814859073, 0.11298961463299664, 0.11303218626059018, 0.1143170330259535, 0.11347936135199335, 0.11363604345491954, 0.11407992657687929, 0.1136750416322188, 0.11350810208490916, 0.1129407419690064, 0.11362935851017635, 0.11420688579479853, 0.1142739098180424, 0.11414752006530762, 0.11416580445236629, 0.11291601732373238, 0.1142103299498558, 0.11314335167407989, 0.11366288959980012, 0.11363699631049083, 0.11395661346614361, 0.114478200674057, 0.1129665032029152, 0.11319302121798197, 0.11312393893798192, 0.11337050107809213, 0.11273619085550309, 0.11240906342864036, 0.11333782158114693, 0.11364174634218216, 0.11336644599214196, 0.11308615133166314, 0.11275295569346501, 0.11393763802268288, 0.11327795162796975, 0.11316802352666855, 0.11314580151263405, 0.11395669186657126, 0.11403143233977832, 0.11252913922071457, 0.11386505717580969, 0.11367956002553305, 0.11391162437697251, 0.11349865622245349, 0.11381779897671479, 0.11329136850933234, 0.11412883816020829, 0.113884815836654, 0.11291120871901512, 0.11343002319335938, 0.11297392132489578, 0.11337182399901477, 0.11336554013765775, 0.11315197916701436, 0.11439266204833984, 0.11405014111237093, 0.113186564296484, 0.11394231269756953, 0.11262540891766548, 0.11270471331146029, 0.11401778933676807, 0.11365908881028493, 0.11402288032695651, 0.11320967061652078, 0.11264703329652548, 0.1119458054502805, 0.11298250100191902, 0.112572917714715, 0.1136172965168953, 0.11406384137543765, 0.1135220006108284, 0.11267778774102528, 0.11372259631752968, 0.1135639906860888, 0.1137378454208374, 0.11269826916131107, 0.11416510831226002, 0.11341568353501233, 0.11324796878865787, 0.11286518451842395, 0.11269227713346482, 0.11205967786637219, 0.1134939252265862, 0.11371836811304092, 0.11418968173010009, 0.11270750003556411, 0.11267911913720044, 0.11343826436334187, 0.1141215076758748, 0.11309197768568993, 0.11312649585306644, 0.1131797768175602, 0.11292202432047237, 0.11364344308773676, 0.11293807460202111, 0.11331028288060968, 0.11385323504606883, 0.11318795924836939, 0.1132599413394928, 0.11457041054964065, 0.11364983225410635, 0.11253350807560815, 0.11287400424480439, 0.11281526719148342, 0.1144004575908184, 0.11376753584905104, 0.11384191550314426, 0.11385885253548622, 0.11314978823065758, 0.11278513818979263, 0.11240525863000325, 0.11307851746678352, 0.11283945354322593, 0.11346164842446645, 0.11393528385087848, 0.11403852999210358, 0.1124841921031475, 0.11381383511153134, 0.11408497914671897, 0.11389331651084564, 0.11361010798386165, 0.11372673821945985, 0.11290267651731317, 0.11325551941990852, 0.1145335890352726, 0.11341256648302078, 0.11274917642859851, 0.11359062045812607, 0.11395737007260323, 0.11303318495100195, 0.11229836270213127, 0.11383919728298982, 0.11427342656411622, 0.11461607664823532, 0.11274882193122591, 0.11238310147415508, 0.11338277831673622, 0.11401873826980591, 0.11349093643101779, 0.11374368295073509, 0.11364417970180511, 0.11292084567248821, 0.1143112457715548, 0.11425258798731698, 0.11329899032910665, 0.11400746330618858, 0.1135616981320911, 0.11297907763057286, 0.11325512660874261, 0.11381835052195717, 0.11414028188356987, 0.11341233700513839, 0.11374033749103546, 0.11454360104269451, 0.11331566193929085, 0.11339784998978887, 0.11341999024152756, 0.11305546574294567, 0.1137526439359555, 0.11389216346045335, 0.11413044143806804, 0.11249040961265563, 0.11295223888009787, 0.11409522660753944, 0.11303430852981713, 0.11462956443428993, 0.11466430940411308, 0.11458685497442882, 0.1137730191151301, 0.11342059862282541, 0.11349455174058676, 0.11362167249123255, 0.11390631036324934, 0.11343621733513745, 0.11314023126448904, 0.11354002559726889, 0.11402226984500885, 0.11339882761240005, 0.11359186673706229, 0.11267839223146439, 0.11317474693059922, 0.11343283402292352, 0.11297533611456553, 0.11331007215711805, 0.11407570590575536, 0.11250338392953078, 0.11320734769105911, 0.11399822384119034, 0.11357163339853286, 0.11443998515605927, 0.11307577714323998, 0.1148863434791565, 0.11311710496311603, 0.11242011799053712, 0.11346506966011864, 0.11306409786144893, 0.11353749843935172, 0.11318400067587693, 0.11393486708402634, 0.11362149605625554, 0.11306824833154679, 0.11424454922477405, 0.11294280669905922, 0.11371616951443932, 0.11338397798438866, 0.11264771819114686, 0.1137847409894069, 0.11327661917759822, 0.1139038436114788, 0.11489175260066986, 0.11338249806846891, 0.11366953514516354, 0.11320813207162751, 0.11385433127482732, 0.11274624881999833, 0.11380073130130768, 0.11394819670489856, 0.11298536071005989, 0.11295675658262692, 0.11370059576901523, 0.11344594818850358, 0.11287285946309566, 0.11590797901153564, 0.11313271075487137, 0.11307758167386055, 0.11361871659755707, 0.11361314877867698, 0.11312755265019157, 0.11423446387052535, 0.11302558022240798, 0.11376350559294224, 0.11330631002783775, 0.11301035235325495, 0.11378360465168953, 0.11321960999207063, 0.11372895017266274, 0.11219585521353616, 0.1125207394361496, 0.11398157104849815, 0.11342925056815148, 0.11226459022830515, 0.11324970010254118, 0.11380228467962959, 0.1132499746978283, 0.11338779288861486, 0.11303945766253905, 0.11395917922258376, 0.11409673591454823, 0.11376407452755505, 0.11306538106873631, 0.11315987832271136, 0.11320463743279963, 0.11300242443879445, 0.113185565918684, 0.11448464468121529, 0.1130785479077271, 0.11348315700888634, 0.11354135383259166, 0.11291425153613091, 0.11433836187307651, 0.11374046074019538, 0.11352190781723369, 0.11345890040198962, 0.1145855613052845, 0.11232554540038109, 0.11366812478412282, 0.11238818317651748, 0.11275672093033791, 0.11363122819198503, 0.11233161051164973, 0.1134474358775399, 0.11354576165859516, 0.11272870293921894, 0.1132768193880717, 0.11356914788484573, 0.11347152690092722, 0.11309110102328387, 0.11365136355161667, 0.11274474380271775, 0.11296314224600792, 0.1127985693514347, 0.11316286975687201, 0.11371021391823888, 0.11373798325657844, 0.11459982191974466, 0.11324114180528201, 0.11390760066834363, 0.11334496289491654, 0.11315128952264786, 0.11392884552478791, 0.11211396008729935, 0.11488156206905842, 0.11313517540693283, 0.11278188824653626, 0.11260571256279946, 0.11333875507116317, 0.11312142387032509, 0.11403337534930971, 0.11393323168158531, 0.1134384066930839, 0.11302718046036633, 0.11228503808379173, 0.11303215868332807, 0.11410764371976256, 0.1143661268055439, 0.11334844610907814, 0.11465542316436768, 0.11478279750136768, 0.1138519031160018, 0.11204728822816502, 0.11203615657157368, 0.11286134882406755, 0.11339641114075978, 0.11352344188425276, 0.11377740502357483, 0.11359104737639428, 0.11325442968379884, 0.11289829760789871, 0.11466193422675133, 0.11366145153130804, 0.11294982681671778, 0.11370935577612656, 0.11269375362566539, 0.11339371055364608, 0.11385959501449879, 0.11288624331355095, 0.1134886105473225, 0.1127650790980884, 0.11225035094789096, 0.11213604414037295, 0.11327279210090638, 0.1137509409051675, 0.11288379591244918, 0.11352811194956303, 0.11384557130245063, 0.11428990587592125, 0.11290876939892769, 0.11396439083748394, 0.11339892446994781, 0.11324111372232437, 0.11381440013647079, 0.11307872425426137, 0.11298864881197611, 0.11346457619220018, 0.11352616250514984, 0.11306996829807758, 0.11272991661514555, 0.1137965816472258, 0.11283380402760072, 0.11359333111481233, 0.11337645706676301, 0.11410229715208213, 0.11326131437505994, 0.11456941866448947, 0.11273074895143509, 0.11320127953182567, 0.11313427713784305, 0.11301940040928977, 0.11340830475091934, 0.11394906714558602, 0.1142896165450414, 0.11288293600082397, 0.11470586806535721, 0.11265711672604084, 0.11277171833948656, 0.11333466906632696, 0.1130802960080259, 0.11341415984289986, 0.11322719869869095, 0.11317858844995499, 0.11364587313599056, 0.11303331106901168, 0.11286555230617523, 0.11357995495200157, 0.11385083720088005, 0.11381039520104726, 0.11354810425213405, 0.11267773658037186, 0.1122831754386425, 0.11393946632742882, 0.11267108240952858, 0.11382556445896626, 0.11311642757870934, 0.1135886399583383, 0.11346146613359451, 0.11376010477542878, 0.113223212686452, 0.11318103088573976, 0.11247969147833911, 0.11310198796646935, 0.1131752607497302, 0.11275225558451243, 0.11399678016702335, 0.11271116366753212, 0.11342064358971336, 0.11437002512124869, 0.11395644261078401, 0.11325734659381535, 0.11282715472308072, 0.11380951783873818, 0.11284094656768598, 0.11309963871132243, 0.11261841519312425, 0.11266367733478547, 0.11359316855669022, 0.11333190339306991, 0.11272672812143962, 0.11369727849960327, 0.11427619370321433, 0.11405973000959917, 0.11334793517986934, 0.11307985475286841, 0.11303598002383583, 0.11394413613847323, 0.11326672716273202, 0.11273166723549366, 0.11331667564809322, 0.11430289099613826, 0.11404456041361156, 0.1134351124720914]}