('OC-FakeDect1 (Trained on AVG Dataset) \nTested on RND Deepfakes Dataset \nRunning Average Evaluation', 'OC-FakeDect1_AVG', 'AVG', 'OC-FakeDect1_AVG_raeonDFrnd')
auroc=0.5174172739306682
f1=0.4451495920217588
prec=0.4064569536423841
recall=0.49198396793587174

fpr=[0.0, 0.49198396793587174, 1.0]

tpr=[0.0, 0.526818515797208, 1.0]

y_true=[0, 0, 0, 0, 0, 0, 0, 0, 0, 0, 0, 0, 0, 0, 0, 0, 0, 0, 0, 0, 0, 0, 0, 0, 0, 0, 0, 0, 0, 0, 0, 0, 0, 0, 0, 0, 0, 0, 0, 0, 0, 0, 0, 0, 0, 0, 0, 0, 0, 0, 0, 0, 0, 0, 0, 0, 0, 0, 0, 0, 0, 0, 0, 0, 0, 0, 0, 0, 0, 0, 0, 0, 0, 0, 0, 0, 0, 0, 0, 0, 0, 0, 0, 0, 0, 0, 0, 0, 0, 0, 0, 0, 0, 0, 0, 0, 0, 0, 0, 0, 0, 0, 0, 0, 0, 0, 0, 0, 0, 0, 0, 0, 0, 0, 0, 0, 0, 0, 0, 0, 0, 0, 0, 0, 0, 0, 0, 0, 0, 0, 0, 0, 0, 0, 0, 0, 0, 0, 0, 0, 0, 0, 0, 0, 0, 0, 0, 0, 0, 0, 0, 0, 0, 0, 0, 0, 0, 0, 0, 0, 0, 0, 0, 0, 0, 0, 0, 0, 0, 0, 0, 0, 0, 0, 0, 0, 0, 0, 0, 0, 0, 0, 0, 0, 0, 0, 0, 0, 0, 0, 0, 0, 0, 0, 0, 0, 0, 0, 0, 0, 0, 0, 0, 0, 0, 0, 0, 0, 0, 0, 0, 0, 0, 0, 0, 0, 0, 0, 0, 0, 0, 0, 0, 0, 0, 0, 0, 0, 0, 0, 0, 0, 0, 0, 0, 0, 0, 0, 0, 0, 0, 0, 0, 0, 0, 0, 0, 0, 0, 0, 0, 0, 0, 0, 0, 0, 0, 0, 0, 0, 0, 0, 0, 0, 0, 0, 0, 0, 0, 0, 0, 0, 0, 0, 0, 0, 0, 0, 0, 0, 0, 0, 0, 0, 0, 0, 0, 0, 0, 0, 0, 0, 0, 0, 0, 0, 0, 0, 0, 0, 0, 0, 0, 0, 0, 0, 0, 0, 0, 0, 0, 0, 0, 0, 0, 0, 0, 0, 0, 0, 0, 0, 0, 0, 0, 0, 0, 0, 0, 0, 0, 0, 0, 0, 0, 0, 0, 0, 0, 0, 0, 0, 0, 0, 0, 0, 0, 0, 0, 0, 0, 0, 0, 0, 0, 0, 0, 0, 0, 0, 0, 0, 0, 0, 0, 0, 0, 0, 0, 0, 0, 0, 0, 0, 0, 0, 0, 0, 0, 0, 0, 0, 0, 0, 0, 0, 0, 0, 0, 0, 0, 0, 0, 0, 0, 0, 0, 0, 0, 0, 0, 0, 0, 0, 0, 0, 0, 0, 0, 0, 0, 0, 0, 0, 0, 0, 0, 0, 0, 0, 0, 0, 0, 0, 0, 0, 0, 0, 0, 0, 0, 0, 0, 0, 0, 0, 0, 0, 0, 0, 0, 0, 0, 0, 0, 0, 0, 0, 0, 0, 0, 0, 0, 0, 0, 0, 0, 0, 0, 0, 0, 0, 0, 0, 0, 0, 0, 0, 0, 0, 0, 0, 0, 0, 0, 0, 0, 0, 0, 0, 0, 0, 0, 0, 0, 0, 0, 0, 0, 0, 0, 0, 0, 0, 0, 0, 0, 0, 0, 0, 0, 0, 0, 0, 0, 0, 0, 0, 0, 0, 0, 0, 0, 0, 0, 0, 0, 0, 0, 0, 0, 0, 0, 0, 0, 0, 0, 0, 0, 0, 0, 0, 0, 0, 0, 0, 0, 0, 0, 0, 0, 0, 0, 0, 0, 0, 0, 0, 0, 0, 0, 0, 0, 0, 0, 0, 0, 0, 0, 0, 0, 0, 0, 0, 0, 0, 0, 0, 0, 0, 0, 0, 0, 0, 0, 0, 0, 0, 0, 0, 0, 0, 0, 0, 0, 0, 0, 0, 0, 0, 0, 0, 0, 0, 0, 0, 0, 0, 0, 0, 0, 0, 0, 0, 0, 0, 0, 0, 0, 0, 0, 0, 0, 0, 0, 0, 0, 0, 0, 0, 0, 0, 0, 0, 0, 0, 0, 0, 0, 0, 0, 0, 0, 0, 0, 0, 0, 0, 0, 0, 0, 0, 0, 0, 0, 0, 0, 0, 0, 0, 0, 0, 0, 0, 0, 0, 0, 0, 0, 0, 0, 0, 0, 0, 0, 0, 0, 0, 0, 0, 0, 0, 0, 0, 0, 0, 0, 0, 0, 0, 0, 0, 0, 0, 0, 0, 0, 0, 0, 0, 0, 0, 0, 0, 0, 0, 0, 0, 0, 0, 0, 0, 0, 0, 0, 0, 0, 0, 0, 0, 0, 0, 0, 0, 0, 0, 0, 0, 0, 0, 0, 0, 0, 0, 0, 0, 0, 0, 0, 0, 0, 0, 0, 0, 0, 0, 0, 0, 0, 0, 0, 0, 0, 0, 0, 0, 0, 0, 0, 0, 0, 0, 0, 0, 0, 0, 0, 0, 0, 0, 0, 0, 0, 0, 0, 0, 0, 0, 0, 0, 0, 0, 0, 0, 0, 0, 0, 0, 0, 0, 0, 0, 0, 0, 0, 0, 0, 0, 0, 0, 0, 0, 0, 0, 0, 0, 0, 0, 0, 0, 0, 0, 0, 0, 0, 0, 0, 0, 0, 0, 0, 0, 0, 0, 0, 0, 0, 0, 0, 0, 0, 0, 0, 0, 0, 0, 0, 0, 0, 0, 0, 0, 0, 0, 0, 0, 0, 0, 0, 0, 0, 0, 0, 0, 0, 0, 0, 0, 0, 0, 0, 0, 0, 0, 0, 0, 0, 0, 0, 0, 0, 0, 0, 0, 0, 0, 0, 0, 0, 0, 0, 0, 0, 0, 0, 0, 0, 0, 0, 0, 0, 0, 0, 0, 0, 0, 0, 0, 0, 0, 0, 0, 0, 0, 0, 0, 0, 0, 0, 0, 0, 0, 0, 0, 0, 0, 0, 0, 0, 0, 0, 0, 0, 0, 0, 0, 0, 0, 0, 0, 0, 0, 0, 0, 0, 0, 0, 0, 0, 0, 0, 0, 0, 0, 0, 0, 0, 0, 0, 0, 0, 0, 0, 0, 0, 0, 0, 0, 0, 0, 0, 0, 0, 0, 0, 0, 0, 0, 0, 0, 0, 0, 0, 0, 0, 0, 0, 0, 0, 0, 0, 0, 0, 0, 0, 0, 0, 0, 0, 0, 0, 0, 0, 0, 0, 0, 0, 0, 0, 0, 0, 0, 0, 0, 0, 0, 0, 0, 0, 0, 0, 0, 0, 0, 0, 0, 0, 0, 0, 0, 0, 0, 0, 0, 0, 0, 0, 0, 0, 0, 0, 0, 0, 0, 0, 0, 0, 0, 0, 0, 0, 0, 0, 0, 0, 0, 0, 0, 0, 0, 0, 0, 0, 0, 0, 0, 0, 0, 0, 0, 0, 0, 0, 0, 0, 0, 0, 0, 0, 0, 0, 0, 0, 0, 0, 0, 0, 0, 0, 0, 0, 0, 0, 0, 0, 0, 0, 0, 0, 0, 0, 0, 0, 0, 0, 0, 0, 0, 0, 0, 0, 0, 0, 0, 0, 0, 0, 0, 0, 0, 0, 0, 0, 0, 0, 0, 0, 0, 0, 0, 0, 0, 0, 0, 0, 0, 0, 0, 0, 0, 0, 0, 0, 0, 0, 0, 0, 0, 0, 0, 0, 0, 0, 0, 0, 0, 0, 0, 0, 0, 0, 0, 0, 0, 0, 0, 0, 0, 0, 0, 0, 0, 0, 0, 0, 0, 0, 0, 0, 0, 0, 0, 0, 0, 0, 0, 0, 0, 0, 0, 0, 0, 0, 0, 0, 0, 0, 0, 0, 0, 0, 0, 0, 0, 0, 0, 0, 0, 0, 0, 0, 0, 0, 0, 0, 0, 0, 0, 0, 0, 0, 0, 0, 0, 0, 0, 0, 0, 0, 0, 0, 0, 0, 0, 0, 0, 0, 0, 0, 0, 0, 0, 0, 0, 0, 0, 0, 0, 0, 0, 0, 0, 0, 0, 0, 0, 0, 0, 0, 0, 0, 0, 0, 0, 0, 0, 0, 0, 0, 0, 0, 0, 0, 0, 0, 0, 0, 0, 0, 0, 0, 0, 0, 0, 0, 0, 0, 0, 0, 0, 0, 0, 0, 0, 0, 0, 0, 0, 0, 0, 0, 0, 0, 0, 0, 0, 0, 0, 0, 0, 0, 0, 0, 0, 0, 0, 0, 0, 0, 0, 0, 0, 0, 0, 0, 0, 0, 0, 0, 0, 0, 0, 0, 0, 0, 0, 0, 0, 0, 0, 0, 0, 0, 0, 0, 0, 0, 0, 0, 0, 0, 0, 0, 0, 0, 0, 0, 0, 0, 0, 0, 0, 0, 0, 0, 0, 0, 0, 0, 0, 0, 0, 0, 0, 0, 0, 0, 0, 0, 0, 0, 1, 1, 1, 1, 1, 1, 1, 1, 1, 1, 1, 1, 1, 1, 1, 1, 1, 1, 1, 1, 1, 1, 1, 1, 1, 1, 1, 1, 1, 1, 1, 1, 1, 1, 1, 1, 1, 1, 1, 1, 1, 1, 1, 1, 1, 1, 1, 1, 1, 1, 1, 1, 1, 1, 1, 1, 1, 1, 1, 1, 1, 1, 1, 1, 1, 1, 1, 1, 1, 1, 1, 1, 1, 1, 1, 1, 1, 1, 1, 1, 1, 1, 1, 1, 1, 1, 1, 1, 1, 1, 1, 1, 1, 1, 1, 1, 1, 1, 1, 1, 1, 1, 1, 1, 1, 1, 1, 1, 1, 1, 1, 1, 1, 1, 1, 1, 1, 1, 1, 1, 1, 1, 1, 1, 1, 1, 1, 1, 1, 1, 1, 1, 1, 1, 1, 1, 1, 1, 1, 1, 1, 1, 1, 1, 1, 1, 1, 1, 1, 1, 1, 1, 1, 1, 1, 1, 1, 1, 1, 1, 1, 1, 1, 1, 1, 1, 1, 1, 1, 1, 1, 1, 1, 1, 1, 1, 1, 1, 1, 1, 1, 1, 1, 1, 1, 1, 1, 1, 1, 1, 1, 1, 1, 1, 1, 1, 1, 1, 1, 1, 1, 1, 1, 1, 1, 1, 1, 1, 1, 1, 1, 1, 1, 1, 1, 1, 1, 1, 1, 1, 1, 1, 1, 1, 1, 1, 1, 1, 1, 1, 1, 1, 1, 1, 1, 1, 1, 1, 1, 1, 1, 1, 1, 1, 1, 1, 1, 1, 1, 1, 1, 1, 1, 1, 1, 1, 1, 1, 1, 1, 1, 1, 1, 1, 1, 1, 1, 1, 1, 1, 1, 1, 1, 1, 1, 1, 1, 1, 1, 1, 1, 1, 1, 1, 1, 1, 1, 1, 1, 1, 1, 1, 1, 1, 1, 1, 1, 1, 1, 1, 1, 1, 1, 1, 1, 1, 1, 1, 1, 1, 1, 1, 1, 1, 1, 1, 1, 1, 1, 1, 1, 1, 1, 1, 1, 1, 1, 1, 1, 1, 1, 1, 1, 1, 1, 1, 1, 1, 1, 1, 1, 1, 1, 1, 1, 1, 1, 1, 1, 1, 1, 1, 1, 1, 1, 1, 1, 1, 1, 1, 1, 1, 1, 1, 1, 1, 1, 1, 1, 1, 1, 1, 1, 1, 1, 1, 1, 1, 1, 1, 1, 1, 1, 1, 1, 1, 1, 1, 1, 1, 1, 1, 1, 1, 1, 1, 1, 1, 1, 1, 1, 1, 1, 1, 1, 1, 1, 1, 1, 1, 1, 1, 1, 1, 1, 1, 1, 1, 1, 1, 1, 1, 1, 1, 1, 1, 1, 1, 1, 1, 1, 1, 1, 1, 1, 1, 1, 1, 1, 1, 1, 1, 1, 1, 1, 1, 1, 1, 1, 1, 1, 1, 1, 1, 1, 1, 1, 1, 1, 1, 1, 1, 1, 1, 1, 1, 1, 1, 1, 1, 1, 1, 1, 1, 1, 1, 1, 1, 1, 1, 1, 1, 1, 1, 1, 1, 1, 1, 1, 1, 1, 1, 1, 1, 1, 1, 1, 1, 1, 1, 1, 1, 1, 1, 1, 1, 1, 1, 1, 1, 1, 1, 1, 1, 1, 1, 1, 1, 1, 1, 1, 1, 1, 1, 1, 1, 1, 1, 1, 1, 1, 1, 1, 1, 1, 1, 1, 1, 1, 1, 1, 1, 1, 1, 1, 1, 1, 1, 1, 1, 1, 1, 1, 1, 1, 1, 1, 1, 1, 1, 1, 1, 1, 1, 1, 1, 1, 1, 1, 1, 1, 1, 1, 1, 1, 1, 1, 1, 1, 1, 1, 1, 1, 1, 1, 1, 1, 1, 1, 1, 1, 1, 1, 1, 1, 1, 1, 1, 1, 1, 1, 1, 1, 1, 1, 1, 1, 1, 1, 1, 1, 1, 1, 1, 1, 1, 1, 1, 1, 1, 1, 1, 1, 1, 1, 1, 1, 1, 1, 1, 1, 1, 1, 1, 1, 1, 1, 1, 1, 1, 1, 1, 1, 1, 1, 1, 1, 1, 1, 1, 1, 1, 1, 1, 1, 1, 1, 1, 1, 1, 1, 1, 1, 1, 1, 1, 1, 1, 1, 1, 1, 1, 1, 1, 1, 1, 1, 1, 1, 1, 1, 1, 1, 1, 1, 1, 1, 1, 1, 1, 1, 1, 1, 1, 1, 1, 1, 1, 1, 1, 1, 1, 1, 1, 1, 1, 1, 1, 1, 1, 1, 1, 1, 1, 1, 1, 1, 1, 1, 1, 1, 1, 1, 1, 1, 1, 1, 1, 1, 1, 1, 1, 1, 1, 1, 1, 1, 1, 1, 1, 1, 1, 1, 1, 1, 1, 1, 1, 1, 1, 1, 1, 1, 1, 1, 1, 1, 1, 1, 1, 1, 1, 1, 1, 1, 1, 1, 1, 1, 1, 1, 1, 1, 1, 1, 1, 1, 1, 1, 1, 1, 1, 1, 1, 1, 1, 1, 1, 1, 1, 1, 1, 1, 1, 1, 1, 1, 1, 1, 1, 1, 1, 1, 1, 1, 1, 1, 1, 1, 1, 1, 1, 1, 1, 1, 1, 1, 1, 1, 1, 1, 1, 1, 1, 1, 1, 1, 1, 1, 1, 1, 1, 1, 1, 1, 1, 1, 1, 1, 1, 1, 1, 1, 1, 1, 1, 1, 1, 1, 1, 1, 1, 1, 1, 1, 1, 1, 1, 1, 1, 1, 1, 1, 1, 1, 1, 1, 1, 1, 1, 1, 1, 1, 1, 1, 1, 1, 1, 1, 1, 1, 1, 1, 1, 1, 1, 1, 1, 1, 1, 1, 1, 1, 1, 1, 1, 1, 1, 1, 1, 1, 1, 1, 1, 1, 1, 1, 1, 1, 1, 1, 1, 1, 1, 1, 1, 1, 1, 1, 1, 1, 1, 1, 1, 1, 1, 1, 1, 1, 1, 1, 1, 1, 1, 1, 1, 1, 1, 1, 1, 1, 1, 1, 1, 1, 1, 1, 1, 1, 1, 1, 1, 1, 1, 1, 1, 1, 1, 1, 1, 1, 1, 1, 1, 1, 1, 1, 1, 1, 1, 1, 1, 1, 1, 1, 1, 1, 1, 1, 1, 1, 1, 1, 1, 1, 1, 1, 1, 1, 1, 1, 1, 1, 1, 1, 1, 1, 1]

y_pred=[0.0, 0.0, 1.0, 0.0, 1.0, 0.0, 1.0, 1.0, 0.0, 1.0, 0.0, 0.0, 1.0, 0.0, 0.0, 1.0, 1.0, 0.0, 1.0, 0.0, 0.0, 1.0, 0.0, 0.0, 1.0, 1.0, 0.0, 0.0, 1.0, 0.0, 1.0, 0.0, 0.0, 1.0, 0.0, 0.0, 0.0, 1.0, 0.0, 1.0, 0.0, 0.0, 0.0, 0.0, 1.0, 0.0, 1.0, 0.0, 1.0, 0.0, 1.0, 1.0, 1.0, 0.0, 0.0, 0.0, 1.0, 0.0, 0.0, 1.0, 1.0, 0.0, 0.0, 1.0, 1.0, 0.0, 0.0, 1.0, 0.0, 0.0, 0.0, 0.0, 1.0, 1.0, 0.0, 1.0, 1.0, 0.0, 1.0, 1.0, 0.0, 0.0, 0.0, 0.0, 1.0, 1.0, 1.0, 1.0, 0.0, 1.0, 0.0, 0.0, 1.0, 1.0, 1.0, 1.0, 1.0, 0.0, 1.0, 1.0, 0.0, 1.0, 1.0, 0.0, 0.0, 0.0, 0.0, 1.0, 1.0, 0.0, 1.0, 0.0, 1.0, 0.0, 1.0, 1.0, 1.0, 1.0, 0.0, 1.0, 1.0, 1.0, 0.0, 0.0, 0.0, 1.0, 0.0, 0.0, 0.0, 1.0, 1.0, 0.0, 0.0, 0.0, 1.0, 1.0, 1.0, 0.0, 0.0, 0.0, 0.0, 0.0, 1.0, 1.0, 0.0, 0.0, 0.0, 1.0, 1.0, 1.0, 1.0, 1.0, 1.0, 0.0, 1.0, 0.0, 0.0, 0.0, 0.0, 1.0, 1.0, 0.0, 0.0, 0.0, 1.0, 0.0, 0.0, 1.0, 0.0, 1.0, 1.0, 0.0, 0.0, 0.0, 0.0, 0.0, 0.0, 0.0, 0.0, 1.0, 0.0, 0.0, 0.0, 0.0, 0.0, 1.0, 1.0, 1.0, 0.0, 1.0, 0.0, 0.0, 0.0, 1.0, 1.0, 0.0, 1.0, 0.0, 1.0, 1.0, 1.0, 1.0, 0.0, 0.0, 0.0, 1.0, 0.0, 1.0, 0.0, 0.0, 1.0, 1.0, 1.0, 1.0, 1.0, 1.0, 1.0, 1.0, 0.0, 1.0, 1.0, 1.0, 0.0, 1.0, 1.0, 1.0, 1.0, 1.0, 0.0, 0.0, 1.0, 1.0, 1.0, 0.0, 0.0, 1.0, 0.0, 0.0, 0.0, 1.0, 1.0, 1.0, 0.0, 1.0, 1.0, 1.0, 0.0, 0.0, 1.0, 1.0, 0.0, 0.0, 0.0, 1.0, 1.0, 0.0, 1.0, 0.0, 0.0, 1.0, 0.0, 1.0, 1.0, 1.0, 0.0, 1.0, 0.0, 1.0, 1.0, 0.0, 1.0, 1.0, 0.0, 0.0, 1.0, 0.0, 1.0, 1.0, 1.0, 1.0, 0.0, 1.0, 0.0, 1.0, 0.0, 0.0, 0.0, 1.0, 1.0, 1.0, 0.0, 0.0, 0.0, 0.0, 0.0, 1.0, 0.0, 1.0, 0.0, 0.0, 0.0, 0.0, 1.0, 1.0, 1.0, 0.0, 1.0, 0.0, 0.0, 0.0, 1.0, 0.0, 1.0, 0.0, 0.0, 1.0, 1.0, 1.0, 1.0, 1.0, 0.0, 0.0, 0.0, 0.0, 1.0, 0.0, 0.0, 0.0, 0.0, 1.0, 0.0, 0.0, 0.0, 1.0, 0.0, 1.0, 1.0, 0.0, 0.0, 1.0, 0.0, 0.0, 1.0, 0.0, 1.0, 1.0, 1.0, 1.0, 0.0, 1.0, 1.0, 0.0, 1.0, 1.0, 0.0, 1.0, 1.0, 1.0, 0.0, 0.0, 1.0, 0.0, 0.0, 1.0, 0.0, 1.0, 0.0, 0.0, 1.0, 1.0, 0.0, 0.0, 1.0, 0.0, 1.0, 1.0, 1.0, 0.0, 1.0, 1.0, 0.0, 0.0, 0.0, 1.0, 1.0, 0.0, 0.0, 1.0, 0.0, 0.0, 0.0, 0.0, 1.0, 0.0, 1.0, 1.0, 1.0, 1.0, 0.0, 0.0, 1.0, 1.0, 0.0, 1.0, 1.0, 0.0, 1.0, 1.0, 1.0, 1.0, 1.0, 1.0, 1.0, 1.0, 1.0, 0.0, 1.0, 0.0, 0.0, 0.0, 1.0, 0.0, 0.0, 1.0, 0.0, 1.0, 1.0, 1.0, 1.0, 0.0, 1.0, 0.0, 1.0, 0.0, 0.0, 1.0, 0.0, 1.0, 1.0, 0.0, 0.0, 1.0, 1.0, 0.0, 0.0, 0.0, 0.0, 0.0, 1.0, 1.0, 1.0, 1.0, 1.0, 0.0, 1.0, 1.0, 1.0, 0.0, 1.0, 1.0, 1.0, 1.0, 0.0, 0.0, 1.0, 0.0, 0.0, 0.0, 0.0, 1.0, 1.0, 0.0, 1.0, 0.0, 1.0, 0.0, 0.0, 0.0, 1.0, 1.0, 1.0, 1.0, 0.0, 0.0, 0.0, 1.0, 0.0, 0.0, 0.0, 0.0, 1.0, 1.0, 0.0, 0.0, 0.0, 1.0, 0.0, 1.0, 1.0, 0.0, 1.0, 1.0, 1.0, 0.0, 1.0, 0.0, 0.0, 0.0, 0.0, 1.0, 0.0, 0.0, 0.0, 1.0, 0.0, 1.0, 1.0, 0.0, 1.0, 1.0, 0.0, 1.0, 0.0, 0.0, 0.0, 0.0, 1.0, 0.0, 1.0, 1.0, 1.0, 1.0, 0.0, 0.0, 0.0, 0.0, 1.0, 1.0, 1.0, 0.0, 0.0, 1.0, 1.0, 1.0, 0.0, 0.0, 1.0, 0.0, 0.0, 1.0, 0.0, 1.0, 1.0, 1.0, 1.0, 0.0, 0.0, 1.0, 1.0, 0.0, 0.0, 1.0, 1.0, 1.0, 0.0, 1.0, 0.0, 0.0, 1.0, 0.0, 0.0, 0.0, 1.0, 1.0, 1.0, 0.0, 0.0, 0.0, 1.0, 1.0, 0.0, 0.0, 1.0, 0.0, 1.0, 0.0, 0.0, 0.0, 0.0, 0.0, 1.0, 1.0, 1.0, 1.0, 1.0, 0.0, 1.0, 1.0, 1.0, 0.0, 1.0, 0.0, 1.0, 1.0, 0.0, 0.0, 0.0, 1.0, 1.0, 0.0, 1.0, 1.0, 0.0, 0.0, 0.0, 1.0, 0.0, 0.0, 1.0, 0.0, 1.0, 0.0, 0.0, 0.0, 1.0, 0.0, 0.0, 0.0, 0.0, 1.0, 0.0, 1.0, 1.0, 0.0, 0.0, 0.0, 0.0, 1.0, 0.0, 1.0, 0.0, 0.0, 0.0, 1.0, 0.0, 0.0, 1.0, 0.0, 1.0, 1.0, 1.0, 0.0, 1.0, 1.0, 0.0, 0.0, 1.0, 1.0, 1.0, 1.0, 0.0, 1.0, 0.0, 0.0, 0.0, 0.0, 0.0, 0.0, 0.0, 0.0, 1.0, 1.0, 0.0, 1.0, 1.0, 0.0, 1.0, 1.0, 0.0, 0.0, 1.0, 0.0, 0.0, 0.0, 1.0, 1.0, 1.0, 0.0, 0.0, 0.0, 1.0, 0.0, 0.0, 0.0, 0.0, 0.0, 1.0, 0.0, 1.0, 1.0, 1.0, 0.0, 0.0, 0.0, 0.0, 1.0, 1.0, 1.0, 1.0, 1.0, 0.0, 1.0, 1.0, 1.0, 0.0, 1.0, 1.0, 0.0, 0.0, 1.0, 1.0, 0.0, 0.0, 0.0, 0.0, 1.0, 0.0, 1.0, 1.0, 0.0, 0.0, 1.0, 1.0, 1.0, 1.0, 0.0, 0.0, 1.0, 0.0, 0.0, 0.0, 0.0, 0.0, 0.0, 0.0, 0.0, 1.0, 0.0, 1.0, 1.0, 0.0, 0.0, 0.0, 0.0, 1.0, 0.0, 1.0, 1.0, 0.0, 1.0, 1.0, 1.0, 0.0, 1.0, 0.0, 1.0, 1.0, 0.0, 1.0, 1.0, 0.0, 1.0, 1.0, 1.0, 1.0, 0.0, 0.0, 1.0, 0.0, 0.0, 0.0, 0.0, 0.0, 0.0, 1.0, 0.0, 0.0, 0.0, 0.0, 1.0, 1.0, 1.0, 1.0, 0.0, 1.0, 1.0, 1.0, 1.0, 0.0, 0.0, 0.0, 1.0, 0.0, 1.0, 1.0, 1.0, 0.0, 1.0, 0.0, 0.0, 1.0, 1.0, 1.0, 1.0, 1.0, 0.0, 1.0, 0.0, 0.0, 1.0, 0.0, 1.0, 1.0, 1.0, 0.0, 1.0, 0.0, 0.0, 0.0, 1.0, 0.0, 0.0, 0.0, 0.0, 0.0, 1.0, 0.0, 1.0, 0.0, 0.0, 0.0, 1.0, 1.0, 0.0, 0.0, 0.0, 1.0, 0.0, 0.0, 0.0, 1.0, 1.0, 1.0, 0.0, 1.0, 0.0, 0.0, 0.0, 1.0, 0.0, 0.0, 1.0, 1.0, 0.0, 1.0, 1.0, 0.0, 0.0, 0.0, 0.0, 0.0, 1.0, 1.0, 0.0, 0.0, 1.0, 0.0, 1.0, 0.0, 1.0, 1.0, 0.0, 0.0, 0.0, 0.0, 0.0, 0.0, 1.0, 0.0, 1.0, 0.0, 1.0, 1.0, 1.0, 0.0, 1.0, 0.0, 0.0, 0.0, 0.0, 0.0, 0.0, 0.0, 1.0, 0.0, 0.0, 0.0, 0.0, 1.0, 0.0, 0.0, 0.0, 1.0, 1.0, 1.0, 1.0, 1.0, 1.0, 1.0, 1.0, 0.0, 1.0, 1.0, 0.0, 1.0, 0.0, 0.0, 1.0, 1.0, 1.0, 0.0, 0.0, 0.0, 0.0, 1.0, 0.0, 1.0, 0.0, 1.0, 0.0, 1.0, 0.0, 0.0, 1.0, 1.0, 1.0, 0.0, 0.0, 0.0, 0.0, 0.0, 1.0, 1.0, 0.0, 1.0, 0.0, 0.0, 1.0, 0.0, 1.0, 0.0, 1.0, 0.0, 0.0, 1.0, 0.0, 0.0, 1.0, 1.0, 0.0, 1.0, 1.0, 1.0, 0.0, 0.0, 0.0, 1.0, 0.0, 0.0, 0.0, 0.0, 0.0, 0.0, 0.0, 0.0, 0.0, 1.0, 0.0, 1.0, 0.0, 0.0, 1.0, 1.0, 0.0, 0.0, 0.0, 0.0, 0.0, 1.0, 1.0, 0.0, 0.0, 1.0, 0.0, 1.0, 1.0, 1.0, 0.0, 1.0, 1.0, 0.0, 1.0, 1.0, 0.0, 1.0, 0.0, 0.0, 1.0, 1.0, 0.0, 0.0, 1.0, 1.0, 1.0, 1.0, 1.0, 0.0, 1.0, 0.0, 0.0, 1.0, 0.0, 0.0, 0.0, 0.0, 1.0, 1.0, 1.0, 1.0, 0.0, 0.0, 1.0, 0.0, 1.0, 0.0, 0.0, 1.0, 1.0, 1.0, 1.0, 0.0, 1.0, 1.0, 0.0, 0.0, 1.0, 0.0, 1.0, 1.0, 0.0, 1.0, 0.0, 1.0, 1.0, 0.0, 1.0, 1.0, 0.0, 0.0, 0.0, 1.0, 0.0, 1.0, 0.0, 1.0, 0.0, 1.0, 1.0, 1.0, 1.0, 0.0, 0.0, 0.0, 1.0, 1.0, 0.0, 0.0, 0.0, 0.0, 0.0, 1.0, 1.0, 0.0, 1.0, 1.0, 0.0, 0.0, 1.0, 1.0, 1.0, 0.0, 0.0, 1.0, 0.0, 0.0, 0.0, 0.0, 1.0, 1.0, 1.0, 1.0, 0.0, 0.0, 1.0, 0.0, 1.0, 0.0, 0.0, 1.0, 1.0, 1.0, 0.0, 1.0, 0.0, 0.0, 0.0, 1.0, 0.0, 0.0, 1.0, 0.0, 0.0, 0.0, 0.0, 1.0, 0.0, 1.0, 0.0, 0.0, 1.0, 0.0, 0.0, 0.0, 1.0, 0.0, 0.0, 1.0, 0.0, 1.0, 1.0, 1.0, 1.0, 0.0, 0.0, 0.0, 0.0, 0.0, 0.0, 1.0, 0.0, 0.0, 0.0, 0.0, 0.0, 0.0, 0.0, 1.0, 1.0, 0.0, 0.0, 1.0, 1.0, 0.0, 1.0, 0.0, 1.0, 0.0, 0.0, 1.0, 0.0, 0.0, 1.0, 0.0, 1.0, 0.0, 0.0, 1.0, 1.0, 1.0, 0.0, 1.0, 1.0, 1.0, 1.0, 1.0, 1.0, 0.0, 0.0, 0.0, 1.0, 0.0, 0.0, 1.0, 1.0, 0.0, 0.0, 1.0, 1.0, 0.0, 0.0, 1.0, 1.0, 1.0, 1.0, 1.0, 0.0, 0.0, 0.0, 0.0, 0.0, 0.0, 0.0, 0.0, 0.0, 1.0, 0.0, 1.0, 1.0, 0.0, 0.0, 0.0, 0.0, 1.0, 1.0, 0.0, 0.0, 0.0, 1.0, 0.0, 0.0, 1.0, 1.0, 0.0, 1.0, 1.0, 1.0, 0.0, 0.0, 0.0, 0.0, 1.0, 0.0, 0.0, 0.0, 0.0, 0.0, 1.0, 0.0, 0.0, 1.0, 0.0, 1.0, 1.0, 0.0, 1.0, 0.0, 1.0, 1.0, 0.0, 0.0, 1.0, 0.0, 0.0, 0.0, 1.0, 0.0, 0.0, 0.0, 1.0, 0.0, 1.0, 0.0, 1.0, 0.0, 1.0, 1.0, 0.0, 1.0, 0.0, 0.0, 1.0, 0.0, 1.0, 1.0, 1.0, 0.0, 0.0, 1.0, 0.0, 1.0, 1.0, 0.0, 1.0, 0.0, 1.0, 1.0, 0.0, 0.0, 0.0, 1.0, 0.0, 1.0, 1.0, 0.0, 0.0, 0.0, 1.0, 1.0, 0.0, 0.0, 0.0, 0.0, 0.0, 0.0, 0.0, 0.0, 0.0, 0.0, 1.0, 0.0, 0.0, 1.0, 1.0, 1.0, 1.0, 1.0, 1.0, 1.0, 1.0, 1.0, 0.0, 0.0, 1.0, 1.0, 0.0, 0.0, 0.0, 1.0, 1.0, 1.0, 0.0, 1.0, 1.0, 1.0, 0.0, 1.0, 1.0, 0.0, 1.0, 0.0, 1.0, 1.0, 1.0, 0.0, 1.0, 1.0, 0.0, 0.0, 0.0, 1.0, 0.0, 1.0, 0.0, 1.0, 1.0, 1.0, 0.0, 1.0, 0.0, 0.0, 1.0, 0.0, 0.0, 0.0, 0.0, 1.0, 1.0, 0.0, 1.0, 1.0, 1.0, 0.0, 0.0, 0.0, 1.0, 1.0, 0.0, 0.0, 0.0, 0.0, 1.0, 0.0, 1.0, 0.0, 0.0, 1.0, 0.0, 0.0, 0.0, 1.0, 1.0, 0.0, 1.0, 0.0, 1.0, 1.0, 1.0, 1.0, 0.0, 1.0, 0.0, 0.0, 0.0, 1.0, 0.0, 0.0, 1.0, 1.0, 0.0, 0.0, 1.0, 1.0, 1.0, 1.0, 0.0, 0.0, 0.0, 1.0, 1.0, 1.0, 1.0, 1.0, 1.0, 0.0, 0.0, 0.0, 1.0, 0.0, 0.0, 0.0, 1.0, 0.0, 0.0, 0.0, 1.0, 0.0, 0.0, 1.0, 1.0, 1.0, 0.0, 0.0, 1.0, 0.0, 1.0, 0.0, 1.0, 1.0, 0.0, 1.0, 0.0, 0.0, 1.0, 1.0, 0.0, 0.0, 1.0, 1.0, 0.0, 1.0, 1.0, 0.0, 1.0, 1.0, 0.0, 1.0, 0.0, 1.0, 1.0, 0.0, 1.0, 1.0, 0.0, 1.0, 0.0, 1.0, 1.0, 0.0, 1.0, 1.0, 1.0, 1.0, 1.0, 0.0, 1.0, 1.0, 1.0, 0.0, 1.0, 0.0, 1.0, 1.0, 0.0, 0.0, 1.0, 1.0, 1.0, 0.0, 1.0, 1.0, 1.0, 0.0, 0.0, 0.0, 1.0, 1.0, 1.0, 1.0, 0.0, 0.0, 1.0, 0.0, 0.0, 1.0, 1.0, 1.0, 1.0, 1.0, 0.0, 0.0, 1.0, 1.0, 1.0, 1.0, 1.0, 1.0, 1.0, 0.0, 0.0, 1.0, 0.0, 1.0, 0.0, 1.0, 0.0, 0.0, 1.0, 1.0, 1.0, 0.0, 0.0, 0.0, 1.0, 1.0, 1.0, 0.0, 1.0, 0.0, 1.0, 1.0, 1.0, 1.0, 1.0, 1.0, 0.0, 0.0, 1.0, 0.0, 0.0, 0.0, 1.0, 0.0, 1.0, 1.0, 1.0, 0.0, 1.0, 0.0, 0.0, 1.0, 0.0, 0.0, 1.0, 0.0, 0.0, 1.0, 0.0, 0.0, 0.0, 0.0, 0.0, 0.0, 1.0, 1.0, 1.0, 1.0, 1.0, 1.0, 0.0, 1.0, 0.0, 1.0, 1.0, 0.0, 0.0, 1.0, 1.0, 1.0, 0.0, 1.0, 0.0, 1.0, 0.0, 0.0, 1.0, 0.0, 1.0, 1.0, 1.0, 0.0, 0.0, 0.0, 1.0, 0.0, 0.0, 0.0, 0.0, 0.0, 1.0, 1.0, 1.0, 0.0, 0.0, 1.0, 1.0, 1.0, 1.0, 1.0, 1.0, 1.0, 1.0, 0.0, 0.0, 0.0, 0.0, 0.0, 1.0, 0.0, 0.0, 1.0, 1.0, 0.0, 1.0, 0.0, 1.0, 1.0, 1.0, 0.0, 0.0, 1.0, 1.0, 1.0, 1.0, 0.0, 1.0, 0.0, 1.0, 0.0, 1.0, 0.0, 0.0, 1.0, 0.0, 0.0, 0.0, 1.0, 1.0, 1.0, 0.0, 1.0, 1.0, 0.0, 1.0, 1.0, 0.0, 0.0, 0.0, 0.0, 0.0, 1.0, 1.0, 0.0, 1.0, 1.0, 1.0, 0.0, 0.0, 1.0, 1.0, 0.0, 0.0, 1.0, 1.0, 1.0, 0.0, 1.0, 0.0, 1.0, 1.0, 1.0, 1.0, 0.0, 0.0, 0.0, 0.0, 1.0, 0.0, 0.0, 1.0, 1.0, 0.0, 1.0, 1.0, 0.0, 1.0, 0.0, 1.0, 0.0, 0.0, 1.0, 0.0, 0.0, 0.0, 1.0, 1.0, 1.0, 0.0, 1.0, 0.0, 1.0, 0.0, 1.0, 0.0, 0.0, 1.0, 0.0, 1.0, 0.0, 1.0, 1.0, 1.0, 1.0, 0.0, 0.0, 1.0, 0.0, 0.0, 1.0, 0.0, 1.0, 1.0, 1.0, 1.0, 1.0, 0.0, 1.0, 1.0, 0.0, 1.0, 0.0, 0.0, 1.0, 1.0, 0.0, 0.0, 1.0, 0.0, 0.0, 0.0, 1.0, 1.0, 0.0, 1.0, 1.0, 1.0, 1.0, 0.0, 1.0, 1.0, 0.0, 1.0, 1.0, 0.0, 1.0, 0.0, 1.0, 0.0, 1.0, 0.0, 1.0, 1.0, 1.0, 0.0, 0.0, 0.0, 1.0, 1.0, 0.0, 0.0, 0.0, 0.0, 0.0, 0.0, 0.0, 0.0, 0.0, 0.0, 1.0, 0.0, 0.0, 0.0, 0.0, 0.0, 0.0, 1.0, 1.0, 0.0, 0.0, 0.0, 0.0, 0.0, 1.0, 1.0, 0.0, 1.0, 0.0, 1.0, 0.0, 1.0, 1.0, 0.0, 0.0, 1.0, 0.0, 0.0, 0.0, 1.0, 0.0, 1.0, 1.0, 1.0, 1.0, 1.0, 0.0, 1.0, 1.0, 1.0, 1.0, 0.0, 1.0, 1.0, 0.0, 0.0, 0.0, 0.0, 1.0, 0.0, 0.0, 0.0, 0.0, 1.0, 0.0, 0.0, 1.0, 0.0, 1.0, 1.0, 1.0, 0.0, 1.0, 1.0, 1.0, 0.0, 0.0, 0.0, 1.0, 0.0, 0.0, 0.0, 1.0, 1.0, 1.0, 0.0, 0.0, 0.0, 0.0, 1.0, 0.0, 0.0, 0.0, 0.0, 0.0, 1.0, 1.0, 0.0, 1.0, 0.0, 1.0, 0.0, 0.0, 1.0, 1.0, 1.0, 0.0, 1.0, 0.0, 0.0, 0.0, 0.0, 1.0, 0.0, 0.0, 0.0, 0.0, 0.0, 0.0, 1.0, 1.0, 1.0, 0.0, 1.0, 1.0, 0.0, 0.0, 0.0, 0.0, 0.0, 1.0, 0.0, 1.0, 0.0, 1.0, 1.0, 1.0, 0.0, 1.0, 0.0, 1.0, 1.0, 1.0, 1.0, 1.0, 1.0, 1.0, 1.0, 0.0, 1.0, 0.0, 1.0, 0.0, 0.0, 1.0, 0.0, 1.0, 0.0, 0.0, 1.0, 0.0, 1.0, 1.0, 1.0, 0.0, 0.0, 0.0, 1.0, 0.0, 0.0, 1.0, 1.0, 0.0, 0.0, 0.0, 0.0, 0.0, 1.0, 1.0, 1.0, 0.0, 1.0, 1.0, 1.0, 0.0, 1.0, 1.0, 0.0, 1.0, 1.0, 0.0, 1.0, 0.0, 1.0, 1.0, 0.0, 0.0, 1.0, 0.0, 1.0, 0.0, 1.0, 0.0, 1.0, 0.0, 1.0, 0.0, 1.0, 1.0, 1.0, 1.0, 1.0, 1.0, 1.0, 0.0, 0.0, 1.0, 1.0, 0.0, 1.0, 0.0, 0.0, 1.0, 0.0, 0.0, 1.0, 1.0, 0.0, 1.0, 0.0, 0.0, 0.0, 0.0, 1.0, 0.0, 0.0, 0.0, 0.0, 1.0, 1.0, 0.0, 0.0, 0.0, 0.0, 1.0, 1.0, 0.0, 0.0, 0.0, 0.0, 1.0, 0.0, 0.0, 0.0, 1.0, 0.0, 1.0, 1.0, 0.0, 0.0, 1.0, 1.0, 0.0, 0.0, 0.0, 1.0, 1.0, 0.0, 0.0, 0.0, 0.0, 1.0, 1.0, 0.0, 1.0, 0.0, 1.0, 0.0, 1.0, 0.0, 0.0, 1.0, 0.0, 0.0, 1.0, 0.0, 0.0, 1.0, 1.0, 1.0, 0.0, 0.0, 1.0, 1.0, 1.0, 0.0, 0.0, 1.0, 1.0, 1.0, 0.0, 1.0, 1.0, 1.0, 1.0, 1.0, 1.0, 1.0, 0.0, 1.0, 0.0, 0.0, 1.0, 1.0, 1.0, 1.0, 1.0, 0.0, 0.0, 0.0, 0.0, 1.0, 0.0, 0.0, 1.0, 0.0, 1.0, 0.0, 1.0, 0.0, 1.0, 0.0, 1.0, 1.0, 1.0, 1.0, 0.0, 0.0, 0.0, 1.0, 1.0, 0.0, 1.0, 0.0, 1.0, 0.0, 1.0, 1.0, 0.0, 0.0, 0.0, 1.0, 0.0, 1.0, 0.0, 0.0, 1.0, 0.0, 0.0, 0.0, 0.0, 1.0, 0.0, 0.0, 1.0, 1.0, 1.0, 1.0, 0.0, 1.0, 0.0, 1.0, 0.0, 0.0, 1.0, 1.0, 0.0, 0.0, 1.0, 1.0, 0.0, 1.0, 0.0, 0.0, 0.0, 1.0, 1.0, 0.0, 1.0, 1.0, 1.0, 1.0, 0.0, 1.0, 1.0, 1.0, 1.0, 0.0, 1.0, 0.0, 1.0, 1.0, 1.0, 1.0, 0.0, 0.0, 1.0, 1.0, 0.0, 0.0, 0.0, 0.0, 0.0, 1.0, 0.0, 1.0, 0.0, 1.0, 1.0, 0.0, 1.0, 1.0, 1.0, 0.0, 1.0, 0.0, 0.0, 1.0, 0.0, 0.0, 0.0, 0.0, 0.0, 1.0, 1.0, 0.0, 1.0, 1.0, 0.0, 0.0, 1.0, 1.0, 1.0, 0.0, 1.0, 1.0, 0.0, 0.0, 1.0, 1.0, 1.0, 0.0, 1.0, 1.0, 0.0, 0.0, 0.0, 0.0, 1.0, 0.0, 1.0, 0.0, 0.0, 0.0, 0.0, 1.0, 0.0, 0.0, 0.0, 1.0, 1.0, 0.0, 1.0, 0.0, 1.0, 1.0, 1.0, 0.0, 0.0, 0.0, 0.0, 1.0, 0.0, 1.0, 0.0, 1.0, 0.0, 1.0, 1.0, 1.0, 1.0, 1.0, 0.0, 0.0, 1.0, 1.0, 1.0, 1.0, 0.0, 1.0, 0.0, 1.0, 1.0, 0.0, 0.0, 0.0, 0.0, 1.0, 0.0, 0.0, 0.0, 1.0, 1.0, 0.0, 1.0, 1.0, 1.0, 1.0, 1.0, 0.0, 0.0, 0.0, 0.0, 1.0, 1.0, 1.0, 0.0, 1.0, 0.0, 1.0, 0.0, 0.0, 0.0, 1.0, 0.0, 1.0, 0.0, 0.0, 1.0, 1.0, 0.0, 1.0]
\score={0: [0.10873004794120789, 0.10765738498706084, 0.10934518724679947, 0.1084193728864193, 0.10886065203409928, 0.10841363358000915, 0.10887165491779645, 0.10906470908472936, 0.10857290144150074, 0.10968845540826971, 0.10814223438501358, 0.10770562539498012, 0.10955991844336192, 0.10849978427092234, 0.10794693270796224, 0.10917613201815149, 0.10937082348391414, 0.1081418984315612, 0.10882606703255858, 0.10866964608430862, 0.10863660614598881, 0.10960993983528831, 0.10810306833850013, 0.1085771531576202, 0.10884406447410583, 0.10903915725648403, 0.1085104160919422, 0.10852041436980168, 0.10923663614427342, 0.10861968711532395, 0.10881614277050608, 0.10875575445019282, 0.10863586302314486, 0.10891408819173064, 0.10854073733091354, 0.10863513002792995, 0.1084182932972908, 0.10992082015231804, 0.10862213745713234, 0.10925742930599622, 0.10827313206697765, 0.10847121534439233, 0.10790217613301627, 0.1086599433963949, 0.10905852106710275, 0.10843729674816131, 0.10885751356438893, 0.10805832807506834, 0.10943643227219582, 0.10831618640157911, 0.10898776166141033, 0.10911772698163986, 0.10920065912333402, 0.10863119980384564, 0.10829817280173301, 0.10865105954664094, 0.10878641330278836, 0.10828026640228927, 0.10744755417108535, 0.10915880299666349, 0.10888617858290672, 0.10842874211569627, 0.10851817089132965, 0.1095021441578865, 0.1093503214418888, 0.10867061127315868, 0.10859124436974525, 0.11041819981553337, 0.10847157102666403, 0.10866345167160034, 0.10867049612782219, 0.10861603717009226, 0.10895873137094357, 0.10920236110687256, 0.1086480125784874, 0.10888729670218059, 0.1090924353338778, 0.1081789651264747, 0.10971836331817839, 0.10904785956848752, 0.10857554429616684, 0.10780309264858563, 0.1085358749736439, 0.10821615616160055, 0.10947885020421101, 0.10885933703846401, 0.10931949400239521, 0.10934613645076752, 0.10867566440035314, 0.10929516889154911, 0.10840812573830287, 0.10856718197464943, 0.10942252104481061, 0.1089424831849156, 0.11030210852622986, 0.10908531970702685, 0.10962586104869843, 0.10843630700275816, 0.10912235998190366, 0.10915510153228586, 0.10842953668907285, 0.1089213564991951, 0.1094907557964325, 0.10872331962865942, 0.1083327511118518, 0.10793586554271835, 0.10849705260867874, 0.10901770796978248, 0.10964371378605182, 0.10860186111595896, 0.10906786294210524, 0.10793364886194468, 0.1101013340733268, 0.10812837833707983, 0.10906004379777347, 0.1094055704095147, 0.10988813112763797, 0.1097598284482956, 0.1084816265437338, 0.10927420911880639, 0.10915249586105347, 0.10903453528881073, 0.10867886511342865, 0.10866634416229584, 0.10853074043989182, 0.10940871586402258, 0.10842676584919293, 0.10849293197194736, 0.10851378197019751, 0.10965004897323148, 0.10878629372878508, 0.10813330660263697, 0.10846284258624782, 0.10854293168945746, 0.10967302861912497, 0.1089216508978122, 0.10923612117767334, 0.1086150397631255, 0.10815258981550441, 0.10814870699592259, 0.10805390626192093, 0.1086986162341558, 0.10877174946169059, 0.10878857597708702, 0.10795579324750339, 0.1083673931658268, 0.10855081211775541, 0.10909079313278199, 0.10897306420586327, 0.10880538245493715, 0.10922554055494922, 0.1095569185912609, 0.10906613821333105, 0.10825823359191418, 0.10930237174034119, 0.10763346461149362, 0.1081927813589573, 0.10838395592413451, 0.10821739546954631, 0.10976926932732264, 0.10933013632893562, 0.10856410786509514, 0.10853971224278211, 0.10857684082455105, 0.10881608405283519, 0.10855677859349684, 0.10819188877940178, 0.10940681792357389, 0.10842199809849262, 0.10955566806452614, 0.10877075465396047, 0.10843041645629066, 0.10839564241468906, 0.1069389134645462, 0.10852060945970672, 0.10858108733709042, 0.10823989930478009, 0.10824488632773098, 0.10834817763637095, 0.10948828525013393, 0.10875581204891205, 0.1087008888522784, 0.10708250291645527, 0.10867278432023936, 0.10848014834134476, 0.10973396084525368, 0.10896789517841841, 0.10898517320553462, 0.10859500120083491, 0.10893136582204274, 0.10827074093478066, 0.10812172326056854, 0.10846830877874579, 0.1096569262444973, 0.10894287079572677, 0.10750490697947415, 0.1094933913813697, 0.1087176282890141, 0.10922499311467011, 0.10909084156155587, 0.10917988792061806, 0.109468819742853, 0.10848434329032898, 0.10821367817975226, 0.10793913321362601, 0.10902908613735979, 0.10862244665622711, 0.1092525700537058, 0.10796191096305847, 0.10841027460992336, 0.10920106917619705, 0.10948869710167249, 0.10992246804138024, 0.10919631347060203, 0.10903983456747872, 0.10955206655404147, 0.10907655176189211, 0.1088329352664225, 0.10872320532798767, 0.10894423350691795, 0.10884926393628121, 0.10937266349792481, 0.10856363709483828, 0.10969801470637322, 0.10955807690819104, 0.10906440330048402, 0.10936762750148774, 0.10896763205528259, 0.1084751459685239, 0.10848974596176829, 0.10883101779553625, 0.10893854285989489, 0.1101735694841905, 0.10872566614013451, 0.10855267618013464, 0.10937706306576729, 0.10857407748699188, 0.10818725302815438, 0.10834254184737802, 0.1091027847594685, 0.10943517601117492, 0.10878195972354324, 0.10806873006125291, 0.10915501628603254, 0.10921200651388902, 0.10907098438058581, 0.10845855081623251, 0.1084651689637791, 0.10885860605372323, 0.10903680672248205, 0.10849339244040576, 0.10851614736020565, 0.1086121563400541, 0.10886211730539799, 0.10956124713023503, 0.10787468096789192, 0.10897656988639098, 0.10876258152226607, 0.10871527791023254, 0.10916753790595314, 0.10875766242251676, 0.10910188708756421, 0.10885246275436311, 0.10900352103635669, 0.10862656351592806, 0.10956825993277809, 0.10810086089703771, 0.109743341182669, 0.10903703967730204, 0.10866828890223253, 0.10928663536906243, 0.10907028083290372, 0.1082744151353836, 0.10866606022630419, 0.11065710945562883, 0.10867178571574829, 0.11070572998788622, 0.10938420177747805, 0.10887750576842915, 0.1090631318646808, 0.10866094417870045, 0.10934668332338333, 0.10847801063209772, 0.10887011343782599, 0.1085623218677938, 0.1081293753602288, 0.10810452265044053, 0.1092095710337162, 0.10924728363752365, 0.10926836531381218, 0.10844758277138074, 0.10853195107645458, 0.10806836560368538, 0.10827767243608832, 0.10875361889600754, 0.10908534437417984, 0.10793476293866451, 0.1091796796430241, 0.10876374464967976, 0.1086398109793663, 0.1086005334827033, 0.10798637462513787, 0.10891102502743404, 0.10901929036929058, 0.10944159204761188, 0.10797431590882214, 0.11058058366179466, 0.10855570269955529, 0.10834238864481449, 0.10830397345125675, 0.10889450409872965, 0.10863990378048685, 0.10883955047889189, 0.10824954736491908, 0.1081463774400098, 0.10934101355572541, 0.10930062395830949, 0.10912440717220306, 0.10912426163752874, 0.10881307247010144, 0.1083661176264286, 0.10810681006738118, 0.10774108457068603, 0.10876119807362557, 0.10906632120410602, 0.10807386040687561, 0.1086317611237367, 0.1080417341242234, 0.10821011289954185, 0.10901076878820147, 0.10820091239832065, 0.10835720151662827, 0.10869022192699569, 0.10894643664360046, 0.1079396525663989, 0.109328197936217, 0.10888483781706203, 0.10868353331866472, 0.10804592292098437, 0.10890706326510455, 0.10865473598241807, 0.10826217737935838, 0.10892621241509914, 0.10845310539007187, 0.10965633099632603, 0.10976536743915997, 0.10928520424799486, 0.1087661779978696, 0.10863773734308779, 0.10888555164759357, 0.10881398618221283, 0.1085305938666517, 0.10887864977121353, 0.10997545408705871, 0.10866365688187736, 0.10916873067617416, 0.10919684130284521, 0.1092096201398156, 0.10862886818016276, 0.10856956446712668, 0.10957759246230125, 0.10863016289658844, 0.10861214385791258, 0.10909034063418706, 0.10860153340867587, 0.10883689901003471, 0.10853667259216308, 0.1083655140939213, 0.10943766352203158, 0.10914099216461182, 0.1080457175319845, 0.1081189145334065, 0.10948060477773348, 0.10841622755483345, 0.10905809120999442, 0.10877272859215736, 0.1087719704354963, 0.10813186046752063, 0.10900168065671567, 0.10888691753149032, 0.1086265009484793, 0.10843230746686458, 0.10813287397225697, 0.10903067948917548, 0.10901708373179038, 0.10763464371363322, 0.10827823479970296, 0.10970645916202794, 0.10842647962272167, 0.108613823939647, 0.10824939915362526, 0.10860964711065646, 0.11002458781003951, 0.10869034864008427, 0.10902777779847383, 0.10974730085581541, 0.10937807336449623, 0.1088568908162415, 0.10818480286333296, 0.10870625699559848, 0.10909917751948038, 0.10904565568153675, 0.10867300629615784, 0.10950948521494866, 0.10938361083919351, 0.10801500261857591, 0.10896964158330645, 0.1100085520495971, 0.1088259182870388, 0.1098211665566151, 0.10910057690408495, 0.10924134030938148, 0.10952554909246308, 0.10909203781435887, 0.10878567977084054, 0.1083276876144939, 0.10912961214780807, 0.10852153080960979, 0.10867107371168752, 0.10867695650085807, 0.10973937866779473, 0.10835593938827515, 0.1084217598492449, 0.1098980364891199, 0.1085216973138892, 0.1093215180767907, 0.1088890747891532, 0.10942473821341991, 0.10945619891087215, 0.10844234690854423, 0.10884853452444077, 0.10857808850705623, 0.10894403246970012, 0.10814287289977073, 0.10836291466565694, 0.10886638069694693, 0.10812877863645554, 0.10877429495255152, 0.1090061778531355, 0.10613566637039185, 0.1086029474224363, 0.10880700343598922, 0.10887946533720667, 0.10794034600257874, 0.10871234834194184, 0.10871043294668198, 0.10855078655812475, 0.10851938735980254, 0.10878481045365333, 0.10882471714700971, 0.10950788042762062, 0.1095057215828162, 0.10899901688098908, 0.10832881237621661, 0.10876720398664474, 0.10886722579598426, 0.10880885137753053, 0.1076943427324295, 0.10946637216736288, 0.10923925538857777, 0.10904594802338144, 0.10886934337516625, 0.10867192735895514, 0.10864525809884071, 0.1091688205798467, 0.10782300879557928, 0.10876211912735649, 0.10866202637553216, 0.1086387147123997, 0.10958535383854594, 0.10933631523088976, 0.10815390809015794, 0.10885884437490911, 0.10813010856509209, 0.1098099734634161, 0.10875176159398896, 0.108732796791527, 0.10860818172946121, 0.10886365724237342, 0.10927294370006113, 0.10929295488379219, 0.10916777223348617, 0.10858888438214427, 0.10800000838935375, 0.10855196213180368, 0.10896004140377044, 0.10811757615634374, 0.10869128428972684, 0.10873611723738057, 0.10843806713819504, 0.10894921856621902, 0.10939907855712451, 0.10825332154830297, 0.10857315227771416, 0.10848238747170631, 0.10889888760344736, 0.10802065034707388, 0.10913475832113853, 0.10920327664776282, 0.10823781341314316, 0.10901857664187749, 0.10901709183536727, 0.10955475466816049, 0.10859636522152206, 0.11101631820201874, 0.10832742551962535, 0.10796668504675229, 0.10874305261919896, 0.10847583562135696, 0.10907608406110243, 0.10858191482045433, 0.10851970576756709, 0.10863130998152953, 0.10932873282581568, 0.10856823380603346, 0.1090001989813412, 0.10888887289911509, 0.10876402316185144, 0.1097615897655487, 0.10879267066717148, 0.10777832120656967, 0.10881862938404083, 0.10850006617881634, 0.10823530837511405, 0.10849491150482841, 0.10823206150013467, 0.10918588687976201, 0.10793179170838718, 0.10916204419400957, 0.10901404321193695, 0.10919619085533279, 0.10910431969733465, 0.10871234756928903, 0.10873196513525077, 0.10854326436916988, 0.10875561492783682, 0.10952056075135867, 0.10894530949493249, 0.10892760008573532, 0.10848602652549744, 0.10855013284148002, 0.10877597456177075, 0.10955166593194007, 0.1094268815448651, 0.10837885439395904, 0.10829111995796363, 0.10928906093944203, 0.10837697473011519, 0.10859888792037964, 0.10938652753829955, 0.10840629115700721, 0.10938732835807298, 0.10966943701108296, 0.10899072885513306, 0.10914743384894203, 0.10833045854060738, 0.10765719562768936, 0.10952517552220303, 0.10890510039670127, 0.10874114682277043, 0.10853782492248636, 0.10930557698011398, 0.10892889923170994, 0.10908267123473657, 0.10850088636983525, 0.1088009275496006, 0.1078738888556307, 0.10848641643921535, 0.10878756323031016, 0.1079113632440567, 0.10876105353236198, 0.10808632605605656, 0.10899285905890994, 0.10918211936950684, 0.10891487101713816, 0.10793225839734077, 0.10858387351036072, 0.10691693052649498, 0.10932003557682038, 0.10895719480785457, 0.10809310525655746, 0.10875719860196113, 0.10878915041685104, 0.10832552918616463, 0.10905058815010957, 0.10781715479162005, 0.10863050557672978, 0.10849444261368583, 0.10854733362793922, 0.10851689279079438, 0.10894587393416914, 0.10908681357448752, 0.10881310216216154, 0.10906499946439588, 0.10934089347720147, 0.10865792342358166, 0.10881541459224163, 0.10918078571557999, 0.10898938386336617, 0.10847416073083878, 0.10960821807384491, 0.10870597160914365, 0.10900299789177047, 0.10887911708818541, 0.10856614808241526, 0.10857728386626524, 0.10866029445941632, 0.1097577613379274, 0.10953767055814917, 0.10770460776984692, 0.10898705944418907, 0.10941179096698761, 0.10849542484471672, 0.10873412014916539, 0.10830257419082853, 0.10877368086948991, 0.10835084082050757, 0.10769185324509939, 0.10987385213375092, 0.1086296133697033, 0.10900951348818265, 0.10864276162215641, 0.10782822860138756, 0.10746895923064305, 0.10938593794902166, 0.10834459010511636, 0.10867472623403256, 0.10874138256678215, 0.1084827867647012, 0.10898424259253911, 0.10804458359877268, 0.10911716385321184, 0.10909789800643921, 0.10801502979464, 0.10811257836493579, 0.10792298636892263, 0.10852318347403497, 0.10956728187474338, 0.10797173033157985, 0.1093418300151825, 0.10806423691766602, 0.10826943116262555, 0.10784385991947991, 0.10881968019973665, 0.10865616754573934, 0.10851855223116122, 0.11010981226960818, 0.10627367347478867, 0.10900988745870012, 0.10943914838135242, 0.10879266092723067, 0.10844808550817626, 0.10887445088313974, 0.1088257153397021, 0.10851430926810611, 0.10871464120490211, 0.10893383926965973, 0.10876623270186511, 0.1088227399935325, 0.10883046162349207, 0.1083571436373811, 0.10883817618543451, 0.10825032970080009, 0.10820969329638915, 0.1087361378595233, 0.10828448412939906, 0.1082487815508136, 0.1082971677184105, 0.1083290993290789, 0.10867199884808582, 0.10908431999194317, 0.10893062440057595, 0.10848851222544909, 0.10899687930941582, 0.10882859093987424, 0.10846772342920304, 0.10929302183481363, 0.10904591845778319, 0.1087623182270262, 0.10875816374189323, 0.10911482545946326, 0.1077430672943592, 0.10864643214477433, 0.10866800113581121, 0.10934614869100708, 0.1088973730802536, 0.10891440883278847, 0.10782061591744423, 0.10742552299052477, 0.1080023522178332, 0.10878270589991619, 0.1085978468710726, 0.10822647251188755, 0.10863564716231439, 0.10825402885675431, 0.10847887065675524, 0.10912274767955145, 0.10836448520421982, 0.1092786081135273, 0.10954503044486046, 0.10902306716889143, 0.10827173127068414, 0.1085777890778357, 0.10835185245825694, 0.10787356562084621, 0.10918439598754048, 0.10888745337724685, 0.10879810725649199, 0.10887607719217028, 0.10948208719491959, 0.10798544105556276, 0.10926652823885281, 0.10925484955310821, 0.11023821458220481, 0.10758207531438933, 0.10969904526358559, 0.10893507901993063, 0.10857779830694199, 0.10827375088746731, 0.10920702864726385, 0.10883839204907417, 0.10825852705882145, 0.1082130568948659, 0.10802102973684669, 0.10825198292732238, 0.10917914751917124, 0.1079739210280505, 0.1093345507979393, 0.10936870984733105, 0.10798541456460953, 0.10767922351757685, 0.10932172568781036, 0.10916930123379356, 0.10886473182056632, 0.10884076580405236, 0.10862659702175542, 0.10748617351055145, 0.1089033817543703, 0.10761823185852595, 0.1084405275121812, 0.10803245810362008, 0.10803168267011642, 0.1085787800879314, 0.10861215770244598, 0.10841441855711095, 0.10863008707761765, 0.1088102576988084, 0.10847155501445134, 0.10914959726126297, 0.10878186202362965, 0.1077931985259056, 0.10856682807207108, 0.10857520556008374, 0.10815459903743532, 0.10964303877618578, 0.10857384739553227, 0.10929115066925685, 0.10964825600385666, 0.10857296238342921, 0.10931864922696893, 0.1088597984476523, 0.10945708180467288, 0.10840224996209144, 0.10892907452459137, 0.10814622864127159, 0.10889583950241406, 0.10905238315463066, 0.10836205507318179, 0.10927861893460863, 0.10882509065171082, 0.10821626801043749, 0.10916473481215928, 0.10923154787583784, 0.10932742804288864, 0.10902634531259536, 0.10863117687404156, 0.1085673872204054, 0.10915534446636836, 0.10840207302854174, 0.10818633750865334, 0.1085524215646412, 0.10746935145421461, 0.10848208560663111, 0.10855581942531797, 0.10882086368898551, 0.1085695278431688, 0.10853583770138876, 0.10858168676495553, 0.10846737907691435, 0.10948385254425161, 0.10966636782342737, 0.10936692021787167, 0.10906728250639779, 0.10872867567972704, 0.1088403131812811, 0.10921584255993366, 0.10963030422435087, 0.1095431949943304, 0.10873835063294361, 0.10790145122691204, 0.10835766394933065, 0.10922144885574069, 0.1085386472940445, 0.10920505970716476, 0.10951502496997516, 0.10955014355756619, 0.10873425519093871, 0.10936195403337479, 0.10857420008290898, 0.10820921429473421, 0.11020026149021254, 0.10911147163382598, 0.10956719434923595, 0.10884544439613819, 0.10924702323973179, 0.10829519193906051, 0.10939628061126261, 0.10855325725343493, 0.10821031282345454, 0.10893627877036731, 0.1085107877202656, 0.10935016979391758, 0.10938249497997518, 0.10912665352225304, 0.10872316248714924, 0.10908655449748039, 0.10846981578148328, 0.10747047960758209, 0.10858361095190049, 0.10884962065352334, 0.10777098834514617, 0.10872898652003361, 0.10832803606987, 0.1085026279091835, 0.10858630016446114, 0.10926056349719013, 0.10806706696748733, 0.10889791175723076, 0.10836760361086238, 0.10855204210831569, 0.1086447611451149, 0.10956837236881256, 0.10878225788474083, 0.10849821171723306, 0.1085122000229986, 0.10838523564430383, 0.1088253923437812, 0.10821126933608737, 0.10828049273954497, 0.10831668055974521, 0.10894486963748932, 0.10911464384373497, 0.10888884365558624, 0.10800786798491198, 0.1093088976211018, 0.10870627047760147, 0.1084083893126057, 0.10819355197823964, 0.10978453140705824, 0.10854183451125496, 0.10834949556738138, 0.10896836049281634, 0.10903064093806526, 0.10870226696133614, 0.10930782929062843, 0.1088025409140085, 0.10860169297311364, 0.10833855056100422, 0.10855320504596157, 0.10826401288310687, 0.10843362487279452, 0.10878351641197999, 0.11030224338173866, 0.10840237165490786, 0.10847669118084013, 0.10913718491792679, 0.10876309954457813, 0.10941837566054385, 0.10856432696947685, 0.10878318349520365, 0.10949712647841527, 0.107849532021926, 0.10804838463664054, 0.10868884889142853, 0.1082283765077591, 0.1086599516371886, 0.10845278352499008, 0.10883477960641567, 0.1084444211287932, 0.10889057905384988, 0.10873911144404576, 0.10925991460680962, 0.1091593086719513, 0.10940307180086771, 0.10800727389075539, 0.10920910413066547, 0.10816884941111009, 0.10834164754487574, 0.10859116092324257, 0.10858532832935452, 0.10818143685658772, 0.10837829463622149, 0.10845041353451579, 0.10922390493479642, 0.10838444298133254, 0.10841620801126256, 0.10872691050171852, 0.10870733624324203, 0.10922779712606878, 0.10855044573545455, 0.10806317830627615, 0.10866888426244259, 0.10898711816185996, 0.10906815070372361, 0.10951534569263459, 0.10956710028020959, 0.10990909325039905, 0.10929125348726908, 0.10939435690641403, 0.10923161050852608, 0.10869960681251857, 0.10878436019023259, 0.1090397760272026, 0.10816080123186111, 0.1088735471878733, 0.10809900909662247, 0.1084641202219895, 0.10886168921435321, 0.10877405313981904, 0.1093253364165624, 0.1080926087285791, 0.10870623510134847, 0.10822341988484065, 0.10865503177046776, 0.10921566391533072, 0.10843131525648965, 0.10939787824948628, 0.1082771997898817, 0.10949861817061901, 0.1087198712188622, 0.10885684530843388, 0.10848518460988998, 0.10825542484720548, 0.1091196160349581, 0.10991910248994827, 0.10926252044737339, 0.10847583954984491, 0.10847973285449876, 0.10780746422030708, 0.1084564042588075, 0.10821595272192588, 0.10882680639624595, 0.108968165392677, 0.10829522088170052, 0.10934325545392137, 0.10803969949483871, 0.10864505558102219, 0.10898836295713078, 0.10807636170648038, 0.10931433580423656, 0.10875878110527992, 0.10974096777764233, 0.10851938774188359, 0.10866929613985121, 0.10921710041853097, 0.10801092932621638, 0.1084916118000235, 0.10930399037897587, 0.10904925620677519, 0.1076390181075443, 0.1095396305123965, 0.10958271182101706, 0.10913526169631792, 0.10872404703072139, 0.10857492685317993, 0.10828198217179465, 0.10963640429756859, 0.10855342613326179, 0.10785745415422651, 0.1086061910579079, 0.10847536687340055, 0.10846506275476948, 0.1086615858709111, 0.1082428333006407, 0.10835917294025421, 0.10863950880973236, 0.108980737053431, 0.10820986273197028, 0.10901795824368794, 0.10790649242699146, 0.10856169786142267, 0.10883668017002844, 0.10879861157048833, 0.10772203803062438, 0.10840095986019481, 0.10825936868786812, 0.10825354357560475, 0.10874870717525482, 0.10926701128482819, 0.10880807414650917, 0.10822279304265976, 0.1079256891139916, 0.10902656743238712, 0.10873990776863965, 0.1088860450933377, 0.10918176883742922, 0.10877959861567146, 0.10846428031271155, 0.1093233106167693, 0.10986377969384194, 0.10826805327087641, 0.10906170432766278, 0.10929266966524578, 0.10792767927050591, 0.10891907860835394, 0.10874924762174487, 0.10840333693406799, 0.11108427494764328, 0.10938313284090587, 0.10869714468717576, 0.10857227651609315, 0.10890946922631099, 0.10989431788523991, 0.1092925253841612, 0.10937817226494512, 0.10959497728833446, 0.1085458304733038, 0.10948523961835438, 0.10855696722865105, 0.10823018269406424, 0.10892099785533818, 0.10872766065100829, 0.10855738458962276, 0.10835777832703157, 0.10871674641966819, 0.10936401287714641, 0.10892289411276579, 0.10892209729978017, 0.10968572944402695, 0.10862922286841928, 0.10814043506979942, 0.10950959078036249, 0.10814499401527902, 0.10887177029381627, 0.1087144919567638, 0.10841521248221397, 0.10900828648697246, 0.10889643972570245, 0.1090376435926086, 0.10937873721122741, 0.10848813698343608, 0.10909526998346503, 0.10901136370375752, 0.10862823290859952, 0.10841410830616952, 0.1090189138693469, 0.10842231748735204, 0.10899292603135109, 0.10897211854656537, 0.10830653398423581, 0.10935861109332605, 0.1084801351482218, 0.1095976822078228, 0.10883044807807259, 0.10873815799887115, 0.11009817346930503, 0.10909082401882518, 0.10859740791576249, 0.10857316603263219, 0.10787558765150607, 0.10886973921548236, 0.10832483857870102, 0.10910091251134872, 0.10870123081482373, 0.10930463081846635, 0.10820917785167694, 0.10880579253037771, 0.10894245566690669, 0.10939210699871182, 0.10899943028661338, 0.10766707428477028, 0.10856911368094958, 0.10814380869269372, 0.10924544557929039, 0.10954592033074452, 0.10853722815712293, 0.1083289235830307, 0.10838029337556739, 0.10833320207893848, 0.10863460499692608, 0.10913219302892685, 0.10880833305418491, 0.10870467809339364, 0.1092162946505206, 0.1091515224959169, 0.10842056923052844, 0.10865732149945365, 0.10978765040636063, 0.10915902392430739, 0.10892201847199237, 0.10772713409228758, 0.10834104344248771, 0.1088703300418525, 0.10836379304528236, 0.10854225912514855, 0.10797269841035208, 0.10875004128767894, 0.10892009859283765, 0.10887891352176667, 0.10897517369853126, 0.10953553364827083, 0.107995236499442, 0.10837355256080627, 0.10953287407755852, 0.10828877269075467, 0.10935843270272017, 0.10813856900980075, 0.10808427333831787, 0.10942139476537704, 0.10901953436826405, 0.10912294238805771, 0.10767460092902184, 0.10897473855452104, 0.10798674076795578, 0.10857603202263515, 0.10862846984978645, 0.1090754461677178, 0.10873946025967599, 0.10829465768553993, 0.10902071371674538, 0.10868363752961159, 0.10825452581048012, 0.10833943821489811, 0.10799018293619156, 0.10929941115054218, 0.10816471407125736, 0.10895723784747331, 0.10858922104040782, 0.10861613287737495, 0.1097331219192209, 0.10812851312485608, 0.10797399630149206, 0.10858902850976357, 0.10898048469894811, 0.10833268115917842, 0.10829042377216476, 0.10944504004258376, 0.10869703122547694, 0.109031667932868, 0.10886195798714955, 0.10880729907916652, 0.10896922885016962, 0.10825039331729595, 0.10844119240840276, 0.10836367038163272, 0.1079774485393004, 0.10868382222693541, 0.10844324479500453, 0.10887242356936137, 0.10869228206574917, 0.10846775283034031, 0.10874235816299915, 0.1086136665075056, 0.10869000836902735, 0.10850113506118457, 0.10851863920688629, 0.10988397970795631, 0.10919077650589101, 0.10829968916045295, 0.10863954254559108, 0.10893177565025247, 0.10885350406169891, 0.10843714014176399, 0.10884252563118935, 0.10866883397102356, 0.11075124972396427, 0.10827564150094986, 0.10786862514520947, 0.10884566039874635, 0.10849658559475626, 0.10866056623704293, 0.10952286641387378, 0.10777415211002032, 0.10929291179546943, 0.10817433104795568, 0.10854826225288983, 0.10912550308487633, 0.1095513492822647, 0.10894230617718263, 0.1084947374559218, 0.10894056138667194, 0.11007792595773935, 0.10889698352132525, 0.10885654389858246, 0.10879815295338631, 0.10918012058193033, 0.10831425115466117, 0.10823315319915612, 0.10850096913054585, 0.10898208962037013, 0.10872638699683276, 0.10819533397443593, 0.10916795581579208, 0.10885178659643446, 0.10851215220549527, 0.10860780464566272, 0.10895574481590935, 0.10969210687008771, 0.10809085468451182, 0.10848418752784314, 0.1088258686165015, 0.10940393134951591, 0.10941316237052282, 0.11219703033566475, 0.10878481241789731, 0.10858323482366708, 0.10823626045523019, 0.1080827347934246, 0.10809569232738934, 0.10847856942564249, 0.10873253212163322, 0.10856739779313405, 0.10849325895309449, 0.10847837336006619, 0.1088762362798055, 0.10867740660905838, 0.10944816470146179, 0.10952260376264651, 0.10851579091765663, 0.10826859176158905, 0.10874806081547457, 0.10861542504845244, 0.10929039923044351, 0.10904723624972736, 0.10852904493610065, 0.10842739181085066, 0.10875418820442298, 0.10913916218739289, 0.10790780118920586, 0.10827322085114087, 0.10922535757223766, 0.11049954728646712, 0.10864104181528092, 0.10888521373271942, 0.10939785681272808, 0.10903109470382333, 0.10842820769175887, 0.10870836824178695, 0.10807518354233574, 0.10814745564545904, 0.10898858060439427, 0.10805564572413763, 0.10854905545711517, 0.10850679346670707, 0.10783319015588079, 0.10846064819229974, 0.10886007107116959, 0.10765159739689394, 0.10864676491302602, 0.10927320271730423, 0.10861656601939883, 0.11012587357651103, 0.10934225363390786, 0.10874372788450935, 0.10909362208275568, 0.10875318199396133, 0.10971579467877746, 0.10921737551689148, 0.10852306501732932, 0.10855889072020848, 0.10942272706465288, 0.10847448511049151, 0.10855752180020015, 0.10860501308190196, 0.1088309761355905, 0.10804125859781548, 0.1079267007963998, 0.10830874858718169, 0.10876822751015425, 0.10826025462963364, 0.10890163406729698, 0.10870764404535294, 0.10943413376808167, 0.10863442739678754, 0.10889354206266857, 0.10913562115568382, 0.10844434797763824, 0.10937139662829312, 0.10861601307988167, 0.10873052410104057, 0.10893540315586946, 0.10814086379522973, 0.10881077274680137, 0.10881939344108105, 0.10958159313752101, 0.10868951678276062, 0.10838880214621038, 0.10976786284070265, 0.10821088552474975, 0.11010685014097314, 0.10939234370986621, 0.1085976785980165, 0.1093480069012869, 0.10873175660769145, 0.11013138219714165, 0.10968966853050958, 0.10857204109430313, 0.10804359195753932, 0.10800749605352228, 0.10888148844242096, 0.10859980027784001, 0.10912908427417278, 0.10897281418244044, 0.10806831774803308, 0.10868154491843848, 0.10817932748589022, 0.10885108759005864, 0.10946355511744817, 0.1080641330530246, 0.1082378938794136, 0.10815410481558906, 0.1075194323701518, 0.10842007793047849, 0.10851773917675019, 0.10832729628857445, 0.10852600178784794, 0.10782756144180894, 0.1085433384234255, 0.1089854637781779, 0.10841351265416425, 0.10819982073229292, 0.10954393027350307, 0.10895405771831672, 0.10894416011869908, 0.10973009318113328, 0.10946627977219495, 0.10920141035547623, 0.11041239107196982, 0.1090128667652607, 0.10894013826663677, 0.10869464712838332, 0.10875527904583858, 0.108767615010341, 0.10913959819646109, 0.10826512896700909, 0.10864728405362084, 0.10872487649321556, 0.10906046628952026, 0.10891181177326612, 0.10929694622755051, 0.1081704811326095, 0.10880995347448018, 0.10918167710304261, 0.109297264367342, 0.10823341217987678, 0.1090052891522646, 0.1090699542652477, 0.10819349479344156, 0.10883439630270005, 0.10867609376353878, 0.10899620950222015], 1: [0.10897436191638311, 0.10902820527553558, 0.10803305854399999, 0.10920978378918436, 0.10960721503943205, 0.10859085145321759, 0.10864455352226893, 0.10748016213377316, 0.1090443294781905, 0.1087081649086692, 0.10893692211671309, 0.10826134032780124, 0.10879386216402054, 0.10957241324441773, 0.10937572503462434, 0.10864453305574981, 0.10934173973167644, 0.1085509106516838, 0.10773006578286488, 0.10931327464905652, 0.10849676166589443, 0.1083400688237614, 0.10643952671024534, 0.10852728242223914, 0.10884543052977985, 0.10918868664238188, 0.1084375496615063, 0.10882314418752988, 0.10944822568584371, 0.10939865488381613, 0.10817517074091094, 0.10839310412605603, 0.10851597934961318, 0.10897195674479007, 0.10917525761055225, 0.10846109552816911, 0.1085773796907493, 0.10796567859749, 0.10865094363689423, 0.10880746160234724, 0.10822084718025647, 0.11023020247618358, 0.10782643802025739, 0.10867803457837838, 0.10931971509541784, 0.10835595726966858, 0.10853024233471263, 0.1084222212433815, 0.1088458001613617, 0.10912889023037518, 0.10852592961585268, 0.1092864250143369, 0.10865519940853119, 0.10901597887277603, 0.10920761622812437, 0.10887385020032525, 0.10892231669276953, 0.10796704789002737, 0.10947840735316276, 0.10875712873207198, 0.10837521575964414, 0.10867314785718918, 0.10951567317048709, 0.1080855747515505, 0.1076466040242286, 0.10879780148917978, 0.10881188376383348, 0.1079952468474706, 0.10837924480438232, 0.10879762594898541, 0.10924764083964485, 0.10892943410496962, 0.11022820499013453, 0.10833748968111144, 0.10872576432302594, 0.10855759680271149, 0.10891462259349369, 0.10910121413568656, 0.10983714461326599, 0.10899223883946736, 0.10892552022750561, 0.10879139200999187, 0.10800117196945044, 0.10866226628422737, 0.10828729905188084, 0.10892933905124665, 0.1086811560850877, 0.10824146171410878, 0.1081409402191639, 0.1089991448181016, 0.10852677547014676, 0.10866764585177104, 0.10776720030440225, 0.1088106520473957, 0.10828250486935888, 0.10859609954059124, 0.1092102254430453, 0.10876997609933217, 0.1087914153933525, 0.1087068603374064, 0.10850220497535623, 0.10907893189612557, 0.10830007571923106, 0.10884687956422567, 0.10841735181483356, 0.10973362624645233, 0.10912493871791022, 0.10859637806812922, 0.10914300456643104, 0.10808232468035486, 0.10796178728342057, 0.10884142447920407, 0.10906305679908165, 0.10797925591468811, 0.10778461831311385, 0.10880778792003791, 0.10988307405601848, 0.10810404007925707, 0.10964562837034464, 0.10904297232627869, 0.10833245280541871, 0.10960175469517708, 0.10963670232079246, 0.10857471594443688, 0.1088818695396185, 0.10803897082805633, 0.10975603014230728, 0.10903386920690536, 0.10836098020946658, 0.10930266934964392, 0.1091768925006573, 0.10824047580913261, 0.1092610251572397, 0.10860292613506317, 0.10892952792346478, 0.10893635020444267, 0.10855266153812408, 0.10927033461630345, 0.10888549150564732, 0.10890601295977831, 0.10959279696856226, 0.10878971104438488, 0.10820777031282584, 0.10926861921325326, 0.10881867801601236, 0.10881840380338523, 0.10826775160702792, 0.10882046166807413, 0.10838045262628132, 0.10927703780563254, 0.10879277872542541, 0.10779429812516485, 0.10862965855215277, 0.1090228540055892, 0.10887825256213546, 0.10893244778408724, 0.10844913870096207, 0.10882496969266371, 0.10990514953931173, 0.10938914865255356, 0.10847319856933925, 0.10853756467501323, 0.10806398732321602, 0.10889484422902267, 0.10882834494113922, 0.10910023351510366, 0.10879856028727122, 0.1077277327577273, 0.10829313505779613, 0.10886337359746297, 0.10874847402530056, 0.10862316302955151, 0.10946764424443245, 0.10902180001139641, 0.10929974845864555, 0.10913901031017303, 0.10916191907156081, 0.1081468125184377, 0.10830536461435258, 0.1093944204705102, 0.10959975810154625, 0.10925482123187094, 0.10934022973690714, 0.10888077020645141, 0.1100877545773983, 0.10881706940777161, 0.10849948701533405, 0.10825114731084216, 0.10943080385526022, 0.10726759718223051, 0.10933598184159823, 0.10839568674564362, 0.1094931231604682, 0.10808845788240433, 0.1086924352816173, 0.10909125851146106, 0.10922694008569328, 0.10981117933988571, 0.10821876445641884, 0.10800742216053463, 0.10855453780719213, 0.10940649136900901, 0.10919070926805337, 0.10954178357496858, 0.10861561819911003, 0.10941674957672755, 0.10814692825078964, 0.10896027886441775, 0.1095629595220089, 0.10911808298392729, 0.10909387655556202, 0.1091761882416904, 0.10886559635400772, 0.10845460659927791, 0.108289269109567, 0.10949021867579883, 0.10847129027048746, 0.10843270136551424, 0.10835283926942131, 0.10969270286815506, 0.10845293888920232, 0.10877618456588072, 0.10958589826311384, 0.10877340690543254, 0.10857773572206497, 0.10905082244426012, 0.10853214629671791, 0.10803158860653639, 0.10890023782849312, 0.10859976979819211, 0.10770511470342937, 0.10883511402286015, 0.10814376113315423, 0.108185148332268, 0.10887255790558728, 0.10852172532502342, 0.10802985683960073, 0.10816982450584571, 0.10821304789611272, 0.10851587558334524, 0.10858827852644026, 0.10893210147817929, 0.10978617519140244, 0.10908894389867782, 0.10881020430298079, 0.1095389798283577, 0.10904969051480293, 0.10820540947758633, 0.10879711972342597, 0.10815171381601921, 0.1093334681712664, 0.10975852765535053, 0.10862935086091359, 0.10848800599575043, 0.10910044745965437, 0.1092554546892643, 0.10886628925800323, 0.10792205731074016, 0.1090451209909386, 0.10842171559731166, 0.10949706114255466, 0.10832532534473821, 0.10841521471738816, 0.10927607615788777, 0.10857195183634757, 0.10879501033770411, 0.10956320585682988, 0.10925464595065397, 0.10833725214004516, 0.10798846659335223, 0.10865126888860356, 0.10889071627305104, 0.10782315107909116, 0.10753383627161384, 0.1083431988954544, 0.10850285655922359, 0.10873700579007467, 0.10884944597880046, 0.10963526306053002, 0.10938481613993645, 0.10872508742307362, 0.10832867547869682, 0.10882082228597842, 0.1095184893347323, 0.10937453107908368, 0.10929766048987706, 0.10986832330624262, 0.10967419431968169, 0.10907253548502922, 0.10951216146349907, 0.10854501873254777, 0.10832468643784524, 0.10876153130084276, 0.10858905240893364, 0.10807953448966146, 0.10958899908206042, 0.10870828408570517, 0.10873394906520843, 0.10929810752471288, 0.10893801865833146, 0.10820459486807094, 0.1090135434269905, 0.10834750197827817, 0.10878690779209137, 0.10913130640983582, 0.10907130422336715, 0.10857925862073899, 0.10859756171703339, 0.10900292024016381, 0.1096249283714728, 0.10909961851743552, 0.10885034082457423, 0.10766963437199592, 0.10886688902974129, 0.10820251405239105, 0.10885390008871372, 0.10841332914100753, 0.1093478724360466, 0.10875351039262918, 0.10848371606124074, 0.10922553837299347, 0.10705801770091057, 0.10832375619146559, 0.10870123654603958, 0.10942058895642941, 0.10952015121777853, 0.1089056467016538, 0.10837253369390965, 0.1090328110889955, 0.10878363339339986, 0.10857323143217298, 0.10919741913676262, 0.1088957954198122, 0.10844313104947408, 0.10856095270106667, 0.10804382028679053, 0.10728333579997222, 0.10813381829682518, 0.10902260318398475, 0.10876910222901238, 0.10849716821137596, 0.10914017153637749, 0.10889643904837695, 0.10935478497828756, 0.10821232547362646, 0.10735557228326797, 0.10921919858083129, 0.10939670886312212, 0.10842224210500717, 0.10827267711812799, 0.10954584622261476, 0.10892796472591512, 0.10935088247060776, 0.10873876835988916, 0.10917509756982327, 0.1083308756351471, 0.1092237186219011, 0.1095745841662089, 0.10968241955225284, 0.10954999725023905, 0.10855455696582794, 0.10792871117591858, 0.10873730206175854, 0.10763026856713825, 0.10887833481485193, 0.10864451229572296, 0.10844435630475774, 0.10887594574264117, 0.10884460487536021, 0.10840546475215392, 0.10933616682887078, 0.10982465222477913, 0.10798078328371048, 0.10888022109866143, 0.10840897736224261, 0.10948477346788753, 0.10780651743213336, 0.10843309530845055, 0.1092220562008711, 0.10831511872155326, 0.10822409689426422, 0.10827264934778214, 0.10879242420196533, 0.1090768858006126, 0.10926508850284986, 0.10864998400211334, 0.11003111167387529, 0.10872549519819372, 0.10906477955480416, 0.10851745964849696, 0.10927981938476916, 0.10832859688636029, 0.10820498414661574, 0.10905092060565949, 0.10859605669975281, 0.10919504379853606, 0.10745359550822865, 0.10916055093208948, 0.10902561081780328, 0.10932842355508071, 0.10914498166396068, 0.10815924952427546, 0.10854271650314332, 0.10887572541832924, 0.10829401463270187, 0.10834097117185593, 0.10882214510015079, 0.10840140185926271, 0.1094448392589887, 0.10894025002534573, 0.1087727352976799, 0.10881493985652924, 0.10915460573001341, 0.10853935917839408, 0.10936560641442027, 0.10883073070470024, 0.108167489990592, 0.10901059139342535, 0.10839985044939178, 0.10812837974383281, 0.10914479335770011, 0.11040446079439586, 0.1082792090980903, 0.10839436466203016, 0.1089617133140564, 0.10845747996460307, 0.10869986914536532, 0.10814565668503444, 0.10920821353793145, 0.10946535898579492, 0.10861329042485782, 0.10902080904035007, 0.1087889767907284, 0.1093115654328595, 0.10901154428720475, 0.10835387117483399, 0.10918487551120612, 0.10944063326015192, 0.10858295728331027, 0.10885011634001365, 0.10909582502566852, 0.10875184689798663, 0.10918505862355232, 0.10818891362710432, 0.10902446694672108, 0.10867089654008548, 0.10892678052186966, 0.10875699063763022, 0.1088635293037995, 0.1093566631898284, 0.10893025019994149, 0.10836114957928658, 0.10827362015843392, 0.1086564801633358, 0.10942189253511883, 0.10889273633559544, 0.10769549215381796, 0.1087158303707838, 0.10836172878742217, 0.10842159762978554, 0.1082593135535717, 0.10793681608306037, 0.10851655770903049, 0.10843591950833797, 0.10818511843681336, 0.10830771616276573, 0.10933375265449286, 0.10837665696938832, 0.10843341921766599, 0.10817776570717494, 0.10805129855871201, 0.10809478299184279, 0.10790580604225397, 0.10964728379622102, 0.10893461738641445, 0.10837164986878633, 0.1082396496619497, 0.1083821952342987, 0.10844837656865518, 0.10810511874464843, 0.1089497298002243, 0.10898814300696055, 0.10865188625298049, 0.10926073503035766, 0.10863418430089951, 0.10879593207077547, 0.1081496077505025, 0.10889509096741676, 0.10888897267080122, 0.10832907135287921, 0.10833260044455528, 0.10924343383166848, 0.10875097858278375, 0.10855224613959973, 0.10874357260763645, 0.10889191031455994, 0.10854927585883574, 0.10901484191417694, 0.1087700355994074, 0.10882787058750788, 0.10889946089850532, 0.10924036145210266, 0.10794637848933537, 0.10920569077134132, 0.10911834286525846, 0.10898811038997439, 0.10952290054410696, 0.10784703525512115, 0.10909672013737938, 0.10885082309444745, 0.10732774149913055, 0.10865093996891609, 0.10786876117899305, 0.10778879001736641, 0.10892292041154135, 0.10828645933758128, 0.10795901371882512, 0.10830423384904861, 0.1083898851647973, 0.10991354882717133, 0.10789050236344337, 0.1085889322253374, 0.10908739268779755, 0.10764010365192707, 0.10959908179938793, 0.1092584466232973, 0.10981734842061996, 0.10816737308221705, 0.10946958092972636, 0.10894071497023106, 0.10973081303139527, 0.10864369809627533, 0.10830860716455123, 0.10795526661806637, 0.1089984243735671, 0.10784797668457032, 0.10838192930588356, 0.10820320397615432, 0.10975964491566022, 0.10883938095399312, 0.10947686077459999, 0.10793186041216056, 0.1085011029037936, 0.1082045469771732, 0.1080757016936938, 0.10928818583488464, 0.10846288874745369, 0.10830608010292053, 0.1083699844777584, 0.10794186426533593, 0.10821081027388572, 0.1105924289334904, 0.10890461447147223, 0.10846359708479472, 0.10921382655700047, 0.10816539770790509, 0.10880432684313167, 0.10827517780390652, 0.10832156389951705, 0.10989883648497718, 0.10903532018786982, 0.10965822027488188, 0.10857188353935877, 0.10902803852444604, 0.10849808230996132, 0.10815253046651681, 0.10864584520459175, 0.1086360432562374, 0.10913173907569476, 0.10808527519305547, 0.10845350639687644, 0.10850506140427156, 0.10863538235425949, 0.10849328488111495, 0.10811570063233375, 0.10930783088718142, 0.11020937968384135, 0.1093381450257518, 0.10841555574110576, 0.10898401046341116, 0.109311770934325, 0.10854978249831633, 0.10865309337774913, 0.10845983897646268, 0.10807259049680498, 0.10733952994147937, 0.10906899811291113, 0.10834452930999838, 0.10896758298421728, 0.10837176986611806, 0.1090670268643986, 0.10906728782824107, 0.1092217100017211, 0.10830878780076378, 0.10977457091212273, 0.10746178693241543, 0.10890852361917495, 0.10979399961583755, 0.10898956380508563, 0.10908487811684608, 0.10938876814075879, 0.10928182601928711, 0.10904556863448199, 0.10929651230573655, 0.1086697369813919, 0.10891794562339782, 0.10845839503136548, 0.10909596673752132, 0.10850683950326022, 0.10770260840654373, 0.10975089439978966, 0.10856489159844139, 0.10972953774034977, 0.10845822235569358, 0.10867550996718583, 0.10911299762400714, 0.10869442442288765, 0.10883125299826646, 0.10917593403296037, 0.10887779094851933, 0.1085759183535209, 0.10828169549886997, 0.10876496668372836, 0.11014315610130627, 0.10804933575647217, 0.10823906171653006, 0.10879936226104435, 0.10915213003754616, 0.10830113550891048, 0.10869327593933452, 0.10839954763650894, 0.10854382607443579, 0.10832305848598481, 0.1090552427551963, 0.1090902383128802, 0.10907781062026818, 0.10829147117005454, 0.10909128276740804, 0.1088358573615551, 0.10913033273659255, 0.10836182022467256, 0.10893280804157257, 0.10911509100543826, 0.10838665462592069, 0.10886877117788091, 0.10885393495361011, 0.10836633443832397, 0.10907430491513675, 0.10834799589295137, 0.10912461157726205, 0.10956898778676986, 0.10833671192328136, 0.10874795019626618, 0.10979667926828067, 0.10788718272339214, 0.11056548898870294, 0.10845098804150309, 0.10958390886133368, 0.10854585617780685, 0.10938770391724327, 0.10862266431961741, 0.1088955608698038, 0.1087413942989181, 0.10901239691745668, 0.10898896838937487, 0.10895630121231079, 0.10893053382635116, 0.1094589278101921, 0.10932747833430767, 0.10911785066127777, 0.10821970247409561, 0.10867680658896764, 0.1090402536922031, 0.10934072070651585, 0.10840529749790827, 0.10910367152907631, 0.10794134562214215, 0.10823428779840469, 0.10888648997334872, 0.10842724227243, 0.10812989324331283, 0.10897365441689125, 0.10963917324940363, 0.10858173871582205, 0.10956320725381374, 0.1080912720215948, 0.10856071513678346, 0.10852616914996395, 0.10848133638501167, 0.10976977036757903, 0.1086064875125885, 0.10872422903776169, 0.10810056328773499, 0.10862519741058349, 0.10951678082346916, 0.10957101326097142, 0.10870180577039719, 0.10849805764461819, 0.10825450328134355, 0.10838795018692811, 0.10878560460846999, 0.10920221880078315, 0.10690280422568321, 0.10816404769817987, 0.10806679681820028, 0.10837327254315217, 0.10914778336882591, 0.10845734924077988, 0.10813831984996795, 0.10777138058955853, 0.10917672365903855, 0.10867303651240137, 0.10891385216798101, 0.10915810614824295, 0.10864163984855016, 0.10855730180628598, 0.10909537387930829, 0.10901504904031753, 0.1076279640197754, 0.10832648873329162, 0.10873941446726139, 0.10947099429639903, 0.10918084979057312, 0.10836975462734699, 0.10835526593857342, 0.10827488248998468, 0.10848253385888205, 0.1092296054258066, 0.10941455978900194, 0.10853605717420578, 0.10923346549272538, 0.10851089821921454, 0.10906031243503093, 0.10844431569178899, 0.10938121825456619, 0.10858927248045802, 0.10849854693962978, 0.1088554219653209, 0.10775906253944743, 0.10853917822241783, 0.10914887394756079, 0.10819238156080246, 0.10835581980645656, 0.10898802354931832, 0.10941154302822219, 0.11012453254726198, 0.10751738101243973, 0.10872532758447859, 0.10900413291528821, 0.10901324649651846, 0.10890577286481858, 0.10847673408294979, 0.10850914674145835, 0.10946664214134216, 0.1093052447670036, 0.10940474830567837, 0.10862367329272357, 0.10943374493055874, 0.10909875879685084, 0.10885132998228073, 0.10911045173803965, 0.1095084436237812, 0.10914852548586695, 0.10958888332049052, 0.10807573112348716, 0.10908422619104385, 0.1086891733109951, 0.10843497582457283, 0.10952260047197342, 0.10886070504784584, 0.10912084968193718, 0.11015308716080406, 0.10878701614482063, 0.10838865405983394, 0.10802970702449481, 0.10865595986445745, 0.10796223309907046, 0.10877676661077298, 0.10832884162664413, 0.1081429410725832, 0.1098210575679938, 0.10874016267748979, 0.10877816379070282, 0.10858588244604028, 0.10908776247187664, 0.10846196452067011, 0.10932165587490256, 0.10869200527667999, 0.1089559073249499, 0.10876928567886353, 0.10881081389056312, 0.10915542890628178, 0.10812691459432244, 0.10796587372368033, 0.10788574176175254, 0.10914915493305992, 0.10905381333496836, 0.10871245982972058, 0.10978843147555988, 0.10875125446667273, 0.10948927998542786, 0.10870541008759518, 0.10972317649672429, 0.10901168435811996, 0.10818249210715294, 0.10848929394375194, 0.10794194787740707, 0.10891150745252769, 0.10855118123193581, 0.1091391989029944, 0.10810501327117285, 0.1085297935642302, 0.10904063731431961, 0.10757869184017181, 0.10850744744141896, 0.10844969376921654, 0.10833604335784912, 0.10890392462412517, 0.10865670988957087, 0.10857681681712468, 0.10889546751976013, 0.10899382010102272, 0.10883056254763353, 0.10882575200362639, 0.10858002513647079, 0.10880858368343777, 0.10858198765077089, 0.10880924401612117, 0.10854643067488304, 0.10803624549332787, 0.10925245328861125, 0.10882964965544249, 0.10823479890823365, 0.10871939893279757, 0.10922468919306993, 0.1093470725146207, 0.10868122205138206, 0.10898200795054436, 0.10873444750905037, 0.10799714693656334, 0.10860389533142249, 0.10919661210341887, 0.10939402058720589, 0.10844521863119942, 0.10907463835818428, 0.10901133809238672, 0.10891319091121356, 0.10970230197364633, 0.10786462507464668, 0.10906814548530076, 0.1093546535819769, 0.10924860710899036, 0.10900687674681346, 0.10809222574938428, 0.10878549990328876, 0.10859328273095582, 0.10898857462135228, 0.10965369641780853, 0.10937170088291168, 0.10967507281086662, 0.10830189986154437, 0.10767174288630485, 0.10980369015173479, 0.10911109986213538, 0.10837193917144429, 0.10861627496778965, 0.10824454675118128, 0.10852184817194939, 0.1085669424603967, 0.10916042452057202, 0.10852093175053597, 0.10879431962966919, 0.10864425179633228, 0.10910084775903008, 0.10940076559782028, 0.10772546836071545, 0.10931978882713751, 0.10980699617754329, 0.10906358130953529, 0.10875431161660415, 0.10897890512238849, 0.10865478776395321, 0.10866186423943593, 0.10896116592313933, 0.10846273571252824, 0.10818165759829913, 0.10863884647979456, 0.1074461117386818, 0.10844213312322443, 0.10883848640051755, 0.10989626210469466, 0.10859213686651653, 0.10904605597257615, 0.10917402679721515, 0.10851858908103572, 0.10850383900105953, 0.10896453436683207, 0.10896691307425499, 0.10955020835002263, 0.10872711298557428, 0.10893390806657928, 0.10926298946142196, 0.10847131105569693, 0.10841599702835084, 0.10886132423624847, 0.10914991583142962, 0.10880517722530798, 0.10869914133633886, 0.10977484285831451, 0.10879857494280888, 0.1084554258447427, 0.1081509767100215, 0.10871683462308003, 0.10825335565540525, 0.1089058056473732, 0.10809328779578209, 0.10925477810881355, 0.10864751496248776, 0.10869551849801366, 0.10810597308657387, 0.1081872321665287, 0.10891602886840701, 0.10814191401004791, 0.1083945862594105, 0.1082558532555898, 0.10900506590093885, 0.10921917720274492, 0.10875635594129562, 0.10933425135555722, 0.10754705779254436, 0.10951929539442062, 0.10903957840942201, 0.10897113531827926, 0.10824608478857123, 0.10810800099914725, 0.10816765204071999, 0.10777822434902191, 0.10985593721270562, 0.10843690518628467, 0.10918253138661385, 0.10864567553455179, 0.10998545462886493, 0.10774103303750356, 0.10922781295246548, 0.10927709367345362, 0.10899386732351213, 0.10925947179396947, 0.10900438204407692, 0.10791461707817183, 0.10848387703299522, 0.10930338799953461, 0.10892207100987435, 0.10934099704027175, 0.10937691521313456, 0.10823611755456243, 0.10971920639276504, 0.10875579027029184, 0.10903895646333694, 0.1092187361348243, 0.10851667196519914, 0.10749755480459758, 0.10842989278691155, 0.10827783395846685, 0.10877051543105733, 0.10836528986692429, 0.10837841846726158, 0.10841170698404312, 0.10921335486429078, 0.10907182162222655, 0.1085860134790773, 0.10881737661030558, 0.10962612984272149, 0.10979358702898026, 0.10878042131662369, 0.10898241197521036, 0.10834237391298468, 0.10827758109995297, 0.10838177887832418, 0.10863738661182337, 0.10920390605926514, 0.10880593423332487, 0.10914840611318748, 0.10735016465187072, 0.1095454270641009, 0.1085971318758451, 0.10882676169276237, 0.10812637334068616, 0.108615443110466, 0.10839763283729553, 0.10955067723989487, 0.10771816615995608, 0.1092421795640673, 0.10839887857437133, 0.10862242430448532, 0.10890854584674041, 0.10889171974526511, 0.10875798240303994, 0.10878801079733032]}