('OC-FakeDect1 (Trained on DFDB Dataset) \nTested on RND Deepfakes Dataset \nRunning Average Evaluation', 'OC-FakeDect1_DFDB', 'DFDB', 'OC-FakeDect1_DFDB_raeonDFrnd')
auroc=0.5007851853596982
f1=0.45361781076066787
prec=0.422279792746114
recall=0.48997995991983967

fpr=[0.0, 0.48997995991983967, 1.0]

tpr=[0.0, 0.49155033063923587, 1.0]

y_true=[0, 0, 0, 0, 0, 0, 0, 0, 0, 0, 0, 0, 0, 0, 0, 0, 0, 0, 0, 0, 0, 0, 0, 0, 0, 0, 0, 0, 0, 0, 0, 0, 0, 0, 0, 0, 0, 0, 0, 0, 0, 0, 0, 0, 0, 0, 0, 0, 0, 0, 0, 0, 0, 0, 0, 0, 0, 0, 0, 0, 0, 0, 0, 0, 0, 0, 0, 0, 0, 0, 0, 0, 0, 0, 0, 0, 0, 0, 0, 0, 0, 0, 0, 0, 0, 0, 0, 0, 0, 0, 0, 0, 0, 0, 0, 0, 0, 0, 0, 0, 0, 0, 0, 0, 0, 0, 0, 0, 0, 0, 0, 0, 0, 0, 0, 0, 0, 0, 0, 0, 0, 0, 0, 0, 0, 0, 0, 0, 0, 0, 0, 0, 0, 0, 0, 0, 0, 0, 0, 0, 0, 0, 0, 0, 0, 0, 0, 0, 0, 0, 0, 0, 0, 0, 0, 0, 0, 0, 0, 0, 0, 0, 0, 0, 0, 0, 0, 0, 0, 0, 0, 0, 0, 0, 0, 0, 0, 0, 0, 0, 0, 0, 0, 0, 0, 0, 0, 0, 0, 0, 0, 0, 0, 0, 0, 0, 0, 0, 0, 0, 0, 0, 0, 0, 0, 0, 0, 0, 0, 0, 0, 0, 0, 0, 0, 0, 0, 0, 0, 0, 0, 0, 0, 0, 0, 0, 0, 0, 0, 0, 0, 0, 0, 0, 0, 0, 0, 0, 0, 0, 0, 0, 0, 0, 0, 0, 0, 0, 0, 0, 0, 0, 0, 0, 0, 0, 0, 0, 0, 0, 0, 0, 0, 0, 0, 0, 0, 0, 0, 0, 0, 0, 0, 0, 0, 0, 0, 0, 0, 0, 0, 0, 0, 0, 0, 0, 0, 0, 0, 0, 0, 0, 0, 0, 0, 0, 0, 0, 0, 0, 0, 0, 0, 0, 0, 0, 0, 0, 0, 0, 0, 0, 0, 0, 0, 0, 0, 0, 0, 0, 0, 0, 0, 0, 0, 0, 0, 0, 0, 0, 0, 0, 0, 0, 0, 0, 0, 0, 0, 0, 0, 0, 0, 0, 0, 0, 0, 0, 0, 0, 0, 0, 0, 0, 0, 0, 0, 0, 0, 0, 0, 0, 0, 0, 0, 0, 0, 0, 0, 0, 0, 0, 0, 0, 0, 0, 0, 0, 0, 0, 0, 0, 0, 0, 0, 0, 0, 0, 0, 0, 0, 0, 0, 0, 0, 0, 0, 0, 0, 0, 0, 0, 0, 0, 0, 0, 0, 0, 0, 0, 0, 0, 0, 0, 0, 0, 0, 0, 0, 0, 0, 0, 0, 0, 0, 0, 0, 0, 0, 0, 0, 0, 0, 0, 0, 0, 0, 0, 0, 0, 0, 0, 0, 0, 0, 0, 0, 0, 0, 0, 0, 0, 0, 0, 0, 0, 0, 0, 0, 0, 0, 0, 0, 0, 0, 0, 0, 0, 0, 0, 0, 0, 0, 0, 0, 0, 0, 0, 0, 0, 0, 0, 0, 0, 0, 0, 0, 0, 0, 0, 0, 0, 0, 0, 0, 0, 0, 0, 0, 0, 0, 0, 0, 0, 0, 0, 0, 0, 0, 0, 0, 0, 0, 0, 0, 0, 0, 0, 0, 0, 0, 0, 0, 0, 0, 0, 0, 0, 0, 0, 0, 0, 0, 0, 0, 0, 0, 0, 0, 0, 0, 0, 0, 0, 0, 0, 0, 0, 0, 0, 0, 0, 0, 0, 0, 0, 0, 0, 0, 0, 0, 0, 0, 0, 0, 0, 0, 0, 0, 0, 0, 0, 0, 0, 0, 0, 0, 0, 0, 0, 0, 0, 0, 0, 0, 0, 0, 0, 0, 0, 0, 0, 0, 0, 0, 0, 0, 0, 0, 0, 0, 0, 0, 0, 0, 0, 0, 0, 0, 0, 0, 0, 0, 0, 0, 0, 0, 0, 0, 0, 0, 0, 0, 0, 0, 0, 0, 0, 0, 0, 0, 0, 0, 0, 0, 0, 0, 0, 0, 0, 0, 0, 0, 0, 0, 0, 0, 0, 0, 0, 0, 0, 0, 0, 0, 0, 0, 0, 0, 0, 0, 0, 0, 0, 0, 0, 0, 0, 0, 0, 0, 0, 0, 0, 0, 0, 0, 0, 0, 0, 0, 0, 0, 0, 0, 0, 0, 0, 0, 0, 0, 0, 0, 0, 0, 0, 0, 0, 0, 0, 0, 0, 0, 0, 0, 0, 0, 0, 0, 0, 0, 0, 0, 0, 0, 0, 0, 0, 0, 0, 0, 0, 0, 0, 0, 0, 0, 0, 0, 0, 0, 0, 0, 0, 0, 0, 0, 0, 0, 0, 0, 0, 0, 0, 0, 0, 0, 0, 0, 0, 0, 0, 0, 0, 0, 0, 0, 0, 0, 0, 0, 0, 0, 0, 0, 0, 0, 0, 0, 0, 0, 0, 0, 0, 0, 0, 0, 0, 0, 0, 0, 0, 0, 0, 0, 0, 0, 0, 0, 0, 0, 0, 0, 0, 0, 0, 0, 0, 0, 0, 0, 0, 0, 0, 0, 0, 0, 0, 0, 0, 0, 0, 0, 0, 0, 0, 0, 0, 0, 0, 0, 0, 0, 0, 0, 0, 0, 0, 0, 0, 0, 0, 0, 0, 0, 0, 0, 0, 0, 0, 0, 0, 0, 0, 0, 0, 0, 0, 0, 0, 0, 0, 0, 0, 0, 0, 0, 0, 0, 0, 0, 0, 0, 0, 0, 0, 0, 0, 0, 0, 0, 0, 0, 0, 0, 0, 0, 0, 0, 0, 0, 0, 0, 0, 0, 0, 0, 0, 0, 0, 0, 0, 0, 0, 0, 0, 0, 0, 0, 0, 0, 0, 0, 0, 0, 0, 0, 0, 0, 0, 0, 0, 0, 0, 0, 0, 0, 0, 0, 0, 0, 0, 0, 0, 0, 0, 0, 0, 0, 0, 0, 0, 0, 0, 0, 0, 0, 0, 0, 0, 0, 0, 0, 0, 0, 0, 0, 0, 0, 0, 0, 0, 0, 0, 0, 0, 0, 0, 0, 0, 0, 0, 0, 0, 0, 0, 0, 0, 0, 0, 0, 0, 0, 0, 0, 0, 0, 0, 0, 0, 0, 0, 0, 0, 0, 0, 0, 0, 0, 0, 0, 0, 0, 0, 0, 0, 0, 0, 0, 0, 0, 0, 0, 0, 0, 0, 0, 0, 0, 0, 0, 0, 0, 0, 0, 0, 0, 0, 0, 0, 0, 0, 0, 0, 0, 0, 0, 0, 0, 0, 0, 0, 0, 0, 0, 0, 0, 0, 0, 0, 0, 0, 0, 0, 0, 0, 0, 0, 0, 0, 0, 0, 0, 0, 0, 0, 0, 0, 0, 0, 0, 0, 0, 0, 0, 0, 0, 0, 0, 0, 0, 0, 0, 0, 0, 0, 0, 0, 0, 0, 0, 0, 0, 0, 0, 0, 0, 0, 0, 0, 0, 0, 0, 0, 0, 0, 0, 0, 0, 0, 0, 0, 0, 0, 0, 0, 0, 0, 0, 0, 0, 0, 0, 0, 0, 0, 0, 0, 0, 0, 0, 0, 0, 0, 0, 0, 0, 0, 0, 0, 0, 0, 0, 0, 0, 0, 0, 0, 0, 0, 0, 0, 0, 0, 0, 0, 0, 0, 0, 0, 0, 0, 0, 0, 0, 0, 0, 0, 0, 0, 0, 0, 0, 0, 0, 0, 0, 0, 0, 0, 0, 0, 0, 0, 0, 0, 0, 0, 0, 0, 0, 0, 0, 0, 0, 0, 0, 0, 0, 0, 0, 0, 0, 0, 0, 0, 0, 0, 0, 0, 0, 0, 0, 0, 0, 0, 0, 0, 0, 0, 0, 0, 0, 0, 0, 0, 0, 0, 0, 0, 0, 0, 0, 0, 0, 0, 0, 0, 0, 0, 0, 0, 0, 0, 0, 0, 0, 0, 0, 0, 0, 0, 0, 0, 0, 0, 0, 0, 0, 0, 0, 0, 0, 0, 0, 0, 0, 0, 0, 0, 0, 0, 0, 0, 0, 0, 0, 0, 0, 0, 0, 0, 0, 0, 0, 0, 0, 0, 0, 0, 0, 0, 0, 0, 0, 0, 0, 0, 0, 0, 0, 0, 0, 0, 0, 0, 0, 0, 0, 0, 0, 0, 0, 0, 0, 0, 0, 0, 0, 0, 0, 0, 0, 0, 0, 0, 0, 0, 0, 0, 0, 0, 0, 0, 0, 0, 0, 0, 0, 0, 0, 0, 0, 0, 0, 0, 0, 0, 0, 0, 0, 0, 0, 0, 0, 0, 0, 0, 0, 0, 0, 0, 0, 0, 0, 0, 0, 0, 0, 0, 0, 1, 1, 1, 1, 1, 1, 1, 1, 1, 1, 1, 1, 1, 1, 1, 1, 1, 1, 1, 1, 1, 1, 1, 1, 1, 1, 1, 1, 1, 1, 1, 1, 1, 1, 1, 1, 1, 1, 1, 1, 1, 1, 1, 1, 1, 1, 1, 1, 1, 1, 1, 1, 1, 1, 1, 1, 1, 1, 1, 1, 1, 1, 1, 1, 1, 1, 1, 1, 1, 1, 1, 1, 1, 1, 1, 1, 1, 1, 1, 1, 1, 1, 1, 1, 1, 1, 1, 1, 1, 1, 1, 1, 1, 1, 1, 1, 1, 1, 1, 1, 1, 1, 1, 1, 1, 1, 1, 1, 1, 1, 1, 1, 1, 1, 1, 1, 1, 1, 1, 1, 1, 1, 1, 1, 1, 1, 1, 1, 1, 1, 1, 1, 1, 1, 1, 1, 1, 1, 1, 1, 1, 1, 1, 1, 1, 1, 1, 1, 1, 1, 1, 1, 1, 1, 1, 1, 1, 1, 1, 1, 1, 1, 1, 1, 1, 1, 1, 1, 1, 1, 1, 1, 1, 1, 1, 1, 1, 1, 1, 1, 1, 1, 1, 1, 1, 1, 1, 1, 1, 1, 1, 1, 1, 1, 1, 1, 1, 1, 1, 1, 1, 1, 1, 1, 1, 1, 1, 1, 1, 1, 1, 1, 1, 1, 1, 1, 1, 1, 1, 1, 1, 1, 1, 1, 1, 1, 1, 1, 1, 1, 1, 1, 1, 1, 1, 1, 1, 1, 1, 1, 1, 1, 1, 1, 1, 1, 1, 1, 1, 1, 1, 1, 1, 1, 1, 1, 1, 1, 1, 1, 1, 1, 1, 1, 1, 1, 1, 1, 1, 1, 1, 1, 1, 1, 1, 1, 1, 1, 1, 1, 1, 1, 1, 1, 1, 1, 1, 1, 1, 1, 1, 1, 1, 1, 1, 1, 1, 1, 1, 1, 1, 1, 1, 1, 1, 1, 1, 1, 1, 1, 1, 1, 1, 1, 1, 1, 1, 1, 1, 1, 1, 1, 1, 1, 1, 1, 1, 1, 1, 1, 1, 1, 1, 1, 1, 1, 1, 1, 1, 1, 1, 1, 1, 1, 1, 1, 1, 1, 1, 1, 1, 1, 1, 1, 1, 1, 1, 1, 1, 1, 1, 1, 1, 1, 1, 1, 1, 1, 1, 1, 1, 1, 1, 1, 1, 1, 1, 1, 1, 1, 1, 1, 1, 1, 1, 1, 1, 1, 1, 1, 1, 1, 1, 1, 1, 1, 1, 1, 1, 1, 1, 1, 1, 1, 1, 1, 1, 1, 1, 1, 1, 1, 1, 1, 1, 1, 1, 1, 1, 1, 1, 1, 1, 1, 1, 1, 1, 1, 1, 1, 1, 1, 1, 1, 1, 1, 1, 1, 1, 1, 1, 1, 1, 1, 1, 1, 1, 1, 1, 1, 1, 1, 1, 1, 1, 1, 1, 1, 1, 1, 1, 1, 1, 1, 1, 1, 1, 1, 1, 1, 1, 1, 1, 1, 1, 1, 1, 1, 1, 1, 1, 1, 1, 1, 1, 1, 1, 1, 1, 1, 1, 1, 1, 1, 1, 1, 1, 1, 1, 1, 1, 1, 1, 1, 1, 1, 1, 1, 1, 1, 1, 1, 1, 1, 1, 1, 1, 1, 1, 1, 1, 1, 1, 1, 1, 1, 1, 1, 1, 1, 1, 1, 1, 1, 1, 1, 1, 1, 1, 1, 1, 1, 1, 1, 1, 1, 1, 1, 1, 1, 1, 1, 1, 1, 1, 1, 1, 1, 1, 1, 1, 1, 1, 1, 1, 1, 1, 1, 1, 1, 1, 1, 1, 1, 1, 1, 1, 1, 1, 1, 1, 1, 1, 1, 1, 1, 1, 1, 1, 1, 1, 1, 1, 1, 1, 1, 1, 1, 1, 1, 1, 1, 1, 1, 1, 1, 1, 1, 1, 1, 1, 1, 1, 1, 1, 1, 1, 1, 1, 1, 1, 1, 1, 1, 1, 1, 1, 1, 1, 1, 1, 1, 1, 1, 1, 1, 1, 1, 1, 1, 1, 1, 1, 1, 1, 1, 1, 1, 1, 1, 1, 1, 1, 1, 1, 1, 1, 1, 1, 1, 1, 1, 1, 1, 1, 1, 1, 1, 1, 1, 1, 1, 1, 1, 1, 1, 1, 1, 1, 1, 1, 1, 1, 1, 1, 1, 1, 1, 1, 1, 1, 1, 1, 1, 1, 1, 1, 1, 1, 1, 1, 1, 1, 1, 1, 1, 1, 1, 1, 1, 1, 1, 1, 1, 1, 1, 1, 1, 1, 1, 1, 1, 1, 1, 1, 1, 1, 1, 1, 1, 1, 1, 1, 1, 1, 1, 1, 1, 1, 1, 1, 1, 1, 1, 1, 1, 1, 1, 1, 1, 1, 1, 1, 1, 1, 1, 1, 1, 1, 1, 1, 1, 1, 1, 1, 1, 1, 1, 1, 1, 1, 1, 1, 1, 1, 1, 1, 1, 1, 1, 1, 1, 1, 1, 1, 1, 1, 1, 1, 1, 1, 1, 1, 1, 1, 1, 1, 1, 1, 1, 1, 1, 1, 1, 1, 1, 1, 1, 1, 1, 1, 1, 1, 1, 1, 1, 1, 1, 1, 1, 1, 1, 1, 1, 1, 1, 1, 1, 1, 1, 1, 1, 1, 1, 1, 1, 1, 1, 1, 1, 1, 1, 1, 1, 1, 1, 1, 1, 1, 1, 1, 1, 1, 1, 1, 1, 1, 1, 1, 1, 1, 1, 1, 1, 1, 1, 1, 1, 1, 1, 1, 1, 1, 1, 1, 1, 1, 1, 1, 1, 1, 1, 1, 1, 1, 1, 1, 1, 1, 1, 1, 1, 1, 1, 1, 1, 1, 1, 1, 1, 1, 1, 1, 1, 1, 1, 1, 1, 1, 1, 1, 1, 1, 1, 1, 1, 1, 1, 1, 1, 1, 1, 1, 1, 1, 1, 1, 1, 1, 1, 1, 1, 1, 1, 1, 1, 1, 1, 1, 1, 1, 1, 1, 1, 1, 1, 1, 1, 1, 1, 1, 1, 1, 1, 1, 1, 1, 1, 1, 1, 1, 1, 1, 1, 1, 1, 1, 1, 1, 1, 1, 1, 1, 1, 1, 1, 1, 1, 1, 1, 1, 1, 1, 1, 1, 1, 1, 1, 1, 1, 1, 1, 1, 1, 1, 1, 1, 1]

y_pred=[1.0, 1.0, 1.0, 1.0, 1.0, 1.0, 0.0, 0.0, 1.0, 0.0, 1.0, 1.0, 1.0, 1.0, 0.0, 0.0, 0.0, 1.0, 1.0, 0.0, 0.0, 0.0, 0.0, 1.0, 1.0, 1.0, 1.0, 1.0, 1.0, 1.0, 1.0, 0.0, 1.0, 0.0, 0.0, 0.0, 0.0, 0.0, 0.0, 0.0, 1.0, 1.0, 0.0, 1.0, 1.0, 1.0, 1.0, 1.0, 0.0, 1.0, 0.0, 1.0, 1.0, 1.0, 0.0, 0.0, 0.0, 1.0, 1.0, 1.0, 0.0, 0.0, 1.0, 1.0, 1.0, 1.0, 0.0, 0.0, 0.0, 0.0, 1.0, 1.0, 1.0, 0.0, 0.0, 1.0, 1.0, 1.0, 0.0, 0.0, 0.0, 0.0, 0.0, 0.0, 0.0, 0.0, 0.0, 1.0, 0.0, 1.0, 0.0, 1.0, 0.0, 1.0, 1.0, 0.0, 1.0, 0.0, 1.0, 0.0, 0.0, 0.0, 0.0, 0.0, 0.0, 1.0, 1.0, 0.0, 1.0, 0.0, 1.0, 1.0, 0.0, 0.0, 1.0, 1.0, 0.0, 0.0, 1.0, 1.0, 0.0, 1.0, 1.0, 0.0, 0.0, 0.0, 1.0, 0.0, 1.0, 1.0, 0.0, 0.0, 1.0, 0.0, 1.0, 1.0, 0.0, 0.0, 0.0, 0.0, 0.0, 0.0, 0.0, 1.0, 1.0, 0.0, 0.0, 1.0, 1.0, 1.0, 1.0, 1.0, 0.0, 1.0, 1.0, 1.0, 0.0, 0.0, 0.0, 0.0, 1.0, 1.0, 1.0, 0.0, 0.0, 1.0, 0.0, 1.0, 0.0, 1.0, 0.0, 0.0, 0.0, 1.0, 0.0, 1.0, 0.0, 1.0, 1.0, 1.0, 0.0, 0.0, 0.0, 1.0, 1.0, 0.0, 1.0, 1.0, 0.0, 0.0, 1.0, 1.0, 1.0, 1.0, 0.0, 1.0, 0.0, 0.0, 0.0, 0.0, 1.0, 0.0, 1.0, 1.0, 1.0, 1.0, 1.0, 1.0, 1.0, 1.0, 0.0, 1.0, 1.0, 1.0, 1.0, 1.0, 0.0, 0.0, 0.0, 0.0, 1.0, 1.0, 1.0, 1.0, 1.0, 0.0, 0.0, 0.0, 0.0, 0.0, 1.0, 1.0, 0.0, 1.0, 1.0, 0.0, 1.0, 1.0, 1.0, 1.0, 0.0, 0.0, 1.0, 0.0, 0.0, 0.0, 1.0, 0.0, 0.0, 1.0, 1.0, 1.0, 1.0, 1.0, 1.0, 0.0, 0.0, 1.0, 0.0, 0.0, 0.0, 1.0, 1.0, 1.0, 1.0, 0.0, 1.0, 1.0, 0.0, 1.0, 0.0, 1.0, 1.0, 1.0, 1.0, 1.0, 0.0, 0.0, 1.0, 1.0, 1.0, 0.0, 1.0, 0.0, 1.0, 1.0, 1.0, 1.0, 0.0, 0.0, 0.0, 0.0, 1.0, 1.0, 1.0, 1.0, 1.0, 1.0, 0.0, 0.0, 1.0, 1.0, 1.0, 1.0, 1.0, 1.0, 0.0, 0.0, 1.0, 0.0, 0.0, 1.0, 0.0, 1.0, 1.0, 0.0, 0.0, 1.0, 0.0, 1.0, 1.0, 0.0, 0.0, 1.0, 0.0, 0.0, 0.0, 1.0, 0.0, 1.0, 0.0, 1.0, 0.0, 0.0, 1.0, 0.0, 0.0, 0.0, 1.0, 1.0, 0.0, 1.0, 0.0, 0.0, 0.0, 0.0, 0.0, 1.0, 0.0, 0.0, 1.0, 1.0, 1.0, 0.0, 0.0, 0.0, 0.0, 0.0, 1.0, 1.0, 1.0, 1.0, 1.0, 0.0, 1.0, 1.0, 0.0, 0.0, 1.0, 1.0, 1.0, 1.0, 1.0, 0.0, 1.0, 1.0, 1.0, 0.0, 1.0, 0.0, 0.0, 0.0, 0.0, 1.0, 0.0, 0.0, 0.0, 1.0, 0.0, 0.0, 1.0, 0.0, 0.0, 1.0, 1.0, 1.0, 0.0, 0.0, 1.0, 1.0, 1.0, 0.0, 0.0, 1.0, 1.0, 0.0, 0.0, 1.0, 1.0, 0.0, 1.0, 0.0, 1.0, 1.0, 0.0, 0.0, 1.0, 0.0, 1.0, 0.0, 0.0, 1.0, 0.0, 0.0, 0.0, 0.0, 1.0, 0.0, 0.0, 1.0, 0.0, 0.0, 1.0, 0.0, 1.0, 0.0, 0.0, 0.0, 1.0, 0.0, 1.0, 0.0, 1.0, 0.0, 0.0, 0.0, 0.0, 0.0, 0.0, 1.0, 0.0, 1.0, 0.0, 0.0, 0.0, 0.0, 1.0, 1.0, 1.0, 1.0, 1.0, 0.0, 1.0, 0.0, 1.0, 0.0, 0.0, 0.0, 1.0, 1.0, 0.0, 1.0, 1.0, 1.0, 1.0, 1.0, 1.0, 0.0, 0.0, 0.0, 0.0, 1.0, 0.0, 0.0, 0.0, 0.0, 0.0, 0.0, 1.0, 1.0, 0.0, 1.0, 0.0, 0.0, 0.0, 0.0, 0.0, 1.0, 1.0, 0.0, 1.0, 1.0, 0.0, 1.0, 0.0, 0.0, 0.0, 0.0, 1.0, 0.0, 0.0, 0.0, 0.0, 0.0, 1.0, 1.0, 1.0, 0.0, 0.0, 0.0, 1.0, 0.0, 1.0, 1.0, 1.0, 1.0, 1.0, 0.0, 1.0, 0.0, 0.0, 1.0, 1.0, 1.0, 0.0, 0.0, 1.0, 1.0, 1.0, 0.0, 1.0, 1.0, 0.0, 0.0, 0.0, 0.0, 0.0, 1.0, 1.0, 0.0, 0.0, 0.0, 1.0, 0.0, 1.0, 1.0, 1.0, 1.0, 1.0, 0.0, 0.0, 0.0, 0.0, 0.0, 0.0, 1.0, 0.0, 1.0, 1.0, 1.0, 0.0, 1.0, 1.0, 1.0, 0.0, 1.0, 1.0, 0.0, 1.0, 1.0, 1.0, 1.0, 0.0, 0.0, 0.0, 1.0, 1.0, 1.0, 1.0, 0.0, 1.0, 1.0, 1.0, 0.0, 1.0, 1.0, 1.0, 1.0, 1.0, 0.0, 1.0, 0.0, 1.0, 0.0, 0.0, 0.0, 0.0, 1.0, 0.0, 0.0, 1.0, 1.0, 0.0, 1.0, 1.0, 1.0, 1.0, 1.0, 1.0, 1.0, 0.0, 0.0, 0.0, 1.0, 1.0, 0.0, 0.0, 1.0, 0.0, 0.0, 0.0, 1.0, 1.0, 0.0, 0.0, 0.0, 1.0, 0.0, 0.0, 1.0, 0.0, 1.0, 0.0, 0.0, 1.0, 0.0, 0.0, 0.0, 1.0, 0.0, 1.0, 1.0, 1.0, 1.0, 0.0, 1.0, 0.0, 1.0, 1.0, 0.0, 0.0, 1.0, 1.0, 0.0, 0.0, 1.0, 1.0, 0.0, 0.0, 0.0, 1.0, 0.0, 1.0, 0.0, 1.0, 1.0, 1.0, 0.0, 0.0, 1.0, 1.0, 0.0, 0.0, 1.0, 0.0, 0.0, 0.0, 1.0, 0.0, 0.0, 0.0, 1.0, 0.0, 0.0, 0.0, 1.0, 1.0, 1.0, 0.0, 0.0, 1.0, 0.0, 1.0, 0.0, 1.0, 1.0, 1.0, 1.0, 1.0, 0.0, 1.0, 0.0, 0.0, 1.0, 0.0, 1.0, 0.0, 0.0, 0.0, 0.0, 0.0, 1.0, 1.0, 0.0, 0.0, 1.0, 0.0, 1.0, 1.0, 1.0, 1.0, 0.0, 0.0, 0.0, 0.0, 0.0, 1.0, 1.0, 0.0, 0.0, 1.0, 1.0, 0.0, 1.0, 1.0, 0.0, 0.0, 1.0, 1.0, 0.0, 0.0, 1.0, 0.0, 1.0, 1.0, 0.0, 0.0, 1.0, 1.0, 0.0, 0.0, 1.0, 0.0, 1.0, 1.0, 0.0, 0.0, 0.0, 1.0, 1.0, 1.0, 1.0, 0.0, 1.0, 1.0, 1.0, 1.0, 1.0, 1.0, 1.0, 0.0, 0.0, 0.0, 1.0, 0.0, 1.0, 1.0, 0.0, 1.0, 1.0, 1.0, 1.0, 0.0, 0.0, 0.0, 1.0, 0.0, 1.0, 1.0, 1.0, 1.0, 1.0, 0.0, 1.0, 0.0, 1.0, 1.0, 0.0, 0.0, 0.0, 1.0, 1.0, 0.0, 0.0, 1.0, 0.0, 0.0, 0.0, 1.0, 0.0, 0.0, 1.0, 1.0, 0.0, 0.0, 0.0, 0.0, 0.0, 0.0, 1.0, 0.0, 1.0, 1.0, 0.0, 0.0, 0.0, 1.0, 1.0, 1.0, 1.0, 0.0, 1.0, 1.0, 1.0, 0.0, 0.0, 0.0, 1.0, 0.0, 1.0, 1.0, 0.0, 0.0, 1.0, 1.0, 1.0, 1.0, 1.0, 1.0, 1.0, 0.0, 1.0, 0.0, 1.0, 0.0, 0.0, 0.0, 0.0, 1.0, 0.0, 0.0, 1.0, 0.0, 1.0, 1.0, 0.0, 1.0, 1.0, 0.0, 1.0, 1.0, 0.0, 1.0, 1.0, 1.0, 1.0, 0.0, 0.0, 0.0, 0.0, 1.0, 0.0, 0.0, 0.0, 0.0, 0.0, 1.0, 1.0, 0.0, 1.0, 0.0, 0.0, 0.0, 0.0, 0.0, 0.0, 0.0, 1.0, 0.0, 1.0, 1.0, 0.0, 0.0, 1.0, 1.0, 1.0, 0.0, 0.0, 1.0, 0.0, 1.0, 1.0, 0.0, 1.0, 0.0, 0.0, 1.0, 0.0, 0.0, 0.0, 0.0, 0.0, 1.0, 0.0, 1.0, 0.0, 0.0, 0.0, 1.0, 0.0, 0.0, 0.0, 1.0, 0.0, 1.0, 1.0, 0.0, 1.0, 0.0, 1.0, 0.0, 1.0, 1.0, 1.0, 1.0, 1.0, 0.0, 0.0, 1.0, 1.0, 1.0, 1.0, 1.0, 1.0, 0.0, 1.0, 0.0, 0.0, 1.0, 0.0, 1.0, 0.0, 1.0, 0.0, 1.0, 0.0, 0.0, 1.0, 1.0, 0.0, 1.0, 0.0, 1.0, 0.0, 1.0, 0.0, 1.0, 0.0, 0.0, 1.0, 0.0, 1.0, 1.0, 1.0, 1.0, 0.0, 1.0, 0.0, 1.0, 0.0, 0.0, 1.0, 0.0, 0.0, 0.0, 1.0, 0.0, 0.0, 0.0, 0.0, 1.0, 1.0, 1.0, 0.0, 1.0, 0.0, 1.0, 1.0, 1.0, 1.0, 1.0, 0.0, 1.0, 1.0, 0.0, 0.0, 1.0, 0.0, 0.0, 0.0, 0.0, 1.0, 0.0, 0.0, 1.0, 0.0, 1.0, 1.0, 1.0, 0.0, 1.0, 0.0, 1.0, 0.0, 1.0, 0.0, 1.0, 0.0, 0.0, 0.0, 0.0, 0.0, 1.0, 0.0, 0.0, 0.0, 0.0, 1.0, 1.0, 1.0, 1.0, 0.0, 0.0, 0.0, 1.0, 0.0, 0.0, 1.0, 1.0, 0.0, 0.0, 1.0, 0.0, 0.0, 1.0, 1.0, 0.0, 1.0, 0.0, 0.0, 1.0, 0.0, 0.0, 1.0, 0.0, 1.0, 1.0, 0.0, 0.0, 1.0, 1.0, 0.0, 1.0, 1.0, 0.0, 0.0, 0.0, 0.0, 0.0, 0.0, 1.0, 1.0, 0.0, 1.0, 0.0, 1.0, 1.0, 1.0, 0.0, 1.0, 0.0, 1.0, 1.0, 1.0, 1.0, 0.0, 1.0, 0.0, 0.0, 0.0, 0.0, 0.0, 0.0, 0.0, 1.0, 0.0, 0.0, 0.0, 0.0, 1.0, 0.0, 0.0, 0.0, 1.0, 0.0, 1.0, 1.0, 0.0, 1.0, 0.0, 1.0, 0.0, 0.0, 0.0, 1.0, 1.0, 1.0, 1.0, 1.0, 1.0, 1.0, 0.0, 0.0, 0.0, 1.0, 1.0, 0.0, 0.0, 0.0, 1.0, 0.0, 1.0, 0.0, 1.0, 0.0, 0.0, 0.0, 1.0, 1.0, 1.0, 1.0, 1.0, 1.0, 1.0, 0.0, 0.0, 0.0, 1.0, 1.0, 0.0, 1.0, 1.0, 0.0, 1.0, 0.0, 0.0, 1.0, 0.0, 1.0, 1.0, 0.0, 0.0, 1.0, 1.0, 0.0, 0.0, 1.0, 0.0, 1.0, 1.0, 1.0, 0.0, 1.0, 1.0, 1.0, 1.0, 0.0, 1.0, 0.0, 1.0, 1.0, 0.0, 1.0, 0.0, 0.0, 0.0, 1.0, 1.0, 0.0, 1.0, 0.0, 0.0, 0.0, 1.0, 0.0, 1.0, 0.0, 0.0, 1.0, 0.0, 1.0, 1.0, 1.0, 1.0, 1.0, 1.0, 1.0, 1.0, 1.0, 0.0, 1.0, 0.0, 0.0, 1.0, 0.0, 1.0, 0.0, 0.0, 0.0, 1.0, 0.0, 1.0, 0.0, 1.0, 1.0, 0.0, 0.0, 0.0, 1.0, 0.0, 1.0, 1.0, 0.0, 1.0, 0.0, 0.0, 0.0, 1.0, 0.0, 1.0, 0.0, 0.0, 0.0, 1.0, 1.0, 0.0, 0.0, 1.0, 1.0, 1.0, 1.0, 0.0, 1.0, 1.0, 0.0, 1.0, 0.0, 1.0, 1.0, 1.0, 0.0, 1.0, 0.0, 0.0, 1.0, 1.0, 1.0, 1.0, 1.0, 0.0, 1.0, 1.0, 1.0, 0.0, 1.0, 1.0, 0.0, 1.0, 0.0, 1.0, 0.0, 1.0, 1.0, 1.0, 1.0, 0.0, 0.0, 0.0, 0.0, 0.0, 1.0, 1.0, 0.0, 1.0, 1.0, 0.0, 1.0, 1.0, 0.0, 1.0, 1.0, 1.0, 1.0, 0.0, 0.0, 1.0, 0.0, 0.0, 0.0, 1.0, 1.0, 1.0, 0.0, 1.0, 1.0, 1.0, 1.0, 1.0, 1.0, 1.0, 1.0, 0.0, 1.0, 0.0, 0.0, 1.0, 0.0, 1.0, 1.0, 1.0, 0.0, 1.0, 0.0, 1.0, 1.0, 1.0, 1.0, 0.0, 0.0, 0.0, 1.0, 1.0, 0.0, 0.0, 1.0, 1.0, 0.0, 1.0, 1.0, 1.0, 1.0, 0.0, 1.0, 1.0, 1.0, 1.0, 0.0, 0.0, 0.0, 0.0, 0.0, 1.0, 0.0, 0.0, 0.0, 1.0, 0.0, 0.0, 0.0, 0.0, 1.0, 1.0, 1.0, 0.0, 1.0, 0.0, 0.0, 1.0, 1.0, 0.0, 1.0, 0.0, 0.0, 1.0, 1.0, 1.0, 0.0, 0.0, 0.0, 0.0, 1.0, 1.0, 0.0, 0.0, 1.0, 1.0, 0.0, 1.0, 0.0, 1.0, 1.0, 1.0, 1.0, 0.0, 0.0, 0.0, 0.0, 1.0, 0.0, 0.0, 1.0, 1.0, 1.0, 1.0, 0.0, 1.0, 0.0, 1.0, 0.0, 0.0, 0.0, 0.0, 0.0, 1.0, 0.0, 1.0, 1.0, 0.0, 0.0, 0.0, 0.0, 0.0, 1.0, 1.0, 1.0, 1.0, 0.0, 0.0, 0.0, 1.0, 0.0, 1.0, 0.0, 1.0, 1.0, 1.0, 1.0, 1.0, 0.0, 1.0, 1.0, 1.0, 0.0, 0.0, 1.0, 0.0, 1.0, 0.0, 1.0, 1.0, 0.0, 0.0, 0.0, 0.0, 1.0, 1.0, 1.0, 1.0, 0.0, 1.0, 1.0, 0.0, 1.0, 1.0, 1.0, 0.0, 0.0, 1.0, 1.0, 0.0, 1.0, 1.0, 1.0, 1.0, 1.0, 1.0, 0.0, 1.0, 1.0, 1.0, 0.0, 0.0, 1.0, 1.0, 1.0, 0.0, 0.0, 0.0, 0.0, 0.0, 1.0, 0.0, 0.0, 1.0, 0.0, 0.0, 0.0, 0.0, 0.0, 1.0, 1.0, 1.0, 0.0, 0.0, 0.0, 0.0, 1.0, 0.0, 1.0, 1.0, 0.0, 1.0, 0.0, 0.0, 1.0, 0.0, 1.0, 1.0, 1.0, 0.0, 1.0, 1.0, 0.0, 1.0, 1.0, 0.0, 0.0, 0.0, 1.0, 0.0, 0.0, 1.0, 1.0, 1.0, 1.0, 1.0, 1.0, 1.0, 1.0, 0.0, 0.0, 0.0, 0.0, 0.0, 0.0, 0.0, 1.0, 1.0, 0.0, 0.0, 0.0, 0.0, 0.0, 1.0, 0.0, 1.0, 1.0, 1.0, 1.0, 0.0, 1.0, 1.0, 1.0, 1.0, 1.0, 1.0, 0.0, 1.0, 1.0, 1.0, 0.0, 1.0, 0.0, 1.0, 0.0, 0.0, 0.0, 0.0, 1.0, 1.0, 0.0, 1.0, 0.0, 1.0, 0.0, 1.0, 0.0, 1.0, 1.0, 1.0, 1.0, 0.0, 0.0, 0.0, 0.0, 0.0, 0.0, 0.0, 1.0, 0.0, 1.0, 0.0, 0.0, 0.0, 1.0, 0.0, 1.0, 1.0, 1.0, 1.0, 0.0, 1.0, 1.0, 0.0, 0.0, 0.0, 0.0, 1.0, 0.0, 0.0, 1.0, 1.0, 0.0, 1.0, 1.0, 0.0, 1.0, 0.0, 1.0, 1.0, 1.0, 0.0, 0.0, 1.0, 0.0, 1.0, 1.0, 1.0, 1.0, 0.0, 0.0, 1.0, 1.0, 1.0, 0.0, 1.0, 1.0, 1.0, 0.0, 1.0, 0.0, 1.0, 0.0, 1.0, 0.0, 1.0, 0.0, 1.0, 1.0, 1.0, 1.0, 0.0, 0.0, 1.0, 1.0, 1.0, 0.0, 1.0, 0.0, 1.0, 1.0, 1.0, 0.0, 0.0, 1.0, 1.0, 0.0, 0.0, 0.0, 0.0, 0.0, 1.0, 1.0, 1.0, 1.0, 0.0, 0.0, 0.0, 0.0, 0.0, 0.0, 0.0, 1.0, 0.0, 0.0, 1.0, 1.0, 0.0, 0.0, 0.0, 1.0, 1.0, 0.0, 0.0, 0.0, 1.0, 0.0, 1.0, 1.0, 1.0, 0.0, 1.0, 0.0, 1.0, 1.0, 0.0, 0.0, 0.0, 0.0, 1.0, 0.0, 1.0, 0.0, 1.0, 0.0, 0.0, 0.0, 0.0, 0.0, 1.0, 0.0, 1.0, 1.0, 0.0, 1.0, 0.0, 1.0, 0.0, 1.0, 0.0, 0.0, 1.0, 1.0, 0.0, 0.0, 1.0, 1.0, 1.0, 1.0, 0.0, 1.0, 1.0, 1.0, 1.0, 0.0, 1.0, 0.0, 1.0, 1.0, 0.0, 0.0, 0.0, 1.0, 1.0, 0.0, 1.0, 0.0, 1.0, 1.0, 0.0, 1.0, 0.0, 1.0, 1.0, 1.0, 0.0, 1.0, 1.0, 0.0, 1.0, 0.0, 1.0, 0.0, 0.0, 0.0, 0.0, 1.0, 1.0, 0.0, 0.0, 1.0, 0.0, 1.0, 1.0, 1.0, 0.0, 1.0, 0.0, 1.0, 0.0, 1.0, 0.0, 0.0, 0.0, 0.0, 1.0, 0.0, 0.0, 0.0, 1.0, 1.0, 1.0, 0.0, 1.0, 0.0, 1.0, 1.0, 0.0, 1.0, 1.0, 0.0, 1.0, 1.0, 0.0, 0.0, 0.0, 0.0, 0.0, 0.0, 0.0, 0.0, 1.0, 1.0, 0.0, 0.0, 0.0, 1.0, 0.0, 0.0, 0.0, 1.0, 1.0, 1.0, 1.0, 1.0, 1.0, 0.0, 0.0, 0.0, 0.0, 0.0, 1.0, 1.0, 1.0, 0.0, 0.0, 1.0, 0.0, 0.0, 0.0, 1.0, 1.0, 0.0, 0.0, 0.0, 0.0, 0.0, 0.0, 0.0, 1.0, 1.0, 1.0, 0.0, 1.0, 1.0, 1.0, 1.0, 1.0, 1.0, 1.0, 1.0, 1.0, 0.0, 0.0, 1.0, 1.0, 0.0, 0.0, 1.0, 0.0, 1.0, 1.0, 1.0, 0.0, 0.0, 0.0, 0.0, 0.0, 1.0, 0.0, 1.0, 1.0, 0.0, 1.0, 1.0, 0.0, 1.0, 1.0, 1.0, 0.0, 0.0, 1.0, 1.0, 0.0, 1.0, 1.0, 1.0, 1.0, 0.0, 1.0, 0.0, 0.0, 0.0, 0.0, 0.0, 0.0, 0.0, 0.0, 0.0, 1.0, 1.0, 0.0, 0.0, 1.0, 0.0, 1.0, 0.0, 1.0, 1.0, 1.0, 0.0, 0.0, 1.0, 1.0, 1.0, 0.0, 0.0, 0.0, 0.0, 1.0, 0.0, 0.0, 0.0, 1.0, 1.0, 1.0, 0.0, 1.0, 0.0, 0.0, 0.0, 0.0, 0.0, 1.0, 1.0, 1.0, 1.0, 1.0, 1.0, 1.0, 0.0, 0.0, 0.0, 0.0, 1.0, 0.0, 0.0, 0.0, 1.0, 0.0, 1.0, 0.0, 0.0, 1.0, 1.0, 0.0, 0.0, 1.0, 1.0, 0.0, 0.0, 0.0, 0.0, 1.0, 1.0, 0.0, 1.0, 1.0, 0.0, 0.0, 0.0, 0.0, 0.0, 1.0, 1.0, 1.0, 1.0, 0.0, 0.0, 1.0, 1.0, 1.0, 1.0, 1.0, 1.0, 0.0, 0.0, 0.0, 1.0, 1.0, 1.0, 0.0, 0.0, 1.0, 0.0, 1.0, 0.0, 0.0, 0.0, 0.0, 1.0, 1.0, 0.0, 1.0, 1.0, 1.0, 1.0, 1.0, 0.0, 0.0, 1.0, 0.0, 0.0, 0.0, 1.0, 0.0, 0.0, 0.0, 1.0, 1.0, 1.0, 0.0, 0.0, 0.0, 1.0, 1.0, 0.0, 0.0, 1.0, 0.0, 1.0, 1.0, 1.0, 0.0, 1.0, 1.0, 0.0, 0.0, 1.0, 1.0, 1.0, 0.0, 1.0, 1.0, 1.0, 1.0, 0.0, 1.0, 1.0, 1.0, 1.0, 1.0, 0.0, 0.0, 0.0, 1.0, 1.0, 0.0, 1.0, 0.0, 0.0, 1.0, 0.0, 0.0, 1.0, 1.0, 1.0, 0.0, 1.0, 1.0, 0.0, 1.0, 0.0, 1.0, 1.0, 0.0, 1.0, 0.0, 1.0, 1.0, 1.0, 0.0, 1.0, 1.0, 0.0, 0.0, 1.0, 0.0, 1.0, 0.0, 1.0, 0.0, 1.0, 1.0, 1.0, 1.0, 0.0, 0.0, 1.0, 0.0, 0.0, 1.0, 1.0, 0.0, 1.0, 1.0, 0.0, 1.0, 1.0, 0.0, 0.0, 0.0, 1.0, 1.0, 1.0, 1.0, 0.0, 0.0, 0.0, 0.0, 0.0, 0.0, 1.0, 0.0, 0.0, 0.0, 0.0, 1.0, 0.0, 1.0, 0.0, 0.0, 1.0, 0.0, 1.0, 1.0, 0.0, 1.0, 0.0, 1.0, 0.0, 1.0, 1.0, 1.0, 0.0, 1.0, 0.0, 0.0, 0.0, 0.0, 1.0, 0.0, 1.0, 1.0, 1.0, 0.0, 1.0, 1.0, 1.0, 1.0, 0.0, 1.0, 1.0, 1.0, 0.0, 1.0, 1.0, 0.0, 0.0, 0.0, 1.0, 0.0, 1.0, 1.0, 0.0, 0.0, 0.0, 0.0, 0.0, 0.0, 1.0, 1.0, 0.0, 0.0, 1.0, 0.0, 1.0, 1.0, 0.0, 0.0, 1.0, 0.0, 0.0, 1.0, 1.0, 0.0, 1.0, 1.0, 0.0, 0.0, 1.0, 1.0, 1.0, 0.0, 1.0, 1.0, 1.0, 0.0, 1.0, 1.0, 0.0, 0.0, 0.0, 1.0, 0.0, 1.0, 1.0, 0.0, 1.0, 1.0, 0.0, 0.0, 0.0, 0.0, 0.0, 1.0, 1.0, 1.0, 1.0, 0.0, 1.0, 0.0, 1.0, 0.0, 0.0, 0.0, 1.0, 1.0, 1.0, 1.0, 0.0, 0.0, 0.0, 1.0, 1.0, 1.0, 0.0, 1.0, 0.0, 1.0, 0.0, 0.0, 0.0, 1.0, 0.0, 1.0, 1.0, 0.0, 0.0, 1.0, 1.0, 0.0, 0.0, 0.0, 1.0, 1.0, 1.0, 1.0, 1.0, 0.0, 1.0, 0.0, 0.0, 0.0, 1.0, 0.0, 0.0, 1.0, 1.0, 1.0, 1.0, 0.0, 0.0, 1.0, 1.0, 0.0, 1.0, 1.0, 0.0]
\score={0: [0.12822449000345337, 0.12779549347317737, 0.12789020280946384, 0.12792278428872425, 0.12823913842439652, 0.1283468579252561, 0.12747846952369135, 0.12637702776835516, 0.1278629875902472, 0.1274231467396021, 0.12788325000335188, 0.1282271456439048, 0.12792750660862243, 0.12791624713328578, 0.12745882026278055, 0.12735537575049835, 0.12730309309867713, 0.12826383926651694, 0.12876849696040155, 0.12725780023769898, 0.12653328329324723, 0.12729553172462865, 0.1260729026980698, 0.12767334844993086, 0.1276765324175358, 0.1282475652794043, 0.1286207139492035, 0.1286365675429503, 0.12791007803753018, 0.12798948617031178, 0.1277664724899375, 0.12736994177103042, 0.12754942023235818, 0.12709766524759206, 0.1269018640741706, 0.12690176934965194, 0.12726287129852507, 0.1265416337798039, 0.1272116113792766, 0.12720913340648016, 0.12787382739285627, 0.12780815009027718, 0.12712047913589994, 0.12760387330005565, 0.12765872512351384, 0.12881900204552543, 0.12784215269817245, 0.12775205749840962, 0.12684197936739242, 0.12818572173515955, 0.1269259529986552, 0.12812010273337365, 0.12876724749803542, 0.12784027929107347, 0.12671362502234323, 0.12733651051918665, 0.12608164277943698, 0.1277949964770904, 0.1283691045641899, 0.1282388617595037, 0.12737035751342773, 0.1274570379820135, 0.12844036576839593, 0.12828365036032416, 0.1277678997980224, 0.12819685186109236, 0.12671758146846995, 0.12683494240045548, 0.12713110220173132, 0.12715275550172442, 0.12763525504204962, 0.1276614280610249, 0.12777967005968094, 0.12710014985580192, 0.12692058509723705, 0.12771364070218186, 0.1286758651336034, 0.12894396297633648, 0.12713509571293127, 0.12717710249125957, 0.12739145445326963, 0.12690703220227184, 0.12748860293313077, 0.12731222261985142, 0.12691784582354806, 0.1271683463738078, 0.1273556801935901, 0.12890070783240454, 0.1261674091219902, 0.1280224235082159, 0.12651074988146624, 0.12799589335918427, 0.12708285737496156, 0.12777312211692332, 0.12881835075941953, 0.12747847586870192, 0.1275543585933488, 0.12692507286556065, 0.1283446184613488, 0.12684724852442741, 0.12625644393265248, 0.12702681289778817, 0.12734312434559283, 0.12743629473778936, 0.12721243529365614, 0.12822797298431396, 0.12767683441440264, 0.1271360974226679, 0.1283104202964089, 0.1266460953788324, 0.1275853500250847, 0.12760073319077492, 0.12726886173089344, 0.12681086819905502, 0.1276481567936785, 0.1279685865006139, 0.12727027833461763, 0.1270264150655788, 0.1279982236378333, 0.1284893711930827, 0.12719665953646536, 0.1282214641571045, 0.12756399561961493, 0.12746855782137978, 0.12732475537520188, 0.1274212629844745, 0.1278402383128802, 0.12736448451228763, 0.12783220197473252, 0.1283968582197472, 0.1258733719587326, 0.12719341225567318, 0.12757185846567154, 0.12653717696666716, 0.12756089653287614, 0.12797019258141518, 0.12721340755621593, 0.12727405455632088, 0.1271286298831304, 0.12649321522225032, 0.1274847554809907, 0.1267615894184393, 0.1273639811710878, 0.1280379470275796, 0.12768792041710444, 0.12493288930919436, 0.12694939970970154, 0.12807691872119903, 0.12762482464313507, 0.12790453433990479, 0.12817796170711518, 0.12761271101507274, 0.1273884851308096, 0.12810108863881656, 0.1283730842611369, 0.1285313192535849, 0.12743122652173042, 0.1274374660692717, 0.12686554295942187, 0.1275121041884025, 0.12780759754506024, 0.12784978609394143, 0.12770596612244844, 0.12692171914709938, 0.12739844505603498, 0.1276668068021536, 0.1269962957927159, 0.12790944389998912, 0.12638503685593605, 0.12791816970067366, 0.1265796615996144, 0.12733015372897638, 0.1271928402905663, 0.12788813774074828, 0.12709095754793712, 0.1279900697991252, 0.12749551001347995, 0.12805745005607605, 0.12820348569325038, 0.127821187954396, 0.12713702619075776, 0.12674314567917272, 0.12621814087033273, 0.12764054130424152, 0.12822268090464853, 0.12750117853283882, 0.12842657417058945, 0.12782017416075656, 0.12709963775199393, 0.12721003219485283, 0.12756023928523064, 0.1278745819415365, 0.12754041185745826, 0.12767819175496697, 0.12696334067732096, 0.12769232889016469, 0.12714944692219005, 0.12648619779131628, 0.1273996041101568, 0.1268762219697237, 0.12767353497053446, 0.12673279477490318, 0.1285417392849922, 0.12789223343133926, 0.127601383970334, 0.12765404753960097, 0.12782096920105127, 0.12870889157056808, 0.12767657147986547, 0.1276461167091673, 0.1269659288227558, 0.12760545313358307, 0.12821786082349718, 0.12812197305586026, 0.1286436309417089, 0.12759159604708353, 0.1267950855768644, 0.12668556449088184, 0.12683994157446754, 0.12670921236276628, 0.12763739625612894, 0.12864060589560755, 0.1279241655921114, 0.1275626661685797, 0.12794448234713995, 0.1270881686359644, 0.12721516765080965, 0.12697902952249235, 0.1270629773321359, 0.1273932601014773, 0.12816280265187108, 0.12809482284567572, 0.1270017718013964, 0.12823527720239428, 0.1276137860757964, 0.1272742826005687, 0.12762513458728791, 0.12842798084020615, 0.1275767290166446, 0.12781759434276158, 0.1267959550023079, 0.12721807025372983, 0.12829190399497747, 0.12638454681093042, 0.12728183645577656, 0.1269921053980672, 0.12771323586211486, 0.12742040746591307, 0.12680031476836456, 0.12773798295745142, 0.12784658886235337, 0.12756963539868593, 0.12779540511278006, 0.12939301878213882, 0.1282506657057795, 0.1271556720137596, 0.1274272067738431, 0.12770680198445916, 0.12741581419551815, 0.12713607102632524, 0.12677348010680256, 0.12815459743142127, 0.12853826706608137, 0.12754354005058607, 0.12807281827554107, 0.12593663558363916, 0.12835763123902408, 0.12763991031576605, 0.12752333382765452, 0.12830048985779285, 0.12686879932880402, 0.1281123499785151, 0.12765374832919665, 0.12764690706023463, 0.12800600677728652, 0.12861892891426882, 0.12749926631267255, 0.12749962839815351, 0.12798646131628438, 0.12766212384615624, 0.12851160235943332, 0.12651446302022254, 0.12766751709083715, 0.12746882370927118, 0.12837809950113296, 0.1277840219438076, 0.12836009232948223, 0.1287730008363724, 0.1269052545229594, 0.12742947854778983, 0.1266940678743755, 0.12735119258815591, 0.12793888767128406, 0.1278952032327652, 0.12843899925549826, 0.1284759822818968, 0.12796701810189656, 0.12795127849829824, 0.1260260840257009, 0.12691986560821533, 0.1278173659335483, 0.12811879756358954, 0.1284192095582302, 0.12807445340987408, 0.128129452932626, 0.1280330754816532, 0.12691076450488148, 0.12718705257231538, 0.12863398051780203, 0.12708248645067216, 0.12715612972776094, 0.12754478603601455, 0.1271080426298655, 0.1276150915552588, 0.12781540036201477, 0.12641688585281372, 0.12657086261444622, 0.12783016016085944, 0.12635073696191496, 0.12832141328941693, 0.12755215167999268, 0.127505728886241, 0.12728299156707876, 0.12813763964820551, 0.12731268405914306, 0.12712350454595353, 0.1268242540604928, 0.12754276456932226, 0.12712679134729582, 0.12765412628650666, 0.12698117169466885, 0.12832798489502498, 0.12724394258111715, 0.12723338866935058, 0.1276412327532415, 0.12751271277666093, 0.1272184086533693, 0.12527348473668098, 0.12770728137758042, 0.12922200628302313, 0.12694431766867637, 0.12770540311056025, 0.12739486361925417, 0.12684275628998876, 0.12739929225709704, 0.12701209350710824, 0.12730589509010315, 0.12794728949666023, 0.12672621650355204, 0.12719177782535554, 0.12778552960265765, 0.1278488516807556, 0.1280911136418581, 0.127111307448811, 0.12653117751081785, 0.1274143707539354, 0.12739086607281042, 0.12713433569297194, 0.12834256341060002, 0.1281539970322659, 0.12806815654039383, 0.12978802621364594, 0.12842214063686483, 0.12698869203979318, 0.12769803249587616, 0.12767198085784912, 0.12720487438715422, 0.12728110434753553, 0.12768492712215943, 0.12809250255425772, 0.12772037088871002, 0.12759673992792767, 0.12929475605487822, 0.12706900015473366, 0.12945028394460678, 0.12809226547296232, 0.12782877357676625, 0.1273261194427808, 0.12754736270974665, 0.1271299421787262, 0.12696383499047337, 0.12682255387306213, 0.12730775560651506, 0.12778311176225543, 0.12695971024887903, 0.12752234687407812, 0.12714112832628446, 0.1294463689510639, 0.12750714644789696, 0.12749986654078518, 0.12847266097863516, 0.12729628384113312, 0.12638749357532053, 0.12779943584179393, 0.12850190011354592, 0.12827554047107698, 0.1261056891896508, 0.12704843602010182, 0.1275603404889504, 0.12756881011383875, 0.1275880854576826, 0.1273631364107132, 0.1265128074834744, 0.1282547586842587, 0.12778851613402367, 0.127033528768354, 0.12729693560496622, 0.127839657664299, 0.12780827337077685, 0.1273211307823658, 0.12788570536808533, 0.1274602073762152, 0.1276659533381462, 0.1285634125982012, 0.12735332783899808, 0.12668326869606972, 0.12841273066790207, 0.12734299500783283, 0.12787865464751785, 0.12742322981357573, 0.1263005093616598, 0.12805333385864895, 0.1271132010480632, 0.12712975442409516, 0.12664921310814944, 0.12725743388428407, 0.12785134532234885, 0.12684965531031292, 0.12675387258159704, 0.12757393345236778, 0.12733329253064263, 0.12695168568329376, 0.12762796273455024, 0.12644873851019403, 0.1288841250869963, 0.12729555418094, 0.12725796699523925, 0.12638836214318871, 0.12769478301589304, 0.12732504693598584, 0.12770354971289635, 0.1271581624945005, 0.12771737854927778, 0.12717671963301572, 0.1268009924226337, 0.12747061834670603, 0.12748347568075832, 0.12685159842173258, 0.12684481963515282, 0.12829837661523086, 0.12750839293003083, 0.12808715528057468, 0.1269164268266071, 0.12711340996126333, 0.12735475661853948, 0.12670264691114425, 0.12774238313237826, 0.12799232102492275, 0.12775405537750986, 0.12822559611363846, 0.12782395344514114, 0.1273331252091071, 0.12768187653273344, 0.12741749319765303, 0.12802796624600887, 0.12684042006731033, 0.12682694320877394, 0.12667086457504945, 0.12866411668558916, 0.12770556048913437, 0.12721327890952427, 0.1281792405864288, 0.1276993995363062, 0.12807569389834123, 0.12755297273397445, 0.1281188542644183, 0.12759057581424713, 0.1272395481214379, 0.12737775407731533, 0.12688326678777995, 0.12714808794759935, 0.12770611179225586, 0.1274341215543887, 0.12681074639161427, 0.12722599506378174, 0.12746121486028036, 0.1271517127752304, 0.1273280746088578, 0.12772951573133468, 0.1275974250463552, 0.1274945419281721, 0.12778917368915346, 0.1273101359605789, 0.127420028205961, 0.12750154476741266, 0.1270304803143848, 0.1275020077203711, 0.12808791839558145, 0.1295807994902134, 0.12725697993300855, 0.12761079147458076, 0.1277957626928886, 0.12714732869675285, 0.1278008071376997, 0.12729328579228857, 0.1273586382823331, 0.1274101527200805, 0.12676740065217018, 0.1284503402078853, 0.1270666057648866, 0.12687079337510196, 0.12669344585050235, 0.12736881358755958, 0.1275114245388819, 0.1279178485274315, 0.1283471780744466, 0.12814241424202918, 0.1265725615349683, 0.12721814132399029, 0.12710237254699072, 0.12771959367551303, 0.12698303095319055, 0.12764183608324906, 0.12848371830655309, 0.12829622766003013, 0.12770348004996776, 0.1280171875992129, 0.12730002030730247, 0.12781518974474498, 0.12650377955287695, 0.12728178544956095, 0.1293529136614366, 0.12831061845645308, 0.12757128796407155, 0.12723823338747026, 0.1266500015150417, 0.12762694302442912, 0.12783834263682364, 0.1281178905850365, 0.1267453819513321, 0.1277821429539472, 0.1275463900689421, 0.12743526117669213, 0.12743162860472998, 0.1264874003827572, 0.12605916389397212, 0.12738581533942903, 0.12803543820267632, 0.12805982413036482, 0.12709271452493137, 0.12744014252993194, 0.12680488545447588, 0.12771826496590738, 0.1271611362695694, 0.1277412600815296, 0.1278103762306273, 0.12770742624998094, 0.12773950674704143, 0.12781015726236197, 0.12678028533563895, 0.12502733446084535, 0.12687533979232496, 0.12670771687319785, 0.12749944047795403, 0.12681081146001816, 0.12933900207281113, 0.12729411843148145, 0.12779580463062634, 0.12806336918184835, 0.12798744067549706, 0.127016966315833, 0.12822024524211884, 0.12808948077938773, 0.1276134115700819, 0.12689581741061476, 0.1275483448715771, 0.1283513829112053, 0.12680524049533737, 0.12853959947824478, 0.12824123750130337, 0.12777813998135654, 0.1279349779089292, 0.1273737384573273, 0.12631131522357464, 0.1265965130712305, 0.12761264351698068, 0.12809249696632227, 0.12776667015119034, 0.1278603176275889, 0.12620247403780618, 0.12787675261497497, 0.1276608859854085, 0.12802402878349478, 0.1272222413903191, 0.12846730039878326, 0.12766274963987284, 0.12755060350072794, 0.1295263461768627, 0.12875789329409598, 0.12711573392152786, 0.12784167213572395, 0.1272997053133117, 0.12858089804649353, 0.1264162492007017, 0.12745180095617586, 0.12607770832255483, 0.1272421992923084, 0.12777888545623192, 0.12738428292451082, 0.12697913044172784, 0.12796746602942866, 0.128192450851202, 0.12668747330705324, 0.12862173858143033, 0.1282417405810621, 0.12845784857084877, 0.12800875712524762, 0.12790115674336752, 0.1281379753102859, 0.13158665597438812, 0.12740425984649098, 0.12737061004889638, 0.12738073206153408, 0.12841061110559263, 0.1277478707747327, 0.12745774605057456, 0.12748635297312455, 0.1275365948677063, 0.12726082197493976, 0.12374797463417053, 0.12736875861883162, 0.12769577403863272, 0.1278841346502304, 0.126997366973332, 0.1268500176568826, 0.12650818215764087, 0.12761788866059345, 0.12750538289546967, 0.12630933821201323, 0.12824724707752466, 0.12710547571380934, 0.12766229937022383, 0.12692326733044215, 0.12704588583222143, 0.12804457917809486, 0.12733786006768544, 0.1269115314764135, 0.12736436389386654, 0.12816588351359734, 0.12710258923470974, 0.12793944202936613, 0.12851174362003803, 0.1283804640173912, 0.12828843218499217, 0.1273100334737036, 0.12755194306373596, 0.12703065822521845, 0.1277066269203236, 0.12791673777004084, 0.12748554100592932, 0.12727268236248115, 0.12847820967435836, 0.12834025422732034, 0.12678797472090947, 0.12743113107151455, 0.1278115830251149, 0.1277427984909578, 0.12732565791710562, 0.12059518694877625, 0.12748919140834075, 0.12911175787448884, 0.12637805300099508, 0.12772833169610412, 0.12710183064142863, 0.12796210969487826, 0.1279790373519063, 0.12896456966797512, 0.12706859563203418, 0.1274520719752592, 0.1281311089793841, 0.12856859984723004, 0.12722751051187514, 0.12721468756596246, 0.12777256493767103, 0.1266431916843761, 0.12710371762514114, 0.12723177236815295, 0.12775009324153264, 0.12731904885731637, 0.1273059804852192, 0.1274241561239416, 0.127832061865113, 0.12646520137786865, 0.12729225536951652, 0.12727791303768754, 0.12827217343606448, 0.1283340429266294, 0.12774926927444097, 0.12698411871679127, 0.1257751076058908, 0.1279021143913269, 0.1273106187582016, 0.12813374549150466, 0.1268465172718553, 0.12755178660154343, 0.12779396855168873, 0.12820044113323092, 0.12806463241577148, 0.12771491499410736, 0.12740471307188272, 0.1276582032442093, 0.127126663568474, 0.12737315520644188, 0.12825005764470382, 0.12745034396648408, 0.12781872668049551, 0.12697398323904385, 0.12718697562813758, 0.1274886578321457, 0.1263861797749996, 0.12685770727694035, 0.12785299592896512, 0.12897839503628866, 0.12748034670948982, 0.12701503875163886, 0.12835104018449783, 0.12642863712140492, 0.12882757062713304, 0.12769010994169447, 0.12795312826832136, 0.1278078670685108, 0.1271830481978563, 0.12695703686525425, 0.1269785828060574, 0.1272486373782158, 0.12663591094315052, 0.12874378926224178, 0.12752750458625647, 0.12663674727082253, 0.12722902438219855, 0.1279586679660357, 0.12791193938917583, 0.12707305806023733, 0.1276327640646034, 0.12782006630940096, 0.12709696616592078, 0.1273387275636196, 0.12776709156376975, 0.12770439038674036, 0.12731642991304398, 0.12677079538504282, 0.12805401906371117, 0.1274490552513223, 0.12786939678092799, 0.12773554568940942, 0.1272730328142643, 0.12636972112315042, 0.12818079712716016, 0.1286911956138081, 0.12733251814331328, 0.12746513709425927, 0.1278776128007018, 0.12637771453176225, 0.12870760882894197, 0.1275854104835736, 0.1272178859050785, 0.12647364017638293, 0.12752415984869003, 0.12775748629461636, 0.12774534709751606, 0.1276949497646299, 0.12887329142540693, 0.12652199516693752, 0.12854796449343364, 0.1279232008826165, 0.1275352674225966, 0.127539765308885, 0.12824159115552902, 0.1286231428384781, 0.12785963962475458, 0.12742315083742142, 0.12664135774740806, 0.12738429416309704, 0.1283554801096519, 0.12705115973949432, 0.12783318459987641, 0.12794378399848938, 0.12709154561161995, 0.1280137144706466, 0.12759757874643102, 0.12817305498398268, 0.1277497640500466, 0.12752435654401778, 0.12741081549652986, 0.12693949937820434, 0.1277645041163151, 0.12641016001764097, 0.1286514550447464, 0.12793593040921472, 0.12813078363736471, 0.12779912104209265, 0.1281596858586584, 0.12739870290864597, 0.1286878064274788, 0.12703750282526016, 0.12839986269290632, 0.12780725386212854, 0.12660458832979202, 0.12705939789028728, 0.12686905016501746, 0.12889812936385472, 0.12831756174564363, 0.1267316848039627, 0.12425071001052856, 0.12770588044077158, 0.12694956681558064, 0.1274795508121743, 0.1268596503138542, 0.1281768733804876, 0.1270444204027836, 0.12734116696649128, 0.1275827224765505, 0.12761171062787374, 0.12709232013333926, 0.12735817208886147, 0.12622868785491356, 0.12704350783800086, 0.1268314482136206, 0.12638172168623318, 0.1275448433377526, 0.12663591702779134, 0.12821887336347415, 0.12772649940517214, 0.12669632787054236, 0.1274806565859101, 0.12663801644857114, 0.12861602173911202, 0.12804272627601257, 0.12765004932880403, 0.1276160731911659, 0.12685710489749907, 0.1286502480506897, 0.12752873531502226, 0.1275517699122429, 0.12743170857429503, 0.12658231492553437, 0.1269130679694089, 0.1277109341075023, 0.12705053885777792, 0.12914617955684662, 0.1282053136012771, 0.12742576801351138, 0.1263004859740084, 0.12862583332591587, 0.12790765472740498, 0.12822878839714186, 0.12796161969502767, 0.1279071569442749, 0.12759898365178007, 0.12795750732007233, 0.12665828524364364, 0.12760020348997342, 0.12578200735151768, 0.1282945563395818, 0.127151302420176, 0.12582798227667807, 0.12745560357968014, 0.12696909466210535, 0.1281340412538627, 0.1265508636004395, 0.12719975287715593, 0.12798430994153023, 0.12730741094459186, 0.12927525693720038, 0.12810578513326068, 0.12724198922514915, 0.12753675490617752, 0.12754589358442708, 0.1270064041018486, 0.12793773412704468, 0.1278654183778498, 0.12730554800208022, 0.12839372659271414, 0.12778175049103224, 0.12803183595339457, 0.12808938045054674, 0.1271187187387393, 0.12722166068851948, 0.1270831720187114, 0.1268586524658733, 0.1275831957658132, 0.1265761231382688, 0.12718605776043498, 0.1275097666816278, 0.12729972212210947, 0.12697406959804622, 0.12803179717489652, 0.12821437457674428, 0.1274885914247969, 0.12784445616934034, 0.1271766008332718, 0.12701059003239093, 0.12635359168052673, 0.12738175027900273, 0.12715571580661666, 0.12665400676655048, 0.1273797419336107, 0.12774188639152617, 0.12738082042107216, 0.1279768699573146, 0.12902399003505707, 0.1270509719064361, 0.12744090954462686, 0.12830879645688192, 0.12780199438333512, 0.1286209262907505, 0.12720856040716172, 0.12673138551138066, 0.12766040886441868, 0.12691522389650345, 0.12790527323196674, 0.12772268950939178, 0.12723377701782046, 0.12886482883583417, 0.1268058991325753, 0.12674589703480402, 0.12831190702590076, 0.1272315169374148, 0.12643041326241058, 0.12628044784069062, 0.12694104335137776, 0.1260403154624833, 0.12763673987458735, 0.12682640478014945, 0.1282164841180756, 0.1270108280273584, 0.12716849071198497, 0.12663101879033176, 0.12837755393523437, 0.12677186327736553, 0.12731929524586752, 0.1269867734517902, 0.12772014677524568, 0.1270354598760605, 0.12830286969741186, 0.12826460264623166, 0.1274821673604575, 0.1296915039420128, 0.12631740540266037, 0.1275412386490239, 0.1271514014473983, 0.12858337834477424, 0.12894578129053116, 0.1290063997109731, 0.1276285634799437, 0.12821276790716432, 0.12721892446279526, 0.12741498784585434, 0.12785693470920836, 0.1280072033405304, 0.1277283271474223, 0.127707377076149, 0.12808192893862724, 0.12797069698572158, 0.1247575009862582, 0.12801749468781054, 0.12667894829064608, 0.12728989204125746, 0.12805700972676276, 0.12695380988029334, 0.1279279861380072, 0.12693387310247164, 0.12821827549487352, 0.12745600353394235, 0.1275299879220816, 0.12732554351290068, 0.12747197449207306, 0.12799713995895887, 0.12778582370706967, 0.12730244573737895, 0.12769213932401993, 0.12730085560017163, 0.12808545231819152, 0.1268054760992527, 0.12770637422800063, 0.12724754146554254, 0.1284116723885139, 0.12668577540251943, 0.1266153102571314, 0.12755602726648593, 0.12709386616945267, 0.12820583076349326, 0.12781310507229396, 0.12783477027365503, 0.12800317982564102, 0.12742863923311235, 0.12947751643757024, 0.1273294190565745, 0.1281827050778601, 0.1272722329530451, 0.1269774079322815, 0.12788453449805579, 0.12736699464065687, 0.12648421302437782, 0.12614297742644945, 0.1294673816724257, 0.12684687006252784, 0.12733517455704071, 0.1274404886521791, 0.12709000164812262, 0.12771812633231835, 0.1280396670103073, 0.12790833972394466, 0.1272636747785977, 0.12803279673275741, 0.1268882066011429, 0.12773993025932992, 0.12756032202588885, 0.1280772120312408, 0.12824421127637228, 0.1278975736349821, 0.1267375312745571, 0.1279636452595393, 0.12797614864327692, 0.1269978987781898, 0.1268418074949928, 0.1275926591718898, 0.12731232450288885, 0.12638196498155593, 0.12738339287730363, 0.12746286454300085, 0.12787811333934465, 0.12729340847581624, 0.12734186223575047, 0.12891312605804867, 0.12728354102000594, 0.12835134972225537, 0.12875124166409174, 0.12764445772128447, 0.12700804136693478, 0.1275858636945486, 0.1272430785000324, 0.12766570411622524, 0.12699383683502674, 0.12802345445379615, 0.12515734339302237, 0.12792276591062546, 0.12564645583430925, 0.12628849409520626, 0.1272625166636247, 0.12692750307420889, 0.12699748281585543, 0.12816530848160768, 0.12669750143374717, 0.1267820547024409, 0.1270243882512053, 0.1272341852838343, 0.12831380606993384, 0.12784894269246322, 0.12777997702360153, 0.1287959897890687, 0.12695603743195533, 0.12624824898583548, 0.1270549620191256, 0.12770068684690877, 0.12748958346875092, 0.126543688086363, 0.1283664827545484, 0.12885983897881073, 0.1272485644689628, 0.127158232357191, 0.12802444111842376, 0.1258865376668317, 0.1265652570873499, 0.12773373952278724, 0.12868700483266046, 0.12717663496732712, 0.12774359363885152, 0.12696557293335597, 0.1273878904826501, 0.12946250947082744, 0.12693194610377154, 0.12735491866866747, 0.12823131581147512, 0.12701847776770592, 0.127715827995225, 0.1287786364555359, 0.1270832560956478, 0.12705212831497192, 0.12769114101926485, 0.12761013209819794, 0.12721679594955945, 0.1278178373972575, 0.12877369187772275, 0.12726389653980733, 0.12698775455355643, 0.1273692488670349, 0.12686822631142355, 0.12700213998556137, 0.1260867745361545, 0.12839233949780465, 0.1281009167432785, 0.12738111649047246, 0.1283763200044632, 0.12744708579999428, 0.12770014901955923, 0.1278415836393833, 0.1275837699120695, 0.1269979365170002, 0.1283808209002018, 0.12733631547201762, 0.1282259151339531, 0.12807725535498726, 0.12766851325120246, 0.1275835931301117, 0.1269256703555584, 0.12773236746971423, 0.1268469337373972, 0.12752170907333493, 0.12739554127412184, 0.1267891668460586, 0.1272599580495254, 0.12729888906081518, 0.12749034840436207, 0.12811921089887618, 0.12716391351487902, 0.1271459995103734, 0.12752580052862564, 0.12726880474524063, 0.12783103560407957, 0.12743785604834557, 0.12741325050592422, 0.12588561177253724, 0.12785315424203872, 0.1269083073542964, 0.12802989251519503, 0.12843344600931292, 0.12634443044662474, 0.12856410172852603, 0.12749304586932772, 0.12816723368384622, 0.12667818570678885, 0.12728480324149133, 0.12721861348203992, 0.12829672768712044, 0.12765516553606307, 0.12808403910862076, 0.12796227232767984, 0.1275682230790456, 0.12767338256041208, 0.12789073001061166, 0.12709120838415056, 0.12741001501031543, 0.12738717251246975, 0.12780510918015525, 0.12789576599995295, 0.12747938456860455, 0.12743545131337258, 0.12742455024272203, 0.12764541655778885, 0.12654287396715239, 0.12772501682912982, 0.12736297558460916, 0.12791789462789893, 0.12695081130816385, 0.12690019820417678, 0.12563058651155895, 0.1279589906334877, 0.12846092445154986, 0.12852236018939453, 0.12899578649264115, 0.12790275886654853, 0.12794945016503334, 0.12823326682502573, 0.1272299767782291, 0.12664782057205837, 0.12720685723153027, 0.1282812634652311, 0.1281730126250874, 0.12629192629281213, 0.12755947758754094, 0.1280063527325789, 0.12678395435214043, 0.1278278758128484, 0.1273919819470714, 0.12738629709929228, 0.1275557428598404, 0.12671384091178575, 0.12856901504776694, 0.12855755644185202, 0.1273025620728731, 0.12682075169868767, 0.12837700971535274, 0.1276698438450694, 0.12684470801441758, 0.1272881870920008, 0.12808979488909245, 0.12667057812213897, 0.12886860519647597, 0.1277400518839176, 0.12762350142002105, 0.12720528555413088, 0.12758525013923644, 0.12757557332515718, 0.12808704605469337, 0.12806239006695924, 0.12665716972615984, 0.12870840592817825, 0.1273584932088852, 0.12934283912181854, 0.12813754752278328, 0.12567878079911074, 0.12793861815462942, 0.12686815542670396, 0.1272341803443141, 0.12712539998548372, 0.129618593181173, 0.127799512197574, 0.12631025662024817, 0.12783267349004745, 0.12674753081340057, 0.127446709264969, 0.1267516601242517, 0.12803253531455994, 0.12732175279122132, 0.12807611632160842, 0.12673854784053915, 0.12738926657314958, 0.127962917710344, 0.12677177865254252, 0.127953275066355, 0.12791526317596436, 0.12879596921530637, 0.1278841681778431, 0.12801036500447505, 0.12811095228320674, 0.12808850093891747, 0.12860934044185438, 0.12757016317202494, 0.12748926311731337, 0.12788300695163862, 0.1270135057469209, 0.12739750370383263, 0.1283462502594505, 0.12744120737681022, 0.12774778405825296, 0.12679369654506445, 0.1270367826979894, 0.12697265500372107, 0.12812647325071422, 0.12725438922643661, 0.12816428450437692, 0.12716899812221527, 0.1278794831954516, 0.1276449903528741, 0.12728390035529932, 0.1271757811307907, 0.12679721821438183, 0.12790529004165105, 0.1271306465069453, 0.12782217976119783, 0.12771489441394807, 0.1271055784415115, 0.12759028439936432, 0.12657250612974166, 0.12603207474405115, 0.1269895831743876, 0.12827652922043434, 0.12674884023991498, 0.12773376013393756, 0.1268393615881602, 0.12668778664535946, 0.12704517057648412, 0.12783166132867335, 0.12759195764859518, 0.12693521495048815, 0.12681278185202524, 0.12769023036318167, 0.12828790854949218, 0.12804730662277766, 0.12753356631958124, 0.12742485105991364, 0.12831899523735046, 0.12763214991851288, 0.1271580054804131, 0.12765739967183368, 0.12731007926843382, 0.1284438729286194, 0.1276501461863518, 0.12755093577763307, 0.1273702397232964, 0.1281338095664978, 0.1265832781791687, 0.12703833132982253, 0.12799237358073393, 0.12753881514072418, 0.13049839437007904, 0.1276916585241755, 0.12763171270489693, 0.12723610550165176, 0.12769758972254666, 0.12753870048456722, 0.1278820626437664, 0.1270586721599102, 0.12807283337627137, 0.1286784067749977, 0.12736601708456874, 0.1277213859660872, 0.12687264962328804, 0.1277689944420542, 0.12748722183076958, 0.12787873819470405, 0.1280558377504349, 0.12808436785752958, 0.12822597697377205, 0.12691466547548771, 0.12712251941363018, 0.12723718059283715, 0.12700121624000144, 0.12736140085118158, 0.12814378490050635, 0.12833559398467725, 0.12746753137220035, 0.12813469079824594, 0.12826303163400063, 0.12676532715559005, 0.12842236790392134, 0.12777131754491064, 0.12718186682711044, 0.1279641257909437, 0.12762295053555414, 0.12761344804483302, 0.12857862893078062, 0.1267022266983986, 0.12747221998870373, 0.1279009436922414, 0.1274554250905147, 0.12725865231318909, 0.12658288950721422, 0.12804619542190007, 0.1286936292522832, 0.1281328151623408, 0.12747776346362155, 0.12840803657416944, 0.12765133629242578, 0.1278089367245373, 0.12870259926869318, 0.12823755264282227, 0.12785895607050726, 0.12784915119409562, 0.1284354214484875, 0.12660440802574158, 0.1279975110117127, 0.12707337811589242, 0.12636346742510796, 0.12779785624959253, 0.1263450626283884, 0.12762312389708855, 0.12794944799194732, 0.12834938522428274, 0.12712375751950525], 1: [0.12883056700229645, 0.12682095319032669, 0.12906410079449415, 0.12786481758722892, 0.12818277329206468, 0.12793237775564192, 0.12751483337746727, 0.12702998289695153, 0.12717827019237338, 0.12865833044052125, 0.128218100219965, 0.1267445795238018, 0.12728355052294554, 0.12801268238287705, 0.12770073115825653, 0.1262740915020307, 0.1285027378797531, 0.12850719264575414, 0.1279769313450043, 0.12779454986254374, 0.12682109060032026, 0.12779137906101015, 0.12844343607624373, 0.12846090816534483, 0.1280299516187774, 0.1271339774131775, 0.1263384549663617, 0.1274377589947299, 0.1270792172713713, 0.12643622877922925, 0.12757538072764874, 0.1265166842124679, 0.12598645562926927, 0.12725738910111514, 0.12762190153201422, 0.12721696276875102, 0.12682601399719715, 0.12713157588785345, 0.12713301119705042, 0.12828229268391927, 0.1289366795681417, 0.1288396240426944, 0.12711746016374, 0.12835122591682843, 0.12696194996436436, 0.12709269439801574, 0.12881212681531906, 0.1284283995628357, 0.12596430107951165, 0.12786278625329336, 0.12698352932929993, 0.12701099253062045, 0.12816126691177487, 0.12784594907002014, 0.1286768928170204, 0.12722421487172444, 0.12629234708017772, 0.1268213465809822, 0.1272613431016604, 0.12806127088911393, 0.12794359545740816, 0.12683864339039877, 0.1272553649544716, 0.12807077488728932, 0.1284266930559407, 0.12748934464021164, 0.12868685884909195, 0.12577277479263452, 0.12765598464377073, 0.12759676141043505, 0.12785187289118766, 0.12761227460578084, 0.12715591110137045, 0.12689147061771816, 0.12720883451402187, 0.12694763466715814, 0.1279476536437869, 0.12658223025500775, 0.12729184329509735, 0.12791144983334976, 0.12775855785922, 0.12863690146933432, 0.12775077745318414, 0.12682782201205983, 0.12754971640450613, 0.1269186729831355, 0.1288290253529946, 0.1274988820607012, 0.12736257520459948, 0.1274567140887181, 0.1268731156984965, 0.1262276680632071, 0.1280387577911218, 0.12624660269780594, 0.12784560982670104, 0.12766040563583375, 0.12671765341208532, 0.127082114869898, 0.12695464491844177, 0.12725348059426655, 0.1272987292001122, 0.12881103070343242, 0.12772773951292038, 0.12764425265292326, 0.12786445890863737, 0.12635166049003602, 0.12733745618778117, 0.12692646854198897, 0.12760460110647337, 0.12751594682534537, 0.1275278054177761, 0.12745514599715962, 0.1281252268113588, 0.12882432776192823, 0.12801201680773183, 0.12769086455756967, 0.12827695791537946, 0.126706446864103, 0.12796193903142755, 0.12759740828048616, 0.1278075977332062, 0.1268730709950129, 0.12705037451308707, 0.12792622918883959, 0.12711929394440216, 0.12771271226497796, 0.12746265064924955, 0.1278968361707834, 0.12781642919236963, 0.12683412695632262, 0.12743677316527618, 0.12673667073249817, 0.12702872368850207, 0.12767719071019779, 0.12764095564683278, 0.12886728858575225, 0.12847010960633104, 0.1268488545384672, 0.12852111100046723, 0.12900397181510925, 0.12694959044456483, 0.12836209295884424, 0.12770052171415752, 0.1278904229402542, 0.12669235467910767, 0.12646967843174933, 0.12802689993067792, 0.12782237976789473, 0.12727141576377968, 0.12790913067080759, 0.12754523916089017, 0.12801576879891483, 0.12800432555377483, 0.1284366234352714, 0.1284540541470051, 0.1268497295677662, 0.12800161371176894, 0.12755228877067565, 0.1287431956401893, 0.12687146033232027, 0.12708928249776363, 0.12793653085827827, 0.12760386791299372, 0.12846335424826696, 0.12719939090311527, 0.12653095461428165, 0.12719890954239027, 0.12749063184386805, 0.12698137837237325, 0.1284039450042388, 0.1272952973842621, 0.1272782331163233, 0.12793350574516116, 0.127409569467559, 0.12645082785324616, 0.12736175170070246, 0.12707526269166367, 0.1265617087483406, 0.12838859340319267, 0.1278498409823938, 0.12796172446438245, 0.12741380973773844, 0.12742464161581463, 0.1267370104789734, 0.12751505337655544, 0.12790564447641373, 0.12640177032777242, 0.12821691632270812, 0.12809838625517758, 0.1266820676624775, 0.1279580093920231, 0.12652599743821405, 0.12733047041628096, 0.12825501064459482, 0.12712028808891773, 0.1279926021893819, 0.1286991379622902, 0.1282714635811069, 0.12689913596425736, 0.12758508955056852, 0.12880679016763513, 0.1270052194595337, 0.12755471639908278, 0.12775124795734882, 0.1273824605676863, 0.12748369221624575, 0.12640048749744892, 0.1293902744849523, 0.12623081559484656, 0.12719458291927974, 0.12758021666245026, 0.12774861951669056, 0.1276494212448597, 0.12823051852839334, 0.1281583234667778, 0.1278989752754569, 0.1281472086906433, 0.12812226514021555, 0.12686479607453713, 0.12719364783593587, 0.1266591985310827, 0.1274845339357853, 0.1272851012647152, 0.12712197403113049, 0.12693172964182767, 0.1277518324992236, 0.12789597796897093, 0.12655384372919798, 0.12627016752958298, 0.12713055974907345, 0.1266611876587073, 0.12671160995960234, 0.12764051059881845, 0.12732136020293602, 0.1288493901491165, 0.1275666920202119, 0.12792100303846857, 0.1278978552330624, 0.12739740014076234, 0.12759439597527186, 0.12784386351704596, 0.12803336729605994, 0.12893270185360542, 0.1286686196923256, 0.12837969831057958, 0.12691114368763837, 0.12765410728752613, 0.12908715116126196, 0.12824086844921112, 0.1267478301682893, 0.127556519752199, 0.1269894559916697, 0.12752735901337403, 0.12686161557212472, 0.12746094577014447, 0.12712505757808684, 0.1274687796831131, 0.1276353381574154, 0.1279614786307017, 0.1272874968973073, 0.12778641209006308, 0.12711372102300325, 0.12779681012034416, 0.1266556614782752, 0.1282612755894661, 0.12742508135058664, 0.12813331484794616, 0.1286335008011924, 0.1278994269669056, 0.12789028815247797, 0.12745719722339086, 0.12724423647991248, 0.12731954794038425, 0.1267935074865818, 0.12697709179841554, 0.1273231975734234, 0.1270190179347992, 0.12757205683737993, 0.12728420882062477, 0.12805773715178173, 0.12680896520614623, 0.12669201466170224, 0.1261252842166207, 0.12796903324538264, 0.12713874951004983, 0.12768964916467668, 0.12791727545360723, 0.12785905227065086, 0.12766887620091438, 0.12696128338575363, 0.12764267113647962, 0.12775933742523193, 0.12638503042134372, 0.12685347124934196, 0.12675526418856212, 0.12744124740362167, 0.12755522934290078, 0.12741328572685068, 0.12668218091130257, 0.12857076823711394, 0.1281418238694851, 0.12725196240676773, 0.12799921818077564, 0.1276259055504432, 0.12647236958146096, 0.12810019072559145, 0.1267921794205904, 0.127668054567443, 0.1279484398663044, 0.1281034466293123, 0.1272754700797977, 0.12658902506033579, 0.12967820059169421, 0.12739971104790182, 0.12857409111327595, 0.12773975179247235, 0.12824028223752976, 0.12755722985152276, 0.1273222969701657, 0.1270848949407709, 0.12792033910751344, 0.12851536789765725, 0.1282852100474494, 0.12709927558898926, 0.1282405660432928, 0.1276888981461525, 0.12812843918800354, 0.12723803001901376, 0.1275948412143267, 0.12720718844370407, 0.1277141890355519, 0.1271935355450426, 0.12816044368914195, 0.1274809647690166, 0.12777095809578895, 0.1263471762649715, 0.12775309632221857, 0.12762412781778135, 0.12754674841250693, 0.12764973938465118, 0.12636337835680356, 0.12618883997201918, 0.12784701958298683, 0.12769398431886325, 0.12824306016167006, 0.1274278426640912, 0.12779029667377473, 0.1266660514202985, 0.12820080071687698, 0.12889835712584582, 0.1275358758866787, 0.12699311633001675, 0.12718263790011405, 0.12816668450832366, 0.12837437878955493, 0.12655993777772653, 0.12744594241182008, 0.1269030253092448, 0.12715519321235744, 0.12737561017274857, 0.12832763915260634, 0.12816932685673238, 0.1278314844650381, 0.12769803054192486, 0.12604846556981406, 0.12696178464425933, 0.1265086912446552, 0.12662486935203726, 0.12743707456522518, 0.12713482844478943, 0.1269412331960418, 0.1286287046968937, 0.12705657427961176, 0.12700866224865118, 0.12888126934950167, 0.12831245983640352, 0.12664576545357703, 0.12719494551420213, 0.12750044532797553, 0.12792306350810187, 0.12838813607339505, 0.12745422050356864, 0.1266906404724488, 0.12693639546632768, 0.12777735624048445, 0.12728242711587387, 0.12776995301246644, 0.12835824895988812, 0.127565309819248, 0.12700575739145278, 0.1279386474440495, 0.12706522643566132, 0.1280893406697682, 0.12840854454981654, 0.12735812756277265, 0.12729466789298588, 0.12729374840855598, 0.12672039220730463, 0.12787922758322495, 0.12677437191208205, 0.12798955291509628, 0.12722263733545938, 0.12755299118511818, 0.12716860994696616, 0.12708812748843973, 0.1274054899163868, 0.12667280584573745, 0.12646135315299034, 0.12864144078709863, 0.12703578546643257, 0.1282942129764706, 0.12762020925680798, 0.12700355984270573, 0.12796632299820582, 0.12576444819569588, 0.12759734761147273, 0.12708485765116556, 0.12813882868398319, 0.12746546349742197, 0.12741100089624524, 0.12796575278043748, 0.1280691440809857, 0.1271519586443901, 0.12674164399504662, 0.12801876836098158, 0.12850991094654257, 0.12769751343876123, 0.12787437671795487, 0.1272516306489706, 0.12805090389317936, 0.12806359368065992, 0.12753858959132974, 0.1278817807989461, 0.12738825231790543, 0.12840875445140731, 0.12740728706121446, 0.12768175452947617, 0.12760760309174657, 0.12643893333998593, 0.12650850927457213, 0.12697867357305118, 0.1275307493550437, 0.12902536243200302, 0.12749564038081604, 0.12797350707379254, 0.1267092802351521, 0.1279810592532158, 0.1277702318934294, 0.1274427271941129, 0.12824537572653397, 0.12704902638991675, 0.12770940092476932, 0.12773581511444515, 0.12794682309031485, 0.12736526230971018, 0.12774674193217203, 0.12760328907858243, 0.12642264316479365, 0.12771282096703848, 0.12677969560027122, 0.12760459880034128, 0.12747670816523687, 0.12739327028393746, 0.127273167757427, 0.1274746869291578, 0.12805123698143733, 0.12806656062602997, 0.12732367118199667, 0.12735178837409386, 0.12760776695277956, 0.1267688824580266, 0.1287919661651055, 0.12786264753057844, 0.1279664119636571, 0.12702865289016205, 0.12772702381891363, 0.12626416608691216, 0.1275286262234052, 0.12689867775355065, 0.1282378089427948, 0.12671904928154415, 0.1266531078144908, 0.12698575051931235, 0.1269986647016862, 0.12772369012236595, 0.12643275335431098, 0.12664313041246855, 0.12716791262993446, 0.12772235071117227, 0.12761522233486175, 0.12765778476993242, 0.12713157990947366, 0.1279746632684361, 0.12740431688725948, 0.12810651532241277, 0.12756689402617907, 0.12671832152103124, 0.12820494174957275, 0.12760326187861593, 0.1264524774418937, 0.12793350802815479, 0.12757932337430808, 0.12706825001673264, 0.12718916743993758, 0.12711506073965745, 0.12732837662885063, 0.1251285577362234, 0.12725269078062132, 0.1269930781175693, 0.1275252223842674, 0.1276359703569185, 0.12777924187043133, 0.1262259390205145, 0.12727296216921372, 0.12736929580569267, 0.12778353903974807, 0.12751181572675704, 0.12717318534851074, 0.12595644655327, 0.12817057718833288, 0.12767580548922222, 0.1276255339384079, 0.12810626110205284, 0.1278091851960529, 0.12754116321985537, 0.12731602386786386, 0.12710524767637252, 0.127363878612717, 0.12711582286283374, 0.1267472150571206, 0.12782659919725525, 0.12776999782632897, 0.1275671896609393, 0.12744485001478875, 0.1275242434607612, 0.12776002027094363, 0.1273341096109814, 0.127239491045475, 0.12735759431407565, 0.12760934503154553, 0.1287186602751414, 0.12666829568999155, 0.12712204456329346, 0.12734428509360268, 0.127260722219944, 0.12632375322282313, 0.12707736858954796, 0.1270598629489541, 0.1280740387737751, 0.12812329828739166, 0.12789641246199607, 0.1270172627908843, 0.12816264049002998, 0.1276586404756496, 0.12775833355753044, 0.12799999200635487, 0.12771359582742056, 0.12782831688721974, 0.12827331572771072, 0.12900330977780478, 0.12764897644519807, 0.12577875051647425, 0.12681124690506193, 0.12846445441246032, 0.12817942765023974, 0.12683094292879105, 0.12676277282563123, 0.1277567610144615, 0.1266913049750858, 0.12766960500316185, 0.12780301991317952, 0.12820306639460957, 0.12721790683766207, 0.1270479541271925, 0.12738626800915775, 0.12664621865207498, 0.12673617402712503, 0.12788338214159012, 0.12644327390525076, 0.12809826557834944, 0.12828349728475918, 0.12737589680096684, 0.12769246101379395, 0.1281764805316925, 0.12682453480859598, 0.1286768953005473, 0.12794744320537732, 0.1284322618610329, 0.12714457479508026, 0.12715378329157828, 0.1275636651976542, 0.12806139178574086, 0.12601866060867906, 0.128526596352458, 0.12765484915247985, 0.1283722808584571, 0.1284091029730108, 0.1267334669828415, 0.1280006461522796, 0.12604190558195114, 0.12689714706861055, 0.12688717618584633, 0.1275179230354049, 0.12693457305431366, 0.12746917061945973, 0.1273234449326992, 0.12668905235253847, 0.12673875960436734, 0.12872687669900748, 0.12755479415257773, 0.12731582236786684, 0.1263676991588191, 0.1280637760957082, 0.12748082866892219, 0.1281504770119985, 0.12713318318128586, 0.12761838138103485, 0.12807906622236426, 0.1279496146099908, 0.12611905485391617, 0.12665494283040366, 0.1279943796992302, 0.12753602543047496, 0.12828432892759642, 0.12715504521673376, 0.1275105262796084, 0.1262435173349721, 0.12676043865772393, 0.12845844309777021, 0.12701898142695428, 0.12705033851994407, 0.12691923362367294, 0.12794982641935349, 0.12787868175655603, 0.1285851706158031, 0.12648838826201178, 0.12815921008586884, 0.1272251233458519, 0.12735467180609703, 0.12736310790243902, 0.12741131501065361, 0.12721475257593043, 0.12859813421964644, 0.1291001602075994, 0.12773609505249903, 0.12825656096850122, 0.12802708722077882, 0.12769076160409235, 0.12804105256994566, 0.12739154743030667, 0.12682813157637915, 0.12694795473533518, 0.1272370135959457, 0.12788272301356, 0.12667185254395008, 0.1273867291483012, 0.1274511299350045, 0.12773438509215007, 0.1268369063735008, 0.1275660788019498, 0.12714868071286575, 0.1271719208785466, 0.12799579898516336, 0.12814992666244507, 0.127158608449542, 0.1270815134048462, 0.12862264675398669, 0.12783432255188623, 0.12735791178420186, 0.12702905684709548, 0.1271701489885648, 0.12739051675254648, 0.1281198427081108, 0.1283566325902939, 0.12721965678276553, 0.12811430336700547, 0.12809274006973614, 0.1271991953253746, 0.12691845248142877, 0.12694728933274746, 0.12676719522901944, 0.12738438086076218, 0.12872131097884404, 0.12849650233983995, 0.1278313148021698, 0.12759047939821525, 0.12728805653750896, 0.12704047560691833, 0.12935517430305482, 0.12812346850450224, 0.12854415538810915, 0.1284462608397007, 0.12836340980397332, 0.12792819829619662, 0.12654321094353993, 0.12751131815214953, 0.12734878648604667, 0.127580719275607, 0.12769738841673423, 0.12764964376886687, 0.1263185853759448, 0.12737198621034623, 0.1276358806838592, 0.12628496509222759, 0.1292580490310987, 0.1272420104254376, 0.1273071622619262, 0.12648771703243256, 0.126137840960707, 0.12754038950571647, 0.12874327146488687, 0.1264600485563278, 0.1283130720257759, 0.12790095287820566, 0.128238874177138, 0.12786301496354016, 0.12825876381248236, 0.12717011304838316, 0.12596069276332855, 0.12807667095746314, 0.12743203129087174, 0.12718310207128525, 0.12701880633831025, 0.12805180996656418, 0.1273689568042755, 0.12722514802590013, 0.12726379268699223, 0.12825346205915725, 0.1275643777102232, 0.1281747565819667, 0.12715005830806844, 0.12644631192088127, 0.1272959946654737, 0.12861092947423458, 0.12809553172658472, 0.12714660380567824, 0.1268755935809829, 0.12867449596524239, 0.12737112399190664, 0.1287240032106638, 0.12767536286264658, 0.12755227771898112, 0.12654590383172035, 0.1280782933939587, 0.1276608593761921, 0.12662592861387464, 0.12689163129438052, 0.12840208113193513, 0.12786540126099305, 0.12806791652526175, 0.12696409186250285, 0.1284262403845787, 0.12782753590080473, 0.12814292662283955, 0.12831748388707637, 0.12672217562794685, 0.1279603662459474, 0.12759835095632643, 0.12817236656943956, 0.12876671254634858, 0.12851965753361583, 0.127133659273386, 0.12669731019174352, 0.12689702063798905, 0.12771450951695443, 0.12794341413038118, 0.12717429986771414, 0.12765883883604637, 0.12735785905803954, 0.12692431652027628, 0.12876803883247906, 0.12681015580892563, 0.12698292111357054, 0.1282657707730929, 0.12862312007281515, 0.12789038149639964, 0.1274253229300181, 0.1275363214637922, 0.12773060301939645, 0.12680179625749588, 0.12791458934545516, 0.1275122555402609, 0.12889424711465836, 0.12785544047753017, 0.1272188305403247, 0.12867758671442667, 0.12736720144748687, 0.12794724106788635, 0.12772624726806367, 0.1276946800450484, 0.12586378244062266, 0.12824009247124196, 0.12817089124159378, 0.1265600661818798, 0.12711819211641948, 0.12823699621690643, 0.12627565251155334, 0.12764150042224814, 0.12690240740776063, 0.1283570272119149, 0.1270191863179207, 0.12900456134229898, 0.12824328343073527, 0.1279379424193631, 0.12773058796301484, 0.12622249705923927, 0.12688106440362476, 0.12825691054264704, 0.12707674571058966, 0.1275194046251914, 0.12805115484765597, 0.1283378086306832, 0.12662521501382193, 0.12762395718267985, 0.12772913886742157, 0.12661029770970345, 0.12759030553010794, 0.12789323925971985, 0.12688101934535162, 0.12703853845596313, 0.12611704915761948, 0.12802900280803442, 0.12815793264995923, 0.12858990132808684, 0.12920664846897126, 0.12674765874232566, 0.12740300570068688, 0.12713564112782477, 0.12694121152162552, 0.12741436906482861, 0.12735788862813602, 0.12831604413010858, 0.12601468339562416, 0.1263901175096117, 0.12719242948861348, 0.12736636451606093, 0.12781714058170715, 0.12707506120204926, 0.1285664603114128, 0.12670890283253458, 0.12726109474897385, 0.1297385502945293, 0.12685891116658846, 0.12851640582084656, 0.1287055624758496, 0.12744657961385591, 0.12878794968128204, 0.12619745110472044, 0.12800321781209537, 0.12721683780352275, 0.12786514598589677, 0.12890240283949034, 0.12765806845643304, 0.12525416571985593, 0.1283485472202301, 0.1256988509134813, 0.12711018256165765, 0.12692053175785326, 0.12730122705300648, 0.127813685971957, 0.12740839448045282, 0.12760338932275772, 0.1280188924074173, 0.12766143466745103, 0.12732633342966437, 0.12789478808641433, 0.12796317537625632, 0.12760382145643234, 0.1285687469338116, 0.1267681966225306, 0.12911552461710843, 0.12808835902251303, 0.1278180181980133, 0.12752140536904336, 0.12837864458560944, 0.12758249235458863, 0.1273545040325685, 0.127440644800663, 0.12731231039478666, 0.12807725463062525, 0.12720804305180258, 0.12815136540877192, 0.12817031943372317, 0.12690298805634181, 0.12727653410504847, 0.12721380508608288, 0.1258331005771955, 0.1273102233807246, 0.1273759573698044, 0.12836326758066813, 0.1292675368487835, 0.12662907938162485, 0.1270603131164204, 0.12810663337057288, 0.1270770448737028, 0.1276834268461574, 0.12755501740857175, 0.12661869153380395, 0.12734066216009005, 0.12765165496813624, 0.12733455408703198, 0.12713303310530527, 0.12779160976409912, 0.1280184558282296, 0.12620377019047738, 0.1282260169585546, 0.12801342374748653, 0.12746728737564647, 0.12661373242735863, 0.12784459541241328, 0.1288206296471449, 0.1277008457109332, 0.12687683191436988, 0.128096092492342, 0.1279776252128861, 0.1278538421860763, 0.12659683637320995, 0.12803520821034908, 0.12799184024333954, 0.12736342214047908, 0.12734801477442184, 0.1263909935951233, 0.12764740345023928, 0.12718653885854614, 0.12820997408458165, 0.12800711879263754, 0.12673034175084189, 0.12820327778657278, 0.1276332545094192, 0.12727467715740204, 0.12736472129821777, 0.12626157080133757, 0.12668894861753172, 0.1269334288580077, 0.1275739148259163, 0.1281067430973053, 0.12775020780307905, 0.12775261470904717, 0.12693262928062016, 0.12756655924022198, 0.1272098054178059, 0.1275475907482599, 0.12746839113533498, 0.12672531521982616, 0.12722975879907608, 0.1278239463766416, 0.12770161926746368, 0.12796849136551222, 0.12789896689355373, 0.12604024509588876, 0.1267424265925701, 0.12652354389429094, 0.12759345331612756, 0.1278690290119913, 0.12771519124507905, 0.12729659022354498, 0.12832873780280352, 0.12697190493345262, 0.12754581951432759, 0.1272512348368764, 0.12654741226058258, 0.12740339135581796, 0.12769311045606932, 0.1260391945640246, 0.1279241030707079, 0.12810008600354195, 0.12711437385190616, 0.12748731507195366, 0.12785545624792577, 0.12889216674698722, 0.12715290114283562, 0.12729139543241924, 0.12710380080071362, 0.1278323947619169, 0.1280516803264618, 0.1277431701309979, 0.12835564771119287, 0.12781494501978158, 0.12674844844473732, 0.12786068581044674, 0.12698563237984975, 0.12734581317220414, 0.12653757135073343, 0.1280493015157325, 0.1274857223033905, 0.1275072411323587, 0.12776237428188325, 0.1284648380600489, 0.12769326898786756, 0.12787099125293586, 0.12609529380614942, 0.12730569615960122, 0.12792074361017772, 0.12788554612133238, 0.12710666035612425, 0.1281285326068218, 0.12781797789714552, 0.12704868140545758]}