('OC-FakeDect1 (Trained on AVG Dataset)  \nTested on RND NeuralTextures Dataset  \nRunning Average Evaluation', 'OC-FakeDect1_AVG', 'AVG', 'OC-FakeDect1_AVG_raeonNTrnd')
auroc=0.5122859817936967
f1=0.4695571955719557
prec=0.4354148845166809
recall=0.5095095095095095

fpr=[0.0, 0.4849375459221161, 1.0]

tpr=[0.0, 0.5095095095095095, 1.0]

y_true=[0, 0, 0, 0, 0, 0, 0, 0, 0, 0, 0, 0, 0, 0, 0, 0, 0, 0, 0, 0, 0, 0, 0, 0, 0, 0, 0, 0, 0, 0, 0, 0, 0, 0, 0, 0, 0, 0, 0, 0, 0, 0, 0, 0, 0, 0, 0, 0, 0, 0, 0, 0, 0, 0, 0, 0, 0, 0, 0, 0, 0, 0, 0, 0, 0, 0, 0, 0, 0, 0, 0, 0, 0, 0, 0, 0, 0, 0, 0, 0, 0, 0, 0, 0, 0, 0, 0, 0, 0, 0, 0, 0, 0, 0, 0, 0, 0, 0, 0, 0, 0, 0, 0, 0, 0, 0, 0, 0, 0, 0, 0, 0, 0, 0, 0, 0, 0, 0, 0, 0, 0, 0, 0, 0, 0, 0, 0, 0, 0, 0, 0, 0, 0, 0, 0, 0, 0, 0, 0, 0, 0, 0, 0, 0, 0, 0, 0, 0, 0, 0, 0, 0, 0, 0, 0, 0, 0, 0, 0, 0, 0, 0, 0, 0, 0, 0, 0, 0, 0, 0, 0, 0, 0, 0, 0, 0, 0, 0, 0, 0, 0, 0, 0, 0, 0, 0, 0, 0, 0, 0, 0, 0, 0, 0, 0, 0, 0, 0, 0, 0, 0, 0, 0, 0, 0, 0, 0, 0, 0, 0, 0, 0, 0, 0, 0, 0, 0, 0, 0, 0, 0, 0, 0, 0, 0, 0, 0, 0, 0, 0, 0, 0, 0, 0, 0, 0, 0, 0, 0, 0, 0, 0, 0, 0, 0, 0, 0, 0, 0, 0, 0, 0, 0, 0, 0, 0, 0, 0, 0, 0, 0, 0, 0, 0, 0, 0, 0, 0, 0, 0, 0, 0, 0, 0, 0, 0, 0, 0, 0, 0, 0, 0, 0, 0, 0, 0, 0, 0, 0, 0, 0, 0, 0, 0, 0, 0, 0, 0, 0, 0, 0, 0, 0, 0, 0, 0, 0, 0, 0, 0, 0, 0, 0, 0, 0, 0, 0, 0, 0, 0, 0, 0, 0, 0, 0, 0, 0, 0, 0, 0, 0, 0, 0, 0, 0, 0, 0, 0, 0, 0, 0, 0, 0, 0, 0, 0, 0, 0, 0, 0, 0, 0, 0, 0, 0, 0, 0, 0, 0, 0, 0, 0, 0, 0, 0, 0, 0, 0, 0, 0, 0, 0, 0, 0, 0, 0, 0, 0, 0, 0, 0, 0, 0, 0, 0, 0, 0, 0, 0, 0, 0, 0, 0, 0, 0, 0, 0, 0, 0, 0, 0, 0, 0, 0, 0, 0, 0, 0, 0, 0, 0, 0, 0, 0, 0, 0, 0, 0, 0, 0, 0, 0, 0, 0, 0, 0, 0, 0, 0, 0, 0, 0, 0, 0, 0, 0, 0, 0, 0, 0, 0, 0, 0, 0, 0, 0, 0, 0, 0, 0, 0, 0, 0, 0, 0, 0, 0, 0, 0, 0, 0, 0, 0, 0, 0, 0, 0, 0, 0, 0, 0, 0, 0, 0, 0, 0, 0, 0, 0, 0, 0, 0, 0, 0, 0, 0, 0, 0, 0, 0, 0, 0, 0, 0, 0, 0, 0, 0, 0, 0, 0, 0, 0, 0, 0, 0, 0, 0, 0, 0, 0, 0, 0, 0, 0, 0, 0, 0, 0, 0, 0, 0, 0, 0, 0, 0, 0, 0, 0, 0, 0, 0, 0, 0, 0, 0, 0, 0, 0, 0, 0, 0, 0, 0, 0, 0, 0, 0, 0, 0, 0, 0, 0, 0, 0, 0, 0, 0, 0, 0, 0, 0, 0, 0, 0, 0, 0, 0, 0, 0, 0, 0, 0, 0, 0, 0, 0, 0, 0, 0, 0, 0, 0, 0, 0, 0, 0, 0, 0, 0, 0, 0, 0, 0, 0, 0, 0, 0, 0, 0, 0, 0, 0, 0, 0, 0, 0, 0, 0, 0, 0, 0, 0, 0, 0, 0, 0, 0, 0, 0, 0, 0, 0, 0, 0, 0, 0, 0, 0, 0, 0, 0, 0, 0, 0, 0, 0, 0, 0, 0, 0, 0, 0, 0, 0, 0, 0, 0, 0, 0, 0, 0, 0, 0, 0, 0, 0, 0, 0, 0, 0, 0, 0, 0, 0, 0, 0, 0, 0, 0, 0, 0, 0, 0, 0, 0, 0, 0, 0, 0, 0, 0, 0, 0, 0, 0, 0, 0, 0, 0, 0, 0, 0, 0, 0, 0, 0, 0, 0, 0, 0, 0, 0, 0, 0, 0, 0, 0, 0, 0, 0, 0, 0, 0, 0, 0, 0, 0, 0, 0, 0, 0, 0, 0, 0, 0, 0, 0, 0, 0, 0, 0, 0, 0, 0, 0, 0, 0, 0, 0, 0, 0, 0, 0, 0, 0, 0, 0, 0, 0, 0, 0, 0, 0, 0, 0, 0, 0, 0, 0, 0, 0, 0, 0, 0, 0, 0, 0, 0, 0, 0, 0, 0, 0, 0, 0, 0, 0, 0, 0, 0, 0, 0, 0, 0, 0, 0, 0, 0, 0, 0, 0, 0, 0, 0, 0, 0, 0, 0, 0, 0, 0, 0, 0, 0, 0, 0, 0, 0, 0, 0, 0, 0, 0, 0, 0, 0, 0, 0, 0, 0, 0, 0, 0, 0, 0, 0, 0, 0, 0, 0, 0, 0, 0, 0, 0, 0, 0, 0, 0, 0, 0, 0, 0, 0, 0, 0, 0, 0, 0, 0, 0, 0, 0, 0, 0, 0, 0, 0, 0, 0, 0, 0, 0, 0, 0, 0, 0, 0, 0, 0, 0, 0, 0, 0, 0, 0, 0, 0, 0, 0, 0, 0, 0, 0, 0, 0, 0, 0, 0, 0, 0, 0, 0, 0, 0, 0, 0, 0, 0, 0, 0, 0, 0, 0, 0, 0, 0, 0, 0, 0, 0, 0, 0, 0, 0, 0, 0, 0, 0, 0, 0, 0, 0, 0, 0, 0, 0, 0, 0, 0, 0, 0, 0, 0, 0, 0, 0, 0, 0, 0, 0, 0, 0, 0, 0, 0, 0, 0, 0, 0, 0, 0, 0, 0, 0, 0, 0, 0, 0, 0, 0, 0, 0, 0, 0, 0, 0, 0, 0, 0, 0, 0, 0, 0, 0, 0, 0, 0, 0, 0, 0, 0, 0, 0, 0, 0, 0, 0, 0, 0, 0, 0, 0, 0, 0, 0, 0, 0, 0, 0, 0, 0, 0, 0, 0, 0, 0, 0, 0, 0, 0, 0, 0, 0, 0, 0, 0, 0, 0, 0, 0, 0, 0, 0, 0, 0, 0, 0, 0, 0, 0, 0, 0, 0, 0, 0, 0, 0, 0, 0, 0, 0, 0, 0, 0, 0, 0, 0, 0, 0, 0, 0, 0, 0, 0, 0, 0, 0, 0, 0, 0, 0, 0, 0, 0, 0, 0, 0, 0, 0, 0, 0, 0, 0, 0, 0, 0, 0, 0, 0, 0, 0, 0, 0, 0, 0, 0, 0, 0, 0, 0, 0, 0, 0, 0, 0, 0, 0, 0, 0, 0, 0, 0, 0, 0, 0, 0, 0, 0, 0, 0, 0, 0, 0, 0, 0, 0, 0, 0, 0, 0, 0, 0, 0, 0, 0, 0, 0, 0, 0, 0, 0, 0, 0, 0, 0, 0, 0, 0, 0, 0, 0, 0, 0, 0, 0, 0, 0, 0, 0, 0, 0, 0, 0, 0, 0, 0, 0, 0, 0, 0, 0, 0, 0, 0, 0, 0, 0, 0, 0, 0, 0, 0, 0, 0, 0, 0, 0, 0, 0, 0, 0, 0, 0, 0, 0, 0, 0, 0, 0, 0, 0, 0, 0, 0, 0, 0, 0, 0, 0, 0, 0, 0, 0, 0, 0, 0, 0, 0, 0, 0, 0, 0, 0, 0, 0, 0, 0, 0, 0, 0, 0, 0, 0, 0, 0, 0, 0, 0, 0, 0, 0, 0, 0, 0, 0, 0, 0, 0, 0, 0, 0, 0, 0, 0, 0, 0, 0, 0, 0, 0, 0, 0, 0, 0, 0, 0, 0, 0, 0, 0, 0, 0, 0, 0, 0, 0, 0, 0, 0, 0, 0, 0, 0, 0, 0, 0, 0, 0, 0, 0, 0, 0, 0, 0, 0, 0, 0, 0, 0, 0, 0, 0, 0, 0, 0, 0, 0, 0, 0, 0, 0, 0, 0, 0, 0, 0, 0, 0, 0, 0, 0, 0, 0, 0, 0, 0, 0, 0, 0, 0, 0, 0, 0, 0, 0, 0, 0, 0, 0, 0, 0, 0, 0, 0, 0, 0, 0, 0, 0, 0, 0, 0, 0, 0, 0, 0, 0, 0, 0, 0, 0, 0, 0, 0, 0, 0, 0, 0, 0, 1, 1, 1, 1, 1, 1, 1, 1, 1, 1, 1, 1, 1, 1, 1, 1, 1, 1, 1, 1, 1, 1, 1, 1, 1, 1, 1, 1, 1, 1, 1, 1, 1, 1, 1, 1, 1, 1, 1, 1, 1, 1, 1, 1, 1, 1, 1, 1, 1, 1, 1, 1, 1, 1, 1, 1, 1, 1, 1, 1, 1, 1, 1, 1, 1, 1, 1, 1, 1, 1, 1, 1, 1, 1, 1, 1, 1, 1, 1, 1, 1, 1, 1, 1, 1, 1, 1, 1, 1, 1, 1, 1, 1, 1, 1, 1, 1, 1, 1, 1, 1, 1, 1, 1, 1, 1, 1, 1, 1, 1, 1, 1, 1, 1, 1, 1, 1, 1, 1, 1, 1, 1, 1, 1, 1, 1, 1, 1, 1, 1, 1, 1, 1, 1, 1, 1, 1, 1, 1, 1, 1, 1, 1, 1, 1, 1, 1, 1, 1, 1, 1, 1, 1, 1, 1, 1, 1, 1, 1, 1, 1, 1, 1, 1, 1, 1, 1, 1, 1, 1, 1, 1, 1, 1, 1, 1, 1, 1, 1, 1, 1, 1, 1, 1, 1, 1, 1, 1, 1, 1, 1, 1, 1, 1, 1, 1, 1, 1, 1, 1, 1, 1, 1, 1, 1, 1, 1, 1, 1, 1, 1, 1, 1, 1, 1, 1, 1, 1, 1, 1, 1, 1, 1, 1, 1, 1, 1, 1, 1, 1, 1, 1, 1, 1, 1, 1, 1, 1, 1, 1, 1, 1, 1, 1, 1, 1, 1, 1, 1, 1, 1, 1, 1, 1, 1, 1, 1, 1, 1, 1, 1, 1, 1, 1, 1, 1, 1, 1, 1, 1, 1, 1, 1, 1, 1, 1, 1, 1, 1, 1, 1, 1, 1, 1, 1, 1, 1, 1, 1, 1, 1, 1, 1, 1, 1, 1, 1, 1, 1, 1, 1, 1, 1, 1, 1, 1, 1, 1, 1, 1, 1, 1, 1, 1, 1, 1, 1, 1, 1, 1, 1, 1, 1, 1, 1, 1, 1, 1, 1, 1, 1, 1, 1, 1, 1, 1, 1, 1, 1, 1, 1, 1, 1, 1, 1, 1, 1, 1, 1, 1, 1, 1, 1, 1, 1, 1, 1, 1, 1, 1, 1, 1, 1, 1, 1, 1, 1, 1, 1, 1, 1, 1, 1, 1, 1, 1, 1, 1, 1, 1, 1, 1, 1, 1, 1, 1, 1, 1, 1, 1, 1, 1, 1, 1, 1, 1, 1, 1, 1, 1, 1, 1, 1, 1, 1, 1, 1, 1, 1, 1, 1, 1, 1, 1, 1, 1, 1, 1, 1, 1, 1, 1, 1, 1, 1, 1, 1, 1, 1, 1, 1, 1, 1, 1, 1, 1, 1, 1, 1, 1, 1, 1, 1, 1, 1, 1, 1, 1, 1, 1, 1, 1, 1, 1, 1, 1, 1, 1, 1, 1, 1, 1, 1, 1, 1, 1, 1, 1, 1, 1, 1, 1, 1, 1, 1, 1, 1, 1, 1, 1, 1, 1, 1, 1, 1, 1, 1, 1, 1, 1, 1, 1, 1, 1, 1, 1, 1, 1, 1, 1, 1, 1, 1, 1, 1, 1, 1, 1, 1, 1, 1, 1, 1, 1, 1, 1, 1, 1, 1, 1, 1, 1, 1, 1, 1, 1, 1, 1, 1, 1, 1, 1, 1, 1, 1, 1, 1, 1, 1, 1, 1, 1, 1, 1, 1, 1, 1, 1, 1, 1, 1, 1, 1, 1, 1, 1, 1, 1, 1, 1, 1, 1, 1, 1, 1, 1, 1, 1, 1, 1, 1, 1, 1, 1, 1, 1, 1, 1, 1, 1, 1, 1, 1, 1, 1, 1, 1, 1, 1, 1, 1, 1, 1, 1, 1, 1, 1, 1, 1, 1, 1, 1, 1, 1, 1, 1, 1, 1, 1, 1, 1, 1, 1, 1, 1, 1, 1, 1, 1, 1, 1, 1, 1, 1, 1, 1, 1, 1, 1, 1, 1, 1, 1, 1, 1, 1, 1, 1, 1, 1, 1, 1, 1, 1, 1, 1, 1, 1, 1, 1, 1, 1, 1, 1, 1, 1, 1, 1, 1, 1, 1, 1, 1, 1, 1, 1, 1, 1, 1, 1, 1, 1, 1, 1, 1, 1, 1, 1, 1, 1, 1, 1, 1, 1, 1, 1, 1, 1, 1, 1, 1, 1, 1, 1, 1, 1, 1, 1, 1, 1, 1, 1, 1, 1, 1, 1, 1, 1, 1, 1, 1, 1, 1, 1, 1, 1, 1, 1, 1, 1, 1, 1, 1, 1, 1, 1, 1, 1, 1, 1, 1, 1, 1, 1, 1, 1, 1, 1, 1, 1, 1, 1, 1, 1, 1, 1, 1, 1, 1, 1, 1, 1, 1, 1, 1, 1, 1, 1, 1, 1, 1, 1, 1, 1, 1, 1, 1, 1, 1, 1, 1, 1, 1, 1, 1, 1, 1, 1, 1, 1, 1, 1, 1, 1, 1, 1, 1, 1, 1, 1, 1, 1, 1, 1, 1, 1, 1, 1, 1, 1, 1, 1, 1, 1, 1, 1, 1, 1, 1, 1, 1, 1, 1, 1, 1, 1, 1, 1, 1, 1, 1, 1, 1, 1, 1, 1, 1, 1, 1, 1, 1, 1, 1, 1, 1, 1, 1, 1, 1, 1, 1, 1, 1, 1, 1, 1, 1, 1, 1, 1, 1, 1, 1, 1, 1, 1, 1, 1, 1, 1, 1, 1, 1, 1, 1, 1, 1, 1, 1, 1, 1, 1, 1, 1, 1, 1, 1, 1, 1, 1, 1, 1, 1, 1, 1, 1, 1, 1, 1, 1, 1, 1, 1, 1, 1, 1, 1, 1, 1, 1, 1, 1, 1, 1, 1, 1, 1, 1, 1, 1, 1, 1, 1, 1, 1, 1, 1, 1, 1, 1, 1, 1, 1, 1, 1, 1, 1, 1, 1, 1, 1, 1, 1, 1, 1, 1, 1, 1, 1, 1, 1, 1, 1, 1, 1, 1, 1, 1, 1, 1, 1, 1, 1, 1, 1, 1, 1, 1, 1, 1, 1, 1, 1, 1, 1, 1, 1, 1, 1, 1, 1, 1, 1, 1, 1, 1, 1, 1, 1, 1, 1, 1, 1, 1, 1, 1, 1, 1, 1, 1, 1, 1, 1, 1, 1, 1, 1, 1, 1]

y_pred=[0.0, 0.0, 1.0, 1.0, 1.0, 1.0, 1.0, 1.0, 1.0, 1.0, 1.0, 1.0, 0.0, 0.0, 0.0, 1.0, 1.0, 0.0, 1.0, 0.0, 0.0, 1.0, 0.0, 0.0, 0.0, 1.0, 1.0, 1.0, 0.0, 1.0, 0.0, 0.0, 1.0, 0.0, 1.0, 1.0, 0.0, 1.0, 0.0, 0.0, 0.0, 0.0, 0.0, 0.0, 0.0, 1.0, 0.0, 0.0, 0.0, 0.0, 0.0, 0.0, 0.0, 1.0, 0.0, 1.0, 0.0, 1.0, 0.0, 1.0, 0.0, 0.0, 1.0, 0.0, 0.0, 0.0, 0.0, 0.0, 0.0, 1.0, 1.0, 0.0, 0.0, 0.0, 0.0, 0.0, 0.0, 0.0, 0.0, 1.0, 0.0, 1.0, 1.0, 0.0, 0.0, 1.0, 0.0, 0.0, 1.0, 1.0, 1.0, 1.0, 1.0, 0.0, 1.0, 0.0, 1.0, 0.0, 1.0, 0.0, 1.0, 0.0, 1.0, 0.0, 1.0, 0.0, 1.0, 1.0, 1.0, 1.0, 0.0, 1.0, 0.0, 1.0, 1.0, 0.0, 0.0, 0.0, 0.0, 1.0, 1.0, 1.0, 1.0, 0.0, 1.0, 0.0, 0.0, 1.0, 0.0, 1.0, 1.0, 0.0, 1.0, 0.0, 1.0, 0.0, 0.0, 1.0, 0.0, 0.0, 1.0, 0.0, 1.0, 1.0, 1.0, 1.0, 0.0, 1.0, 1.0, 1.0, 0.0, 0.0, 1.0, 1.0, 1.0, 0.0, 1.0, 0.0, 0.0, 0.0, 1.0, 0.0, 0.0, 0.0, 0.0, 0.0, 1.0, 0.0, 0.0, 1.0, 1.0, 0.0, 0.0, 0.0, 1.0, 1.0, 0.0, 1.0, 1.0, 1.0, 0.0, 1.0, 0.0, 0.0, 0.0, 1.0, 1.0, 1.0, 1.0, 0.0, 1.0, 1.0, 0.0, 1.0, 1.0, 0.0, 0.0, 0.0, 1.0, 0.0, 1.0, 0.0, 0.0, 1.0, 0.0, 1.0, 0.0, 0.0, 0.0, 1.0, 1.0, 0.0, 0.0, 0.0, 0.0, 0.0, 1.0, 1.0, 1.0, 0.0, 0.0, 1.0, 0.0, 0.0, 1.0, 0.0, 0.0, 0.0, 1.0, 0.0, 0.0, 0.0, 1.0, 1.0, 0.0, 1.0, 0.0, 0.0, 1.0, 1.0, 0.0, 0.0, 1.0, 1.0, 0.0, 0.0, 0.0, 1.0, 1.0, 1.0, 1.0, 1.0, 0.0, 1.0, 1.0, 1.0, 1.0, 0.0, 1.0, 1.0, 1.0, 0.0, 1.0, 0.0, 0.0, 0.0, 0.0, 0.0, 0.0, 1.0, 0.0, 0.0, 1.0, 1.0, 1.0, 0.0, 0.0, 0.0, 1.0, 0.0, 1.0, 0.0, 0.0, 1.0, 1.0, 0.0, 0.0, 1.0, 0.0, 0.0, 1.0, 0.0, 1.0, 0.0, 0.0, 1.0, 0.0, 1.0, 1.0, 0.0, 1.0, 0.0, 0.0, 0.0, 0.0, 0.0, 0.0, 1.0, 1.0, 1.0, 1.0, 0.0, 0.0, 1.0, 1.0, 1.0, 0.0, 0.0, 1.0, 0.0, 1.0, 1.0, 0.0, 0.0, 0.0, 0.0, 0.0, 0.0, 1.0, 1.0, 0.0, 0.0, 0.0, 1.0, 1.0, 1.0, 0.0, 0.0, 0.0, 1.0, 1.0, 1.0, 0.0, 0.0, 0.0, 1.0, 0.0, 0.0, 1.0, 0.0, 1.0, 1.0, 0.0, 1.0, 1.0, 0.0, 0.0, 0.0, 0.0, 0.0, 1.0, 0.0, 0.0, 1.0, 0.0, 1.0, 1.0, 1.0, 1.0, 1.0, 1.0, 1.0, 0.0, 1.0, 0.0, 1.0, 0.0, 0.0, 1.0, 0.0, 1.0, 1.0, 1.0, 1.0, 0.0, 1.0, 1.0, 1.0, 1.0, 1.0, 1.0, 0.0, 1.0, 0.0, 0.0, 0.0, 0.0, 0.0, 0.0, 1.0, 0.0, 1.0, 1.0, 1.0, 0.0, 0.0, 1.0, 1.0, 1.0, 0.0, 0.0, 1.0, 0.0, 0.0, 1.0, 1.0, 0.0, 0.0, 0.0, 1.0, 1.0, 0.0, 1.0, 0.0, 1.0, 1.0, 1.0, 1.0, 0.0, 0.0, 1.0, 0.0, 1.0, 1.0, 1.0, 1.0, 1.0, 0.0, 1.0, 1.0, 0.0, 1.0, 0.0, 1.0, 1.0, 1.0, 0.0, 0.0, 1.0, 1.0, 0.0, 0.0, 0.0, 0.0, 0.0, 1.0, 0.0, 0.0, 1.0, 0.0, 1.0, 1.0, 1.0, 1.0, 1.0, 1.0, 1.0, 0.0, 0.0, 1.0, 0.0, 0.0, 0.0, 0.0, 1.0, 1.0, 1.0, 0.0, 1.0, 1.0, 0.0, 0.0, 0.0, 0.0, 0.0, 1.0, 1.0, 0.0, 0.0, 0.0, 1.0, 0.0, 1.0, 0.0, 1.0, 1.0, 0.0, 1.0, 0.0, 0.0, 0.0, 0.0, 0.0, 1.0, 1.0, 0.0, 0.0, 1.0, 1.0, 1.0, 1.0, 1.0, 0.0, 1.0, 0.0, 1.0, 0.0, 1.0, 1.0, 0.0, 1.0, 1.0, 0.0, 1.0, 0.0, 1.0, 0.0, 1.0, 0.0, 1.0, 0.0, 1.0, 0.0, 1.0, 0.0, 0.0, 0.0, 1.0, 1.0, 1.0, 0.0, 0.0, 1.0, 1.0, 1.0, 0.0, 1.0, 0.0, 0.0, 0.0, 1.0, 0.0, 1.0, 1.0, 0.0, 1.0, 0.0, 1.0, 1.0, 1.0, 1.0, 1.0, 1.0, 1.0, 1.0, 1.0, 0.0, 1.0, 1.0, 1.0, 0.0, 0.0, 0.0, 0.0, 0.0, 1.0, 1.0, 0.0, 0.0, 0.0, 1.0, 1.0, 0.0, 0.0, 1.0, 0.0, 0.0, 0.0, 0.0, 0.0, 1.0, 1.0, 0.0, 1.0, 1.0, 1.0, 0.0, 1.0, 0.0, 0.0, 0.0, 1.0, 1.0, 0.0, 0.0, 0.0, 0.0, 1.0, 1.0, 1.0, 0.0, 0.0, 0.0, 0.0, 0.0, 0.0, 0.0, 0.0, 1.0, 0.0, 1.0, 0.0, 1.0, 0.0, 0.0, 1.0, 1.0, 1.0, 1.0, 0.0, 0.0, 1.0, 0.0, 0.0, 0.0, 1.0, 0.0, 1.0, 1.0, 0.0, 1.0, 1.0, 1.0, 1.0, 0.0, 0.0, 1.0, 0.0, 0.0, 1.0, 0.0, 0.0, 1.0, 1.0, 0.0, 1.0, 1.0, 0.0, 0.0, 1.0, 1.0, 0.0, 0.0, 1.0, 1.0, 0.0, 1.0, 1.0, 1.0, 1.0, 0.0, 0.0, 0.0, 1.0, 0.0, 1.0, 0.0, 0.0, 0.0, 0.0, 1.0, 0.0, 0.0, 0.0, 0.0, 1.0, 1.0, 1.0, 1.0, 0.0, 1.0, 0.0, 1.0, 0.0, 0.0, 0.0, 1.0, 0.0, 1.0, 1.0, 1.0, 1.0, 0.0, 1.0, 1.0, 0.0, 0.0, 1.0, 1.0, 1.0, 1.0, 1.0, 0.0, 1.0, 1.0, 1.0, 1.0, 0.0, 1.0, 0.0, 0.0, 1.0, 0.0, 0.0, 1.0, 1.0, 1.0, 1.0, 0.0, 1.0, 0.0, 0.0, 0.0, 0.0, 0.0, 1.0, 1.0, 0.0, 0.0, 0.0, 0.0, 1.0, 0.0, 1.0, 0.0, 1.0, 1.0, 1.0, 1.0, 1.0, 0.0, 1.0, 0.0, 1.0, 0.0, 0.0, 0.0, 1.0, 0.0, 0.0, 0.0, 1.0, 1.0, 1.0, 1.0, 0.0, 1.0, 0.0, 0.0, 1.0, 0.0, 0.0, 0.0, 1.0, 0.0, 0.0, 0.0, 1.0, 1.0, 0.0, 0.0, 1.0, 0.0, 0.0, 1.0, 0.0, 0.0, 0.0, 0.0, 0.0, 0.0, 0.0, 1.0, 1.0, 0.0, 1.0, 0.0, 1.0, 0.0, 1.0, 0.0, 1.0, 0.0, 0.0, 0.0, 0.0, 1.0, 1.0, 1.0, 0.0, 1.0, 1.0, 0.0, 1.0, 1.0, 1.0, 1.0, 1.0, 1.0, 0.0, 0.0, 0.0, 1.0, 0.0, 0.0, 1.0, 0.0, 0.0, 0.0, 1.0, 0.0, 1.0, 0.0, 0.0, 1.0, 1.0, 1.0, 1.0, 0.0, 1.0, 0.0, 0.0, 0.0, 1.0, 1.0, 1.0, 0.0, 0.0, 1.0, 1.0, 1.0, 1.0, 0.0, 0.0, 0.0, 1.0, 0.0, 1.0, 0.0, 1.0, 0.0, 0.0, 1.0, 1.0, 1.0, 0.0, 1.0, 0.0, 0.0, 1.0, 1.0, 1.0, 1.0, 1.0, 1.0, 1.0, 1.0, 0.0, 1.0, 0.0, 1.0, 0.0, 0.0, 1.0, 1.0, 1.0, 1.0, 1.0, 1.0, 0.0, 1.0, 0.0, 0.0, 1.0, 0.0, 1.0, 0.0, 0.0, 0.0, 1.0, 0.0, 1.0, 0.0, 0.0, 0.0, 0.0, 0.0, 1.0, 1.0, 1.0, 0.0, 1.0, 0.0, 0.0, 0.0, 0.0, 0.0, 0.0, 1.0, 1.0, 0.0, 1.0, 0.0, 1.0, 0.0, 1.0, 1.0, 1.0, 0.0, 1.0, 1.0, 0.0, 1.0, 1.0, 0.0, 0.0, 0.0, 1.0, 0.0, 1.0, 0.0, 0.0, 1.0, 0.0, 1.0, 1.0, 0.0, 1.0, 1.0, 1.0, 0.0, 0.0, 1.0, 1.0, 0.0, 1.0, 1.0, 1.0, 1.0, 0.0, 1.0, 0.0, 0.0, 1.0, 0.0, 0.0, 1.0, 0.0, 0.0, 1.0, 1.0, 1.0, 0.0, 1.0, 1.0, 0.0, 0.0, 0.0, 1.0, 0.0, 1.0, 0.0, 1.0, 0.0, 1.0, 1.0, 1.0, 0.0, 0.0, 1.0, 1.0, 1.0, 0.0, 0.0, 0.0, 1.0, 1.0, 0.0, 1.0, 1.0, 0.0, 0.0, 0.0, 0.0, 1.0, 1.0, 0.0, 0.0, 1.0, 0.0, 1.0, 0.0, 0.0, 0.0, 0.0, 0.0, 1.0, 1.0, 0.0, 1.0, 1.0, 0.0, 1.0, 0.0, 1.0, 1.0, 0.0, 0.0, 0.0, 0.0, 0.0, 0.0, 1.0, 1.0, 0.0, 0.0, 0.0, 0.0, 1.0, 1.0, 1.0, 1.0, 0.0, 1.0, 1.0, 1.0, 1.0, 1.0, 0.0, 0.0, 0.0, 0.0, 0.0, 0.0, 0.0, 1.0, 1.0, 0.0, 1.0, 0.0, 1.0, 0.0, 1.0, 1.0, 0.0, 0.0, 0.0, 1.0, 1.0, 0.0, 1.0, 0.0, 0.0, 1.0, 1.0, 0.0, 1.0, 0.0, 0.0, 1.0, 0.0, 0.0, 0.0, 1.0, 1.0, 0.0, 1.0, 1.0, 0.0, 1.0, 1.0, 0.0, 1.0, 0.0, 0.0, 1.0, 0.0, 0.0, 1.0, 1.0, 0.0, 1.0, 1.0, 1.0, 1.0, 0.0, 1.0, 0.0, 0.0, 0.0, 0.0, 1.0, 1.0, 0.0, 1.0, 1.0, 0.0, 1.0, 1.0, 1.0, 1.0, 0.0, 0.0, 1.0, 0.0, 1.0, 0.0, 0.0, 1.0, 1.0, 0.0, 0.0, 0.0, 0.0, 0.0, 0.0, 0.0, 0.0, 1.0, 0.0, 1.0, 0.0, 0.0, 1.0, 0.0, 0.0, 0.0, 1.0, 0.0, 0.0, 1.0, 1.0, 1.0, 1.0, 0.0, 0.0, 1.0, 0.0, 0.0, 0.0, 1.0, 1.0, 1.0, 1.0, 0.0, 1.0, 1.0, 0.0, 0.0, 1.0, 0.0, 1.0, 1.0, 1.0, 1.0, 1.0, 0.0, 0.0, 1.0, 1.0, 1.0, 0.0, 1.0, 0.0, 1.0, 1.0, 0.0, 1.0, 0.0, 1.0, 0.0, 0.0, 0.0, 0.0, 0.0, 0.0, 0.0, 0.0, 1.0, 0.0, 0.0, 1.0, 0.0, 1.0, 1.0, 1.0, 0.0, 0.0, 1.0, 0.0, 0.0, 1.0, 1.0, 1.0, 0.0, 0.0, 0.0, 0.0, 0.0, 0.0, 1.0, 0.0, 1.0, 0.0, 0.0, 1.0, 0.0, 1.0, 1.0, 0.0, 0.0, 1.0, 1.0, 0.0, 1.0, 1.0, 1.0, 1.0, 0.0, 0.0, 1.0, 1.0, 0.0, 0.0, 1.0, 0.0, 0.0, 1.0, 0.0, 1.0, 1.0, 1.0, 1.0, 0.0, 1.0, 1.0, 0.0, 0.0, 1.0, 1.0, 1.0, 0.0, 0.0, 1.0, 0.0, 1.0, 0.0, 0.0, 0.0, 1.0, 0.0, 0.0, 1.0, 0.0, 1.0, 1.0, 1.0, 1.0, 1.0, 0.0, 0.0, 0.0, 1.0, 0.0, 1.0, 1.0, 0.0, 1.0, 1.0, 1.0, 1.0, 1.0, 1.0, 1.0, 1.0, 0.0, 1.0, 0.0, 0.0, 0.0, 0.0, 0.0, 1.0, 1.0, 1.0, 1.0, 0.0, 0.0, 0.0, 0.0, 1.0, 1.0, 0.0, 0.0, 0.0, 0.0, 1.0, 1.0, 0.0, 0.0, 0.0, 1.0, 0.0, 0.0, 0.0, 0.0, 1.0, 1.0, 0.0, 0.0, 1.0, 0.0, 0.0, 0.0, 0.0, 0.0, 1.0, 0.0, 0.0, 0.0, 0.0, 0.0, 0.0, 0.0, 1.0, 1.0, 0.0, 0.0, 1.0, 0.0, 1.0, 0.0, 0.0, 1.0, 1.0, 0.0, 0.0, 1.0, 1.0, 1.0, 0.0, 0.0, 0.0, 1.0, 1.0, 0.0, 0.0, 0.0, 1.0, 1.0, 1.0, 1.0, 1.0, 0.0, 0.0, 1.0, 1.0, 0.0, 1.0, 1.0, 1.0, 0.0, 0.0, 1.0, 0.0, 0.0, 1.0, 1.0, 0.0, 1.0, 0.0, 0.0, 1.0, 1.0, 0.0, 1.0, 1.0, 0.0, 0.0, 0.0, 1.0, 0.0, 0.0, 0.0, 1.0, 1.0, 1.0, 1.0, 1.0, 1.0, 0.0, 0.0, 0.0, 0.0, 1.0, 1.0, 1.0, 1.0, 0.0, 1.0, 1.0, 0.0, 0.0, 0.0, 1.0, 0.0, 1.0, 1.0, 1.0, 0.0, 1.0, 1.0, 1.0, 1.0, 1.0, 0.0, 0.0, 1.0, 0.0, 1.0, 1.0, 1.0, 0.0, 0.0, 1.0, 0.0, 0.0, 1.0, 1.0, 1.0, 0.0, 1.0, 0.0, 0.0, 1.0, 1.0, 0.0, 0.0, 1.0, 1.0, 1.0, 1.0, 0.0, 1.0, 1.0, 1.0, 0.0, 0.0, 1.0, 1.0, 0.0, 0.0, 1.0, 0.0, 0.0, 1.0, 1.0, 1.0, 0.0, 0.0, 0.0, 1.0, 0.0, 1.0, 0.0, 0.0, 1.0, 0.0, 0.0, 1.0, 0.0, 0.0, 0.0, 1.0, 0.0, 0.0, 0.0, 1.0, 0.0, 1.0, 0.0, 0.0, 0.0, 0.0, 0.0, 1.0, 1.0, 0.0, 0.0, 1.0, 0.0, 1.0, 1.0, 0.0, 0.0, 1.0, 1.0, 1.0, 1.0, 0.0, 0.0, 1.0, 1.0, 1.0, 1.0, 1.0, 0.0, 1.0, 1.0, 0.0, 1.0, 0.0, 1.0, 1.0, 1.0, 0.0, 0.0, 1.0, 0.0, 1.0, 0.0, 0.0, 1.0, 1.0, 0.0, 0.0, 0.0, 0.0, 0.0, 1.0, 1.0, 1.0, 1.0, 0.0, 1.0, 1.0, 0.0, 0.0, 0.0, 0.0, 1.0, 0.0, 0.0, 1.0, 1.0, 0.0, 1.0, 1.0, 0.0, 0.0, 1.0, 0.0, 1.0, 1.0, 1.0, 1.0, 1.0, 0.0, 1.0, 1.0, 0.0, 1.0, 1.0, 0.0, 0.0, 0.0, 1.0, 1.0, 1.0, 1.0, 1.0, 0.0, 0.0, 1.0, 0.0, 1.0, 1.0, 0.0, 0.0, 1.0, 1.0, 0.0, 0.0, 1.0, 0.0, 0.0, 0.0, 1.0, 0.0, 0.0, 0.0, 0.0, 1.0, 1.0, 1.0, 1.0, 0.0, 0.0, 1.0, 0.0, 1.0, 0.0, 1.0, 1.0, 1.0, 1.0, 0.0, 1.0, 1.0, 0.0, 1.0, 1.0, 1.0, 0.0, 1.0, 1.0, 0.0, 0.0, 1.0, 1.0, 1.0, 0.0, 1.0, 1.0, 1.0, 0.0, 0.0, 1.0, 0.0, 0.0, 0.0, 0.0, 0.0, 1.0, 1.0, 0.0, 0.0, 1.0, 1.0, 0.0, 0.0, 0.0, 1.0, 1.0, 1.0, 0.0, 0.0, 0.0, 0.0, 0.0, 0.0, 0.0, 0.0, 0.0, 0.0, 0.0, 0.0, 1.0, 0.0, 0.0, 0.0, 0.0, 0.0, 0.0, 0.0, 1.0, 0.0, 0.0, 0.0, 0.0, 0.0, 0.0, 1.0, 1.0, 1.0, 0.0, 0.0, 0.0, 0.0, 1.0, 1.0, 1.0, 0.0, 1.0, 1.0, 0.0, 0.0, 1.0, 0.0, 1.0, 1.0, 0.0, 1.0, 1.0, 0.0, 0.0, 1.0, 1.0, 0.0, 1.0, 0.0, 0.0, 0.0, 0.0, 0.0, 1.0, 1.0, 1.0, 0.0, 1.0, 1.0, 0.0, 0.0, 1.0, 1.0, 0.0, 0.0, 0.0, 0.0, 1.0, 1.0, 1.0, 1.0, 0.0, 1.0, 1.0, 1.0, 1.0, 1.0, 0.0, 1.0, 0.0, 0.0, 0.0, 0.0, 1.0, 1.0, 0.0, 1.0, 1.0, 0.0, 1.0, 0.0, 0.0, 1.0, 0.0, 0.0, 0.0, 0.0, 0.0, 1.0, 0.0, 1.0, 0.0, 0.0, 1.0, 1.0, 0.0, 1.0, 0.0, 0.0, 0.0, 1.0, 0.0, 0.0, 1.0, 1.0, 0.0, 0.0, 1.0, 0.0, 0.0, 1.0, 1.0, 1.0, 1.0, 1.0, 1.0, 0.0, 1.0, 0.0, 0.0, 1.0, 0.0, 0.0, 1.0, 1.0, 0.0, 1.0, 0.0, 0.0, 1.0, 0.0, 0.0, 1.0, 0.0, 0.0, 1.0, 1.0, 0.0, 0.0, 0.0, 0.0, 1.0, 0.0, 0.0, 1.0, 1.0, 0.0, 1.0, 0.0, 1.0, 1.0, 0.0, 1.0, 0.0, 0.0, 0.0, 1.0, 1.0, 1.0, 1.0, 1.0, 1.0, 0.0, 1.0, 1.0, 0.0, 1.0, 0.0, 0.0, 0.0, 0.0, 0.0, 0.0, 0.0, 0.0, 1.0, 1.0, 0.0, 0.0, 0.0, 1.0, 1.0, 1.0, 1.0, 1.0, 1.0, 1.0, 1.0, 1.0, 0.0, 1.0, 1.0, 0.0, 1.0, 1.0, 1.0, 0.0, 0.0, 1.0, 1.0, 0.0, 1.0, 1.0, 0.0, 1.0, 0.0, 1.0, 1.0, 1.0, 1.0, 1.0, 1.0, 0.0, 0.0, 1.0, 0.0, 1.0, 0.0, 1.0, 1.0, 0.0, 1.0, 1.0, 1.0, 1.0, 1.0, 0.0, 1.0, 0.0, 0.0, 0.0, 0.0, 1.0, 1.0, 1.0, 0.0, 0.0, 0.0, 1.0, 0.0, 0.0, 1.0, 0.0, 1.0, 0.0, 1.0, 0.0, 1.0, 1.0, 0.0, 1.0, 1.0, 1.0, 1.0, 0.0, 0.0, 0.0, 1.0, 0.0, 1.0, 0.0, 1.0, 0.0, 0.0, 1.0, 0.0, 1.0, 0.0, 1.0, 1.0, 1.0, 0.0, 1.0, 0.0, 0.0, 0.0, 1.0, 1.0, 0.0, 1.0, 1.0, 0.0, 1.0, 1.0, 0.0, 1.0, 1.0, 1.0, 0.0, 0.0, 1.0, 1.0, 1.0, 0.0, 0.0, 0.0, 0.0, 0.0, 0.0, 0.0, 0.0, 1.0, 0.0, 1.0, 0.0, 0.0, 1.0, 0.0, 1.0, 0.0, 1.0, 1.0, 1.0, 1.0, 0.0, 0.0, 1.0, 0.0, 0.0, 1.0, 0.0, 1.0, 0.0, 1.0, 0.0, 0.0, 1.0, 1.0, 0.0, 0.0, 0.0, 0.0, 0.0, 0.0, 1.0, 0.0, 1.0, 0.0, 0.0, 0.0, 0.0, 1.0, 1.0, 0.0, 1.0, 0.0, 0.0, 1.0, 1.0, 1.0, 0.0, 1.0, 0.0, 0.0, 1.0, 0.0, 1.0, 0.0, 0.0, 0.0, 0.0, 1.0, 1.0, 1.0, 1.0, 1.0, 0.0, 1.0, 1.0, 0.0, 0.0, 1.0, 0.0, 0.0, 0.0, 0.0, 0.0, 1.0, 0.0, 0.0, 1.0, 1.0, 0.0, 0.0, 1.0, 0.0, 0.0, 1.0, 1.0, 0.0, 1.0, 0.0, 1.0, 0.0, 1.0, 0.0, 1.0, 1.0, 0.0, 1.0, 1.0, 1.0, 0.0, 1.0, 1.0, 0.0, 0.0, 1.0, 0.0, 0.0, 0.0, 0.0, 1.0, 1.0, 1.0, 0.0, 0.0, 1.0, 1.0, 1.0, 0.0, 0.0, 1.0, 1.0, 0.0, 1.0, 1.0, 1.0, 1.0, 1.0, 1.0, 1.0, 1.0, 0.0, 0.0, 0.0, 1.0, 1.0, 0.0, 1.0, 0.0, 1.0, 1.0, 1.0, 0.0, 0.0, 0.0, 0.0, 0.0, 1.0, 0.0, 1.0, 1.0, 0.0, 1.0, 1.0, 1.0, 1.0, 0.0, 1.0, 0.0, 1.0, 1.0, 1.0, 0.0, 0.0, 1.0, 1.0, 0.0, 1.0, 0.0, 1.0, 1.0, 0.0, 1.0, 1.0, 0.0, 0.0, 1.0, 1.0, 1.0, 1.0, 1.0, 0.0, 0.0, 1.0, 1.0, 1.0, 1.0, 0.0, 0.0, 1.0, 0.0, 1.0, 0.0, 1.0, 1.0, 1.0, 1.0, 0.0, 0.0, 1.0, 1.0, 1.0, 0.0, 1.0, 0.0, 1.0, 0.0, 1.0, 0.0, 0.0, 1.0, 1.0, 1.0, 1.0, 1.0, 1.0, 0.0, 0.0, 1.0, 1.0, 1.0, 0.0, 0.0, 1.0, 0.0, 1.0, 1.0, 1.0, 1.0, 1.0, 0.0, 1.0, 1.0, 0.0, 0.0, 1.0, 0.0, 1.0, 0.0, 1.0, 0.0, 1.0, 0.0, 1.0, 1.0, 0.0, 0.0, 0.0, 1.0, 0.0, 1.0, 0.0, 0.0, 0.0, 1.0, 0.0, 0.0, 0.0, 0.0, 0.0, 0.0, 0.0, 1.0, 1.0, 1.0, 1.0, 0.0, 1.0, 0.0, 1.0, 0.0, 1.0, 1.0, 0.0, 0.0, 1.0, 0.0, 1.0, 0.0, 1.0, 1.0, 0.0, 1.0, 0.0, 1.0, 0.0, 1.0, 1.0, 0.0, 1.0, 0.0, 1.0, 1.0, 1.0, 1.0, 0.0, 1.0, 1.0, 0.0, 0.0, 1.0, 0.0, 0.0, 1.0, 1.0, 0.0, 0.0, 0.0, 1.0, 1.0, 0.0, 0.0, 1.0, 1.0, 0.0, 0.0, 0.0, 1.0, 0.0, 1.0, 1.0, 0.0, 1.0, 1.0, 0.0, 1.0, 1.0, 0.0, 0.0, 1.0, 1.0, 0.0, 0.0, 1.0, 0.0, 1.0, 0.0, 1.0, 0.0, 0.0, 0.0, 1.0, 0.0, 0.0, 1.0, 1.0, 0.0, 0.0, 1.0, 1.0, 0.0, 0.0, 0.0, 1.0, 1.0, 1.0, 0.0, 0.0, 1.0, 0.0, 0.0, 0.0, 0.0, 1.0, 1.0, 1.0, 0.0, 1.0, 1.0, 1.0, 0.0, 0.0, 1.0, 1.0, 0.0, 0.0]
\score={0: [0.11374378834779446, 0.11424257434331454, 0.11296420395374299, 0.1131215567390124, 0.11282052271641217, 0.11321305483579636, 0.11282069484392802, 0.11301080013314883, 0.11260704237681168, 0.11330621350895274, 0.11309291505151325, 0.11313369166519907, 0.11389155934254329, 0.11448820233345032, 0.11381475980344571, 0.11283739688603775, 0.1133730593137443, 0.11345041610977867, 0.11304580633129392, 0.11502783372998238, 0.11405555294318633, 0.11331031268293207, 0.11341114797525936, 0.11377814057327452, 0.11360331684350967, 0.11336143426597119, 0.1133991794251814, 0.11242123196522395, 0.11421747374183991, 0.11335674031027432, 0.11361827364280111, 0.11357239748422916, 0.11310685745307378, 0.11346781173987049, 0.11329856514930725, 0.11257617672284444, 0.11415078391631445, 0.11337656500162901, 0.11459827376529574, 0.11373787213649068, 0.11365155777648876, 0.11351849024112408, 0.11369268269073672, 0.11456456848166206, 0.11341300668815772, 0.1125808134675026, 0.11381383967108843, 0.11401296353765897, 0.11378212869167328, 0.11411014116472668, 0.11428082423905532, 0.11375114222367605, 0.11356367644938556, 0.11246296121128674, 0.11451059579849243, 0.11331396656376976, 0.11397150732003726, 0.11303469515405595, 0.11359983682632446, 0.11305627029608278, 0.11348871428232926, 0.11371626239269972, 0.11300442786887288, 0.11421570046381517, 0.11413316950201988, 0.11344173482873222, 0.11415094584226608, 0.11364753137935292, 0.11374785633463609, 0.11273832519849142, 0.11322072554718364, 0.11466585397720337, 0.11374274420517462, 0.11349772151027407, 0.11396950483322144, 0.11431491055658885, 0.11440863274037838, 0.11498511023819447, 0.1135361917592861, 0.1127884028987451, 0.11351829843643384, 0.11292455966273944, 0.11335886371406642, 0.11387566236719009, 0.11417294522890678, 0.11338372983866268, 0.11354244045085377, 0.11352332207289609, 0.11307061441680964, 0.11339373673711504, 0.11337172612547874, 0.11128377094864846, 0.11327268514368269, 0.11390981981248567, 0.11280093640089035, 0.11372776558765998, 0.11236590147018433, 0.1134265643255464, 0.11289143161131786, 0.1140790344639258, 0.11261336272582412, 0.11404320241316505, 0.11291541248559951, 0.11408315029214411, 0.11338632429639499, 0.11344117192285401, 0.1133514156875511, 0.11309777045587324, 0.11256968000760445, 0.11329838923282093, 0.11360378137656621, 0.11295609548687935, 0.11410313167355278, 0.11306608806956898, 0.11240087361896739, 0.11437217891216278, 0.11392187108011807, 0.1142121508717537, 0.11424280123578177, 0.11322215371406995, 0.11282215267419815, 0.11244742125272751, 0.11271875404885837, 0.11363621801137924, 0.1127315973242124, 0.11446963648001353, 0.11410466333230336, 0.11334018300597866, 0.1134801683100787, 0.11327451955655525, 0.11263562400232661, 0.1136841172973315, 0.11313790212506833, 0.11365851590579207, 0.1129421072787252, 0.11389196623821517, 0.11363733559846878, 0.11262277581474998, 0.11373788162189372, 0.11363295303738635, 0.11217500567436219, 0.11356177181005478, 0.11327534168958664, 0.11283315997570753, 0.11325048392309862, 0.11297543942928315, 0.11350911855697632, 0.11337334848940372, 0.11305397816679695, 0.11321234567598863, 0.11365263988929135, 0.11401135101914406, 0.11249422485178168, 0.11256692036986352, 0.11319271475076675, 0.1140340452010815, 0.11269159093499184, 0.11400487430785831, 0.11396843530237674, 0.11383246680100759, 0.11236411109566688, 0.11344425305724144, 0.11340774539858103, 0.11370739092429479, 0.11354337951966695, 0.11433046040209857, 0.11294302865862846, 0.11357110826408162, 0.11377776972949505, 0.11261243958558355, 0.1132455279584974, 0.1138741672039032, 0.11392335519194603, 0.11578072607517242, 0.1127192952803203, 0.11324043228076054, 0.11371207575906407, 0.11326402170877707, 0.11270014678730685, 0.11334710982110766, 0.1142810591393047, 0.11266071051359176, 0.11515987385064363, 0.11350620435229664, 0.11341833161271136, 0.11317693577571349, 0.11306283897475193, 0.11338811789949735, 0.11325717717409134, 0.11343689653135482, 0.11327224703771728, 0.11281278016774551, 0.11419835926166602, 0.11300213411450385, 0.11311986297369003, 0.11460784009911797, 0.1140926761759652, 0.11381349200382829, 0.11231150664389133, 0.11376886554062367, 0.11292285347978274, 0.11369865929538553, 0.11473364919424058, 0.11330522437180791, 0.11376352939340803, 0.11315982179208235, 0.11385485270748967, 0.11426660160605724, 0.11351628005504608, 0.11284878003326329, 0.1133266493678093, 0.11393349928160508, 0.11357990652322769, 0.11381069049239159, 0.11363797563882101, 0.11380931866519592, 0.1129488554265764, 0.113274651269118, 0.11206059977412224, 0.11447862237691879, 0.11365602786342303, 0.11283426508307456, 0.11380670805062566, 0.11377418935298919, 0.11332112343774901, 0.11467725411057472, 0.11381644308567047, 0.11420304700732231, 0.11331647160378369, 0.113545509321349, 0.11340733534759945, 0.1138911335950806, 0.11307748678055676, 0.11278752524119157, 0.11414348496043164, 0.11232785806059838, 0.11367843672633171, 0.11405454725027084, 0.11292696325108409, 0.11328927593098746, 0.11373100057244301, 0.11342782968724216, 0.11237886051336925, 0.11296315012233597, 0.1134747381393726, 0.11351841901029859, 0.11446564170447263, 0.1132848858833313, 0.11331461149233359, 0.11325196474790573, 0.11283611032095822, 0.11320674916108449, 0.11348702758550644, 0.11303154304623604, 0.11214180456267463, 0.11295853511375539, 0.11284169955895497, 0.11386522671414746, 0.11329210797945659, 0.11306399174711922, 0.1133618258378085, 0.11347356619867119, 0.11323043420201256, 0.1135422068182379, 0.11380029159287612, 0.11372130160981958, 0.113635101252132, 0.11358853243291378, 0.11389400114615758, 0.11314530788283599, 0.11367368251085282, 0.11410124200795378, 0.11300055763205967, 0.11299743237239974, 0.11319232054732063, 0.11371753759243909, 0.11410011516677009, 0.1139099548260371, 0.11302032253958962, 0.11427439991817918, 0.11336913692454496, 0.11376186112562815, 0.11394516751170158, 0.11335978115146811, 0.112859389744699, 0.11371540007266132, 0.11371449753642082, 0.11239652974264962, 0.11412482559680939, 0.11346956175200794, 0.11277459354864226, 0.11363453583584891, 0.11324350216559001, 0.11417482048273087, 0.11412962943315506, 0.11305098503828048, 0.11385343653651384, 0.11281599307602103, 0.11325469127167827, 0.11368751724561056, 0.11335225572640245, 0.1135755976041158, 0.11424150442083676, 0.11383571074559139, 0.11381894557012452, 0.11410097574645822, 0.11401975527405739, 0.11325240066206013, 0.11273672804236412, 0.11208972334861755, 0.11326934769749641, 0.11403829356034596, 0.11344376883723518, 0.11332259618717691, 0.1128167797412191, 0.1131752243058549, 0.11353076746066411, 0.11447318643331528, 0.11321444511413574, 0.1143351908434521, 0.11321739032864571, 0.11317706037135351, 0.1141284095744292, 0.1135037437081337, 0.11396612549821536, 0.11381263699796465, 0.11351299782594045, 0.11364925714830558, 0.11270411908626557, 0.11249853244849614, 0.11348032799583894, 0.11350394263863564, 0.11378922153796468, 0.11235160455107689, 0.11339408904314041, 0.11313853847483794, 0.11420223963531581, 0.11340312206226846, 0.11350189499995288, 0.11299238353967667, 0.11260232776403427, 0.11288998772700627, 0.11367859425289291, 0.11472447067499161, 0.11369948674525533, 0.11271169437811925, 0.1140031868761236, 0.11377822870717329, 0.11307746358215809, 0.11351961052666108, 0.1132439851309314, 0.11334794556552713, 0.11342583809580122, 0.11333448998630047, 0.11252918733017785, 0.11368649188549287, 0.11353568525777923, 0.11421565643765709, 0.11394581023384542, 0.11390885168855841, 0.11264428794384003, 0.11419727629981935, 0.11396799394578645, 0.11312399494151275, 0.11354775780013629, 0.11247527656646875, 0.11267775148153306, 0.1133721119591168, 0.11312160930699772, 0.11298104872306187, 0.11280870505354622, 0.1133991414681077, 0.11345703676342964, 0.11292281967622263, 0.11377593185062762, 0.1123232829074065, 0.11426000441274335, 0.11502461474050175, 0.11337789534418671, 0.11341820985078811, 0.11317719283856843, 0.11330880410969257, 0.11266124993562698, 0.11305523679281275, 0.11340906843543053, 0.11264427627126376, 0.11264833311239879, 0.11300319271243137, 0.1131945780732415, 0.11307601258158684, 0.11330206516911001, 0.11371952543656032, 0.11330017745494843, 0.11388780362904072, 0.113476088270545, 0.11357635958120227, 0.11343655673166116, 0.11374987289309502, 0.11395804915163252, 0.11317055465446578, 0.1135743851463, 0.11320251054488696, 0.11275817414647654, 0.11332699358463287, 0.11346118558536876, 0.11380610589323373, 0.11282605890716825, 0.11323567852377892, 0.11281543665311554, 0.11410519652641736, 0.11349925398826599, 0.11308285860078675, 0.11392419678824288, 0.11373007390648127, 0.11288994178175926, 0.11316013750102785, 0.11361897786458333, 0.11386914648439574, 0.1138603939644752, 0.11260067066177726, 0.11337043803471786, 0.11409400776028633, 0.11288933117281306, 0.11363082321790549, 0.11339374372492665, 0.11313104795085059, 0.11323334525028865, 0.11288683861494064, 0.11365247228079373, 0.11350597205914949, 0.11274257195847374, 0.11384355016052723, 0.11321751156757617, 0.11318923830986023, 0.11317861167823567, 0.11310856450687755, 0.11210214211182161, 0.11345356454451878, 0.11301675175919253, 0.11115952953696251, 0.11361327607716833, 0.1131757286687692, 0.11365035212621456, 0.1126840241253376, 0.1131248007218043, 0.11246943265199662, 0.1137358724243111, 0.11380364860479648, 0.11310314238071442, 0.1130593376500266, 0.11397505551576614, 0.11361337625063382, 0.11365749686956406, 0.11363227527450633, 0.11346392137439627, 0.11321937143802643, 0.11344889923930168, 0.11376747218045322, 0.11289804253508062, 0.11352149492655045, 0.11258201527854671, 0.11269374378025532, 0.11261327052488923, 0.11262554824352264, 0.1130804441869259, 0.11303957353035608, 0.113086833578089, 0.11343178525567055, 0.1138024553656578, 0.11321169856403555, 0.11462198401039297, 0.11379089951515198, 0.11373027238775701, 0.11345696076750755, 0.11284956783056259, 0.11337801069021225, 0.11310683811704318, 0.11375422369350087, 0.11292885047824759, 0.11294743221472292, 0.11352640932256525, 0.11361169368028641, 0.11372195378593776, 0.11415451299399137, 0.11358676512132991, 0.1123527283469836, 0.11283408105373383, 0.11347918584942818, 0.11403307212250573, 0.11380541945497195, 0.1128823384642601, 0.11384777782055047, 0.11292653431495031, 0.11357192370371941, 0.11316473671096436, 0.11266959432897897, 0.11360337684551874, 0.11334550896516213, 0.11345350268212231, 0.11376945897936822, 0.11399046269555886, 0.11376642487172423, 0.11395500325842907, 0.11262035132809119, 0.11270896345376968, 0.1151023472348849, 0.11372752239306767, 0.1132518866409858, 0.11214143708348275, 0.11330019411715594, 0.11336163860378844, 0.11302107592692247, 0.11412377254321025, 0.1131310467608273, 0.11394337789956914, 0.11303187205510981, 0.11347941402345896, 0.11290150365004173, 0.1130278840661049, 0.11428308308124542, 0.11323115229606628, 0.11237962245941162, 0.11382608281241523, 0.11308273195456235, 0.11424413031857947, 0.11315472359242647, 0.1140962615609169, 0.1131673504052491, 0.11367890619569354, 0.11318715363740921, 0.11414747898067747, 0.11308400794154122, 0.1139672205403999, 0.1127362996339798, 0.11343637818381899, 0.11371811841215407, 0.11373888701200485, 0.11311815616985162, 0.11311800157030423, 0.1124415248632431, 0.11406735619720147, 0.11398020055558947, 0.11322897523641587, 0.11315155745698856, 0.11255914196372033, 0.11351189017295837, 0.1129376698624004, 0.11351250504192553, 0.11413713130686018, 0.11360434256494045, 0.11334044560790062, 0.11376912813437612, 0.11331272025903066, 0.11296308903317702, 0.11374696037348579, 0.11315806210041046, 0.11357290397087733, 0.11335387502027594, 0.11294300960642951, 0.11299899468819301, 0.11328597013887606, 0.11328828483819961, 0.1131700142041633, 0.1130992633265418, 0.11332719298926267, 0.11306567713618279, 0.11435334926301782, 0.11326617499192555, 0.11330913929712205, 0.11326360759826806, 0.11362565550953149, 0.11381227233343655, 0.11354122012853622, 0.11354609885636498, 0.11401801183819771, 0.11221148925168174, 0.1117162158091863, 0.11421519294381141, 0.11480414569377899, 0.1136105131696571, 0.11249243238797554, 0.11332172602415085, 0.1144310899078846, 0.1138748750090599, 0.11335524570729051, 0.11378865192333858, 0.11372480839490891, 0.11393663111855001, 0.11387606002390385, 0.11390120834112168, 0.11335022487612657, 0.11216597394509749, 0.11379029376562251, 0.11321845711083026, 0.11250646635890008, 0.11328508415155941, 0.1134834518799415, 0.11318849915495285, 0.11348330229520798, 0.11431347951292992, 0.11376509123614856, 0.1129982944797067, 0.11293750339084202, 0.11341909194986026, 0.11409286161263783, 0.11372533352936015, 0.11395534758384411, 0.11305701040795871, 0.11318835480646654, 0.11321751773357391, 0.11351219154894351, 0.11346176937222481, 0.11384205441725881, 0.11498738452792168, 0.11407149445127558, 0.11362194223329425, 0.11363038928671317, 0.11347437202930451, 0.11263200789690017, 0.11411873549222946, 0.11302990752917069, 0.11378419761146819, 0.11293136754206248, 0.11404098914219783, 0.1138672227660815, 0.11330817528069019, 0.1130239270054377, 0.11255001792540917, 0.11330478116869927, 0.11402106072221484, 0.11346788207689922, 0.11301778866486116, 0.11379320804889385, 0.1138476977745692, 0.11369195919145238, 0.1128805667600211, 0.11341795754252058, 0.11197008802132173, 0.11311815927426021, 0.11347524889490822, 0.11331434388245855, 0.1131618213839829, 0.11332979479006358, 0.11286010486739022, 0.1136373610180967, 0.11364426346201646, 0.11337120582660039, 0.1163097620010376, 0.11404892553885777, 0.11317262761294841, 0.1144365207715468, 0.11413186575685229, 0.11327523802933485, 0.11275444568499275, 0.1139164807444269, 0.1130653726203101, 0.11321080001917752, 0.1145254217765548, 0.11351104142765205, 0.11311343119100288, 0.11279879745684172, 0.11340758814053102, 0.11365411172692592, 0.1127437495372512, 0.11249594204127789, 0.11402790667489171, 0.11310420820006618, 0.11328788995742797, 0.11339384777580991, 0.11338452023008595, 0.11369256445994744, 0.11354646024604638, 0.11429810943081975, 0.11337794936620273, 0.11366568538157837, 0.11335938572883605, 0.11409550733291186, 0.1136177176466355, 0.1136762637231085, 0.11400539531475967, 0.11320254552577223, 0.11349463164806366, 0.11396543516053094, 0.11346100643277168, 0.11434054587568555, 0.1131694964491404, 0.11305232549255545, 0.11339491978287697, 0.11258546262979507, 0.11417078177134196, 0.1131968753118264, 0.1141730472445488, 0.11333765834569931, 0.11346721913545363, 0.11376350298523903, 0.1138569235249802, 0.11332979947328567, 0.11359105010827382, 0.11276888971527417, 0.11253850907087326, 0.11319576436653733, 0.11227609920832846, 0.11371010686120679, 0.11295222491025925, 0.11283703396717708, 0.11360652605071664, 0.11439630190531412, 0.11319936141371727, 0.11283956893852778, 0.11339879863791996, 0.11329523970683415, 0.11274029190341632, 0.11353638648986816, 0.11315409019589424, 0.11258614891105229, 0.11337224429561979, 0.113047882500622, 0.11345532163977623, 0.11326919324122943, 0.11403063734372457, 0.11353822077314059, 0.11248837755276607, 0.11367605829780753, 0.11398772476240993, 0.11320044696331025, 0.11263793148100376, 0.11306155168197372, 0.1130061646302541, 0.11383396852761507, 0.1128591721256574, 0.1143600011865298, 0.11346455769879478, 0.11393086612224579, 0.11350350002092975, 0.1136028029024601, 0.1130594352358266, 0.11288046340147655, 0.11342325149213567, 0.11475727387837001, 0.11378770297573458, 0.1137706138766729, 0.11315678246319294, 0.11390063063851719, 0.11266924828290939, 0.11347412274164312, 0.11339792191982269, 0.11332935653626919, 0.11311453994777468, 0.11320436292368433, 0.1132903012790178, 0.11393755972385407, 0.11277800897757212, 0.11385611693064372, 0.11338781537833037, 0.11407604151301914, 0.11385679990053177, 0.11351430763800939, 0.11330763349930445, 0.11397085463007291, 0.11444508216597817, 0.11357788741588593, 0.11320816154281298, 0.11314216852188111, 0.11335454632838567, 0.11325728669762611, 0.11407019446293513, 0.11282122433185578, 0.11434317380189896, 0.11371733744939168, 0.11273324800034364, 0.11392726097255945, 0.11394915925829034, 0.11374854973771355, 0.11259982734918594, 0.11431104600429536, 0.11351549439132214, 0.11361283383199147, 0.11316850284735362, 0.11330624421437581, 0.11405761932071887, 0.11386441439390182, 0.11306879059834914, 0.11388515374239754, 0.11444633909397656, 0.11302655066053073, 0.11374121771327086, 0.11366455150502068, 0.1134057693183422, 0.11407928507436406, 0.11422849884804558, 0.11343884287458478, 0.11361266300082207, 0.11307959790740695, 0.11318736184727062, 0.11377689726650715, 0.11305099938596998, 0.1135228850385722, 0.11317592983444531, 0.11356378581963088, 0.11308096898229499, 0.11366887638966243, 0.11337070521854219, 0.11393656253814698, 0.11359326744621451, 0.1134641170501709, 0.11357524908251232, 0.11339357192628086, 0.11321843449365009, 0.11242383921688254, 0.1135597224144832, 0.1132950418525272, 0.11286151462367602, 0.1142254877421591, 0.11315480247139931, 0.1129526935517788, 0.11333996917192753, 0.11339378839029986, 0.11314842883083555, 0.11216158730288346, 0.11434733495116234, 0.11371513423712357, 0.11388995870947838, 0.11335503690096797, 0.1134475799543517, 0.1135920189321041, 0.1133379690349102, 0.11358122145518279, 0.11418510749936103, 0.11458715856075287, 0.1127212829887867, 0.11363070607185363, 0.11319843106544934, 0.11361871272325516, 0.1137249047557513, 0.1128052615871032, 0.11304851952526304, 0.1134005938967069, 0.11277942980329196, 0.11370734464038502, 0.11335083269155942, 0.11366424337029457, 0.11372681178392903, 0.11393032471338908, 0.11310976813547313, 0.112720445974877, 0.11337423381897119, 0.11426418003710834, 0.11404904696558203, 0.11297678630109187, 0.11328717378469613, 0.11303826332092286, 0.11282030230059344, 0.11407509371638298, 0.11368795747266096, 0.11368993338611391, 0.1132193926189627, 0.11366628615125533, 0.11304478576550117, 0.11419849377125502, 0.11339539995318965, 0.11347683146595955, 0.11352929874108388, 0.11332364922220056, 0.11258220821619033, 0.11292146311865912, 0.11392285949305485, 0.11277567904169966, 0.11369337721003427, 0.11383007322588275, 0.11313617850343387, 0.11239154694172052, 0.11301323647300403, 0.11274989073475201, 0.11253454312682151, 0.1133990662638098, 0.11258696535458931, 0.11252421720160379, 0.113610391707524, 0.11320527700277475, 0.11369532346725464, 0.11296125673330747, 0.11381898877712396, 0.1144366979598999, 0.11287507201944079, 0.11321256632606189, 0.11307207370797794, 0.11259889801343283, 0.11273537690822895, 0.11316543207927184, 0.11359080152981209, 0.1132874149700691, 0.11417579216261704, 0.11399309262633324, 0.11329454431931178, 0.11433649401773106, 0.112978119817045, 0.11347846469531457, 0.11342980153858662, 0.11387989223003388, 0.11288289818912745, 0.11350878783398205, 0.11324035025694791, 0.11462045539366572, 0.11352724852887067, 0.11386721627786756, 0.11362101619734484, 0.11349626220762729, 0.11327799502760172, 0.11284829544670441, 0.11221177130937576, 0.11377105049111626, 0.11337409131228923, 0.11397558628093629, 0.11456910176919056, 0.11346994429826736, 0.1134287922790176, 0.11420185086519821, 0.11379060298204421, 0.11316106617450714, 0.11339556162848193, 0.11375522257193275, 0.11222926030556361, 0.11383704013294643, 0.11262063203113419, 0.11442841323358673, 0.11268945224583149, 0.11287225995744977, 0.11256734999241652, 0.11420266537202729, 0.11272588819265365, 0.11322226801088878, 0.11376660042687466, 0.11261131366093953, 0.1128716915845871, 0.1135640713301572, 0.11385637583831947, 0.1142094815770785, 0.11330980211496353, 0.11378096168239911, 0.11291440602006583, 0.11364701390266418, 0.11360101699829102, 0.11290772880117099, 0.11386864384015401, 0.11263938397169113, 0.11328220553696156, 0.1139017018404874, 0.11329326033592224, 0.11330648918043483, 0.11336451699888264, 0.11454974859952927, 0.11414077132940292, 0.1130674338589112, 0.1131662905216217, 0.11345450865461472, 0.11334284022450447, 0.11328123675452338, 0.11278720674189655, 0.1133327700663358, 0.11373014277533482, 0.11054245382547379, 0.1134503808888522, 0.11347824061910311, 0.11335704801604152, 0.11376073039495029, 0.11420722107092539, 0.11312647642833847, 0.11342986921469371, 0.11341344200226726, 0.1133508174256845, 0.11273194042344888, 0.11317792567222015, 0.11364809650441875, 0.11337458581796714, 0.1133877554287513, 0.11355030358485553, 0.11445687508041208, 0.11376636309756173, 0.11276838762892617, 0.1136682327640684, 0.11318543979099818, 0.11357577866123568, 0.11339284391964183, 0.11391541440235942, 0.11307241916656494, 0.11324492647596028, 0.11299295264940995, 0.11356297364601722, 0.11346472178896268, 0.11285699857398868, 0.11329262638869493, 0.11321271162840628, 0.11435070362958041, 0.11439787000417709, 0.11426505107771266, 0.11290260851383209, 0.11254504695534706, 0.11467711627483368, 0.11300448110948007, 0.11297547941406567, 0.1143106184899807, 0.11355310997792653, 0.1140767490041667, 0.11346199363470078, 0.11301874928176403, 0.1133335754275322, 0.11389167410762686, 0.11381346393715251, 0.11313727850976743, 0.11428477391600608, 0.11319725029170513, 0.11376690429945786, 0.11342039704322815, 0.11398769393563271, 0.11359033187230429, 0.11345587810501456, 0.11301940713416446, 0.11247994750738144, 0.11362145592768987, 0.11306918412446976, 0.11314577567908499, 0.11358228736910327, 0.11207062254349391, 0.11375062209036615, 0.11266789369044765, 0.11320628170613889, 0.11387434881180525, 0.11374428040451473, 0.11479729562997817, 0.11361272550291485, 0.11348063600334254, 0.11380002771814664, 0.11315436686935096, 0.11327124522490935, 0.1135152983168761, 0.11393989001711209, 0.11342630395665765, 0.11377125339848655, 0.11249614506959915, 0.11290681961832977, 0.11291674193408754, 0.1128240735270083, 0.11346544066201085, 0.11339013991148575, 0.11204181777106391, 0.11338232852080289, 0.11304164677858353, 0.11311174883986964, 0.11349378526210785, 0.1138115406036377, 0.11381305430246436, 0.11370245096358386, 0.11358809377998114, 0.11385139581911705, 0.11380817592144013, 0.11334949412516185, 0.1132612044320387, 0.11388353146612644, 0.11335133078197639, 0.11356509718540553, 0.11329882219433784, 0.11404166844758121, 0.11324510201811791, 0.11319536553776782, 0.11367900407797582, 0.11352743655443191, 0.11441941762512381, 0.11326653084584645, 0.11308192368596792, 0.11356401653029025, 0.11336393281817436, 0.11347029238939285, 0.1140391755849123, 0.1130958147920095, 0.11335706617683172, 0.1144816368818283, 0.11236989547808965, 0.11389890685677528, 0.11340403091162443, 0.11268439651890234, 0.11416074972261082, 0.11414966101829822, 0.11371756792068481, 0.11234891725083192, 0.11334225678673157, 0.11372276085118453, 0.1133697435259819, 0.11301775551155994, 0.11415376700460911, 0.1131975489693719, 0.11332098482286229, 0.11355764046311378, 0.11300620685021083, 0.11378613992461137, 0.11349874761487756, 0.11322140649837606, 0.1135813550816642, 0.11375101942282456, 0.11284788833423094, 0.11312628311641289, 0.11427236551588232, 0.113148432970047, 0.11308366908081646, 0.11290901191532612, 0.11319642733125125, 0.11362492938836416, 0.11294340858092675, 0.11446242034435272, 0.11343330964446068, 0.1134106061524815, 0.1140767691227106, 0.11268837087684208, 0.11308651532118137, 0.11420851307255882, 0.11266631833635844, 0.11270495457574725, 0.11340249702334404, 0.11310024484992028, 0.11278110866745313, 0.11321894432369031, 0.11277933791279793, 0.1140616662800312, 0.11411719227379019, 0.11253533225793105, 0.11404860764741898, 0.11317819404986597, 0.11348577815553416, 0.11355623155832291, 0.11320159042423422, 0.11266671493649483, 0.11424806341528893, 0.11474654823541641, 0.11345271517833073, 0.11414459044182743, 0.11390190368348901, 0.11345196489630074, 0.1141249083954355, 0.11344264795382818, 0.11239052132556313, 0.11369049189419582, 0.1133501875129613, 0.11429135153690974, 0.11377895394196877, 0.11234271173414431, 0.11371320535739263, 0.11392542240875107, 0.11428066744254185, 0.11323660984635353, 0.11389140163858731, 0.11374314282184993, 0.11336528778904015, 0.11275049197402867, 0.11315688032370347, 0.1126624012986819, 0.11379272219809619, 0.1138607148419727, 0.11310271584782107, 0.11359200676282247, 0.1135986049969991, 0.11340255402028561, 0.11309582625444119, 0.11283611645922065, 0.11304282132656343, 0.11322423709290368, 0.11352532046536605, 0.11281613260507584, 0.1129489116370678, 0.11393019206383649, 0.11355411895999203, 0.11339401799653258, 0.11428591900545618, 0.11254838459631976, 0.113375507535473, 0.11316968966275454, 0.11295796930789948, 0.1116278287437227, 0.11405902653932572, 0.1138230150467471, 0.11261453839211628, 0.1131664328277111, 0.1130664611563963, 0.11398972001145868, 0.11319562420248985, 0.11341304561266533, 0.11279189367504681, 0.11323564473924966, 0.11432741988788951, 0.11307808384299278, 0.11349682746963068, 0.11290374878914125, 0.1139800480820916, 0.11371158435940742, 0.11410469774688993, 0.11395668312907219, 0.11443716511130334, 0.11384178020737389, 0.11415504887700081, 0.11374714287618796, 0.11336163384839892, 0.11384549163855039, 0.1142273403026841, 0.11323229596018791, 0.11356804209450881, 0.11327803496803557, 0.11327516857315512, 0.11306879734215529, 0.11346196415631668, 0.11399769444357265, 0.11338486224412918, 0.1138720084791598, 0.11341649355987708, 0.11273901425302028, 0.11255510201056798, 0.11339884251356125, 0.1141592338681221, 0.11340643522831109, 0.11351672765509836, 0.11488343626260758, 0.1134666559787897, 0.114267289172858, 0.11313086316773766, 0.1137139285604159, 0.11301418215036392, 0.11393776358593077, 0.11341488659381867, 0.11255021914839744, 0.11371323838829994, 0.11335554718971252, 0.11292679878798398, 0.11363771036267281, 0.1139373796827653, 0.11334155183849913, 0.11310800852683875, 0.11360219822210424, 0.11291863769292831, 0.11267401616681706, 0.11323486898954098, 0.11254333876646481, 0.11348403787071054, 0.1134857875021065, 0.11337303419907888, 0.11332776532931761, 0.11340925961732864, 0.11349198628555644, 0.11334066798812464, 0.1140720727853477, 0.11407265951856971, 0.11328557382027309, 0.11403139505316229, 0.11298886154379163, 0.11336467870407635, 0.11253052602211634, 0.11334909349679947, 0.11407595438261826, 0.11324073214616094, 0.11322176456451416, 0.11353673379529607, 0.11393395472656596, 0.11318487060420654, 0.11275222840217444, 0.11288317026836532, 0.11385288089513779, 0.11346888329301562, 0.11328949124524088, 0.11356230576833089, 0.11298106610774994, 0.1134789464995265, 0.11435227394104004, 0.11375159273544948, 0.11303094526131947, 0.11447420919483359, 0.11393146822229028, 0.11336616848905881, 0.11345580965280533, 0.11336957838605433, 0.11332691212495168, 0.11307779114161219, 0.11232944303437283, 0.11331002577207983, 0.11426847665147348, 0.11449662074446679, 0.11383679314799931, 0.11310698866844177, 0.11403787612087196, 0.11298437735864095, 0.11275098874018742, 0.1138717512289683, 0.11221832511099902, 0.1125179447233677, 0.11278895424170927, 0.1132261701698961, 0.11332116815003943, 0.11241044849157333, 0.11325113688196455, 0.11336465695729622, 0.11377116948366166, 0.11263158040888169, 0.11348337366392738, 0.11406998857855796, 0.11350356356093758, 0.11351089096731609, 0.1135800494812429, 0.11286397668577376, 0.11313463685413201, 0.11317147761583328, 0.11321463577804111, 0.11397989243268966, 0.1140087079256773, 0.11438124491409822, 0.11398374485342126, 0.1125132678584619, 0.11307758403321107, 0.11389919469753901, 0.11403211320822056, 0.11353034140734837, 0.11355462850167833, 0.11322242228521241, 0.11294248782926136, 0.11398381056884925, 0.1136024072766304, 0.1137389995985561, 0.11254330298730306, 0.11430396709372015, 0.11472839638590812, 0.11363327064934899, 0.1137545295059681, 0.11293870257213712, 0.1130382161248814, 0.1134110763669014, 0.11389844952260747, 0.11334110569694768, 0.11398195009678602, 0.11342114768922329, 0.11344725340604782, 0.1146338219443957, 0.11395544558763504, 0.113365978289109, 0.11410874128341675, 0.11412013992667198, 0.11485929500598174, 0.11363835260272026, 0.1136924704680076, 0.11375388440986474, 0.11361286718220938, 0.11339599992099561, 0.11334290319964999, 0.11354706101119519, 0.11428999818033642, 0.11297432093748025, 0.11443431675434113, 0.11335728743246623, 0.11386621970197429, 0.1137297198176384, 0.1126844131698211, 0.11319376002339755, 0.11397807755404049, 0.11369530992074446, 0.11320874550276333, 0.11316666134766169, 0.11321161634155683, 0.11358267366886139], 1: [0.11364033669233323, 0.11431640183383768, 0.1131171453744173, 0.11336258947849273, 0.11360065564513207, 0.11349864361377862, 0.11425861616929373, 0.11285510224600633, 0.11282175448205736, 0.11265262148597023, 0.11315080455758354, 0.11286445199088617, 0.11361718572237912, 0.11420280486345291, 0.11312458710744977, 0.11331797093153, 0.11350960372125402, 0.11326195150613785, 0.11303208991885186, 0.11290748417377472, 0.1137030772291697, 0.11402081471422444, 0.11336758153306113, 0.11404308134859259, 0.1135343640214867, 0.11322514878378974, 0.11302036995237524, 0.11469315513968467, 0.11309483945369721, 0.1137116491085007, 0.11436542975051063, 0.11314609423279762, 0.11300588796536128, 0.11383918076753616, 0.11251921765506268, 0.11326613480394537, 0.11391432476895196, 0.1141964066773653, 0.11409311294555664, 0.11253311964018005, 0.11407858362564674, 0.11543845219744577, 0.11346532255411149, 0.11303027272224427, 0.11317788543445724, 0.11291242738564809, 0.11230064996264198, 0.11318240240216255, 0.11298902468247847, 0.11386633850634098, 0.11346847699447112, 0.1140398879845937, 0.11403392255306244, 0.11227825946278042, 0.11270456314086914, 0.11336115980520844, 0.11309873685240746, 0.11342863467606631, 0.11334730088710784, 0.11329793228822596, 0.11374418265544452, 0.11426056108691475, 0.11350132483575079, 0.11315452646125447, 0.11354945600032806, 0.11294646087017926, 0.1129071990197355, 0.11293397098779678, 0.11446468594173591, 0.11262289869288604, 0.11315137892961502, 0.1131956965515488, 0.11314929574728012, 0.11337028220295906, 0.11340643977746367, 0.11371477544307709, 0.11302813345735724, 0.11384586658742693, 0.11256135526028546, 0.1130058274914821, 0.11263249648941888, 0.11396507689586052, 0.11438307796533291, 0.11320630460977554, 0.11414671341578166, 0.11411265035470326, 0.11248472265221855, 0.11231839714141992, 0.11257695704698563, 0.1134020431110492, 0.11329220751157174, 0.11373213989039262, 0.11382133720649613, 0.1131980965534846, 0.11318410187959671, 0.11398466303944588, 0.11376176128784815, 0.11330198446909587, 0.11325167458165776, 0.11305284450451533, 0.11234483543945395, 0.11469201073050499, 0.11271057199490697, 0.11332044843584299, 0.11305148831822655, 0.11417642371221022, 0.11376656393210093, 0.1133523628115654, 0.11294505074620247, 0.11381589397788047, 0.11350351522366206, 0.11278622422148199, 0.11489162865010175, 0.11367304424444834, 0.11296255514025688, 0.1131577380001545, 0.11263680728999051, 0.1135355615440537, 0.11419993225071165, 0.11346134626203114, 0.11198545644680659, 0.11458876207470894, 0.11282458359544928, 0.1141792105940672, 0.11468547635844775, 0.1131244070827961, 0.11340925165198067, 0.11463439986109733, 0.11326881110668183, 0.11417913734912873, 0.11362483501434326, 0.11466032928890652, 0.1126980914009942, 0.11368378652976109, 0.11360924877226353, 0.11341145122423768, 0.11284229159355164, 0.11392842382192611, 0.11299602971190498, 0.11390158705986463, 0.11377712000500072, 0.11436498680940041, 0.11362085491418839, 0.11435189563781023, 0.11305581846020439, 0.11318754519407566, 0.11451074413277885, 0.11400438410540421, 0.11197395457161798, 0.11395008649144854, 0.11319359987974167, 0.1129485581602369, 0.11349785802039233, 0.11385492016287412, 0.11246769949793815, 0.11325363420388278, 0.11227731108665466, 0.11327664215456355, 0.11420660763978958, 0.1141722179376162, 0.1131673115823004, 0.11310261405176586, 0.11269831976720265, 0.11266307979822159, 0.11216511246230867, 0.11409481912851334, 0.11257622923169817, 0.11336396634578705, 0.11413175341757861, 0.11310813995078206, 0.11382196405354668, 0.1129709579050541, 0.11305051649871625, 0.11325230449438095, 0.11366758156906474, 0.11362239941954613, 0.11327118799090385, 0.11355891136022714, 0.1126890910022399, 0.11390289664268494, 0.11406458738972158, 0.11338276829984453, 0.11292948424816132, 0.11380950030353335, 0.11404969617724418, 0.11364303529262543, 0.11371539397673174, 0.11363232705522985, 0.11273194899161657, 0.11260267888957803, 0.11297879368066788, 0.11334936651918623, 0.11400020736105301, 0.11265513549248378, 0.11201313800281948, 0.11371126547455787, 0.11398159029583137, 0.11351351846348155, 0.11409474909305573, 0.1127431531037603, 0.11342572128134114, 0.11441143974661827, 0.11293462167183559, 0.11305250362916426, 0.11366506814956664, 0.11250837817788124, 0.11272214082154361, 0.11417804445539202, 0.1145352463830601, 0.11293543468822133, 0.11380442518454331, 0.11334953308105469, 0.11218619421124458, 0.1124005979961819, 0.11192344931455758, 0.11325361850586804, 0.11424591839313507, 0.11326569521969015, 0.11322235092520713, 0.11453501401203019, 0.11318559059873223, 0.11326738943656285, 0.11348407573643185, 0.11402406543493271, 0.11352365635908566, 0.11278568580746651, 0.11313281655311584, 0.11338353902101517, 0.11252955347299576, 0.11274215240370143, 0.11351411201451954, 0.11356978508688155, 0.11286136818428834, 0.11427059837362984, 0.11330283094536174, 0.11329162766536077, 0.11346972120158813, 0.11363720013336702, 0.11302337222374402, 0.11262507059357384, 0.11364252349505058, 0.11343809838096301, 0.1130009177658293, 0.11427495876948039, 0.11410189366766385, 0.11410072378136894, 0.11281353384256362, 0.11418024748563767, 0.11388196133904988, 0.11409665644168854, 0.11360915343869817, 0.11338114344021853, 0.11254448629915714, 0.11275316987718854, 0.11329748210581866, 0.1145102858543396, 0.11360831232741475, 0.11298690329898488, 0.11387882257501285, 0.1130840964615345, 0.11388936925392884, 0.11310415267944336, 0.113136987388134, 0.11330897195471658, 0.11249016076326371, 0.11485539783130992, 0.11331262236291711, 0.11305706378291636, 0.11372046440839767, 0.11328907012939453, 0.11304032057523727, 0.1129790384035844, 0.1134609119458632, 0.11224805678312595, 0.11273162513971328, 0.1148328690065278, 0.11384459336598714, 0.11329297638601726, 0.11182735363642375, 0.11335249576303694, 0.11340888628834173, 0.11295265182852746, 0.11334996297955513, 0.11336810374632478, 0.1136350235901773, 0.11351349949836731, 0.11326827853918076, 0.1138337466865778, 0.11343234383008059, 0.1138815643156276, 0.11408112783517156, 0.11376657038927078, 0.11267244070768356, 0.11274555996060372, 0.11366121051833034, 0.11365896551048055, 0.11294202243580538, 0.11276253114144007, 0.11486264318227768, 0.1135149635374546, 0.11394958943128586, 0.11335846249546323, 0.11305514723062515, 0.11292068213224411, 0.1141391388244099, 0.11381413959539853, 0.11365281790494919, 0.11353783173994585, 0.11449690610170364, 0.11443467438220978, 0.1142908662557602, 0.11377776563167571, 0.11402341872453689, 0.11362686243496443, 0.11368349691232045, 0.11413562501018698, 0.11279054399993685, 0.11369863823056221, 0.11356493257559262, 0.11354563105851412, 0.1136668814967076, 0.1138436533510685, 0.11356902814337186, 0.11344627765091983, 0.11318667347614582, 0.11406833678483963, 0.11367721358935039, 0.11403943395072763, 0.11387049406766891, 0.11377553980458867, 0.11466478059689204, 0.11327522496382396, 0.11331785693764687, 0.11340020472804706, 0.11357707765541579, 0.1149949027846257, 0.11590764061971144, 0.11366611793637275, 0.1129221610724926, 0.11263975004355113, 0.11283767446875573, 0.11457208611748436, 0.11295242472128435, 0.11336929102738698, 0.11377746611833572, 0.11455298616335942, 0.11331080702634957, 0.11380132819925036, 0.1130140632390976, 0.11339901997284456, 0.11350143514573574, 0.11276911681189257, 0.11312306722005208, 0.1138642922691677, 0.11381167247891426, 0.11198700219392776, 0.11309063360095024, 0.1144969865679741, 0.11302255036739203, 0.11358970006306966, 0.11364441199435128, 0.11392722378174464, 0.11404094891622663, 0.11374460988574558, 0.11299340901049701, 0.11239638924598694, 0.11291612138350805, 0.11342216053834328, 0.11333341311131205, 0.11312635039741342, 0.11459363251924515, 0.11347195133566856, 0.11285556107759476, 0.11292719542980194, 0.1142243438146331, 0.11417685990983789, 0.11351755696038406, 0.113707263309222, 0.11298262178897858, 0.11329844526269219, 0.1130840261777242, 0.11280892491340637, 0.11381999775767326, 0.11307224552882345, 0.1132958573954446, 0.11322108723900536, 0.11326033147898587, 0.11296011200722526, 0.11342784948647022, 0.112450921191619, 0.1136951819062233, 0.1137996566566554, 0.11345929466187954, 0.11353911720216274, 0.11241832481963294, 0.11269449729185838, 0.113440179689364, 0.11314304297169049, 0.11324663013219834, 0.11407959461212158, 0.1125266018968362, 0.11450244085146831, 0.11440796628594399, 0.11308334271113078, 0.11374867260456085, 0.113724118241897, 0.11368912661617453, 0.11360490942994754, 0.11362799940009911, 0.11282073878324948, 0.11386769711971283, 0.11337866634130478, 0.11401225152340802, 0.114153303951025, 0.11304696310650218, 0.11279154772108252, 0.11388771189376712, 0.11249747164547444, 0.11355604502287778, 0.11425545467780186, 0.11356911482289433, 0.11322519348727332, 0.11401911576588948, 0.11426489712560878, 0.11339948400855064, 0.11267560124397277, 0.11394280545851763, 0.11380540331204732, 0.11318773403763771, 0.11389308685765547, 0.11433238536119461, 0.11298601197845795, 0.11270497490962346, 0.1132298048053469, 0.11303593441843987, 0.1131532703836759, 0.1125679686665535, 0.11369337936242421, 0.11317484453320503, 0.113675424685845, 0.11375107272313191, 0.111923410133882, 0.11403754726052284, 0.11345399327968296, 0.11225667471687, 0.11321325944020198, 0.11368988528847694, 0.11212956284483273, 0.11382605880498886, 0.11369369278351465, 0.11248160526156425, 0.1142274022102356, 0.11365656554698944, 0.11245251115825441, 0.11413957625627517, 0.1139762093397704, 0.11204776506532323, 0.11301758924597188, 0.11436295062303543, 0.11384495124220848, 0.11385435881939801, 0.11344299341241519, 0.11305568604306741, 0.11470863087610765, 0.11349270790815354, 0.11288019138223984, 0.11322211986407638, 0.11361521685665305, 0.11333860146502654, 0.11370836074153583, 0.11211748868227005, 0.11316424757242202, 0.11349536879704548, 0.11257605701684952, 0.11435472162870261, 0.11360927065834403, 0.114133640059403, 0.1130737536831906, 0.11318402205194746, 0.1132563849290212, 0.11333149299025536, 0.1130153422172253, 0.11233047644297282, 0.11349593217556293, 0.11307076985637347, 0.11286996304988861, 0.11389003897255118, 0.11288074851036071, 0.11345423184908353, 0.11417384362883037, 0.1135190340379874, 0.11357178663214047, 0.1134831883451518, 0.11379421095956456, 0.11419171627078738, 0.11376769681062017, 0.11277811093763872, 0.11259458512067795, 0.11377994669601321, 0.11341791947682699, 0.11392649946113427, 0.11332951250829194, 0.11320444775952233, 0.11267019808292389, 0.11265075299888849, 0.11324137863185671, 0.11267475512894717, 0.11328719847876093, 0.11225396543741226, 0.11319103526572387, 0.11414485859374206, 0.1127992318226741, 0.1131451390683651, 0.11408507451415062, 0.11295647770166398, 0.11294637552716515, 0.11323471711232112, 0.1134222388267517, 0.11480797454714775, 0.11326647847890854, 0.11291305869817733, 0.11347393175730339, 0.11290626749396324, 0.11264779108266036, 0.11441804220279057, 0.1125221395244201, 0.11398523842746561, 0.11305243521928787, 0.1130130123347044, 0.11243732739239931, 0.11271548345685005, 0.11326201379299164, 0.11250767725355484, 0.11412964287129315, 0.11389229853044856, 0.11272337660193443, 0.11415631897174396, 0.11293834373354912, 0.11368967158099015, 0.1127309116224448, 0.11322615328042404, 0.11430429170529048, 0.11323007841904958, 0.1123059128339474, 0.11279994597037633, 0.11314032429998572, 0.11292111235005516, 0.11398984424092552, 0.11264812275767326, 0.11375723951137982, 0.11402969509363174, 0.11344882100820541, 0.11367738111452623, 0.11289635992475919, 0.11305075071074745, 0.11299257299729756, 0.11340280622243881, 0.11403279616074129, 0.11370804831385613, 0.11303908058575221, 0.11348523741418665, 0.11453982036222111, 0.11226127892732621, 0.11446963569947652, 0.11297323852777481, 0.11371880248188973, 0.11326180770993233, 0.1145401518791914, 0.11335894199354309, 0.11331426054239273, 0.11455804109573364, 0.1132203455675732, 0.11322293518220677, 0.11327986717224121, 0.11308353096246719, 0.11355973833373614, 0.11349265006455508, 0.11354802655322212, 0.11221362339953582, 0.11347921734506433, 0.11256046879750031, 0.11370310518476698, 0.11317919318874677, 0.11340743995138577, 0.11359661196668942, 0.11281246082349257, 0.11443376381482397, 0.11328400618263654, 0.11341779381036758, 0.11282647798458735, 0.11309670250524174, 0.11339431256055832, 0.11417911284499699, 0.11316500753164291, 0.11390402987599373, 0.11341755986213684, 0.11357194185256958, 0.11321934828391442, 0.11270902554194133, 0.11388925782271794, 0.11245550587773323, 0.11332274079322815, 0.11376389314730963, 0.11301833448501733, 0.11297205686569214, 0.11435287222266197, 0.11305522715503519, 0.11251708052375099, 0.11298714997246861, 0.113559390604496, 0.11352028525792636, 0.11252447082237764, 0.11334589123725891, 0.1133361654356122, 0.11391382883576785, 0.11374456774104726, 0.11484465461510879, 0.11381449103355408, 0.11421955309130928, 0.11396139115095139, 0.11402303539216518, 0.1144692158469787, 0.11209030735951203, 0.11426081260045369, 0.11305022931524686, 0.11422180384397507, 0.11439665704965592, 0.11304514557123184, 0.11396983557421228, 0.11324580758810043, 0.11413232695597869, 0.11204324848949909, 0.11200376823544503, 0.11328070881691846, 0.11287663877010345, 0.11368985039492448, 0.11415949910879135, 0.11317990637487835, 0.11364675042304126, 0.11377818220191532, 0.11336138006299734, 0.1137429525454839, 0.11279355874285102, 0.11348276150723298, 0.11317066716797211, 0.11352621577680111, 0.11475017964839936, 0.11307950791987506, 0.11277160530581194, 0.11415442824363708, 0.11386996880173683, 0.11378961289301515, 0.1152308575809002, 0.11423886296423999, 0.11401919681917537, 0.11269919980656017, 0.11358924210071564, 0.11294881931760094, 0.11364865526556969, 0.114380420608954, 0.11353967977421624, 0.11344782127575441, 0.11331993926848684, 0.11330027754108112, 0.11394092305140062, 0.11309634604387814, 0.11371130957489922, 0.11413735076785088, 0.11312612456580003, 0.11253207251429558, 0.11315809393470938, 0.11363829920689265, 0.11321837372250027, 0.1137221943248402, 0.11369163890679677, 0.11303557726469907, 0.11409675392011802, 0.11213774308562278, 0.11445807394656268, 0.11387499421834946, 0.11467828204234441, 0.11381746198122318, 0.11268431767821312, 0.11287851292978633, 0.11284887852768104, 0.11263448819518089, 0.11307587208492416, 0.11346375793218613, 0.11313650171671595, 0.11325902119278908, 0.11349584969381492, 0.11362378382020527, 0.11303416965529323, 0.1142977774143219, 0.11394979730248452, 0.1135262433778156, 0.11440062820911408, 0.11378840431571006, 0.11256089762729757, 0.11358283637535005, 0.11397549510002136, 0.11286562478000467, 0.11266903430223466, 0.11363428235054016, 0.1138242041071256, 0.11328684231814216, 0.11359697952866554, 0.11348308473825455, 0.11238533326170662, 0.11175780221819878, 0.11349260620772839, 0.11299224433146025, 0.11353049501776695, 0.11240072229078837, 0.11429421603679657, 0.11144562661647797, 0.11379198295374711, 0.11299110474911603, 0.11324406266212464, 0.11342404410243034, 0.11334890276193618, 0.11301621049642563, 0.11300572007894516, 0.11509810586770376, 0.11318027898669243, 0.11308278847071859, 0.11388193898730808, 0.11437536858850056, 0.11280868333928726, 0.1137225994696984, 0.11355777159333229, 0.1134989133477211, 0.11372058383292621, 0.11290124746469352, 0.11333580953734261, 0.11269038766622544, 0.11353812832385302, 0.11401515024212691, 0.11319912659625213, 0.11326461285352707, 0.11277478188276291, 0.11382364295423031, 0.11427050964398817, 0.11329488914746505, 0.1121258221566677, 0.11483065648512407, 0.11265025867356195, 0.11307252844174703, 0.11300573994716008, 0.11212521605193615, 0.11265090455611547, 0.11197682334618135, 0.11297008869322864, 0.11260850514684405, 0.1140725768425248, 0.1134037354754077, 0.11394641473889351, 0.1125591593709859, 0.1133070632815361, 0.11347181399663289, 0.11316235285056264, 0.11433207194010417, 0.11318955570459366, 0.11295702556769054, 0.11318276636302471, 0.11429773705701034, 0.11408045664429664, 0.11408120766282082, 0.11502142325043678, 0.11350730955600738, 0.11329250348110993, 0.11396376464677893, 0.11292308230291713, 0.11296786900077548, 0.11366300367646748, 0.11330582511921723, 0.11252880158523719, 0.11224316331473264, 0.11332865412298002, 0.11369921527802944, 0.11250892654061317, 0.11373120343143289, 0.11324009976603767, 0.11337229361136754, 0.11270648390054702, 0.11377291195094585, 0.11388274683402135, 0.11242399215698243, 0.11274777129292488, 0.11422153934836388, 0.11308645680546761, 0.11345220108826955, 0.11310748259226482, 0.11275534172143255, 0.11341160014271737, 0.11290883113230978, 0.11266011394122068, 0.1135997915497193, 0.11347890916195782, 0.1126190268745025, 0.11275430023670197, 0.11282242685556412, 0.11296343902746836, 0.11338847354054452, 0.11433936059474945, 0.11364671736955642, 0.11326880414377559, 0.11274335607886314, 0.11327758679787318, 0.11302984630068143, 0.11375215587516625, 0.11389212359984716, 0.1123255304992199, 0.11340257864106786, 0.11279744133353234, 0.11433939221832487, 0.11319713995737188, 0.11321582769354184, 0.1124698281288147, 0.11327980853178922, 0.11357754386133617, 0.11376740783452988, 0.11339869275689125, 0.1129970331158903, 0.11227946322072636, 0.11343906730413438, 0.11217272033294041, 0.1135555613372061, 0.11327708186581731, 0.11454759308925042, 0.1128181096385507, 0.11447019502520561, 0.11357739120721817, 0.1120950661599636, 0.11258065168346677, 0.11257696822285652, 0.11333752762187611, 0.11316836029291152, 0.1133711848121423, 0.11371680017974642, 0.11385803398760883, 0.11267258723576863, 0.1129782885313034, 0.11276717707514763, 0.11349530721252615, 0.1137396365404129, 0.11207986176013947, 0.11346878856420517, 0.11332954127680171, 0.11305900324474681, 0.11253166771852054, 0.11336300646265347, 0.11337083246972826, 0.11419446455935638, 0.11326433469851811, 0.11272421953353015, 0.11341549158096313, 0.11361529305577278, 0.11260174885392189, 0.11393500417470932, 0.11324842274188995, 0.11372792348265648, 0.11278411224484444, 0.11453033170916817, 0.11299970459479552, 0.1135804836045612, 0.11330177411437034, 0.11301085948944092, 0.11344672292470932, 0.11388294845819473, 0.11368824044863383, 0.11223484426736832, 0.11353140970071157, 0.11294734552502632, 0.11450372710824012, 0.11373761519789696, 0.11444014890326394, 0.11316506937146187, 0.11363658308982849, 0.1146739971908656, 0.11383751928806304, 0.11418092732920367, 0.11376933194696903, 0.11363703086972236, 0.11385617608373816, 0.11235423386096954, 0.11282977242680158, 0.11328055446638781, 0.11206586997617375, 0.11391590949561861, 0.1131869601932439, 0.11362602065006892, 0.11326810055308872, 0.11428840756416321, 0.11328536421060562, 0.11234229377337865, 0.11397018407781918, 0.11364114806056022, 0.11227855405637197, 0.11381003012259801, 0.11337995185301854, 0.1134234539100102, 0.11248633563518524, 0.11311930933823952, 0.11425114572048187, 0.11338936308255562, 0.11345178740365165, 0.11314137333205768, 0.11380177895937647, 0.11296594813466072, 0.11297699923698719, 0.11351471910109887, 0.11314089906712373, 0.11382582841011193, 0.11312986724078655, 0.11232301518321038, 0.1133175032834212, 0.11326105283065276, 0.11381093487143516, 0.11297881677746772, 0.11328955333341252, 0.11340582966804505, 0.11427664384245872, 0.11263431534171105, 0.11340596340596676, 0.11397810280323029, 0.11249478480645589, 0.1127498596906662, 0.1136639653281732, 0.11369798048621133, 0.11473359167575836, 0.11271822825074196, 0.11302905795829636, 0.11365834971268972, 0.11367414688522165, 0.11227992109277031, 0.11332539681877409, 0.11363905668258667, 0.11396926939487458, 0.11387260796295272, 0.11279182732105256, 0.11365017091686075, 0.11339427592853706, 0.11317640068856152, 0.11354096233844757, 0.11268351358525894, 0.11287019330830801, 0.11372149309941701, 0.11286711916327477, 0.11281386845641667, 0.11390665844082833, 0.11373214945197105, 0.11249375268816948, 0.11306264847517014, 0.11361483546594779, 0.11350057859505926, 0.11305897086858749, 0.11382894590497017, 0.11335263438522816, 0.11397667286487725, 0.11262262053787708, 0.11359511315822601, 0.1144989397038113, 0.1147075722614924, 0.11338640004396439, 0.11389191245490854, 0.1136101254008033, 0.1123151724988764, 0.1128781299505915, 0.11429378999905153, 0.114419800894601, 0.1128909434709284, 0.11271384587654701, 0.11364087868820537, 0.11358438604153119, 0.11516116694970564, 0.11282774287721385, 0.11216401173309846, 0.11298721486871893, 0.11360074540502146, 0.1138245788487521, 0.11271313510157845, 0.11440882086753845, 0.11346999481320381, 0.11451403672496478, 0.11407265874246757, 0.11227017566561699, 0.11300386985143025, 0.11303730038079349, 0.11443657490114371, 0.11325551383197308, 0.11290450982357327, 0.11270595075828689, 0.11399942057000266, 0.11387648060917854, 0.11314098226527373, 0.11230869591236115, 0.11360301234220203, 0.11345265273536954]}