('OC-FakeDect1 (Trained on AVG Dataset)  \nTested on RND Face2Face Dataset  \nRunning Average Evaluation', 'OC-FakeDect1_AVG', 'AVG', 'OC-FakeDect1_AVG_raeonF2Frnd')
auroc=0.5040238448977308
f1=0.4634692962796952
prec=0.41930251419302517
recall=0.5180360721442886

fpr=[0.0, 0.5180360721442886, 1.0]

tpr=[0.0, 0.5260837619397501, 1.0]

y_true=[0, 0, 0, 0, 0, 0, 0, 0, 0, 0, 0, 0, 0, 0, 0, 0, 0, 0, 0, 0, 0, 0, 0, 0, 0, 0, 0, 0, 0, 0, 0, 0, 0, 0, 0, 0, 0, 0, 0, 0, 0, 0, 0, 0, 0, 0, 0, 0, 0, 0, 0, 0, 0, 0, 0, 0, 0, 0, 0, 0, 0, 0, 0, 0, 0, 0, 0, 0, 0, 0, 0, 0, 0, 0, 0, 0, 0, 0, 0, 0, 0, 0, 0, 0, 0, 0, 0, 0, 0, 0, 0, 0, 0, 0, 0, 0, 0, 0, 0, 0, 0, 0, 0, 0, 0, 0, 0, 0, 0, 0, 0, 0, 0, 0, 0, 0, 0, 0, 0, 0, 0, 0, 0, 0, 0, 0, 0, 0, 0, 0, 0, 0, 0, 0, 0, 0, 0, 0, 0, 0, 0, 0, 0, 0, 0, 0, 0, 0, 0, 0, 0, 0, 0, 0, 0, 0, 0, 0, 0, 0, 0, 0, 0, 0, 0, 0, 0, 0, 0, 0, 0, 0, 0, 0, 0, 0, 0, 0, 0, 0, 0, 0, 0, 0, 0, 0, 0, 0, 0, 0, 0, 0, 0, 0, 0, 0, 0, 0, 0, 0, 0, 0, 0, 0, 0, 0, 0, 0, 0, 0, 0, 0, 0, 0, 0, 0, 0, 0, 0, 0, 0, 0, 0, 0, 0, 0, 0, 0, 0, 0, 0, 0, 0, 0, 0, 0, 0, 0, 0, 0, 0, 0, 0, 0, 0, 0, 0, 0, 0, 0, 0, 0, 0, 0, 0, 0, 0, 0, 0, 0, 0, 0, 0, 0, 0, 0, 0, 0, 0, 0, 0, 0, 0, 0, 0, 0, 0, 0, 0, 0, 0, 0, 0, 0, 0, 0, 0, 0, 0, 0, 0, 0, 0, 0, 0, 0, 0, 0, 0, 0, 0, 0, 0, 0, 0, 0, 0, 0, 0, 0, 0, 0, 0, 0, 0, 0, 0, 0, 0, 0, 0, 0, 0, 0, 0, 0, 0, 0, 0, 0, 0, 0, 0, 0, 0, 0, 0, 0, 0, 0, 0, 0, 0, 0, 0, 0, 0, 0, 0, 0, 0, 0, 0, 0, 0, 0, 0, 0, 0, 0, 0, 0, 0, 0, 0, 0, 0, 0, 0, 0, 0, 0, 0, 0, 0, 0, 0, 0, 0, 0, 0, 0, 0, 0, 0, 0, 0, 0, 0, 0, 0, 0, 0, 0, 0, 0, 0, 0, 0, 0, 0, 0, 0, 0, 0, 0, 0, 0, 0, 0, 0, 0, 0, 0, 0, 0, 0, 0, 0, 0, 0, 0, 0, 0, 0, 0, 0, 0, 0, 0, 0, 0, 0, 0, 0, 0, 0, 0, 0, 0, 0, 0, 0, 0, 0, 0, 0, 0, 0, 0, 0, 0, 0, 0, 0, 0, 0, 0, 0, 0, 0, 0, 0, 0, 0, 0, 0, 0, 0, 0, 0, 0, 0, 0, 0, 0, 0, 0, 0, 0, 0, 0, 0, 0, 0, 0, 0, 0, 0, 0, 0, 0, 0, 0, 0, 0, 0, 0, 0, 0, 0, 0, 0, 0, 0, 0, 0, 0, 0, 0, 0, 0, 0, 0, 0, 0, 0, 0, 0, 0, 0, 0, 0, 0, 0, 0, 0, 0, 0, 0, 0, 0, 0, 0, 0, 0, 0, 0, 0, 0, 0, 0, 0, 0, 0, 0, 0, 0, 0, 0, 0, 0, 0, 0, 0, 0, 0, 0, 0, 0, 0, 0, 0, 0, 0, 0, 0, 0, 0, 0, 0, 0, 0, 0, 0, 0, 0, 0, 0, 0, 0, 0, 0, 0, 0, 0, 0, 0, 0, 0, 0, 0, 0, 0, 0, 0, 0, 0, 0, 0, 0, 0, 0, 0, 0, 0, 0, 0, 0, 0, 0, 0, 0, 0, 0, 0, 0, 0, 0, 0, 0, 0, 0, 0, 0, 0, 0, 0, 0, 0, 0, 0, 0, 0, 0, 0, 0, 0, 0, 0, 0, 0, 0, 0, 0, 0, 0, 0, 0, 0, 0, 0, 0, 0, 0, 0, 0, 0, 0, 0, 0, 0, 0, 0, 0, 0, 0, 0, 0, 0, 0, 0, 0, 0, 0, 0, 0, 0, 0, 0, 0, 0, 0, 0, 0, 0, 0, 0, 0, 0, 0, 0, 0, 0, 0, 0, 0, 0, 0, 0, 0, 0, 0, 0, 0, 0, 0, 0, 0, 0, 0, 0, 0, 0, 0, 0, 0, 0, 0, 0, 0, 0, 0, 0, 0, 0, 0, 0, 0, 0, 0, 0, 0, 0, 0, 0, 0, 0, 0, 0, 0, 0, 0, 0, 0, 0, 0, 0, 0, 0, 0, 0, 0, 0, 0, 0, 0, 0, 0, 0, 0, 0, 0, 0, 0, 0, 0, 0, 0, 0, 0, 0, 0, 0, 0, 0, 0, 0, 0, 0, 0, 0, 0, 0, 0, 0, 0, 0, 0, 0, 0, 0, 0, 0, 0, 0, 0, 0, 0, 0, 0, 0, 0, 0, 0, 0, 0, 0, 0, 0, 0, 0, 0, 0, 0, 0, 0, 0, 0, 0, 0, 0, 0, 0, 0, 0, 0, 0, 0, 0, 0, 0, 0, 0, 0, 0, 0, 0, 0, 0, 0, 0, 0, 0, 0, 0, 0, 0, 0, 0, 0, 0, 0, 0, 0, 0, 0, 0, 0, 0, 0, 0, 0, 0, 0, 0, 0, 0, 0, 0, 0, 0, 0, 0, 0, 0, 0, 0, 0, 0, 0, 0, 0, 0, 0, 0, 0, 0, 0, 0, 0, 0, 0, 0, 0, 0, 0, 0, 0, 0, 0, 0, 0, 0, 0, 0, 0, 0, 0, 0, 0, 0, 0, 0, 0, 0, 0, 0, 0, 0, 0, 0, 0, 0, 0, 0, 0, 0, 0, 0, 0, 0, 0, 0, 0, 0, 0, 0, 0, 0, 0, 0, 0, 0, 0, 0, 0, 0, 0, 0, 0, 0, 0, 0, 0, 0, 0, 0, 0, 0, 0, 0, 0, 0, 0, 0, 0, 0, 0, 0, 0, 0, 0, 0, 0, 0, 0, 0, 0, 0, 0, 0, 0, 0, 0, 0, 0, 0, 0, 0, 0, 0, 0, 0, 0, 0, 0, 0, 0, 0, 0, 0, 0, 0, 0, 0, 0, 0, 0, 0, 0, 0, 0, 0, 0, 0, 0, 0, 0, 0, 0, 0, 0, 0, 0, 0, 0, 0, 0, 0, 0, 0, 0, 0, 0, 0, 0, 0, 0, 0, 0, 0, 0, 0, 0, 0, 0, 0, 0, 0, 0, 0, 0, 0, 0, 0, 0, 0, 0, 0, 0, 0, 0, 0, 0, 0, 0, 0, 0, 0, 0, 0, 0, 0, 0, 0, 0, 0, 0, 0, 0, 0, 0, 0, 0, 0, 0, 0, 0, 0, 0, 0, 0, 0, 0, 0, 0, 0, 0, 0, 0, 0, 0, 0, 0, 0, 0, 0, 0, 0, 0, 0, 0, 0, 0, 0, 0, 0, 0, 0, 0, 0, 0, 0, 0, 0, 0, 0, 0, 0, 0, 0, 0, 0, 0, 0, 0, 0, 0, 0, 0, 0, 0, 0, 0, 0, 0, 0, 0, 0, 0, 0, 0, 0, 0, 0, 0, 0, 0, 0, 0, 0, 0, 0, 0, 0, 0, 0, 0, 0, 0, 0, 0, 0, 0, 0, 0, 0, 0, 0, 0, 0, 0, 0, 0, 0, 0, 0, 0, 0, 0, 0, 0, 0, 0, 0, 0, 0, 0, 0, 0, 0, 0, 0, 0, 0, 0, 0, 0, 0, 0, 0, 0, 0, 0, 0, 0, 0, 0, 0, 0, 0, 0, 0, 0, 0, 0, 0, 0, 0, 0, 0, 0, 0, 0, 0, 0, 0, 0, 0, 0, 0, 0, 0, 0, 0, 0, 0, 0, 0, 0, 0, 0, 0, 0, 0, 0, 0, 0, 0, 0, 0, 0, 0, 0, 0, 0, 0, 0, 0, 0, 0, 0, 0, 0, 0, 0, 0, 0, 0, 0, 0, 0, 0, 0, 0, 0, 0, 0, 0, 0, 0, 0, 0, 0, 0, 0, 0, 0, 0, 0, 0, 0, 0, 0, 0, 0, 0, 0, 0, 0, 0, 0, 0, 0, 0, 0, 0, 0, 0, 0, 0, 0, 0, 0, 0, 0, 0, 0, 0, 0, 0, 0, 0, 0, 0, 0, 0, 0, 0, 0, 0, 0, 0, 0, 0, 0, 0, 0, 0, 0, 0, 0, 0, 0, 0, 0, 0, 0, 0, 0, 1, 1, 1, 1, 1, 1, 1, 1, 1, 1, 1, 1, 1, 1, 1, 1, 1, 1, 1, 1, 1, 1, 1, 1, 1, 1, 1, 1, 1, 1, 1, 1, 1, 1, 1, 1, 1, 1, 1, 1, 1, 1, 1, 1, 1, 1, 1, 1, 1, 1, 1, 1, 1, 1, 1, 1, 1, 1, 1, 1, 1, 1, 1, 1, 1, 1, 1, 1, 1, 1, 1, 1, 1, 1, 1, 1, 1, 1, 1, 1, 1, 1, 1, 1, 1, 1, 1, 1, 1, 1, 1, 1, 1, 1, 1, 1, 1, 1, 1, 1, 1, 1, 1, 1, 1, 1, 1, 1, 1, 1, 1, 1, 1, 1, 1, 1, 1, 1, 1, 1, 1, 1, 1, 1, 1, 1, 1, 1, 1, 1, 1, 1, 1, 1, 1, 1, 1, 1, 1, 1, 1, 1, 1, 1, 1, 1, 1, 1, 1, 1, 1, 1, 1, 1, 1, 1, 1, 1, 1, 1, 1, 1, 1, 1, 1, 1, 1, 1, 1, 1, 1, 1, 1, 1, 1, 1, 1, 1, 1, 1, 1, 1, 1, 1, 1, 1, 1, 1, 1, 1, 1, 1, 1, 1, 1, 1, 1, 1, 1, 1, 1, 1, 1, 1, 1, 1, 1, 1, 1, 1, 1, 1, 1, 1, 1, 1, 1, 1, 1, 1, 1, 1, 1, 1, 1, 1, 1, 1, 1, 1, 1, 1, 1, 1, 1, 1, 1, 1, 1, 1, 1, 1, 1, 1, 1, 1, 1, 1, 1, 1, 1, 1, 1, 1, 1, 1, 1, 1, 1, 1, 1, 1, 1, 1, 1, 1, 1, 1, 1, 1, 1, 1, 1, 1, 1, 1, 1, 1, 1, 1, 1, 1, 1, 1, 1, 1, 1, 1, 1, 1, 1, 1, 1, 1, 1, 1, 1, 1, 1, 1, 1, 1, 1, 1, 1, 1, 1, 1, 1, 1, 1, 1, 1, 1, 1, 1, 1, 1, 1, 1, 1, 1, 1, 1, 1, 1, 1, 1, 1, 1, 1, 1, 1, 1, 1, 1, 1, 1, 1, 1, 1, 1, 1, 1, 1, 1, 1, 1, 1, 1, 1, 1, 1, 1, 1, 1, 1, 1, 1, 1, 1, 1, 1, 1, 1, 1, 1, 1, 1, 1, 1, 1, 1, 1, 1, 1, 1, 1, 1, 1, 1, 1, 1, 1, 1, 1, 1, 1, 1, 1, 1, 1, 1, 1, 1, 1, 1, 1, 1, 1, 1, 1, 1, 1, 1, 1, 1, 1, 1, 1, 1, 1, 1, 1, 1, 1, 1, 1, 1, 1, 1, 1, 1, 1, 1, 1, 1, 1, 1, 1, 1, 1, 1, 1, 1, 1, 1, 1, 1, 1, 1, 1, 1, 1, 1, 1, 1, 1, 1, 1, 1, 1, 1, 1, 1, 1, 1, 1, 1, 1, 1, 1, 1, 1, 1, 1, 1, 1, 1, 1, 1, 1, 1, 1, 1, 1, 1, 1, 1, 1, 1, 1, 1, 1, 1, 1, 1, 1, 1, 1, 1, 1, 1, 1, 1, 1, 1, 1, 1, 1, 1, 1, 1, 1, 1, 1, 1, 1, 1, 1, 1, 1, 1, 1, 1, 1, 1, 1, 1, 1, 1, 1, 1, 1, 1, 1, 1, 1, 1, 1, 1, 1, 1, 1, 1, 1, 1, 1, 1, 1, 1, 1, 1, 1, 1, 1, 1, 1, 1, 1, 1, 1, 1, 1, 1, 1, 1, 1, 1, 1, 1, 1, 1, 1, 1, 1, 1, 1, 1, 1, 1, 1, 1, 1, 1, 1, 1, 1, 1, 1, 1, 1, 1, 1, 1, 1, 1, 1, 1, 1, 1, 1, 1, 1, 1, 1, 1, 1, 1, 1, 1, 1, 1, 1, 1, 1, 1, 1, 1, 1, 1, 1, 1, 1, 1, 1, 1, 1, 1, 1, 1, 1, 1, 1, 1, 1, 1, 1, 1, 1, 1, 1, 1, 1, 1, 1, 1, 1, 1, 1, 1, 1, 1, 1, 1, 1, 1, 1, 1, 1, 1, 1, 1, 1, 1, 1, 1, 1, 1, 1, 1, 1, 1, 1, 1, 1, 1, 1, 1, 1, 1, 1, 1, 1, 1, 1, 1, 1, 1, 1, 1, 1, 1, 1, 1, 1, 1, 1, 1, 1, 1, 1, 1, 1, 1, 1, 1, 1, 1, 1, 1, 1, 1, 1, 1, 1, 1, 1, 1, 1, 1, 1, 1, 1, 1, 1, 1, 1, 1, 1, 1, 1, 1, 1, 1, 1, 1, 1, 1, 1, 1, 1, 1, 1, 1, 1, 1, 1, 1, 1, 1, 1, 1, 1, 1, 1, 1, 1, 1, 1, 1, 1, 1, 1, 1, 1, 1, 1, 1, 1, 1, 1, 1, 1, 1, 1, 1, 1, 1, 1, 1, 1, 1, 1, 1, 1, 1, 1, 1, 1, 1, 1, 1, 1, 1, 1, 1, 1, 1, 1, 1, 1, 1, 1, 1, 1, 1, 1, 1, 1, 1, 1, 1, 1, 1, 1, 1, 1, 1, 1, 1, 1, 1, 1, 1, 1, 1, 1, 1, 1, 1, 1, 1, 1, 1, 1, 1, 1, 1, 1, 1, 1, 1, 1, 1, 1, 1, 1, 1, 1, 1, 1, 1, 1, 1, 1, 1, 1, 1, 1, 1, 1, 1, 1, 1, 1, 1, 1, 1, 1, 1, 1, 1, 1, 1, 1, 1, 1, 1, 1, 1, 1, 1, 1, 1, 1, 1, 1, 1, 1, 1, 1, 1, 1, 1, 1, 1, 1, 1, 1, 1, 1, 1, 1, 1, 1, 1, 1, 1, 1, 1, 1, 1, 1, 1, 1, 1, 1, 1, 1, 1, 1, 1, 1, 1, 1, 1, 1, 1, 1, 1, 1, 1, 1, 1, 1, 1, 1, 1, 1, 1, 1, 1, 1, 1, 1, 1, 1, 1, 1, 1, 1, 1, 1, 1, 1, 1, 1, 1, 1, 1, 1, 1, 1, 1, 1, 1, 1, 1, 1, 1, 1, 1, 1, 1, 1, 1, 1, 1, 1, 1, 1, 1, 1, 1, 1, 1, 1, 1, 1, 1, 1, 1, 1, 1, 1, 1, 1, 1, 1, 1, 1, 1, 1, 1, 1, 1, 1]

y_pred=[0.0, 0.0, 0.0, 1.0, 0.0, 0.0, 1.0, 0.0, 0.0, 0.0, 0.0, 0.0, 0.0, 0.0, 1.0, 1.0, 0.0, 1.0, 0.0, 1.0, 1.0, 0.0, 1.0, 1.0, 0.0, 1.0, 0.0, 1.0, 1.0, 0.0, 0.0, 1.0, 0.0, 1.0, 0.0, 0.0, 0.0, 0.0, 1.0, 0.0, 0.0, 0.0, 0.0, 0.0, 1.0, 0.0, 1.0, 1.0, 0.0, 0.0, 0.0, 0.0, 1.0, 1.0, 0.0, 1.0, 0.0, 0.0, 1.0, 1.0, 0.0, 0.0, 1.0, 0.0, 0.0, 1.0, 0.0, 1.0, 0.0, 1.0, 1.0, 1.0, 1.0, 1.0, 1.0, 0.0, 0.0, 1.0, 1.0, 0.0, 1.0, 1.0, 1.0, 1.0, 0.0, 0.0, 0.0, 1.0, 1.0, 1.0, 0.0, 0.0, 0.0, 0.0, 1.0, 0.0, 0.0, 0.0, 1.0, 0.0, 0.0, 1.0, 1.0, 1.0, 0.0, 0.0, 0.0, 1.0, 0.0, 0.0, 0.0, 0.0, 1.0, 0.0, 1.0, 0.0, 1.0, 1.0, 0.0, 1.0, 1.0, 1.0, 0.0, 0.0, 0.0, 0.0, 1.0, 0.0, 0.0, 0.0, 0.0, 0.0, 0.0, 0.0, 1.0, 1.0, 0.0, 1.0, 0.0, 0.0, 0.0, 0.0, 1.0, 1.0, 0.0, 0.0, 0.0, 0.0, 0.0, 0.0, 1.0, 1.0, 0.0, 0.0, 0.0, 0.0, 0.0, 1.0, 1.0, 1.0, 1.0, 1.0, 0.0, 0.0, 1.0, 0.0, 1.0, 1.0, 1.0, 0.0, 0.0, 1.0, 0.0, 0.0, 1.0, 1.0, 1.0, 0.0, 1.0, 0.0, 0.0, 0.0, 1.0, 1.0, 0.0, 1.0, 0.0, 0.0, 0.0, 0.0, 0.0, 1.0, 0.0, 1.0, 1.0, 0.0, 1.0, 1.0, 0.0, 1.0, 0.0, 0.0, 1.0, 1.0, 0.0, 0.0, 0.0, 1.0, 1.0, 0.0, 0.0, 1.0, 1.0, 1.0, 0.0, 1.0, 1.0, 0.0, 0.0, 1.0, 0.0, 0.0, 1.0, 0.0, 1.0, 1.0, 0.0, 1.0, 1.0, 1.0, 1.0, 0.0, 0.0, 0.0, 0.0, 1.0, 1.0, 1.0, 0.0, 0.0, 0.0, 1.0, 0.0, 1.0, 1.0, 0.0, 1.0, 0.0, 1.0, 1.0, 1.0, 0.0, 1.0, 0.0, 0.0, 0.0, 0.0, 0.0, 0.0, 1.0, 0.0, 1.0, 0.0, 0.0, 1.0, 0.0, 0.0, 1.0, 1.0, 0.0, 1.0, 0.0, 0.0, 0.0, 1.0, 0.0, 0.0, 1.0, 1.0, 0.0, 1.0, 1.0, 0.0, 1.0, 0.0, 1.0, 1.0, 0.0, 1.0, 0.0, 1.0, 0.0, 1.0, 1.0, 0.0, 0.0, 1.0, 0.0, 0.0, 1.0, 0.0, 0.0, 0.0, 0.0, 0.0, 0.0, 1.0, 0.0, 0.0, 1.0, 1.0, 0.0, 0.0, 1.0, 1.0, 1.0, 0.0, 0.0, 0.0, 0.0, 0.0, 0.0, 0.0, 0.0, 1.0, 0.0, 1.0, 1.0, 0.0, 1.0, 0.0, 1.0, 1.0, 1.0, 0.0, 0.0, 1.0, 1.0, 0.0, 0.0, 0.0, 1.0, 1.0, 0.0, 1.0, 0.0, 1.0, 1.0, 1.0, 0.0, 1.0, 1.0, 0.0, 1.0, 0.0, 1.0, 0.0, 1.0, 1.0, 0.0, 0.0, 0.0, 1.0, 1.0, 0.0, 1.0, 1.0, 1.0, 1.0, 1.0, 0.0, 0.0, 0.0, 1.0, 1.0, 1.0, 0.0, 1.0, 1.0, 0.0, 1.0, 0.0, 1.0, 0.0, 0.0, 1.0, 1.0, 0.0, 1.0, 0.0, 1.0, 1.0, 0.0, 0.0, 1.0, 0.0, 0.0, 0.0, 1.0, 0.0, 0.0, 0.0, 1.0, 1.0, 0.0, 0.0, 0.0, 1.0, 1.0, 1.0, 0.0, 0.0, 1.0, 1.0, 1.0, 0.0, 1.0, 0.0, 0.0, 0.0, 1.0, 1.0, 0.0, 0.0, 1.0, 0.0, 1.0, 1.0, 1.0, 0.0, 1.0, 1.0, 0.0, 1.0, 0.0, 0.0, 1.0, 0.0, 0.0, 1.0, 1.0, 1.0, 0.0, 1.0, 1.0, 0.0, 0.0, 0.0, 0.0, 1.0, 0.0, 0.0, 1.0, 0.0, 0.0, 0.0, 1.0, 1.0, 1.0, 1.0, 1.0, 1.0, 1.0, 0.0, 1.0, 0.0, 1.0, 0.0, 0.0, 0.0, 0.0, 0.0, 0.0, 1.0, 0.0, 1.0, 0.0, 0.0, 0.0, 1.0, 0.0, 0.0, 0.0, 1.0, 1.0, 0.0, 1.0, 0.0, 0.0, 1.0, 1.0, 1.0, 0.0, 1.0, 1.0, 1.0, 0.0, 1.0, 0.0, 0.0, 1.0, 0.0, 1.0, 0.0, 0.0, 1.0, 0.0, 1.0, 0.0, 0.0, 0.0, 0.0, 0.0, 0.0, 0.0, 1.0, 1.0, 1.0, 0.0, 1.0, 1.0, 0.0, 0.0, 1.0, 1.0, 1.0, 1.0, 1.0, 0.0, 1.0, 1.0, 0.0, 0.0, 0.0, 0.0, 1.0, 0.0, 0.0, 1.0, 0.0, 1.0, 1.0, 0.0, 0.0, 1.0, 0.0, 1.0, 0.0, 1.0, 0.0, 0.0, 1.0, 1.0, 0.0, 0.0, 0.0, 0.0, 0.0, 0.0, 0.0, 1.0, 1.0, 1.0, 0.0, 0.0, 1.0, 0.0, 0.0, 1.0, 1.0, 1.0, 0.0, 0.0, 1.0, 0.0, 0.0, 1.0, 1.0, 0.0, 0.0, 1.0, 0.0, 1.0, 0.0, 0.0, 0.0, 1.0, 0.0, 1.0, 0.0, 1.0, 0.0, 0.0, 1.0, 1.0, 0.0, 0.0, 0.0, 0.0, 0.0, 0.0, 1.0, 1.0, 0.0, 0.0, 1.0, 0.0, 1.0, 0.0, 1.0, 1.0, 0.0, 0.0, 1.0, 1.0, 0.0, 0.0, 1.0, 1.0, 1.0, 1.0, 0.0, 0.0, 1.0, 0.0, 0.0, 1.0, 0.0, 1.0, 1.0, 1.0, 0.0, 0.0, 0.0, 1.0, 1.0, 0.0, 0.0, 1.0, 1.0, 0.0, 0.0, 0.0, 0.0, 0.0, 0.0, 1.0, 0.0, 0.0, 0.0, 1.0, 1.0, 1.0, 0.0, 1.0, 0.0, 1.0, 0.0, 0.0, 0.0, 0.0, 0.0, 1.0, 1.0, 1.0, 1.0, 0.0, 0.0, 1.0, 0.0, 1.0, 1.0, 1.0, 0.0, 0.0, 0.0, 0.0, 1.0, 0.0, 1.0, 0.0, 0.0, 0.0, 0.0, 1.0, 1.0, 1.0, 0.0, 0.0, 0.0, 0.0, 1.0, 1.0, 0.0, 1.0, 1.0, 0.0, 0.0, 1.0, 0.0, 1.0, 1.0, 1.0, 0.0, 1.0, 0.0, 0.0, 1.0, 1.0, 1.0, 1.0, 1.0, 1.0, 0.0, 1.0, 0.0, 1.0, 0.0, 1.0, 1.0, 1.0, 0.0, 1.0, 0.0, 0.0, 0.0, 0.0, 1.0, 0.0, 0.0, 1.0, 0.0, 1.0, 1.0, 1.0, 1.0, 1.0, 0.0, 0.0, 0.0, 0.0, 0.0, 0.0, 1.0, 1.0, 0.0, 1.0, 1.0, 0.0, 0.0, 0.0, 1.0, 0.0, 0.0, 1.0, 1.0, 0.0, 1.0, 0.0, 1.0, 0.0, 1.0, 1.0, 0.0, 0.0, 0.0, 0.0, 0.0, 1.0, 0.0, 0.0, 1.0, 1.0, 1.0, 1.0, 1.0, 0.0, 1.0, 1.0, 1.0, 0.0, 1.0, 0.0, 1.0, 0.0, 1.0, 1.0, 0.0, 0.0, 1.0, 1.0, 0.0, 1.0, 1.0, 0.0, 0.0, 1.0, 1.0, 1.0, 1.0, 1.0, 1.0, 1.0, 0.0, 1.0, 0.0, 0.0, 1.0, 0.0, 1.0, 1.0, 1.0, 0.0, 1.0, 1.0, 0.0, 0.0, 1.0, 0.0, 1.0, 1.0, 1.0, 1.0, 1.0, 1.0, 0.0, 1.0, 0.0, 1.0, 0.0, 1.0, 1.0, 0.0, 0.0, 1.0, 1.0, 0.0, 1.0, 1.0, 0.0, 1.0, 1.0, 0.0, 0.0, 0.0, 0.0, 0.0, 0.0, 1.0, 0.0, 1.0, 1.0, 0.0, 1.0, 0.0, 1.0, 0.0, 0.0, 0.0, 0.0, 1.0, 1.0, 0.0, 1.0, 0.0, 0.0, 1.0, 0.0, 0.0, 1.0, 1.0, 0.0, 1.0, 1.0, 1.0, 1.0, 1.0, 0.0, 1.0, 1.0, 1.0, 0.0, 0.0, 0.0, 0.0, 1.0, 0.0, 1.0, 0.0, 0.0, 1.0, 0.0, 1.0, 0.0, 1.0, 1.0, 1.0, 1.0, 0.0, 0.0, 1.0, 0.0, 0.0, 1.0, 0.0, 0.0, 0.0, 0.0, 1.0, 0.0, 0.0, 0.0, 0.0, 0.0, 0.0, 1.0, 1.0, 0.0, 1.0, 1.0, 0.0, 0.0, 1.0, 0.0, 1.0, 0.0, 1.0, 0.0, 0.0, 1.0, 0.0, 0.0, 1.0, 0.0, 0.0, 0.0, 0.0, 0.0, 0.0, 1.0, 0.0, 1.0, 0.0, 0.0, 0.0, 0.0, 1.0, 0.0, 1.0, 0.0, 1.0, 1.0, 1.0, 1.0, 0.0, 0.0, 0.0, 1.0, 0.0, 0.0, 1.0, 1.0, 0.0, 1.0, 0.0, 1.0, 0.0, 1.0, 1.0, 0.0, 0.0, 0.0, 1.0, 0.0, 0.0, 0.0, 1.0, 0.0, 1.0, 0.0, 0.0, 0.0, 1.0, 0.0, 1.0, 0.0, 0.0, 1.0, 0.0, 0.0, 0.0, 0.0, 1.0, 0.0, 0.0, 1.0, 0.0, 0.0, 0.0, 1.0, 0.0, 1.0, 0.0, 1.0, 1.0, 0.0, 1.0, 1.0, 1.0, 0.0, 0.0, 0.0, 1.0, 1.0, 0.0, 1.0, 1.0, 1.0, 0.0, 1.0, 0.0, 0.0, 0.0, 0.0, 1.0, 1.0, 0.0, 1.0, 1.0, 0.0, 0.0, 0.0, 1.0, 0.0, 1.0, 0.0, 1.0, 1.0, 1.0, 1.0, 0.0, 1.0, 1.0, 0.0, 0.0, 0.0, 1.0, 1.0, 0.0, 0.0, 1.0, 1.0, 0.0, 0.0, 0.0, 0.0, 0.0, 1.0, 0.0, 1.0, 0.0, 1.0, 1.0, 1.0, 0.0, 1.0, 1.0, 1.0, 1.0, 0.0, 0.0, 0.0, 1.0, 1.0, 1.0, 0.0, 0.0, 1.0, 1.0, 0.0, 1.0, 0.0, 1.0, 1.0, 0.0, 1.0, 1.0, 0.0, 1.0, 0.0, 1.0, 0.0, 0.0, 0.0, 1.0, 1.0, 0.0, 0.0, 1.0, 0.0, 0.0, 1.0, 0.0, 1.0, 1.0, 0.0, 0.0, 1.0, 0.0, 1.0, 1.0, 1.0, 1.0, 0.0, 0.0, 0.0, 0.0, 0.0, 1.0, 0.0, 1.0, 0.0, 0.0, 0.0, 1.0, 1.0, 0.0, 0.0, 1.0, 1.0, 1.0, 0.0, 1.0, 1.0, 0.0, 1.0, 1.0, 0.0, 1.0, 0.0, 1.0, 0.0, 0.0, 0.0, 1.0, 1.0, 1.0, 1.0, 1.0, 0.0, 0.0, 1.0, 0.0, 1.0, 0.0, 1.0, 1.0, 0.0, 1.0, 0.0, 1.0, 0.0, 0.0, 1.0, 1.0, 1.0, 1.0, 0.0, 1.0, 1.0, 1.0, 0.0, 0.0, 1.0, 0.0, 0.0, 0.0, 1.0, 0.0, 1.0, 0.0, 1.0, 0.0, 1.0, 1.0, 1.0, 1.0, 0.0, 1.0, 1.0, 0.0, 0.0, 0.0, 0.0, 0.0, 0.0, 0.0, 0.0, 1.0, 1.0, 1.0, 1.0, 0.0, 1.0, 1.0, 0.0, 1.0, 0.0, 1.0, 0.0, 0.0, 1.0, 1.0, 0.0, 0.0, 1.0, 1.0, 1.0, 0.0, 1.0, 1.0, 0.0, 0.0, 0.0, 0.0, 0.0, 1.0, 1.0, 0.0, 0.0, 0.0, 0.0, 0.0, 1.0, 0.0, 1.0, 1.0, 1.0, 1.0, 0.0, 1.0, 1.0, 0.0, 1.0, 1.0, 0.0, 0.0, 1.0, 0.0, 1.0, 1.0, 1.0, 0.0, 1.0, 0.0, 1.0, 0.0, 1.0, 1.0, 0.0, 0.0, 0.0, 1.0, 0.0, 0.0, 1.0, 0.0, 1.0, 0.0, 0.0, 0.0, 1.0, 0.0, 1.0, 0.0, 1.0, 1.0, 0.0, 0.0, 1.0, 1.0, 1.0, 0.0, 1.0, 1.0, 0.0, 1.0, 0.0, 1.0, 1.0, 1.0, 0.0, 0.0, 0.0, 0.0, 1.0, 1.0, 0.0, 1.0, 1.0, 0.0, 1.0, 0.0, 0.0, 1.0, 1.0, 1.0, 1.0, 1.0, 0.0, 0.0, 0.0, 0.0, 1.0, 0.0, 0.0, 0.0, 0.0, 0.0, 1.0, 1.0, 0.0, 1.0, 0.0, 1.0, 1.0, 1.0, 1.0, 0.0, 1.0, 1.0, 0.0, 0.0, 0.0, 0.0, 0.0, 1.0, 1.0, 0.0, 0.0, 0.0, 0.0, 1.0, 1.0, 0.0, 0.0, 1.0, 0.0, 0.0, 0.0, 1.0, 0.0, 1.0, 1.0, 1.0, 1.0, 0.0, 1.0, 1.0, 1.0, 0.0, 1.0, 0.0, 0.0, 1.0, 0.0, 1.0, 0.0, 1.0, 0.0, 1.0, 1.0, 1.0, 0.0, 0.0, 1.0, 1.0, 1.0, 1.0, 1.0, 0.0, 0.0, 0.0, 0.0, 1.0, 1.0, 1.0, 1.0, 0.0, 0.0, 0.0, 0.0, 1.0, 1.0, 0.0, 1.0, 0.0, 1.0, 0.0, 0.0, 0.0, 1.0, 1.0, 0.0, 1.0, 1.0, 0.0, 0.0, 0.0, 0.0, 0.0, 0.0, 1.0, 0.0, 0.0, 1.0, 0.0, 0.0, 1.0, 1.0, 1.0, 0.0, 0.0, 1.0, 0.0, 1.0, 0.0, 1.0, 0.0, 1.0, 1.0, 1.0, 1.0, 1.0, 0.0, 0.0, 0.0, 0.0, 0.0, 0.0, 0.0, 0.0, 0.0, 1.0, 0.0, 0.0, 0.0, 0.0, 0.0, 1.0, 0.0, 0.0, 1.0, 0.0, 1.0, 0.0, 0.0, 1.0, 1.0, 0.0, 1.0, 0.0, 0.0, 0.0, 1.0, 0.0, 1.0, 1.0, 1.0, 0.0, 1.0, 0.0, 1.0, 1.0, 0.0, 0.0, 1.0, 1.0, 0.0, 0.0, 0.0, 1.0, 1.0, 0.0, 1.0, 0.0, 1.0, 1.0, 0.0, 1.0, 1.0, 0.0, 1.0, 0.0, 1.0, 1.0, 1.0, 0.0, 1.0, 0.0, 0.0, 0.0, 0.0, 0.0, 1.0, 1.0, 0.0, 1.0, 1.0, 1.0, 1.0, 0.0, 0.0, 0.0, 1.0, 0.0, 0.0, 0.0, 0.0, 0.0, 1.0, 0.0, 1.0, 0.0, 1.0, 0.0, 1.0, 1.0, 0.0, 1.0, 0.0, 1.0, 1.0, 0.0, 0.0, 1.0, 1.0, 1.0, 1.0, 1.0, 0.0, 0.0, 0.0, 0.0, 1.0, 0.0, 1.0, 1.0, 1.0, 1.0, 0.0, 1.0, 1.0, 0.0, 1.0, 0.0, 0.0, 1.0, 1.0, 1.0, 0.0, 1.0, 0.0, 0.0, 0.0, 1.0, 1.0, 0.0, 1.0, 0.0, 0.0, 1.0, 1.0, 1.0, 1.0, 0.0, 1.0, 0.0, 0.0, 1.0, 1.0, 1.0, 0.0, 1.0, 1.0, 1.0, 0.0, 1.0, 0.0, 0.0, 1.0, 1.0, 0.0, 0.0, 0.0, 1.0, 1.0, 1.0, 0.0, 0.0, 0.0, 1.0, 1.0, 1.0, 0.0, 1.0, 0.0, 1.0, 0.0, 1.0, 1.0, 1.0, 0.0, 1.0, 1.0, 1.0, 0.0, 0.0, 0.0, 0.0, 1.0, 1.0, 1.0, 0.0, 0.0, 0.0, 0.0, 1.0, 0.0, 0.0, 1.0, 1.0, 1.0, 1.0, 1.0, 1.0, 0.0, 0.0, 0.0, 1.0, 1.0, 1.0, 0.0, 0.0, 1.0, 0.0, 1.0, 1.0, 1.0, 0.0, 0.0, 0.0, 0.0, 1.0, 1.0, 0.0, 0.0, 1.0, 1.0, 0.0, 1.0, 1.0, 1.0, 1.0, 1.0, 0.0, 1.0, 0.0, 0.0, 0.0, 1.0, 1.0, 0.0, 1.0, 1.0, 0.0, 0.0, 1.0, 1.0, 1.0, 1.0, 1.0, 0.0, 1.0, 1.0, 1.0, 1.0, 1.0, 0.0, 0.0, 1.0, 0.0, 0.0, 0.0, 1.0, 1.0, 1.0, 0.0, 0.0, 1.0, 1.0, 0.0, 0.0, 0.0, 1.0, 0.0, 0.0, 0.0, 1.0, 0.0, 1.0, 0.0, 1.0, 1.0, 1.0, 0.0, 1.0, 1.0, 0.0, 0.0, 0.0, 0.0, 1.0, 0.0, 1.0, 0.0, 1.0, 0.0, 1.0, 1.0, 1.0, 0.0, 0.0, 1.0, 1.0, 1.0, 0.0, 1.0, 1.0, 0.0, 1.0, 0.0, 0.0, 0.0, 1.0, 0.0, 1.0, 1.0, 1.0, 0.0, 1.0, 1.0, 1.0, 1.0, 1.0, 0.0, 0.0, 1.0, 0.0, 1.0, 0.0, 1.0, 1.0, 0.0, 0.0, 1.0, 0.0, 1.0, 0.0, 0.0, 1.0, 1.0, 1.0, 0.0, 0.0, 1.0, 1.0, 1.0, 1.0, 0.0, 0.0, 0.0, 0.0, 1.0, 1.0, 1.0, 1.0, 1.0, 0.0, 1.0, 0.0, 0.0, 0.0, 1.0, 1.0, 0.0, 0.0, 1.0, 0.0, 0.0, 1.0, 0.0, 1.0, 0.0, 0.0, 1.0, 0.0, 1.0, 1.0, 0.0, 0.0, 1.0, 1.0, 0.0, 0.0, 0.0, 0.0, 0.0, 1.0, 1.0, 0.0, 0.0, 0.0, 0.0, 1.0, 1.0, 0.0, 0.0, 0.0, 1.0, 1.0, 0.0, 1.0, 1.0, 1.0, 0.0, 0.0, 1.0, 0.0, 1.0, 1.0, 0.0, 1.0, 0.0, 0.0, 0.0, 0.0, 1.0, 0.0, 1.0, 0.0, 0.0, 1.0, 1.0, 1.0, 1.0, 1.0, 0.0, 0.0, 0.0, 0.0, 1.0, 0.0, 0.0, 0.0, 1.0, 1.0, 1.0, 0.0, 1.0, 0.0, 0.0, 0.0, 0.0, 0.0, 0.0, 0.0, 1.0, 0.0, 0.0, 1.0, 0.0, 0.0, 0.0, 1.0, 1.0, 0.0, 0.0, 1.0, 0.0, 0.0, 0.0, 1.0, 0.0, 1.0, 1.0, 0.0, 0.0, 1.0, 1.0, 0.0, 0.0, 1.0, 0.0, 1.0, 1.0, 1.0, 1.0, 1.0, 1.0, 0.0, 0.0, 0.0, 1.0, 1.0, 0.0, 1.0, 1.0, 1.0, 1.0, 1.0, 1.0, 0.0, 1.0, 0.0, 0.0, 1.0, 1.0, 0.0, 1.0, 0.0, 0.0, 0.0, 0.0, 0.0, 0.0, 0.0, 0.0, 1.0, 0.0, 0.0, 1.0, 1.0, 1.0, 0.0, 1.0, 0.0, 1.0, 0.0, 1.0, 0.0, 0.0, 0.0, 0.0, 0.0, 0.0, 1.0, 0.0, 0.0, 0.0, 0.0, 0.0, 0.0, 1.0, 1.0, 1.0, 1.0, 1.0, 0.0, 0.0, 0.0, 0.0, 0.0, 1.0, 1.0, 1.0, 0.0, 0.0, 1.0, 1.0, 0.0, 1.0, 0.0, 0.0, 0.0, 1.0, 0.0, 1.0, 0.0, 1.0, 1.0, 0.0, 0.0, 0.0, 0.0, 0.0, 1.0, 1.0, 0.0, 0.0, 1.0, 0.0, 0.0, 0.0, 0.0, 1.0, 0.0, 0.0, 0.0, 1.0, 1.0, 0.0, 1.0, 1.0, 0.0, 0.0, 0.0, 1.0, 0.0, 0.0, 0.0, 0.0, 1.0, 1.0, 1.0, 0.0, 1.0, 0.0, 1.0, 0.0, 1.0, 1.0, 1.0, 1.0, 1.0, 0.0, 1.0, 0.0, 1.0, 1.0, 1.0, 0.0, 1.0, 0.0, 1.0, 0.0, 1.0, 0.0, 1.0, 0.0, 1.0, 0.0, 1.0, 0.0, 1.0, 1.0, 1.0, 0.0, 1.0, 1.0, 0.0, 0.0, 1.0, 1.0, 0.0, 1.0, 0.0, 0.0, 1.0, 1.0, 0.0, 0.0, 1.0, 0.0, 0.0, 1.0, 1.0, 0.0, 0.0, 0.0, 1.0, 0.0, 0.0, 1.0, 0.0, 0.0, 0.0, 1.0, 0.0, 0.0, 0.0, 0.0, 1.0, 1.0, 0.0, 1.0, 0.0, 0.0, 1.0, 1.0, 1.0, 1.0, 0.0, 1.0, 0.0, 0.0, 0.0, 1.0, 0.0, 1.0, 0.0, 1.0, 1.0, 1.0, 0.0, 0.0, 1.0, 1.0, 0.0, 1.0, 0.0, 1.0, 1.0, 1.0, 1.0, 0.0, 0.0, 0.0, 0.0, 1.0, 0.0, 0.0, 1.0, 1.0, 1.0, 0.0, 0.0, 1.0, 0.0, 1.0, 1.0, 0.0, 1.0, 1.0, 0.0, 1.0, 0.0, 0.0, 1.0, 1.0, 0.0, 0.0, 1.0, 1.0, 0.0, 1.0, 1.0, 0.0, 1.0, 0.0, 1.0, 0.0, 0.0, 0.0, 1.0, 0.0, 0.0, 0.0, 0.0, 1.0, 0.0, 0.0, 1.0, 0.0, 1.0, 1.0, 1.0, 0.0, 1.0, 0.0, 0.0, 1.0, 1.0, 1.0, 0.0, 0.0, 0.0, 0.0, 0.0, 0.0, 1.0, 1.0, 1.0, 0.0, 0.0, 1.0, 1.0, 1.0, 0.0, 1.0, 1.0, 0.0, 0.0, 0.0, 1.0, 0.0, 1.0, 1.0, 0.0, 0.0, 0.0, 0.0, 1.0, 0.0, 1.0, 0.0, 1.0, 0.0, 0.0, 0.0, 0.0, 1.0, 0.0, 0.0, 1.0, 1.0, 0.0, 0.0, 1.0, 1.0, 1.0, 1.0, 1.0, 1.0, 0.0, 0.0, 1.0, 0.0, 1.0, 0.0, 1.0, 0.0, 1.0, 1.0, 1.0, 0.0, 0.0, 1.0, 0.0, 0.0, 0.0, 1.0, 0.0, 0.0, 0.0, 0.0, 1.0, 0.0, 1.0, 1.0, 1.0, 0.0, 0.0, 1.0, 0.0, 0.0, 1.0, 0.0, 0.0, 1.0, 1.0, 0.0, 0.0, 0.0, 0.0, 1.0, 1.0, 0.0, 0.0, 1.0, 0.0, 1.0, 0.0, 0.0, 0.0, 0.0, 1.0, 0.0, 1.0, 1.0, 0.0, 0.0, 1.0, 0.0, 0.0, 0.0, 0.0, 0.0, 1.0, 1.0, 0.0, 1.0, 0.0, 0.0, 1.0, 1.0, 0.0, 1.0, 0.0, 0.0, 0.0, 1.0, 1.0, 1.0, 0.0, 0.0, 1.0, 1.0, 1.0, 1.0, 0.0, 1.0, 1.0, 0.0, 1.0, 1.0, 0.0, 1.0, 0.0, 0.0, 1.0, 0.0, 0.0, 1.0, 1.0, 1.0, 0.0, 1.0, 0.0, 1.0, 0.0, 0.0, 1.0, 0.0, 0.0, 0.0, 1.0, 0.0, 0.0, 1.0, 0.0, 0.0, 0.0, 0.0, 1.0, 0.0, 1.0, 1.0, 1.0]
\score={0: [0.10842558168447934, 0.10836164939862031, 0.1083866871893406, 0.109170979509751, 0.10775612581234711, 0.10774593676129977, 0.10976293807228406, 0.10860323781768481, 0.10861033659714919, 0.10856899619102478, 0.10804560946093665, 0.10837429554926024, 0.10864817930592431, 0.10834707816441853, 0.10915454751566837, 0.1090260021712469, 0.10876580281183124, 0.10936458612030203, 0.1086171128387962, 0.10919843465089799, 0.10942986810749228, 0.10847926546226848, 0.10958112527926762, 0.10891490500597727, 0.10838749080896377, 0.10893291793763638, 0.10834414893534125, 0.10946711618453264, 0.10888221640797223, 0.10857826394253764, 0.10847557779578935, 0.10912229951757652, 0.10873992475015777, 0.1089153986956392, 0.10780498653650283, 0.10815377781788509, 0.10840939978758495, 0.10861801742403596, 0.10909307096153498, 0.10830775967666081, 0.10829015272228341, 0.1083063930273056, 0.10810247990416318, 0.10842247679829597, 0.10884526496132214, 0.10767247825860977, 0.10907408558740848, 0.10886787250638008, 0.10824190340936184, 0.10868010504378213, 0.10864146177967389, 0.10818786869446437, 0.10962092266841368, 0.10907804015381582, 0.1083793357014656, 0.1091281675866672, 0.10855669872118877, 0.10824420931749046, 0.10957303643226624, 0.10901638471028384, 0.10859693816074958, 0.1087110647931695, 0.10911656660027802, 0.10873032835396854, 0.10820047259330749, 0.1097325777465647, 0.1085677608847618, 0.10979342392899773, 0.10871275377116706, 0.11000359108050664, 0.10949690978635442, 0.10910629530747731, 0.10901403923829396, 0.10896728464535305, 0.10910955369472504, 0.10862760405455317, 0.10781182022765279, 0.10923273923496406, 0.10888777397297046, 0.10872212458740581, 0.10940847201989247, 0.10880920104682446, 0.10877956991845911, 0.10882661179188759, 0.10840746588431872, 0.10840735667281681, 0.10821275702781147, 0.10886105217716911, 0.1088946365258273, 0.10892791460667338, 0.10825266999502976, 0.10773245021700859, 0.10874952210320367, 0.1085383618871371, 0.10937341451644897, 0.10808525807582416, 0.10626854002475739, 0.10800715278962562, 0.10900083986612466, 0.1087456772273237, 0.10828645946457982, 0.10917626386103423, 0.10909191340208053, 0.10989527141346651, 0.10870140128665501, 0.10843416995235852, 0.10867248723904292, 0.10908170367749233, 0.10868303076579021, 0.10816000319189495, 0.10864518724736713, 0.10832545813173056, 0.11026734113693237, 0.10863714732907036, 0.1092701677013846, 0.1081593321128325, 0.10928411825614817, 0.10920695960521698, 0.10866477423244053, 0.10915509668680337, 0.10894265451601573, 0.10912386998534203, 0.10869654853429113, 0.10846935387919932, 0.10843779494365056, 0.10834709306557973, 0.10929100153346856, 0.10861742760365208, 0.10875377668575807, 0.10806686919310997, 0.10863375731489876, 0.1080208440621694, 0.10871316233406896, 0.10859073664654385, 0.10907396108939729, 0.10912547904897381, 0.10861145074550922, 0.10924940657886592, 0.108485827989438, 0.10775224734907565, 0.10850026085972786, 0.10874787488808998, 0.1093308674171567, 0.10906521137803793, 0.10865461870151408, 0.10870760828256607, 0.10808873688802123, 0.108640630915761, 0.10822463848374107, 0.1083489835939624, 0.10973955717469965, 0.10932152494788169, 0.1082062463868748, 0.1081090908497572, 0.10819615520860838, 0.10804210717861469, 0.10792274624109269, 0.10890796310023258, 0.10878171734511852, 0.10911447058121364, 0.10953672453761101, 0.11002006009221077, 0.10831691138446331, 0.1079383028878106, 0.10894520314676422, 0.10865741155364296, 0.10935501754283905, 0.10908909361152087, 0.10892538664241631, 0.10847573727369308, 0.10834940290078521, 0.10926969189729009, 0.1084323599934578, 0.10447880625724792, 0.1087791637650558, 0.10923193165889153, 0.10895910181782463, 0.10867549577041676, 0.10910697369014516, 0.10830224802096684, 0.10864979525407155, 0.1083723356326421, 0.10976899042725563, 0.10900000585564251, 0.10870886464481769, 0.10908214138312773, 0.108571647029174, 0.10856016005078951, 0.10833557281229231, 0.10832794152555011, 0.10865220480731555, 0.10942745662253836, 0.10863398494465011, 0.10947509557008743, 0.1089027593533198, 0.10869519412517548, 0.10909958266549641, 0.10917388973757625, 0.10810990196963151, 0.10881122015416622, 0.10814808867871761, 0.10802296684546904, 0.10884207636117935, 0.1092371584049293, 0.10759328802426656, 0.10823964767835358, 0.10836725487657216, 0.10893199678796989, 0.10953979690869649, 0.10841535234993155, 0.10837329253554344, 0.10982316732406616, 0.10912357146541278, 0.1091913677752018, 0.10862848907709122, 0.1091726492432987, 0.1088390201330185, 0.10869462133357019, 0.10779297202825547, 0.10889800116419793, 0.10853674684961637, 0.1085010252892971, 0.10928656373705183, 0.10873741656541824, 0.10885558194584316, 0.109659593552351, 0.10866081178188323, 0.10887149050831794, 0.10887249694629149, 0.10938580334186554, 0.10904218090905084, 0.10840624428930737, 0.10840170830488205, 0.10861515855559936, 0.10867987735115964, 0.10962388440966606, 0.10895582800731063, 0.10881195887923241, 0.1082631223835051, 0.10870501233471765, 0.10811289632692933, 0.10882574430218449, 0.1085627181455493, 0.10909490287303925, 0.10900673728722793, 0.10808934750301498, 0.10973721200769598, 0.10820594226772134, 0.10883577333556281, 0.10882689331968626, 0.1101094822991978, 0.10814645079274972, 0.1087857053748199, 0.10858896858990193, 0.10841962198416392, 0.10847060995943406, 0.10855639840547855, 0.1084808102912373, 0.10829162349303563, 0.10947146876291795, 0.10800304921234355, 0.10908688947155669, 0.10869475383134115, 0.10871747555211186, 0.10907271028392845, 0.10851705345240506, 0.1082985724012057, 0.10903874598443508, 0.10926318715016047, 0.10875276025188596, 0.10983777269721032, 0.10841191719685282, 0.1085583956257717, 0.10865059175661632, 0.10937054523012855, 0.10861809201100293, 0.10707049734062618, 0.10906507944067319, 0.10984534634785219, 0.10853145895309227, 0.10877606781820456, 0.10923024316628774, 0.10854499600827694, 0.10956513272090392, 0.10870054550468922, 0.10878530144691467, 0.1096859152118365, 0.10866443333881241, 0.10903724431991577, 0.1082183444986538, 0.10912716057565477, 0.10875817098551327, 0.1099539292710168, 0.10928903240710497, 0.10856493413448334, 0.10864449113607406, 0.10911718669992226, 0.10875139520926909, 0.10861415675152904, 0.10920471598704656, 0.10819873484698209, 0.10832497158220836, 0.10849571973085403, 0.1087208974819917, 0.10827884243594275, 0.10828768326477571, 0.10941030085086823, 0.10829978919139614, 0.1078930211563905, 0.10917534430821736, 0.10899313573132861, 0.10862912692957455, 0.10792200876907869, 0.10957487186659938, 0.10883641402636256, 0.1088557309574551, 0.10846586214999358, 0.10866284234957262, 0.10813042422135671, 0.10829726945270192, 0.10858197137713432, 0.10851325875236875, 0.10834590345621109, 0.10823978185653686, 0.10877585187554359, 0.10838160084353553, 0.10877303696340984, 0.10979242871205012, 0.10847634971141815, 0.1092401955808912, 0.10844715560475986, 0.1088232859969139, 0.10905126269374575, 0.10968689620494843, 0.1085397217954908, 0.10825312013427417, 0.10952834243124182, 0.10892883752999098, 0.10811346550198163, 0.10871801626037907, 0.10859749416510264, 0.10956683648484093, 0.10915851459971496, 0.10752459838986397, 0.10880261712840625, 0.10828577841703708, 0.10899984565648166, 0.10893909414024915, 0.10906752105802298, 0.10847637429833412, 0.10890608168009555, 0.11033892428333109, 0.1077357472053596, 0.10880408311883609, 0.10813839094979423, 0.10892487605733256, 0.10836711153388023, 0.10940967093814503, 0.10910393516806995, 0.10695732926780527, 0.1078728660941124, 0.10841250489465892, 0.1091168915683573, 0.10887012630701065, 0.10868335834571294, 0.10897791271026318, 0.1091341394931078, 0.10902189356940133, 0.10948881796664661, 0.10953571274876595, 0.10868440839377316, 0.10838552098721266, 0.1085105779270331, 0.10971783018774456, 0.10904931277036667, 0.10947144776582718, 0.10870077364867733, 0.10942371054129167, 0.10943900986954018, 0.10844922572374344, 0.10931750073244698, 0.1084834136068821, 0.10878240255018075, 0.108036148827523, 0.10857548471540213, 0.10894378398855527, 0.10882160635221572, 0.10793990123531093, 0.10889957777478478, 0.10874284218464579, 0.10909440302673508, 0.10878395427156377, 0.10841227918863297, 0.10871399976313115, 0.10923211742192507, 0.10834145173430443, 0.108484606569012, 0.10848271427676082, 0.1093863770365715, 0.10855269225107299, 0.10797548492749533, 0.10814430908514903, 0.10896620585730202, 0.10930707976222039, 0.10839904777028343, 0.10841949489609949, 0.10746592655777931, 0.10935015169282754, 0.10999467494812878, 0.10906846763995978, 0.10857278646694289, 0.10823024862578937, 0.10884353624922889, 0.10885366207609574, 0.10911477026012209, 0.10778914143641789, 0.10886658082405726, 0.10834932456845822, 0.10857127198288517, 0.10860027559101582, 0.10947934079628724, 0.10927922485603227, 0.10810029913078655, 0.10843095699181923, 0.10885687042837558, 0.10756860507859124, 0.10889912479453617, 0.10886320720116298, 0.1090086777177122, 0.10849123957910035, 0.10971846750804357, 0.10968945808708667, 0.10861695146766202, 0.10902351811528206, 0.10866569289389778, 0.1085612719709223, 0.10887643423947421, 0.10851618001858393, 0.10821241753942826, 0.10900891944766045, 0.10888221256789707, 0.10910242112974326, 0.10847914764067022, 0.10960609167814254, 0.10880678445100785, 0.10848647832870484, 0.1084926509194904, 0.10847387462854385, 0.10824133232235908, 0.10902791683162961, 0.10855456712571057, 0.10852532661878146, 0.1088656798005104, 0.10801481731511929, 0.10807845545442481, 0.10732335522770882, 0.10958736220544035, 0.1089159135114063, 0.1095562739407315, 0.10952690148200744, 0.10881045557882475, 0.10908394989868005, 0.10926507320255041, 0.10836735516786575, 0.10935730983813603, 0.10873998254537583, 0.10941441000803658, 0.10836900919675826, 0.10770909087016033, 0.10829737117247921, 0.10816019570285623, 0.10802794857458635, 0.10868112742900848, 0.10928748697042465, 0.10845376551151276, 0.10899083688855171, 0.10874345319138633, 0.10857223403273207, 0.10761789977550507, 0.1094225452226751, 0.10779278488321738, 0.10829465389251709, 0.1086189782489901, 0.10962117044255137, 0.1094171716408296, 0.1084730640053749, 0.10921050448502813, 0.10859102010726929, 0.10825438797473907, 0.10912613136072953, 0.10952844470739365, 0.10912000559843503, 0.10835625280936559, 0.10913219570349424, 0.1091292549638038, 0.10919422553531055, 0.108481032649676, 0.1090144795867113, 0.10875178873538971, 0.10873844772577286, 0.10895104830463727, 0.10831561247850287, 0.10910981756291892, 0.10803596776994792, 0.10843861848115921, 0.10894672671953837, 0.10873087743918101, 0.10879346635192633, 0.10802281126379967, 0.10826065188104456, 0.10825673310142575, 0.10862688780636401, 0.10838688394198051, 0.10821574833244085, 0.10826116765654364, 0.10946760458104751, 0.10894339391961694, 0.10878399644906704, 0.10786082968115807, 0.10985400944948197, 0.10893986572821936, 0.1080891877412796, 0.10825454581666875, 0.10899242223837437, 0.1090829984649368, 0.10881131401528484, 0.10933066109816234, 0.10970774421404147, 0.10862129429976146, 0.10942780723174413, 0.10903106736285346, 0.1086338208544822, 0.10834261678435185, 0.1087176405957767, 0.10807545518591291, 0.10921496301889419, 0.10872883504877488, 0.10857624374330044, 0.10985287154714267, 0.10757623899441499, 0.1089667588168261, 0.10878315774930848, 0.10871454924345017, 0.10864543398985496, 0.10897632390260696, 0.10834381853540738, 0.10902860354293477, 0.10868758825879347, 0.10895153466198179, 0.10780643448233604, 0.10861392915248871, 0.10925729611986562, 0.10947989175717036, 0.10794190827168916, 0.1080149464747485, 0.10827814511678836, 0.10818589826424917, 0.10839917122021965, 0.10809670388698578, 0.10838958931465943, 0.1095324158668518, 0.10899942442774772, 0.10908017248699539, 0.10853490233421326, 0.10796104981140657, 0.10930567085742951, 0.10734611410986293, 0.10814719585080941, 0.10962209105491638, 0.10923932836605953, 0.10896211937069893, 0.10824234783649445, 0.10843967960940468, 0.10919779057011884, 0.10801508997877439, 0.10867686223770891, 0.10894017219543457, 0.10887313559651375, 0.10847247168421745, 0.10849498923529279, 0.10924406349658966, 0.1080132208764553, 0.10989610403776169, 0.10852453200256124, 0.10871820125196661, 0.10842094404829873, 0.10944398492574692, 0.10852803333717234, 0.10880240090191365, 0.10768122375011444, 0.10927551014478816, 0.10866278139027682, 0.1086438856152601, 0.10937646454250491, 0.10908237248659133, 0.10827525208393733, 0.1080482067205967, 0.10873439478186461, 0.10846296535885852, 0.10767873078584671, 0.10866950824856758, 0.10932399420177236, 0.10880335296193759, 0.10866790885726611, 0.10809653252363205, 0.10931384212830488, 0.10854597332385871, 0.10918986690895897, 0.10840627686543898, 0.1096838521771133, 0.10907194800674916, 0.10852473676204681, 0.10834322144326411, 0.10878716828301549, 0.10877536237239838, 0.10865376004949212, 0.10832582075487483, 0.10943013379971187, 0.10891597345471382, 0.10992397367954254, 0.10880137062989749, 0.10858511137110846, 0.10856182181409427, 0.1091074851843027, 0.10808576742808024, 0.10848615504801273, 0.10891245706723286, 0.1087678183729832, 0.10919331535696983, 0.10879633203148842, 0.10900985598564147, 0.10871557484973561, 0.10823076676863891, 0.10842145813835992, 0.10888748345049945, 0.10898274161359843, 0.10851054029031233, 0.1083336817947301, 0.10896390386753613, 0.10972388833761215, 0.10835242377860206, 0.1087415274232626, 0.10793143085071019, 0.10797238420872461, 0.10870327493723701, 0.10821793777377982, 0.10902126961284214, 0.10739315301179886, 0.1086848649111661, 0.10818800218403339, 0.10942852564833382, 0.10923545381852559, 0.10892067655273106, 0.10789136847724086, 0.10945226319811562, 0.10825411922165326, 0.10894526202570308, 0.10822400653904135, 0.10768265028794606, 0.10853089309400982, 0.10836270059409894, 0.10831026258793744, 0.10896066662210685, 0.1092213588682088, 0.10893539618700743, 0.10932408645749092, 0.10860571016867955, 0.10842512249946594, 0.10948790741317413, 0.10824579939894054, 0.10898223156348252, 0.10883387695584032, 0.1087760366499424, 0.1086564720250093, 0.10833384841680527, 0.10843607857823372, 0.10836271597788884, 0.10951654813610591, 0.1086821898818016, 0.10909934052162701, 0.10874514042266778, 0.10805439352989196, 0.10855856537818909, 0.10858281026594341, 0.10945835070950645, 0.10925240069627762, 0.10903226110068234, 0.10861215218901635, 0.10817565768957138, 0.10873658806085587, 0.10836287587881088, 0.10896979881958528, 0.10930531937628984, 0.10859368621341643, 0.10970439836382866, 0.10887882554972614, 0.10870353281497955, 0.10840173314015071, 0.1096629910171032, 0.10786093920469284, 0.10908151371404529, 0.10891833280523618, 0.10960414284659971, 0.10853030131413387, 0.10908695062001546, 0.10794240469112992, 0.10793906003236771, 0.10928939332564672, 0.1092642992734909, 0.1090126625365681, 0.10934935648132253, 0.10970385993520419, 0.10892899483442306, 0.10838998109102249, 0.10891278005308574, 0.10876113424698512, 0.1088019950936238, 0.10814215242862701, 0.1090854351910261, 0.1089216763774554, 0.10889703656236331, 0.10840423347858283, 0.10881138389760797, 0.1082740081474185, 0.1085630178451538, 0.10849898587912321, 0.10843600756065412, 0.10926269839207331, 0.10846755234524608, 0.10785556895037492, 0.1091073860724767, 0.10852915101817676, 0.10916298784707722, 0.10887287450688225, 0.109488096088171, 0.1090084231997791, 0.10878878583510716, 0.10823250014115782, 0.10843275008457047, 0.10834429677455656, 0.10779881591980274, 0.10863266264398892, 0.10875656044688718, 0.10906906485557556, 0.10885347294456818, 0.10876566380262374, 0.10911967711789268, 0.10940730654531056, 0.10822909260573595, 0.10846986660831853, 0.1080638088285923, 0.10904574592908224, 0.10790992914526551, 0.10835338052776125, 0.11038739275601175, 0.10917990084956675, 0.10869784305493037, 0.10918882489204407, 0.10860159993171692, 0.10894549570300362, 0.10849068821831183, 0.10914609283208847, 0.10890091309944788, 0.1085752818423013, 0.10785921588540077, 0.10859632367889087, 0.10812400430440902, 0.10726306587457657, 0.10940852477436974, 0.10844706743955612, 0.10802497481927276, 0.10943046251409932, 0.10885421389883215, 0.10894275811456498, 0.10915684759616852, 0.10914918939982142, 0.10860233966793333, 0.10890911209086578, 0.10922341048717499, 0.10881777421424263, 0.10839798884547275, 0.10914397036487405, 0.10792601634474362, 0.10969137731525633, 0.10871224291622639, 0.10909969891820635, 0.10910444131919315, 0.1083978034555912, 0.10868890109387311, 0.10918795229757533, 0.10925814328771649, 0.10824864841997624, 0.10930657351300829, 0.1088465391234918, 0.10856275893747806, 0.1081356874534062, 0.10895571550902199, 0.10903066210448742, 0.10884342028906471, 0.10922557272409138, 0.10885972032944362, 0.1088554703053974, 0.10888483345508576, 0.1083366796374321, 0.10901629428068797, 0.10859819694801613, 0.10873083537444472, 0.10880267010493712, 0.10839916359294545, 0.10880251941473587, 0.10908406269219187, 0.10880002459245068, 0.10800445990429984, 0.10911713602642219, 0.1089654192328453, 0.10840979046546496, 0.10864555835723877, 0.10884133047527737, 0.10860011664529641, 0.1091956626623869, 0.10891779123441032, 0.10940696814885506, 0.10897087609889555, 0.10939074839864459, 0.10936816670000553, 0.10867608860135078, 0.108820168253703, 0.10845964178442954, 0.10896985054016113, 0.10813792629374398, 0.10930605158209801, 0.1095730742582908, 0.10848660469055176, 0.10767497917016347, 0.10878369025886059, 0.10888819341306333, 0.10836807737747828, 0.10926980450749398, 0.10892760076306084, 0.10851823997039062, 0.10890331715345383, 0.10900025406191426, 0.1087296058734258, 0.10845826473087072, 0.10866871397746236, 0.10828286524002369, 0.10852970318360762, 0.10852042292909962, 0.10890649755795796, 0.10762795748618934, 0.10930041640996933, 0.10904548667809542, 0.10851688832044601, 0.10902316912132151, 0.10843995875782436, 0.10929400527051517, 0.10836107812581523, 0.10860586051757519, 0.10825026640668511, 0.10796932013411271, 0.10903486562892795, 0.10943367618780869, 0.10851100290363486, 0.10911752432584762, 0.10799358578191863, 0.1079695675718157, 0.10933977111083705, 0.10865913952390353, 0.10875622711835368, 0.10917024314403534, 0.10880015962398969, 0.1083293321232001, 0.10909136198461056, 0.10894759992758433, 0.10921568190678954, 0.10929493147593278, 0.10913851608832677, 0.1087538541659065, 0.10984918761711854, 0.10924071967601776, 0.10882791590232116, 0.10823875207167405, 0.10795220360159874, 0.10869161624993597, 0.10845603222648302, 0.1087867437551419, 0.10876192450523377, 0.1093934178352356, 0.1079051210121675, 0.10869825947465318, 0.10883183931482249, 0.10867825119445722, 0.10963079705834389, 0.10802534520626068, 0.10936175286769867, 0.10877213006218274, 0.10895048237095277, 0.10939012607559562, 0.10832497589290142, 0.10875207697972655, 0.10878568639357884, 0.1086386468480615, 0.10817624550116689, 0.10915951871059158, 0.10824468405917287, 0.10860400033347747, 0.1083848424255848, 0.10860599833540618, 0.1091324665090617, 0.10875096221764882, 0.1085411858829585, 0.1084709506481886, 0.10838831287054788, 0.10785760787817147, 0.10875190913677216, 0.1088545867487004, 0.10894811477350153, 0.10866911311944326, 0.10910646408796311, 0.1093649908023722, 0.10864654312963071, 0.10759440995752811, 0.10906580297483338, 0.1082910458956446, 0.10888855691467013, 0.10797037929296494, 0.10932051683110851, 0.10856255226665074, 0.10866870524154769, 0.10954593320687613, 0.10818699694105557, 0.10864909855942977, 0.1088978260755539, 0.1084655113518238, 0.10825876891613007, 0.10873217694461346, 0.1083167016506195, 0.10852913111448288, 0.10802228314181168, 0.10900165500312016, 0.10859835283322768, 0.10906263738870621, 0.10855079773399565, 0.10866790720158154, 0.10873104482889176, 0.107827494541804, 0.10877433825622905, 0.10861231883366902, 0.1090344326062636, 0.1082671348143507, 0.10893273410888818, 0.10894484296441079, 0.10928232533236344, 0.10880101695656777, 0.10868555434206699, 0.10871379698316257, 0.1086881955464681, 0.10928319936448877, 0.10830665146932006, 0.10838779218887028, 0.10884324833750725, 0.10885022580623627, 0.10870502268274625, 0.10890121408738196, 0.10786313735521756, 0.10883169372876485, 0.10798099370939392, 0.10937225384016831, 0.1091431367154024, 0.10807359624992717, 0.10871033867200215, 0.10839575107978738, 0.1089003377634546, 0.10863091424107552, 0.10846104907492797, 0.10872714853157169, 0.10934428735212846, 0.1085335910320282, 0.10903557969464196, 0.10853672929500278, 0.10861496361238616, 0.10864720373384414, 0.10896501032745137, 0.10866995195024892, 0.1093547947704792, 0.10808158115200374, 0.10827459165683159, 0.10894866688893391, 0.10874104003111522, 0.10849503520876169, 0.10860703998933667, 0.10876212845886907, 0.10971245846965096, 0.1084539532661438, 0.10782465541904623, 0.1102727323770523, 0.10830527792374293, 0.10767340809106826, 0.10844935694088538, 0.10890133151163657, 0.10738935545086861, 0.10912216720836503, 0.10838053375482559, 0.10930731147527695, 0.10919703294833501, 0.10852412347282682, 0.10947778546496441, 0.10918222333897244, 0.10877855239730132, 0.10851882919669151, 0.10872839344665408, 0.10864105386038621, 0.10902850720144454, 0.1096768096089363, 0.10850490679343541, 0.10884648887440562, 0.10893290625377135, 0.11122449487447739, 0.10854047040144603, 0.10886925384402275, 0.10858934745192528, 0.10826688028615096, 0.10854226102431615, 0.10874258975187938, 0.1092222111840402, 0.10958581886909625, 0.10802677134051919, 0.11003029843171437, 0.1088945895433426, 0.10868596368365818, 0.10840579494833946, 0.10797765664756298, 0.10880395359006421, 0.10875901410525496, 0.10929087450106939, 0.1078247744590044, 0.10889812232926488, 0.10887782914297921, 0.10994347383578619, 0.10907247517167068, 0.10848874350388844, 0.10911538102664053, 0.10902867757755777, 0.10815286539171053, 0.10719747344652812, 0.1081363530281712, 0.10920717770403082, 0.10882923819802025, 0.10833416094905451, 0.10872089624404907, 0.10897504765054454, 0.10979630662636324, 0.10857184790074825, 0.10836190357804298, 0.10875249728560447, 0.10868922035608973, 0.10810027578297783, 0.10962644927203655, 0.10810033914943536, 0.10916052557326653, 0.10850369760935957, 0.10914266109466553, 0.11020754277706146, 0.10894914068605589, 0.10855638215670714, 0.10957891717553139, 0.10896459425037558, 0.10929443793637413, 0.10892498803635438, 0.10848571686074138, 0.10863631167872385, 0.10857152462005615, 0.10932982973754406, 0.10893933646954022, 0.10921435989439487, 0.1084303729236126, 0.10820056796073914, 0.10942237583153389, 0.10924666235223413, 0.10850444114343687, 0.10882988707585768, 0.10864499899057242, 0.10890410020947457, 0.1093629306803147, 0.10868929699063301, 0.10940532572567463, 0.11001056333382925, 0.10831456866703536, 0.1087954225949943, 0.1082468979262017, 0.10914535864311106, 0.1083278264850378, 0.10850788839161396, 0.10875116820846285, 0.10918752024216312, 0.10895471362506642, 0.108621979256471, 0.10810897556635049, 0.10908918285911734, 0.1083732671809919, 0.10814294083551927, 0.10974429175257683, 0.10803110255249615, 0.10918288342654706, 0.1092775805908091, 0.10867687165737153, 0.10780037022553958, 0.108879870424668, 0.10856685563921928, 0.10880251477162044, 0.10917540696951059, 0.10903142682380146, 0.10992206518466656, 0.10873205587267876, 0.10832314365185224, 0.10875215381383896, 0.10863789388289054, 0.1077015034854412, 0.10895611262983745, 0.10710469241205015, 0.11016533151268959, 0.10835546925663948, 0.10847605290738019, 0.10874742326828149, 0.10923648128906886, 0.10939254419457528, 0.108458889891272, 0.10772561132907868, 0.10928964750333266, 0.10904448692287717, 0.10937962606549263, 0.10844058703098979, 0.10882310300237602, 0.10907342505675775, 0.10875024511055513, 0.10882175482552627, 0.10936343216377756, 0.1085903172691663, 0.10982364729831093, 0.10859716169793031, 0.10886249894445593, 0.10874057213465373, 0.10794660219779381, 0.10816253447218944, 0.1104728693763415, 0.10937436137880598, 0.11031632583874923, 0.1088511837380273, 0.1088380857060353, 0.10828486982828532, 0.10801675729453564, 0.1091748455708677, 0.10850574763921592, 0.10883234540621439, 0.10764881291172722, 0.10922237214716998, 0.1090193357447098, 0.10858600984017054, 0.1089260016878446, 0.10844752229750157, 0.10961519869474265, 0.1085650036111474, 0.10825864778411004, 0.10892814762738286, 0.10903347904483478, 0.10897715613245965, 0.10924756973981857, 0.10845941348987467, 0.10893492980135812, 0.10897003593189376, 0.10900364913370299, 0.10871807135203305, 0.10839464731754796, 0.10905066481791437, 0.10778576135635376, 0.10696951631042692, 0.10849582329392433, 0.10879495896791157, 0.10825350675089605, 0.10966749808618001, 0.10844524160904043, 0.10888960168642156, 0.10770280597110589, 0.10898026078939438, 0.10917513773721807, 0.1087772167962173, 0.10905427519570697, 0.10813035517930984, 0.10894597762010315, 0.10935197674459027, 0.10777296735481783, 0.10789489606395364, 0.10874572529324464, 0.10848852545022965, 0.10822908356785774, 0.1083833087574352, 0.10843065530061721, 0.10876148007810116, 0.10944837797433138, 0.10905261223132794, 0.10880654948678883, 0.10890971007756889, 0.10871441662311554, 0.10897160406623568, 0.10879604912856046, 0.10847598994555681, 0.10928600605415262, 0.10830967263741927, 0.10894668598969777, 0.10871449728374896, 0.10836495086550713, 0.10916170626878738, 0.10937058975299199, 0.10743134841322899, 0.10825097831812772, 0.10941052436828613, 0.10917316788229449, 0.10897529199719429, 0.10773400045358218, 0.10915212379768491, 0.10943683393691715, 0.10835332324107488, 0.10857856124639512, 0.10856673369805019, 0.1082825481891632, 0.1076995812356472, 0.10904193157330155, 0.10918664000928402, 0.1077438545497981, 0.10762199163436889, 0.1083265442182036, 0.10869973265763486, 0.10809260721390064, 0.10897381691371694, 0.10799291688534948, 0.11002548445354808, 0.10883300331158516, 0.10925228893756866, 0.10877266390757127, 0.10857654143782224, 0.10945852051178614, 0.10950515216047113, 0.1080033802986145, 0.10915433412248438, 0.10946399836163771, 0.10837856540456414, 0.1074497108347714, 0.10905927866697311, 0.10862958825686399, 0.10949098318815231, 0.10986004107528263, 0.10917791575193406, 0.10859950184822083, 0.1097096474841237, 0.10873276687094144, 0.10905671699179544, 0.10862491686235774, 0.10898410325700586, 0.10926924558246837, 0.10843317726483712, 0.10823506436177663, 0.10829047316854651, 0.10910463439566749, 0.1084555723901951, 0.10809467129764103, 0.10911865532398224, 0.10842765308916569, 0.10969454646110535, 0.10762917498747508, 0.10758187373479207, 0.10866429318081249, 0.10905396938323975, 0.108727598687013, 0.1089407374200068, 0.10864543301217697, 0.10903428025819638, 0.11010834308607238, 0.10869332442158147, 0.10838364716619253, 0.10948183658448132, 0.10947225764393806, 0.10972786629977434, 0.10807897418737411, 0.10880276664263672, 0.10905967227050237, 0.10823594979368724, 0.10905433595180511, 0.10861181670969183, 0.10985935181379318, 0.10881656543775038, 0.10889034666891756, 0.10866370052099228, 0.1077632836997509, 0.10873835533857346, 0.10743540582748559, 0.10891377538442612, 0.10897618400699952, 0.1084639814339186, 0.10921882539987564, 0.10939172145567443, 0.10848305539952384, 0.10880879685282707, 0.10836180476915269, 0.10825101617309782, 0.1088028110563755, 0.10882657163199924, 0.10940269947052002, 0.10978797962889075, 0.10919965939088301, 0.10828759168323718, 0.10764905336228284, 0.10828580955664317, 0.10863446593284606, 0.1097351020345321, 0.10814631293559897, 0.1083316594876092, 0.10838288399908277, 0.10834673792123795, 0.10847306561966737, 0.10911646137634913, 0.10877714471684562, 0.10875577266727175, 0.10901067055323545, 0.10841185450553895, 0.10914043643895317, 0.10935337551765972, 0.10910247219726443, 0.10961718755689534, 0.10785534067286386, 0.10944635114249061, 0.10937434791222862, 0.10838058777153492, 0.10854454586903255, 0.10833016224205494, 0.10850621412197749, 0.10820610076189041, 0.10888035910633895, 0.1093330132690343, 0.1084440067410469, 0.10848333973150986, 0.10873004545768102, 0.10870276506130512, 0.10953889104227225, 0.10908723267770949, 0.10867224790548023, 0.10859120459783644, 0.1093146663159132, 0.10796044187413321, 0.10801019865487303, 0.10822021886706353, 0.10996961380754199, 0.10787701768719632, 0.10925625950098038, 0.10903790903588136, 0.10925647331511273, 0.1088599061800374, 0.10853120650757443, 0.10926634238825904, 0.10989983571427209, 0.10918004225407328, 0.10859889015555382], 1: [0.10916972309350967, 0.10821790586818349, 0.10869988799095154, 0.10927849933505059, 0.10862822681665421, 0.11016156868292735, 0.1085998889277963, 0.10885620166858037, 0.10865853064590031, 0.10940903492949226, 0.10890264781536879, 0.10928081280805847, 0.10814212569419075, 0.10822590657820304, 0.10930824358212321, 0.10899401307106019, 0.10963728071914779, 0.10926117897033691, 0.10904969200491905, 0.10863661078306344, 0.10841168638537912, 0.10813505461682445, 0.10861258208751678, 0.10893225483596325, 0.10881806661685307, 0.11070900286237399, 0.10907605154947801, 0.10779059156775475, 0.1086075613896052, 0.1081071410860334, 0.10808438122272492, 0.10878619328141212, 0.1094263070686297, 0.10804620757699013, 0.10931111685931683, 0.10850583897395567, 0.10911418923309871, 0.10769837035944588, 0.10789235532283784, 0.108473277872517, 0.10881180316209793, 0.10900493115186691, 0.10826893548170725, 0.10879822224378585, 0.10972272551485471, 0.10807355940341949, 0.10765641927719116, 0.10854710508947787, 0.10859406280976075, 0.10868951864540577, 0.10804702612486752, 0.10929841548204422, 0.10818667869482722, 0.10817940367592706, 0.10923429168760776, 0.10873722145333886, 0.108500091979901, 0.10893865403803912, 0.10912731609174184, 0.10916206153000102, 0.10858994871377944, 0.10861089622432535, 0.10894298056761424, 0.10826205515435763, 0.10906994801301223, 0.10838204278395726, 0.10923359381115955, 0.10746895596385002, 0.10899713076651096, 0.10896558367780276, 0.10887865722179413, 0.1088701250224278, 0.10937530895074209, 0.10858009159564971, 0.10866409540176392, 0.10776686072349548, 0.10779878700321371, 0.10804086012972726, 0.10838313871308376, 0.108301290207439, 0.10836136672231886, 0.1081837173551321, 0.10962454573466228, 0.10866220987268857, 0.1078312873840332, 0.10756489465182478, 0.10806823115457188, 0.10800802421111327, 0.10906228456984866, 0.10827927434673676, 0.10818719957023859, 0.10902519337832928, 0.10812488570809364, 0.10927917174994946, 0.10862547212413379, 0.10875318256708291, 0.10885595053434372, 0.10917183135946591, 0.10810324617407539, 0.10960999230543772, 0.1084236454056657, 0.10841576904058456, 0.1082523986697197, 0.10890037612989545, 0.10838390772159283, 0.10953511433167891, 0.10942735175291697, 0.1088320778115936, 0.10854899945358436, 0.10879936739802361, 0.1085971524489337, 0.10914099738001823, 0.10877169668674469, 0.10861722531975532, 0.10842089116573334, 0.10975338944367, 0.10956179147416895, 0.10866369027644396, 0.10817912800444497, 0.10859416714972919, 0.10883033126592637, 0.1093687755720956, 0.10855782156189282, 0.10887903819481531, 0.10864321355308805, 0.10936183407902718, 0.10925513709133322, 0.10848988220095634, 0.10880339175462722, 0.10883784741163254, 0.1083774633705616, 0.10910926510890324, 0.10875394344329833, 0.10925239209945385, 0.10893332809209824, 0.10935648903250694, 0.10863425085941951, 0.10880576968193054, 0.10843141270535332, 0.10843841387675358, 0.10841340368444269, 0.10843280889093876, 0.10839871731069353, 0.10957500235787754, 0.1088558814447859, 0.10851377958343142, 0.10913970587509018, 0.10895309845606486, 0.10900488408172831, 0.10934626364282199, 0.10831023355325063, 0.10871522389352321, 0.1081355366517197, 0.10877971263492808, 0.1084812343120575, 0.1085871779604962, 0.10868019461631775, 0.10816220973025668, 0.10822973755950277, 0.10936916107311845, 0.10822633405526479, 0.10948403924703598, 0.10817829829951127, 0.10967429652810097, 0.10849639111095005, 0.10879048779606819, 0.1088464792817831, 0.1079199817031622, 0.10901677865406563, 0.10734093142673373, 0.1090646644725519, 0.10878449548845706, 0.10872054884308263, 0.1080044899135828, 0.1097592016061147, 0.1091550536453724, 0.10901334807276726, 0.10882298820293866, 0.10933612812967862, 0.10800835924843948, 0.10783726415213417, 0.1084061244295703, 0.10824208483099937, 0.10881993919610977, 0.10803067870438099, 0.10922437390455833, 0.1089649636298418, 0.10913548048804789, 0.10928764062769272, 0.10823437223831812, 0.10899434238672256, 0.10947590238518184, 0.10864024740808151, 0.10918406190143691, 0.10857241931888792, 0.10773172304034233, 0.10997361193100612, 0.10981502342555258, 0.10989879243648969, 0.10841336220502854, 0.10899395875784816, 0.10830362361890299, 0.1086568271643237, 0.10797977312044664, 0.1089036725461483, 0.10954517051577568, 0.10738429020751607, 0.10925788515143925, 0.10860259289091284, 0.10847892493009567, 0.10891532324827634, 0.10932704160610834, 0.10932156375863335, 0.10921911564138201, 0.10849236295773433, 0.10886724631894719, 0.10866821041473976, 0.10802441835403442, 0.10936994403600693, 0.10884468257427216, 0.10894990339875221, 0.10865843668580055, 0.108837997459847, 0.10947079211473465, 0.10978854713695389, 0.10858689454095118, 0.10950303226709365, 0.10856565992747035, 0.10861632307725293, 0.10885344273768939, 0.10917801211277643, 0.10864303190083731, 0.1083677609761556, 0.10854143513874574, 0.11028576801930155, 0.10887415160735449, 0.10893190503120423, 0.10812626372684132, 0.10849401641350526, 0.1087187435477972, 0.10932691911092171, 0.10896319044487816, 0.10965749048269711, 0.10808288802703221, 0.10939380686197962, 0.10836141613813546, 0.10974540254648994, 0.10868655815720558, 0.10964015540149477, 0.1089949319139123, 0.1088855503634973, 0.10808540223275914, 0.10889284359291196, 0.10897929753576006, 0.10895911231637001, 0.10844349574584228, 0.10847954265773296, 0.10869557139548389, 0.107895378023386, 0.109577852818701, 0.10896774088697773, 0.10900605221589406, 0.10834722143822703, 0.10793627922733624, 0.1086106151342392, 0.10778563469648361, 0.1089648414741863, 0.10833503968185848, 0.10842683076858521, 0.10951974019408225, 0.10968739353120327, 0.1090313121676445, 0.10940175643190742, 0.10905579248299965, 0.10894969354073207, 0.10791769706540638, 0.10802971310913563, 0.10848187712522653, 0.10883142229388743, 0.1089032092472402, 0.10893373250961304, 0.10829162500474764, 0.10833410546183586, 0.1089896202871674, 0.10835764044895768, 0.10879575088620186, 0.10905959137848445, 0.10920052751898765, 0.10865662772865857, 0.10860361377982532, 0.1087691459272589, 0.10827381773428484, 0.10935135983995029, 0.10981934815645218, 0.10846744394964641, 0.10871701687574387, 0.1097401235910023, 0.10892906240545787, 0.10868236016143452, 0.10913044180382382, 0.10929499160159718, 0.10916537578616824, 0.10905014077822367, 0.10884230211377144, 0.10862063810877177, 0.10927269894343156, 0.10872305184602737, 0.10837400116418537, 0.10806692093610763, 0.10941207129508257, 0.11009510084986687, 0.10839001139005025, 0.10926804727032072, 0.10885889514496452, 0.10843696941932042, 0.10871181230653416, 0.10911766733184006, 0.10950863013664881, 0.10883659422397614, 0.10906848963350058, 0.10950910300016403, 0.10873502301864135, 0.10920263028570584, 0.10900585525310956, 0.10889623081311584, 0.10954857654869557, 0.1093918583355844, 0.10827422412959012, 0.10826610383533296, 0.10897301611575214, 0.10835995326439539, 0.10812509680787723, 0.108589655905962, 0.1096226453781128, 0.10966323112899606, 0.10887728398665786, 0.10827276787974617, 0.10787118077278138, 0.10886566273190758, 0.10918942019343376, 0.10854083076119422, 0.10832414369691502, 0.10828377019900542, 0.10880966857075691, 0.10853660181164741, 0.1076380186714232, 0.10843055523358859, 0.10905113816261292, 0.10720310434699058, 0.10906278776625793, 0.10860796884766646, 0.109580148011446, 0.10879114965597789, 0.10889544563763069, 0.10768759921193123, 0.1092079882368897, 0.10936393216252327, 0.10875055938959122, 0.10868208970014866, 0.10834928163710762, 0.10810358077287674, 0.1093613968083733, 0.10869597876444459, 0.10942588299512863, 0.10821753052564767, 0.10884918365627527, 0.10834296196699142, 0.10942086749351941, 0.10952379595902231, 0.10928771698049136, 0.10837772541812488, 0.10830407356843352, 0.10897809490561486, 0.10913717640297753, 0.10981343065698941, 0.10835494380444288, 0.10961308578650157, 0.10917662616286959, 0.10874893516302109, 0.10886978154832666, 0.10805008113384247, 0.10821621417999268, 0.10868961157070266, 0.10889569640159608, 0.10869831138330957, 0.10971606793728741, 0.10886496102268045, 0.10881799911814076, 0.10867414974114474, 0.10902854972160779, 0.10966261273080652, 0.10931725258176977, 0.10957160592079163, 0.10936606852781205, 0.10838860805545535, 0.10807661425608855, 0.10922386210698348, 0.10844560464223225, 0.10945055410265922, 0.1084493433053677, 0.10943636447191238, 0.10903965509854831, 0.10860602049665018, 0.10775050955514114, 0.10883699553577524, 0.10843026414513587, 0.10932445119727742, 0.10875141248106956, 0.10873114804224092, 0.10952652742465337, 0.10895622754469514, 0.10909226887366351, 0.10865875333547592, 0.10832871124148369, 0.10902325402606618, 0.10879942503842441, 0.10919087811520226, 0.10937878713011742, 0.1082985597577962, 0.10862769009101958, 0.1084386549062199, 0.10780347428388065, 0.10890127895843416, 0.10892244321959359, 0.10920260778882286, 0.1097151018679142, 0.10883497175845233, 0.10864733490678999, 0.10950068580476861, 0.10810714171213262, 0.10859816893935204, 0.10792978931414454, 0.10903165158298281, 0.10887303522654943, 0.10858297720551491, 0.10870781044165294, 0.10892144054174423, 0.10841643959283828, 0.10857465697659387, 0.10902713221453485, 0.10846205055713654, 0.10882877355272119, 0.10818540205558141, 0.10819781414772335, 0.10887350473139021, 0.10816526584900342, 0.10916774123907089, 0.109168682868282, 0.10867423365513483, 0.10815008183320364, 0.10971299409866334, 0.10922841504216194, 0.10822820184486252, 0.10802943425046073, 0.10865588933229446, 0.10842703350565651, 0.10872929791609447, 0.10899975542959414, 0.1095872899889946, 0.10811239033937455, 0.10811638832092285, 0.10865568535195456, 0.1081662421876734, 0.10993318598378789, 0.10878451523326692, 0.108494333922863, 0.10868274990250082, 0.10794453119689768, 0.10919659584760666, 0.10917454337080319, 0.10829386115074158, 0.10905357971787452, 0.10985488788439678, 0.10895015969872475, 0.10864088527466122, 0.10872275547848807, 0.10904739864847877, 0.10871066823601723, 0.10895891168287822, 0.10880021701256434, 0.10827608034014702, 0.10941697886356941, 0.10871019028127193, 0.1084465431896123, 0.10862717591226101, 0.10818201722577214, 0.10894205131464535, 0.10870583217453074, 0.10906950269754116, 0.10817876681685448, 0.1085792887955904, 0.10933633314238654, 0.10879236854174558, 0.10904579406434839, 0.11023881499256406, 0.10921577736735344, 0.10795935243368149, 0.10858377292752266, 0.10853284737095237, 0.1084477926294009, 0.10900524693230788, 0.1087218472047856, 0.10870317838810108, 0.10746529495174234, 0.10928891734643416, 0.10960266603664919, 0.11027233099395578, 0.10872332103874373, 0.10996872112154961, 0.10844928376814898, 0.10854324201742808, 0.10861052171542095, 0.10808655193873815, 0.10842115833209111, 0.10853554308414459, 0.10833337596234154, 0.10964946219554314, 0.10825397198398908, 0.10873907059431076, 0.10883646210034688, 0.10846790671348572, 0.10849847147862117, 0.10867067500948906, 0.11046587986250718, 0.10891761382420857, 0.1086457334458828, 0.10859484293244102, 0.10922573927951895, 0.1082352395169437, 0.10851755551993847, 0.10872000530362129, 0.10883022487163543, 0.10844654838244121, 0.10934071310541847, 0.10957100851969286, 0.10868634482224783, 0.10802285889020333, 0.10960929145415624, 0.11005166811602456, 0.10731068253517151, 0.10868525569853575, 0.10882451843756896, 0.10825155923763911, 0.10877666106590858, 0.10964135453104973, 0.10918298895869936, 0.10915471477942033, 0.10939609291760818, 0.10882509350776673, 0.10853482438967778, 0.10840346979407164, 0.10846599848831401, 0.1089150682091713, 0.10928902189646449, 0.10852097516710107, 0.10969190299510956, 0.10926619668801625, 0.10926789950047221, 0.10940859237542519, 0.10881670704111457, 0.10911808230660179, 0.10858625647696582, 0.10884913429617882, 0.1082313310192979, 0.10785366296768188, 0.10929249078035355, 0.10912534700972694, 0.10825734362006187, 0.10878211313060351, 0.1085531391641673, 0.10841049821603865, 0.10849621891975403, 0.10875035427949008, 0.10855719223618507, 0.10855233872478659, 0.10813787978674684, 0.1085181012749672, 0.10930698524628367, 0.10850387439131737, 0.1082973848832281, 0.10918013398584567, 0.10942407531870736, 0.10886829305026266, 0.1084834880062512, 0.10919253189455379, 0.10757538879459555, 0.10946658200451306, 0.10812519916466304, 0.1092768003543218, 0.10876518338918686, 0.10779552906751633, 0.10855785459280014, 0.10808175057172775, 0.10842755287885666, 0.10816438330544366, 0.10932015255093575, 0.10810763331559989, 0.1079169511795044, 0.10844494526584943, 0.10849144889248742, 0.10790367648005486, 0.10868005180045177, 0.1094403530160586, 0.10944372644791237, 0.10970787853002548, 0.10930222272872925, 0.10960152057500985, 0.10811182450164449, 0.10854115290567279, 0.10872957855463028, 0.1086650644429028, 0.1079622150531837, 0.10938016474246978, 0.10888243383831447, 0.10906615678001852, 0.10840482332489708, 0.10852901330765556, 0.10968911945819855, 0.10962139608131515, 0.10818892667690913, 0.10893223000069459, 0.10860502089445408, 0.10846701722878677, 0.10864058881998062, 0.10881406875948112, 0.10869829575805103, 0.10882211998105049, 0.10858297720551491, 0.10925383341533167, 0.10924678905443712, 0.10798909457830283, 0.10835949378088117, 0.10810510503749053, 0.10859943316741423, 0.10856709443032742, 0.10935803828760982, 0.1087869606912136, 0.10643602328168021, 0.10807000981135802, 0.10877862945199013, 0.10814720733712117, 0.10829277050036651, 0.1079957582987845, 0.10867763683199883, 0.10888689301080173, 0.10862764257651109, 0.10780977653829675, 0.10855975476178256, 0.10914279783473295, 0.10901980785032113, 0.10840289031758028, 0.10906823817640543, 0.10931280222923859, 0.10859433629296043, 0.10861793905496597, 0.10873741392166383, 0.10916638019539061, 0.10815888027782025, 0.10822637304663658, 0.10867088466882706, 0.10875890441238881, 0.11017357490279457, 0.10917086260659355, 0.10987361830969651, 0.10816498100757599, 0.10938952159550455, 0.10832974917831875, 0.10918404099841912, 0.10773615837097168, 0.1090525969862938, 0.10948932450264692, 0.10966040591398875, 0.10890793800354004, 0.1093947406519543, 0.10830469630085506, 0.10907722676688052, 0.10798829266180594, 0.10916105736243098, 0.1089925542473793, 0.10903329203526178, 0.10867918133735657, 0.10940354419025508, 0.10753951445221901, 0.11010636592453177, 0.10862505979215105, 0.10963104665279388, 0.1085489924464907, 0.10939009040594101, 0.10775105075703727, 0.10932892337441444, 0.10844808473036839, 0.1093656977881556, 0.10801994625259848, 0.10906155357758204, 0.10912332209673795, 0.10912794403491481, 0.10796702560037374, 0.10909905021681505, 0.10935612424061848, 0.10867889902808449, 0.10871675068681891, 0.10877842176705599, 0.10924862147796721, 0.10875716159741083, 0.1088949263923698, 0.10822013070185979, 0.10757943366964658, 0.10904091815738116, 0.10933372328678767, 0.10839938993255298, 0.10841107839032223, 0.10971416160464287, 0.10772107580774709, 0.10799836231903596, 0.10878046452999116, 0.10924886725842953, 0.10867665369402278, 0.10829578505622016, 0.10848488861864264, 0.10950510011565301, 0.108483810391691, 0.10863647071851625, 0.10910933961470921, 0.10840689831159332, 0.10816170157570588, 0.10780173871252272, 0.10923787454764049, 0.10843624640256166, 0.10823470239455883, 0.10870275104587729, 0.10821190595626831, 0.10901744425296783, 0.10895826954108018, 0.1084610005574567, 0.10881245175474569, 0.10865620756521821, 0.10852831240211214, 0.10885435342788696, 0.10920337248932231, 0.10973466797308488, 0.1088824746640105, 0.10860465128313411, 0.1089911013841629, 0.10858284262940288, 0.10778277502818541, 0.1081994589832094, 0.10938206139732809, 0.10821783072070072, 0.10926804691553116, 0.10809744348128637, 0.10933406583287499, 0.10913747345859354, 0.10880447897527899, 0.1077097857540304, 0.10869776457548141, 0.10907215848565102, 0.10970198769461025, 0.10848181694746017, 0.10910450623315923, 0.10820169668448598, 0.10894086474881452, 0.10905286090241538, 0.10909811904033025, 0.10904800270994504, 0.10866960557177663, 0.1080605886876583, 0.10817566700279713, 0.10866259187459945, 0.10953828078858993, 0.10855170106515288, 0.10846595368955446, 0.10930758572760083, 0.10912269314652995, 0.10980270761582586, 0.10765859484672546, 0.1085409764200449, 0.10883327144565004, 0.10796093488378185, 0.10913444384932518, 0.10949061314264934, 0.10859867930412292, 0.10937124355272813, 0.10947456038915195, 0.10788739919662475, 0.10945114431281884, 0.10828426709541908, 0.10833209082484245, 0.10898906774818898, 0.10877461146031107, 0.1084523706332497, 0.10797648798478277, 0.10893880458254564, 0.10937314586980003, 0.10856803953647613, 0.1089764991402626, 0.10933302421318858, 0.10767748665351135, 0.10944012649681258, 0.10821720709403355, 0.10892296520372231, 0.10830099338834936, 0.10803162803252538, 0.10846763774752617, 0.10938270443252154, 0.10872615426778794, 0.1071929403326728, 0.10794643452391028, 0.10874296559227838, 0.10884725655380048, 0.10780695763727029, 0.1084290542639792, 0.10896631479263305, 0.10799372399395163, 0.10947609750124124, 0.11059951782226562, 0.10934680305859622, 0.10821277958651383, 0.1091273419559002, 0.10814513397567413, 0.10840348816580242, 0.10988428579135374, 0.10956438495354219, 0.11008323315117094, 0.10837091166864742, 0.10869000248006873, 0.10851691982575826, 0.1084675971004698, 0.10840622149407864, 0.10869119429227078, 0.1091505151707679, 0.10881658146778743, 0.10878062695264816, 0.10738485803206761, 0.10872842147946357, 0.10928618833422661, 0.10888624874254067, 0.10911743094523747, 0.10848215680855972, 0.10922348250945409, 0.10886836932464079, 0.1081073060631752, 0.10847520008683205, 0.1080844754146205, 0.10943956605412743, 0.10815516784787178, 0.10893579348921775, 0.10899684826533, 0.1085148485083329, 0.10859184116125106, 0.10839054045768884, 0.10832600957817501, 0.10903936885297298, 0.10854112747169677, 0.10881363054116568, 0.10874019609764218, 0.10896818712353706, 0.1085366431091513, 0.10872887820005417, 0.10849274769425392, 0.1086131352931261, 0.1088875625282526, 0.10807177610695362, 0.1083420878648758, 0.10924542074402173, 0.10899707219666904, 0.10871394617216927, 0.1085671710556951, 0.11015553565488921, 0.10885730385780334, 0.10892165355060411, 0.10991998220031912, 0.10954982950352132, 0.10896939262747765, 0.1087424822151661, 0.10873091507416505, 0.10939906703101264, 0.10778565146028996, 0.1088122847889151, 0.10828041623939168, 0.10926220268011093, 0.10824376651469399, 0.10880176443606615, 0.10982886403799057, 0.10945122282613408, 0.10860680788755417, 0.10861383985590052, 0.10900926937659582, 0.10858619213104248, 0.10875285416841507, 0.10836512914725713, 0.10927204042673111, 0.10842240804975684, 0.1079030878841877, 0.1073535643517971, 0.10875430561247326, 0.10926869201163451, 0.1083917498588562, 0.10884236653403538, 0.10951613237460454, 0.10879219997496832, 0.10816606187394687, 0.10862130327866627, 0.10892257671202382, 0.10808014475247439, 0.10857236671906251, 0.1091479422415004, 0.10841772386005946, 0.10837245521985966, 0.10947363972663879, 0.10898463730700314, 0.10873515556255976, 0.10818344789246719, 0.10761411225094515, 0.10850586229935288, 0.10926588773727416, 0.10903399892979199, 0.10854282655886241, 0.1087130755186081, 0.11030801832675934, 0.10837648571892218, 0.10888480146725972, 0.10769395726291757, 0.10840341448783875, 0.10866706445813179, 0.1086315047882852, 0.10901218599506787, 0.10865477596720059, 0.10897471688010475, 0.10939603069653878, 0.1083670177537462, 0.10829547845891543, 0.10940374859741755, 0.10831227047102791, 0.10784942995418202, 0.10876219285031159, 0.10833644278739628, 0.10851093605160714, 0.1088365094690788, 0.10920408202542199, 0.10837562640125935, 0.1091642092381205, 0.10859270559416877, 0.10858418589288538, 0.10900064025606428, 0.1088758047670126, 0.10863074763781494, 0.10896937896807989, 0.10813133374733083, 0.10876580768010834, 0.10863014745215575, 0.10889512253925204, 0.10913202539086342, 0.10945444447653634, 0.10821325952808063, 0.10871870886711847, 0.10931935012340546, 0.10981702581048011, 0.1090360249985348, 0.10896247797287427, 0.10839917995035649, 0.11035670746456493, 0.10941224748438055, 0.10795653699075475, 0.109732998162508, 0.10970175353919759, 0.10718140344728123, 0.10896057848419462, 0.10845065755503518, 0.10863757201216438, 0.10923824991498675, 0.10864430541793506, 0.10840910812839866, 0.10972381315448067, 0.10909701539919926, 0.10877372779779965, 0.10825831767009653, 0.10974015363238075, 0.10851888019930232, 0.10936258262709568, 0.10803100195798007, 0.10830128463831815, 0.11035447418689728, 0.10864465311169624, 0.10859411635569163, 0.10843021298448245, 0.10910106971859931, 0.10838060900568962, 0.10814184099435806, 0.10942681382099788, 0.10834822732777823, 0.10874344541558198, 0.10817621482743157, 0.10846144126521216, 0.10919396330912907, 0.10863283145077088, 0.10900251641869545, 0.10879669809027721, 0.1095898449420929]}