('OC-FakeDect1 (Trained on RND Dataset)  \nTested on RND Face2Face Dataset  \nRunning Average Evaluation', 'OC-FakeDect1_RND', 'RND', 'OC-FakeDect1_RND_raeonF2Frnd')
auroc=0.5183857796415756
f1=0.47201492537313433
prec=0.44153577661431065
recall=0.5070140280561122

fpr=[0.0, 0.47024246877296105, 1.0]

tpr=[0.0, 0.5070140280561122, 1.0]

y_true=[0, 0, 0, 0, 0, 0, 0, 0, 0, 0, 0, 0, 0, 0, 0, 0, 0, 0, 0, 0, 0, 0, 0, 0, 0, 0, 0, 0, 0, 0, 0, 0, 0, 0, 0, 0, 0, 0, 0, 0, 0, 0, 0, 0, 0, 0, 0, 0, 0, 0, 0, 0, 0, 0, 0, 0, 0, 0, 0, 0, 0, 0, 0, 0, 0, 0, 0, 0, 0, 0, 0, 0, 0, 0, 0, 0, 0, 0, 0, 0, 0, 0, 0, 0, 0, 0, 0, 0, 0, 0, 0, 0, 0, 0, 0, 0, 0, 0, 0, 0, 0, 0, 0, 0, 0, 0, 0, 0, 0, 0, 0, 0, 0, 0, 0, 0, 0, 0, 0, 0, 0, 0, 0, 0, 0, 0, 0, 0, 0, 0, 0, 0, 0, 0, 0, 0, 0, 0, 0, 0, 0, 0, 0, 0, 0, 0, 0, 0, 0, 0, 0, 0, 0, 0, 0, 0, 0, 0, 0, 0, 0, 0, 0, 0, 0, 0, 0, 0, 0, 0, 0, 0, 0, 0, 0, 0, 0, 0, 0, 0, 0, 0, 0, 0, 0, 0, 0, 0, 0, 0, 0, 0, 0, 0, 0, 0, 0, 0, 0, 0, 0, 0, 0, 0, 0, 0, 0, 0, 0, 0, 0, 0, 0, 0, 0, 0, 0, 0, 0, 0, 0, 0, 0, 0, 0, 0, 0, 0, 0, 0, 0, 0, 0, 0, 0, 0, 0, 0, 0, 0, 0, 0, 0, 0, 0, 0, 0, 0, 0, 0, 0, 0, 0, 0, 0, 0, 0, 0, 0, 0, 0, 0, 0, 0, 0, 0, 0, 0, 0, 0, 0, 0, 0, 0, 0, 0, 0, 0, 0, 0, 0, 0, 0, 0, 0, 0, 0, 0, 0, 0, 0, 0, 0, 0, 0, 0, 0, 0, 0, 0, 0, 0, 0, 0, 0, 0, 0, 0, 0, 0, 0, 0, 0, 0, 0, 0, 0, 0, 0, 0, 0, 0, 0, 0, 0, 0, 0, 0, 0, 0, 0, 0, 0, 0, 0, 0, 0, 0, 0, 0, 0, 0, 0, 0, 0, 0, 0, 0, 0, 0, 0, 0, 0, 0, 0, 0, 0, 0, 0, 0, 0, 0, 0, 0, 0, 0, 0, 0, 0, 0, 0, 0, 0, 0, 0, 0, 0, 0, 0, 0, 0, 0, 0, 0, 0, 0, 0, 0, 0, 0, 0, 0, 0, 0, 0, 0, 0, 0, 0, 0, 0, 0, 0, 0, 0, 0, 0, 0, 0, 0, 0, 0, 0, 0, 0, 0, 0, 0, 0, 0, 0, 0, 0, 0, 0, 0, 0, 0, 0, 0, 0, 0, 0, 0, 0, 0, 0, 0, 0, 0, 0, 0, 0, 0, 0, 0, 0, 0, 0, 0, 0, 0, 0, 0, 0, 0, 0, 0, 0, 0, 0, 0, 0, 0, 0, 0, 0, 0, 0, 0, 0, 0, 0, 0, 0, 0, 0, 0, 0, 0, 0, 0, 0, 0, 0, 0, 0, 0, 0, 0, 0, 0, 0, 0, 0, 0, 0, 0, 0, 0, 0, 0, 0, 0, 0, 0, 0, 0, 0, 0, 0, 0, 0, 0, 0, 0, 0, 0, 0, 0, 0, 0, 0, 0, 0, 0, 0, 0, 0, 0, 0, 0, 0, 0, 0, 0, 0, 0, 0, 0, 0, 0, 0, 0, 0, 0, 0, 0, 0, 0, 0, 0, 0, 0, 0, 0, 0, 0, 0, 0, 0, 0, 0, 0, 0, 0, 0, 0, 0, 0, 0, 0, 0, 0, 0, 0, 0, 0, 0, 0, 0, 0, 0, 0, 0, 0, 0, 0, 0, 0, 0, 0, 0, 0, 0, 0, 0, 0, 0, 0, 0, 0, 0, 0, 0, 0, 0, 0, 0, 0, 0, 0, 0, 0, 0, 0, 0, 0, 0, 0, 0, 0, 0, 0, 0, 0, 0, 0, 0, 0, 0, 0, 0, 0, 0, 0, 0, 0, 0, 0, 0, 0, 0, 0, 0, 0, 0, 0, 0, 0, 0, 0, 0, 0, 0, 0, 0, 0, 0, 0, 0, 0, 0, 0, 0, 0, 0, 0, 0, 0, 0, 0, 0, 0, 0, 0, 0, 0, 0, 0, 0, 0, 0, 0, 0, 0, 0, 0, 0, 0, 0, 0, 0, 0, 0, 0, 0, 0, 0, 0, 0, 0, 0, 0, 0, 0, 0, 0, 0, 0, 0, 0, 0, 0, 0, 0, 0, 0, 0, 0, 0, 0, 0, 0, 0, 0, 0, 0, 0, 0, 0, 0, 0, 0, 0, 0, 0, 0, 0, 0, 0, 0, 0, 0, 0, 0, 0, 0, 0, 0, 0, 0, 0, 0, 0, 0, 0, 0, 0, 0, 0, 0, 0, 0, 0, 0, 0, 0, 0, 0, 0, 0, 0, 0, 0, 0, 0, 0, 0, 0, 0, 0, 0, 0, 0, 0, 0, 0, 0, 0, 0, 0, 0, 0, 0, 0, 0, 0, 0, 0, 0, 0, 0, 0, 0, 0, 0, 0, 0, 0, 0, 0, 0, 0, 0, 0, 0, 0, 0, 0, 0, 0, 0, 0, 0, 0, 0, 0, 0, 0, 0, 0, 0, 0, 0, 0, 0, 0, 0, 0, 0, 0, 0, 0, 0, 0, 0, 0, 0, 0, 0, 0, 0, 0, 0, 0, 0, 0, 0, 0, 0, 0, 0, 0, 0, 0, 0, 0, 0, 0, 0, 0, 0, 0, 0, 0, 0, 0, 0, 0, 0, 0, 0, 0, 0, 0, 0, 0, 0, 0, 0, 0, 0, 0, 0, 0, 0, 0, 0, 0, 0, 0, 0, 0, 0, 0, 0, 0, 0, 0, 0, 0, 0, 0, 0, 0, 0, 0, 0, 0, 0, 0, 0, 0, 0, 0, 0, 0, 0, 0, 0, 0, 0, 0, 0, 0, 0, 0, 0, 0, 0, 0, 0, 0, 0, 0, 0, 0, 0, 0, 0, 0, 0, 0, 0, 0, 0, 0, 0, 0, 0, 0, 0, 0, 0, 0, 0, 0, 0, 0, 0, 0, 0, 0, 0, 0, 0, 0, 0, 0, 0, 0, 0, 0, 0, 0, 0, 0, 0, 0, 0, 0, 0, 0, 0, 0, 0, 0, 0, 0, 0, 0, 0, 0, 0, 0, 0, 0, 0, 0, 0, 0, 0, 0, 0, 0, 0, 0, 0, 0, 0, 0, 0, 0, 0, 0, 0, 0, 0, 0, 0, 0, 0, 0, 0, 0, 0, 0, 0, 0, 0, 0, 0, 0, 0, 0, 0, 0, 0, 0, 0, 0, 0, 0, 0, 0, 0, 0, 0, 0, 0, 0, 0, 0, 0, 0, 0, 0, 0, 0, 0, 0, 0, 0, 0, 0, 0, 0, 0, 0, 0, 0, 0, 0, 0, 0, 0, 0, 0, 0, 0, 0, 0, 0, 0, 0, 0, 0, 0, 0, 0, 0, 0, 0, 0, 0, 0, 0, 0, 0, 0, 0, 0, 0, 0, 0, 0, 0, 0, 0, 0, 0, 0, 0, 0, 0, 0, 0, 0, 0, 0, 0, 0, 0, 0, 0, 0, 0, 0, 0, 0, 0, 0, 0, 0, 0, 0, 0, 0, 0, 0, 0, 0, 0, 0, 0, 0, 0, 0, 0, 0, 0, 0, 0, 0, 0, 0, 0, 0, 0, 0, 0, 0, 0, 0, 0, 0, 0, 0, 0, 0, 0, 0, 0, 0, 0, 0, 0, 0, 0, 0, 0, 0, 0, 0, 0, 0, 0, 0, 0, 0, 0, 0, 0, 0, 0, 0, 0, 0, 0, 0, 0, 0, 0, 0, 0, 0, 0, 0, 0, 0, 0, 0, 0, 0, 0, 0, 0, 0, 0, 0, 0, 0, 0, 0, 0, 0, 0, 0, 0, 0, 0, 0, 0, 0, 0, 0, 0, 0, 0, 0, 0, 0, 0, 0, 0, 0, 0, 0, 0, 0, 0, 0, 0, 0, 0, 0, 0, 0, 0, 0, 0, 0, 0, 0, 0, 0, 0, 0, 0, 0, 0, 0, 0, 0, 0, 0, 0, 0, 0, 0, 0, 0, 0, 0, 0, 0, 0, 0, 0, 0, 0, 0, 0, 0, 0, 0, 0, 0, 0, 0, 0, 0, 0, 0, 0, 0, 0, 0, 0, 0, 0, 0, 0, 0, 0, 0, 0, 0, 0, 0, 0, 0, 0, 0, 0, 0, 0, 0, 0, 0, 0, 0, 0, 0, 0, 0, 0, 0, 0, 0, 0, 0, 0, 0, 0, 0, 0, 0, 0, 0, 1, 1, 1, 1, 1, 1, 1, 1, 1, 1, 1, 1, 1, 1, 1, 1, 1, 1, 1, 1, 1, 1, 1, 1, 1, 1, 1, 1, 1, 1, 1, 1, 1, 1, 1, 1, 1, 1, 1, 1, 1, 1, 1, 1, 1, 1, 1, 1, 1, 1, 1, 1, 1, 1, 1, 1, 1, 1, 1, 1, 1, 1, 1, 1, 1, 1, 1, 1, 1, 1, 1, 1, 1, 1, 1, 1, 1, 1, 1, 1, 1, 1, 1, 1, 1, 1, 1, 1, 1, 1, 1, 1, 1, 1, 1, 1, 1, 1, 1, 1, 1, 1, 1, 1, 1, 1, 1, 1, 1, 1, 1, 1, 1, 1, 1, 1, 1, 1, 1, 1, 1, 1, 1, 1, 1, 1, 1, 1, 1, 1, 1, 1, 1, 1, 1, 1, 1, 1, 1, 1, 1, 1, 1, 1, 1, 1, 1, 1, 1, 1, 1, 1, 1, 1, 1, 1, 1, 1, 1, 1, 1, 1, 1, 1, 1, 1, 1, 1, 1, 1, 1, 1, 1, 1, 1, 1, 1, 1, 1, 1, 1, 1, 1, 1, 1, 1, 1, 1, 1, 1, 1, 1, 1, 1, 1, 1, 1, 1, 1, 1, 1, 1, 1, 1, 1, 1, 1, 1, 1, 1, 1, 1, 1, 1, 1, 1, 1, 1, 1, 1, 1, 1, 1, 1, 1, 1, 1, 1, 1, 1, 1, 1, 1, 1, 1, 1, 1, 1, 1, 1, 1, 1, 1, 1, 1, 1, 1, 1, 1, 1, 1, 1, 1, 1, 1, 1, 1, 1, 1, 1, 1, 1, 1, 1, 1, 1, 1, 1, 1, 1, 1, 1, 1, 1, 1, 1, 1, 1, 1, 1, 1, 1, 1, 1, 1, 1, 1, 1, 1, 1, 1, 1, 1, 1, 1, 1, 1, 1, 1, 1, 1, 1, 1, 1, 1, 1, 1, 1, 1, 1, 1, 1, 1, 1, 1, 1, 1, 1, 1, 1, 1, 1, 1, 1, 1, 1, 1, 1, 1, 1, 1, 1, 1, 1, 1, 1, 1, 1, 1, 1, 1, 1, 1, 1, 1, 1, 1, 1, 1, 1, 1, 1, 1, 1, 1, 1, 1, 1, 1, 1, 1, 1, 1, 1, 1, 1, 1, 1, 1, 1, 1, 1, 1, 1, 1, 1, 1, 1, 1, 1, 1, 1, 1, 1, 1, 1, 1, 1, 1, 1, 1, 1, 1, 1, 1, 1, 1, 1, 1, 1, 1, 1, 1, 1, 1, 1, 1, 1, 1, 1, 1, 1, 1, 1, 1, 1, 1, 1, 1, 1, 1, 1, 1, 1, 1, 1, 1, 1, 1, 1, 1, 1, 1, 1, 1, 1, 1, 1, 1, 1, 1, 1, 1, 1, 1, 1, 1, 1, 1, 1, 1, 1, 1, 1, 1, 1, 1, 1, 1, 1, 1, 1, 1, 1, 1, 1, 1, 1, 1, 1, 1, 1, 1, 1, 1, 1, 1, 1, 1, 1, 1, 1, 1, 1, 1, 1, 1, 1, 1, 1, 1, 1, 1, 1, 1, 1, 1, 1, 1, 1, 1, 1, 1, 1, 1, 1, 1, 1, 1, 1, 1, 1, 1, 1, 1, 1, 1, 1, 1, 1, 1, 1, 1, 1, 1, 1, 1, 1, 1, 1, 1, 1, 1, 1, 1, 1, 1, 1, 1, 1, 1, 1, 1, 1, 1, 1, 1, 1, 1, 1, 1, 1, 1, 1, 1, 1, 1, 1, 1, 1, 1, 1, 1, 1, 1, 1, 1, 1, 1, 1, 1, 1, 1, 1, 1, 1, 1, 1, 1, 1, 1, 1, 1, 1, 1, 1, 1, 1, 1, 1, 1, 1, 1, 1, 1, 1, 1, 1, 1, 1, 1, 1, 1, 1, 1, 1, 1, 1, 1, 1, 1, 1, 1, 1, 1, 1, 1, 1, 1, 1, 1, 1, 1, 1, 1, 1, 1, 1, 1, 1, 1, 1, 1, 1, 1, 1, 1, 1, 1, 1, 1, 1, 1, 1, 1, 1, 1, 1, 1, 1, 1, 1, 1, 1, 1, 1, 1, 1, 1, 1, 1, 1, 1, 1, 1, 1, 1, 1, 1, 1, 1, 1, 1, 1, 1, 1, 1, 1, 1, 1, 1, 1, 1, 1, 1, 1, 1, 1, 1, 1, 1, 1, 1, 1, 1, 1, 1, 1, 1, 1, 1, 1, 1, 1, 1, 1, 1, 1, 1, 1, 1, 1, 1, 1, 1, 1, 1, 1, 1, 1, 1, 1, 1, 1, 1, 1, 1, 1, 1, 1, 1, 1, 1, 1, 1, 1, 1, 1, 1, 1, 1, 1, 1, 1, 1, 1, 1, 1, 1, 1, 1, 1, 1, 1, 1, 1, 1, 1, 1, 1, 1, 1, 1, 1, 1, 1, 1, 1, 1, 1, 1, 1, 1, 1, 1, 1, 1, 1, 1, 1, 1, 1, 1, 1, 1, 1, 1, 1, 1, 1, 1, 1, 1, 1, 1, 1, 1, 1, 1, 1, 1, 1, 1, 1, 1, 1, 1, 1, 1, 1, 1, 1, 1, 1, 1, 1, 1, 1, 1, 1, 1, 1, 1, 1, 1, 1, 1, 1, 1, 1, 1, 1, 1, 1, 1, 1, 1, 1, 1, 1, 1, 1, 1, 1, 1, 1, 1, 1, 1, 1, 1, 1, 1, 1, 1, 1, 1, 1, 1, 1, 1, 1, 1, 1, 1, 1, 1, 1, 1, 1, 1, 1, 1, 1, 1, 1, 1, 1, 1, 1, 1, 1, 1, 1, 1, 1, 1, 1, 1, 1, 1, 1, 1, 1, 1, 1, 1, 1, 1, 1, 1, 1, 1, 1, 1, 1, 1, 1, 1, 1, 1, 1, 1, 1, 1, 1, 1, 1, 1, 1, 1, 1, 1, 1, 1, 1, 1, 1, 1, 1, 1, 1, 1, 1, 1, 1, 1, 1, 1, 1, 1, 1, 1, 1, 1, 1, 1, 1, 1, 1, 1, 1, 1, 1, 1, 1, 1, 1, 1, 1, 1, 1, 1, 1, 1, 1, 1, 1, 1, 1, 1, 1, 1, 1, 1, 1, 1, 1, 1, 1, 1, 1, 1, 1, 1, 1, 1, 1, 1, 1, 1, 1, 1, 1, 1, 1, 1, 1]

y_pred=[0.0, 0.0, 0.0, 0.0, 0.0, 1.0, 0.0, 0.0, 0.0, 0.0, 1.0, 0.0, 1.0, 1.0, 1.0, 0.0, 1.0, 1.0, 1.0, 1.0, 0.0, 0.0, 0.0, 0.0, 1.0, 0.0, 1.0, 0.0, 1.0, 0.0, 0.0, 1.0, 0.0, 0.0, 0.0, 1.0, 0.0, 0.0, 1.0, 1.0, 1.0, 1.0, 1.0, 1.0, 0.0, 1.0, 1.0, 1.0, 0.0, 0.0, 1.0, 0.0, 1.0, 0.0, 1.0, 0.0, 0.0, 0.0, 1.0, 1.0, 0.0, 1.0, 1.0, 0.0, 0.0, 0.0, 0.0, 0.0, 0.0, 1.0, 0.0, 1.0, 1.0, 1.0, 1.0, 0.0, 0.0, 0.0, 1.0, 1.0, 1.0, 0.0, 1.0, 0.0, 1.0, 0.0, 1.0, 1.0, 1.0, 1.0, 0.0, 1.0, 0.0, 0.0, 1.0, 1.0, 1.0, 0.0, 0.0, 0.0, 0.0, 1.0, 0.0, 0.0, 1.0, 0.0, 1.0, 0.0, 0.0, 1.0, 1.0, 1.0, 1.0, 0.0, 0.0, 1.0, 1.0, 1.0, 1.0, 1.0, 0.0, 1.0, 1.0, 1.0, 1.0, 1.0, 0.0, 0.0, 1.0, 1.0, 1.0, 1.0, 1.0, 1.0, 0.0, 0.0, 0.0, 0.0, 0.0, 0.0, 0.0, 1.0, 0.0, 1.0, 1.0, 1.0, 1.0, 1.0, 0.0, 0.0, 1.0, 0.0, 0.0, 1.0, 1.0, 1.0, 0.0, 0.0, 0.0, 0.0, 0.0, 1.0, 0.0, 0.0, 0.0, 0.0, 1.0, 0.0, 1.0, 1.0, 0.0, 1.0, 1.0, 0.0, 1.0, 0.0, 0.0, 1.0, 1.0, 1.0, 0.0, 1.0, 1.0, 0.0, 1.0, 0.0, 1.0, 0.0, 0.0, 1.0, 1.0, 0.0, 0.0, 1.0, 1.0, 0.0, 1.0, 1.0, 1.0, 0.0, 1.0, 0.0, 1.0, 0.0, 0.0, 1.0, 0.0, 0.0, 0.0, 0.0, 0.0, 1.0, 0.0, 0.0, 0.0, 1.0, 1.0, 0.0, 1.0, 0.0, 1.0, 1.0, 0.0, 0.0, 1.0, 0.0, 1.0, 0.0, 0.0, 0.0, 1.0, 1.0, 1.0, 1.0, 1.0, 1.0, 0.0, 1.0, 1.0, 1.0, 0.0, 0.0, 1.0, 0.0, 0.0, 0.0, 1.0, 0.0, 1.0, 0.0, 1.0, 0.0, 1.0, 0.0, 0.0, 0.0, 1.0, 0.0, 0.0, 1.0, 0.0, 1.0, 0.0, 0.0, 0.0, 0.0, 0.0, 1.0, 0.0, 0.0, 1.0, 1.0, 0.0, 0.0, 1.0, 1.0, 0.0, 1.0, 0.0, 1.0, 1.0, 0.0, 0.0, 1.0, 1.0, 0.0, 1.0, 1.0, 0.0, 1.0, 0.0, 1.0, 1.0, 0.0, 1.0, 1.0, 1.0, 1.0, 1.0, 0.0, 1.0, 1.0, 0.0, 1.0, 1.0, 1.0, 1.0, 0.0, 0.0, 0.0, 0.0, 0.0, 0.0, 0.0, 1.0, 0.0, 0.0, 0.0, 0.0, 1.0, 1.0, 0.0, 0.0, 0.0, 1.0, 1.0, 0.0, 0.0, 0.0, 1.0, 1.0, 1.0, 1.0, 0.0, 0.0, 0.0, 1.0, 0.0, 0.0, 0.0, 0.0, 1.0, 0.0, 1.0, 0.0, 1.0, 0.0, 0.0, 0.0, 1.0, 0.0, 0.0, 0.0, 0.0, 1.0, 1.0, 0.0, 0.0, 0.0, 1.0, 1.0, 1.0, 1.0, 1.0, 1.0, 0.0, 1.0, 0.0, 0.0, 0.0, 1.0, 1.0, 0.0, 1.0, 1.0, 1.0, 0.0, 0.0, 1.0, 1.0, 1.0, 0.0, 1.0, 1.0, 0.0, 0.0, 0.0, 1.0, 1.0, 1.0, 0.0, 0.0, 1.0, 0.0, 0.0, 1.0, 1.0, 0.0, 0.0, 1.0, 0.0, 0.0, 1.0, 0.0, 1.0, 0.0, 1.0, 0.0, 0.0, 0.0, 1.0, 1.0, 0.0, 1.0, 0.0, 1.0, 1.0, 1.0, 0.0, 0.0, 0.0, 1.0, 1.0, 1.0, 1.0, 1.0, 0.0, 1.0, 0.0, 1.0, 0.0, 1.0, 0.0, 0.0, 0.0, 1.0, 1.0, 0.0, 0.0, 0.0, 1.0, 0.0, 0.0, 1.0, 0.0, 0.0, 0.0, 0.0, 1.0, 1.0, 0.0, 1.0, 1.0, 1.0, 0.0, 1.0, 1.0, 1.0, 1.0, 1.0, 1.0, 0.0, 0.0, 0.0, 0.0, 0.0, 1.0, 0.0, 0.0, 1.0, 1.0, 1.0, 1.0, 1.0, 0.0, 1.0, 1.0, 1.0, 0.0, 1.0, 1.0, 0.0, 1.0, 1.0, 1.0, 1.0, 0.0, 1.0, 0.0, 0.0, 1.0, 1.0, 1.0, 0.0, 1.0, 1.0, 1.0, 0.0, 1.0, 1.0, 1.0, 0.0, 0.0, 0.0, 1.0, 0.0, 1.0, 1.0, 0.0, 0.0, 0.0, 0.0, 0.0, 1.0, 0.0, 0.0, 1.0, 1.0, 1.0, 1.0, 1.0, 0.0, 1.0, 1.0, 0.0, 0.0, 1.0, 0.0, 0.0, 1.0, 1.0, 0.0, 0.0, 1.0, 1.0, 1.0, 1.0, 1.0, 0.0, 1.0, 0.0, 0.0, 0.0, 1.0, 1.0, 0.0, 0.0, 1.0, 0.0, 1.0, 0.0, 1.0, 1.0, 1.0, 0.0, 0.0, 0.0, 0.0, 1.0, 0.0, 0.0, 0.0, 1.0, 0.0, 1.0, 0.0, 0.0, 1.0, 1.0, 0.0, 0.0, 1.0, 0.0, 1.0, 1.0, 0.0, 1.0, 0.0, 1.0, 0.0, 1.0, 0.0, 1.0, 1.0, 1.0, 0.0, 0.0, 1.0, 0.0, 1.0, 1.0, 0.0, 0.0, 1.0, 1.0, 0.0, 1.0, 1.0, 1.0, 1.0, 0.0, 1.0, 0.0, 0.0, 0.0, 0.0, 1.0, 1.0, 1.0, 0.0, 1.0, 1.0, 1.0, 1.0, 0.0, 1.0, 0.0, 0.0, 0.0, 0.0, 0.0, 1.0, 0.0, 0.0, 0.0, 0.0, 1.0, 1.0, 0.0, 0.0, 1.0, 0.0, 1.0, 0.0, 0.0, 1.0, 1.0, 0.0, 1.0, 0.0, 0.0, 0.0, 1.0, 0.0, 1.0, 0.0, 1.0, 0.0, 0.0, 0.0, 0.0, 0.0, 1.0, 0.0, 0.0, 0.0, 0.0, 0.0, 1.0, 0.0, 0.0, 1.0, 1.0, 1.0, 0.0, 1.0, 0.0, 0.0, 1.0, 1.0, 0.0, 0.0, 0.0, 0.0, 1.0, 1.0, 1.0, 1.0, 0.0, 0.0, 1.0, 1.0, 1.0, 1.0, 0.0, 1.0, 0.0, 0.0, 1.0, 0.0, 1.0, 0.0, 0.0, 0.0, 1.0, 0.0, 1.0, 1.0, 0.0, 1.0, 0.0, 1.0, 1.0, 0.0, 0.0, 1.0, 0.0, 0.0, 1.0, 0.0, 0.0, 0.0, 1.0, 0.0, 1.0, 1.0, 1.0, 0.0, 1.0, 0.0, 1.0, 0.0, 0.0, 0.0, 1.0, 1.0, 1.0, 0.0, 0.0, 0.0, 1.0, 1.0, 1.0, 1.0, 0.0, 1.0, 1.0, 1.0, 1.0, 0.0, 0.0, 0.0, 0.0, 0.0, 0.0, 0.0, 1.0, 0.0, 1.0, 0.0, 1.0, 0.0, 0.0, 0.0, 0.0, 1.0, 0.0, 1.0, 0.0, 0.0, 1.0, 0.0, 0.0, 0.0, 0.0, 1.0, 1.0, 1.0, 1.0, 0.0, 0.0, 1.0, 1.0, 1.0, 1.0, 1.0, 1.0, 0.0, 0.0, 0.0, 0.0, 0.0, 1.0, 0.0, 0.0, 0.0, 0.0, 0.0, 1.0, 0.0, 1.0, 0.0, 0.0, 1.0, 0.0, 1.0, 1.0, 1.0, 0.0, 1.0, 0.0, 0.0, 1.0, 1.0, 0.0, 0.0, 1.0, 0.0, 1.0, 0.0, 1.0, 1.0, 0.0, 0.0, 1.0, 1.0, 0.0, 0.0, 1.0, 1.0, 0.0, 0.0, 0.0, 0.0, 0.0, 0.0, 1.0, 0.0, 1.0, 0.0, 1.0, 1.0, 0.0, 0.0, 0.0, 1.0, 1.0, 1.0, 1.0, 1.0, 1.0, 0.0, 1.0, 0.0, 0.0, 1.0, 0.0, 1.0, 1.0, 0.0, 0.0, 0.0, 0.0, 0.0, 0.0, 0.0, 1.0, 1.0, 1.0, 1.0, 1.0, 1.0, 1.0, 1.0, 0.0, 0.0, 0.0, 1.0, 0.0, 0.0, 0.0, 0.0, 1.0, 1.0, 1.0, 1.0, 0.0, 0.0, 0.0, 0.0, 0.0, 0.0, 1.0, 1.0, 0.0, 0.0, 0.0, 0.0, 0.0, 1.0, 0.0, 0.0, 0.0, 0.0, 0.0, 0.0, 1.0, 0.0, 0.0, 0.0, 1.0, 0.0, 0.0, 1.0, 0.0, 1.0, 0.0, 0.0, 0.0, 1.0, 1.0, 1.0, 1.0, 1.0, 0.0, 0.0, 1.0, 1.0, 1.0, 0.0, 0.0, 1.0, 0.0, 0.0, 1.0, 0.0, 0.0, 1.0, 1.0, 0.0, 1.0, 1.0, 0.0, 0.0, 0.0, 1.0, 1.0, 1.0, 0.0, 1.0, 0.0, 0.0, 0.0, 0.0, 1.0, 0.0, 0.0, 1.0, 1.0, 0.0, 0.0, 1.0, 0.0, 0.0, 1.0, 1.0, 1.0, 0.0, 0.0, 0.0, 0.0, 0.0, 0.0, 0.0, 0.0, 0.0, 1.0, 1.0, 0.0, 0.0, 0.0, 1.0, 1.0, 1.0, 0.0, 0.0, 0.0, 0.0, 1.0, 0.0, 0.0, 0.0, 0.0, 0.0, 0.0, 0.0, 1.0, 0.0, 1.0, 0.0, 1.0, 0.0, 1.0, 1.0, 1.0, 0.0, 1.0, 1.0, 1.0, 0.0, 0.0, 0.0, 1.0, 1.0, 1.0, 0.0, 1.0, 1.0, 0.0, 0.0, 0.0, 1.0, 1.0, 0.0, 0.0, 0.0, 1.0, 1.0, 0.0, 0.0, 0.0, 1.0, 1.0, 1.0, 1.0, 1.0, 0.0, 0.0, 1.0, 1.0, 0.0, 1.0, 0.0, 1.0, 1.0, 0.0, 0.0, 0.0, 0.0, 0.0, 1.0, 0.0, 1.0, 1.0, 1.0, 0.0, 1.0, 1.0, 0.0, 0.0, 0.0, 1.0, 0.0, 0.0, 0.0, 1.0, 0.0, 1.0, 0.0, 0.0, 1.0, 0.0, 0.0, 0.0, 0.0, 0.0, 0.0, 1.0, 0.0, 0.0, 0.0, 1.0, 0.0, 1.0, 0.0, 1.0, 0.0, 1.0, 0.0, 1.0, 0.0, 1.0, 1.0, 1.0, 0.0, 1.0, 0.0, 0.0, 1.0, 1.0, 1.0, 0.0, 0.0, 1.0, 0.0, 0.0, 0.0, 1.0, 1.0, 0.0, 0.0, 1.0, 1.0, 1.0, 1.0, 0.0, 1.0, 0.0, 0.0, 0.0, 0.0, 1.0, 0.0, 1.0, 1.0, 0.0, 1.0, 1.0, 0.0, 0.0, 0.0, 1.0, 0.0, 1.0, 1.0, 0.0, 0.0, 1.0, 1.0, 1.0, 1.0, 1.0, 1.0, 1.0, 1.0, 0.0, 0.0, 0.0, 1.0, 1.0, 0.0, 0.0, 0.0, 0.0, 1.0, 1.0, 0.0, 0.0, 1.0, 0.0, 0.0, 0.0, 1.0, 1.0, 0.0, 1.0, 0.0, 1.0, 1.0, 0.0, 1.0, 1.0, 1.0, 1.0, 0.0, 0.0, 0.0, 0.0, 0.0, 1.0, 0.0, 1.0, 0.0, 0.0, 0.0, 0.0, 0.0, 1.0, 0.0, 1.0, 1.0, 1.0, 1.0, 0.0, 0.0, 0.0, 0.0, 0.0, 0.0, 1.0, 1.0, 1.0, 1.0, 0.0, 1.0, 0.0, 0.0, 0.0, 0.0, 0.0, 0.0, 0.0, 1.0, 1.0, 0.0, 0.0, 0.0, 1.0, 0.0, 0.0, 1.0, 0.0, 0.0, 1.0, 1.0, 0.0, 1.0, 1.0, 1.0, 0.0, 1.0, 1.0, 0.0, 1.0, 1.0, 0.0, 1.0, 1.0, 1.0, 0.0, 0.0, 0.0, 1.0, 0.0, 0.0, 0.0, 0.0, 1.0, 0.0, 1.0, 0.0, 0.0, 1.0, 1.0, 0.0, 1.0, 0.0, 1.0, 0.0, 0.0, 0.0, 1.0, 1.0, 1.0, 1.0, 0.0, 0.0, 0.0, 1.0, 1.0, 1.0, 0.0, 0.0, 0.0, 1.0, 0.0, 1.0, 1.0, 1.0, 1.0, 0.0, 1.0, 0.0, 0.0, 0.0, 0.0, 0.0, 1.0, 0.0, 0.0, 1.0, 0.0, 0.0, 1.0, 0.0, 0.0, 1.0, 0.0, 0.0, 1.0, 0.0, 0.0, 1.0, 0.0, 0.0, 0.0, 1.0, 1.0, 1.0, 0.0, 1.0, 0.0, 0.0, 1.0, 0.0, 0.0, 0.0, 1.0, 1.0, 0.0, 0.0, 1.0, 1.0, 0.0, 1.0, 0.0, 0.0, 1.0, 1.0, 1.0, 0.0, 0.0, 1.0, 1.0, 1.0, 0.0, 0.0, 0.0, 1.0, 1.0, 0.0, 0.0, 1.0, 1.0, 0.0, 0.0, 0.0, 1.0, 0.0, 0.0, 0.0, 0.0, 0.0, 1.0, 0.0, 1.0, 1.0, 0.0, 0.0, 1.0, 0.0, 1.0, 1.0, 1.0, 0.0, 0.0, 0.0, 1.0, 0.0, 1.0, 1.0, 0.0, 1.0, 0.0, 0.0, 0.0, 1.0, 1.0, 0.0, 0.0, 1.0, 1.0, 1.0, 0.0, 0.0, 1.0, 1.0, 1.0, 0.0, 1.0, 1.0, 1.0, 1.0, 1.0, 0.0, 0.0, 1.0, 0.0, 1.0, 1.0, 1.0, 0.0, 1.0, 0.0, 1.0, 0.0, 1.0, 0.0, 0.0, 0.0, 1.0, 1.0, 1.0, 1.0, 1.0, 1.0, 1.0, 1.0, 1.0, 1.0, 0.0, 0.0, 1.0, 0.0, 0.0, 0.0, 0.0, 0.0, 1.0, 0.0, 1.0, 0.0, 1.0, 1.0, 1.0, 0.0, 1.0, 0.0, 0.0, 0.0, 0.0, 1.0, 0.0, 0.0, 0.0, 0.0, 0.0, 0.0, 0.0, 1.0, 1.0, 1.0, 0.0, 1.0, 1.0, 0.0, 0.0, 0.0, 0.0, 0.0, 0.0, 0.0, 0.0, 1.0, 0.0, 0.0, 1.0, 1.0, 1.0, 0.0, 1.0, 1.0, 0.0, 0.0, 1.0, 1.0, 0.0, 0.0, 0.0, 0.0, 0.0, 1.0, 1.0, 1.0, 0.0, 0.0, 1.0, 1.0, 0.0, 1.0, 0.0, 1.0, 1.0, 1.0, 0.0, 1.0, 1.0, 0.0, 1.0, 0.0, 0.0, 0.0, 1.0, 1.0, 1.0, 1.0, 1.0, 0.0, 1.0, 0.0, 1.0, 1.0, 1.0, 0.0, 1.0, 0.0, 1.0, 1.0, 1.0, 0.0, 0.0, 0.0, 1.0, 1.0, 1.0, 0.0, 1.0, 1.0, 0.0, 0.0, 0.0, 0.0, 1.0, 1.0, 1.0, 0.0, 1.0, 1.0, 1.0, 0.0, 0.0, 1.0, 1.0, 0.0, 1.0, 1.0, 1.0, 1.0, 1.0, 0.0, 0.0, 0.0, 1.0, 0.0, 0.0, 1.0, 1.0, 0.0, 1.0, 1.0, 0.0, 1.0, 1.0, 1.0, 1.0, 1.0, 1.0, 1.0, 0.0, 0.0, 0.0, 0.0, 1.0, 0.0, 0.0, 0.0, 1.0, 1.0, 0.0, 0.0, 0.0, 1.0, 1.0, 0.0, 1.0, 0.0, 0.0, 1.0, 1.0, 1.0, 0.0, 0.0, 0.0, 1.0, 0.0, 1.0, 1.0, 1.0, 0.0, 1.0, 0.0, 0.0, 1.0, 1.0, 0.0, 0.0, 1.0, 1.0, 0.0, 0.0, 1.0, 0.0, 0.0, 1.0, 1.0, 0.0, 1.0, 0.0, 1.0, 1.0, 0.0, 0.0, 1.0, 0.0, 1.0, 1.0, 0.0, 1.0, 0.0, 0.0, 1.0, 0.0, 0.0, 0.0, 0.0, 0.0, 1.0, 1.0, 1.0, 1.0, 0.0, 0.0, 0.0, 1.0, 1.0, 1.0, 1.0, 1.0, 1.0, 1.0, 0.0, 0.0, 1.0, 0.0, 0.0, 0.0, 0.0, 1.0, 1.0, 1.0, 1.0, 0.0, 0.0, 0.0, 0.0, 1.0, 0.0, 0.0, 1.0, 1.0, 0.0, 0.0, 0.0, 1.0, 0.0, 1.0, 1.0, 0.0, 1.0, 1.0, 0.0, 1.0, 0.0, 1.0, 0.0, 0.0, 0.0, 1.0, 0.0, 1.0, 1.0, 1.0, 1.0, 1.0, 0.0, 1.0, 0.0, 1.0, 0.0, 0.0, 1.0, 1.0, 0.0, 1.0, 0.0, 1.0, 0.0, 0.0, 0.0, 1.0, 0.0, 1.0, 0.0, 0.0, 0.0, 1.0, 0.0, 0.0, 0.0, 0.0, 0.0, 1.0, 0.0, 1.0, 1.0, 0.0, 1.0, 1.0, 0.0, 1.0, 1.0, 1.0, 0.0, 0.0, 0.0, 1.0, 0.0, 0.0, 0.0, 1.0, 0.0, 0.0, 0.0, 1.0, 1.0, 1.0, 1.0, 1.0, 1.0, 0.0, 0.0, 1.0, 0.0, 0.0, 1.0, 0.0, 0.0, 0.0, 1.0, 1.0, 0.0, 1.0, 0.0, 0.0, 1.0, 0.0, 0.0, 0.0, 1.0, 1.0, 1.0, 0.0, 1.0, 1.0, 1.0, 1.0, 0.0, 1.0, 0.0, 0.0, 0.0, 0.0, 1.0, 1.0, 0.0, 0.0, 1.0, 0.0, 1.0, 1.0, 0.0, 1.0, 0.0, 1.0, 1.0, 0.0, 1.0, 0.0, 0.0, 1.0, 0.0, 1.0, 1.0, 0.0, 1.0, 1.0, 1.0, 1.0, 1.0, 0.0, 0.0, 0.0, 0.0, 1.0, 1.0, 1.0, 1.0, 0.0, 1.0, 1.0, 0.0, 0.0, 0.0, 0.0, 1.0, 0.0, 0.0, 1.0, 0.0, 0.0, 0.0, 1.0, 0.0, 0.0, 1.0, 0.0, 1.0, 1.0, 1.0, 1.0, 0.0, 1.0, 0.0, 0.0, 1.0, 1.0, 1.0, 0.0, 1.0, 0.0, 0.0, 0.0, 1.0, 1.0, 0.0, 1.0, 1.0, 0.0, 1.0, 0.0, 0.0, 0.0, 1.0, 0.0, 1.0, 0.0, 1.0, 0.0, 0.0, 1.0, 0.0, 1.0, 0.0, 1.0, 1.0, 0.0, 0.0, 0.0, 1.0, 0.0, 1.0, 0.0, 0.0, 1.0, 1.0, 1.0, 1.0, 1.0, 1.0, 0.0, 1.0, 1.0, 1.0, 0.0, 0.0, 0.0, 0.0, 1.0, 1.0, 1.0, 0.0, 1.0, 1.0, 1.0, 1.0, 0.0, 0.0, 1.0, 0.0, 0.0, 1.0, 0.0, 0.0, 1.0, 0.0, 0.0, 1.0, 0.0, 0.0, 0.0, 0.0, 0.0, 1.0, 0.0, 0.0, 1.0, 1.0, 0.0, 1.0, 0.0, 1.0, 1.0, 1.0, 1.0, 1.0, 0.0, 0.0, 0.0, 0.0, 0.0, 1.0, 1.0, 1.0, 0.0, 1.0, 0.0, 1.0, 1.0, 0.0, 1.0, 1.0, 0.0, 1.0, 0.0, 1.0, 1.0, 1.0, 1.0, 0.0, 1.0, 1.0, 1.0, 1.0, 0.0, 0.0, 0.0, 0.0, 0.0, 1.0, 1.0, 1.0, 0.0, 1.0, 1.0, 1.0, 1.0, 1.0, 1.0, 0.0, 0.0, 0.0, 0.0, 1.0, 1.0, 1.0, 1.0, 1.0, 0.0, 0.0, 0.0, 0.0, 1.0, 1.0, 1.0, 0.0, 1.0, 1.0, 1.0, 1.0, 0.0, 0.0, 0.0, 1.0, 0.0, 0.0, 0.0, 0.0, 1.0, 0.0, 1.0, 1.0, 1.0, 1.0, 0.0, 1.0, 0.0, 1.0, 1.0, 1.0, 1.0, 0.0, 1.0, 1.0, 0.0, 1.0, 0.0, 0.0, 1.0, 1.0, 0.0, 1.0, 0.0, 0.0, 0.0, 0.0, 0.0, 1.0, 1.0, 1.0, 0.0, 0.0, 1.0, 0.0, 1.0, 1.0, 1.0, 0.0, 0.0, 1.0, 0.0, 0.0, 0.0, 1.0, 1.0, 1.0, 0.0, 1.0, 0.0, 0.0, 0.0, 0.0, 1.0, 1.0, 1.0, 0.0, 0.0, 1.0, 0.0, 1.0, 1.0, 0.0, 1.0, 0.0, 0.0, 0.0, 1.0, 0.0, 1.0, 1.0, 1.0, 0.0, 1.0, 0.0, 1.0, 0.0, 1.0, 1.0, 1.0, 1.0, 0.0, 1.0, 0.0, 0.0, 0.0, 0.0, 1.0, 0.0, 0.0, 0.0, 0.0, 0.0, 1.0, 0.0, 1.0, 1.0, 0.0, 0.0, 1.0, 1.0, 1.0, 0.0, 0.0, 1.0, 0.0, 1.0, 1.0, 1.0, 1.0, 0.0, 0.0, 0.0, 1.0, 0.0, 0.0, 0.0, 1.0, 0.0, 0.0, 1.0, 0.0, 1.0, 1.0, 1.0, 1.0, 0.0, 1.0, 0.0, 0.0, 1.0, 1.0, 0.0, 0.0, 1.0, 0.0, 1.0, 1.0, 1.0, 1.0, 1.0, 1.0, 1.0, 1.0, 0.0, 1.0, 0.0, 0.0, 0.0, 1.0, 1.0, 0.0, 1.0, 0.0, 0.0, 0.0, 0.0, 1.0, 1.0, 0.0, 1.0, 1.0, 1.0, 1.0, 0.0, 0.0, 1.0, 1.0, 1.0, 1.0, 1.0, 1.0, 0.0, 1.0, 1.0, 0.0, 1.0, 1.0, 1.0, 0.0, 0.0, 0.0, 1.0, 0.0, 0.0, 1.0, 1.0, 1.0, 0.0, 1.0, 0.0, 0.0, 0.0, 0.0, 1.0, 0.0, 0.0, 0.0, 0.0, 0.0, 1.0, 0.0, 0.0, 0.0, 0.0, 0.0, 1.0, 0.0, 1.0, 0.0, 0.0, 0.0, 1.0, 0.0, 0.0, 1.0, 1.0, 0.0, 1.0, 0.0, 1.0, 0.0, 0.0, 0.0, 1.0, 0.0, 1.0, 1.0, 0.0, 0.0, 1.0, 0.0, 0.0, 0.0, 0.0, 0.0, 1.0, 0.0, 0.0, 1.0, 1.0, 1.0, 0.0, 1.0, 0.0, 0.0, 0.0, 1.0, 1.0, 0.0, 1.0, 0.0, 0.0, 1.0, 0.0, 1.0, 1.0, 0.0, 0.0, 1.0, 1.0, 1.0, 1.0, 1.0, 0.0, 1.0, 1.0, 1.0, 1.0, 1.0, 1.0, 0.0, 0.0, 0.0, 0.0, 1.0, 1.0, 1.0, 0.0, 0.0, 0.0, 0.0, 1.0, 1.0, 0.0, 1.0, 1.0, 1.0, 0.0, 1.0, 0.0, 0.0, 1.0, 1.0, 1.0, 0.0, 1.0, 0.0, 1.0, 1.0, 0.0, 1.0, 1.0, 0.0, 0.0, 0.0, 1.0, 0.0, 0.0, 0.0, 1.0, 1.0, 0.0, 0.0, 1.0, 1.0, 0.0, 1.0, 0.0, 0.0, 1.0, 1.0, 0.0, 1.0, 0.0, 0.0, 0.0, 0.0, 0.0, 1.0, 1.0, 1.0, 1.0, 1.0, 0.0, 1.0, 0.0, 0.0, 0.0, 0.0, 0.0, 0.0, 1.0, 0.0, 0.0, 0.0, 0.0, 1.0, 1.0, 0.0, 1.0, 1.0, 1.0, 0.0, 1.0, 1.0, 1.0, 0.0, 1.0, 0.0, 1.0]
\score={0: [0.1339499851067861, 0.1339408028870821, 0.13387886860540935, 0.13430812529155187, 0.1347052589058876, 0.1336346726332392, 0.13395223284468932, 0.13434034044092352, 0.13404185520975212, 0.1339335017479383, 0.13323278831584112, 0.1340345637872815, 0.1333396096121181, 0.13306511640548707, 0.13356598669832404, 0.13391879498958587, 0.1338067026808858, 0.1335075944662094, 0.13322611153125763, 0.13354629054665565, 0.13400250549117723, 0.1341502885023753, 0.13386278599500656, 0.13454807656151907, 0.1337268814444542, 0.13402656891516276, 0.13354211449623107, 0.13417820831139882, 0.1337886294350028, 0.13399583674394167, 0.13409027419029138, 0.13291771136797392, 0.1343279214841979, 0.13394246101379395, 0.13415291692529405, 0.1335280161836873, 0.13450693388779958, 0.13405370854196094, 0.1338279051706195, 0.13368597875038782, 0.1331498697400093, 0.13373442958383, 0.13360742790003619, 0.13316667663014453, 0.13396000365416208, 0.13368293046951293, 0.13372146007087496, 0.13381260562510716, 0.13463613539934158, 0.13393282341329674, 0.13368364366201255, 0.13391265379531042, 0.13364866782318463, 0.13400199429856408, 0.1333467960357666, 0.13416750729084015, 0.13421384138720377, 0.13405218637651867, 0.13342951039473216, 0.13339061910907427, 0.13408507872372866, 0.13383238839692083, 0.13366423174738884, 0.1357034593820572, 0.13405469403817102, 0.13436256845792136, 0.13410438693338825, 0.13409379745523134, 0.13431476950645446, 0.13348797911947424, 0.13390619400888681, 0.13376808281128222, 0.13340816564030117, 0.13362280229727427, 0.13356329383034454, 0.1340887492353266, 0.13394596303502718, 0.13423307941240423, 0.13375472345135428, 0.13380240039391952, 0.13307152417573062, 0.13388806912634107, 0.1335345909875982, 0.13425774574279786, 0.13385159188303455, 0.13435274511575698, 0.1331785907347997, 0.13361299633979798, 0.1336793854381099, 0.1337480403482914, 0.13402729630470275, 0.13380122591148724, 0.1344946324825287, 0.13526274263858795, 0.1330987405160378, 0.13369690979781904, 0.1333261670337783, 0.13444534068306288, 0.13433322062095007, 0.13421600461006164, 0.13429899295655692, 0.13379952507583717, 0.1340249240398407, 0.13423371111804788, 0.13377754278481008, 0.13427406257909277, 0.13354326903820038, 0.13440657012602863, 0.13450088798999787, 0.13372431298096973, 0.1332506686449051, 0.13381222091816566, 0.13372320885008032, 0.13418044855720118, 0.13395412610127375, 0.13347506833573183, 0.1330970542298423, 0.1332964865224702, 0.13325479491190476, 0.1335684829033338, 0.13420900383165904, 0.1333317983150482, 0.13371695578098297, 0.13339202498134814, 0.13362552065934455, 0.13364622099646206, 0.13399911831532205, 0.13408521115779876, 0.13377809759817624, 0.13349983502518048, 0.1338309982889577, 0.13335359522274562, 0.13382919353467446, 0.13385071131316098, 0.134081040819486, 0.1343679570633432, 0.13389042110154123, 0.13435291855231576, 0.13437920138239862, 0.1338980384171009, 0.13417334705591202, 0.13327894546091557, 0.13388357899690928, 0.13386071812022815, 0.13310075379334962, 0.1335728998695101, 0.13371243625879287, 0.1335952105847272, 0.13400940597057343, 0.1338766457942816, 0.13333680906466075, 0.13396101488786585, 0.13401532769203187, 0.1338574724064933, 0.13352671066919963, 0.13352008908987045, 0.1340255495160818, 0.13491635701873086, 0.13387718796730042, 0.13420778140425682, 0.13405884553988776, 0.1338550839573145, 0.1340483993291855, 0.1338739120043241, 0.13409246646222614, 0.1338647206624349, 0.13312961161136627, 0.13405857980251312, 0.13381411905946403, 0.13348598778247833, 0.1338733270764351, 0.13365508040243929, 0.13377851366996765, 0.13423426118161944, 0.1335521270831426, 0.13450161060866186, 0.1339234086600217, 0.13348721916025336, 0.13379008571306863, 0.13344204555387082, 0.13408147195974987, 0.13356953932017815, 0.13298295934995016, 0.13401763141155243, 0.13381084948778152, 0.1343220925849417, 0.1332171442253249, 0.1345237915714582, 0.13447890306512514, 0.13322483544999902, 0.13361818225760208, 0.1345662996172905, 0.1340184062719345, 0.13372560200237094, 0.13368323345979055, 0.13417530752891718, 0.13369193606906468, 0.1337612087527911, 0.13357746465639633, 0.13386934463466918, 0.13373980205506086, 0.13402684845707633, 0.13321366799729212, 0.1342650137164376, 0.13418419429889092, 0.13373617207010588, 0.13400851083653315, 0.1339435636997223, 0.13414940676268408, 0.13404487073421478, 0.13387567456811666, 0.1337490158862081, 0.13403139561414718, 0.13402651101350785, 0.1344888531244718, 0.1335488587617874, 0.1331246167421341, 0.13406924796955927, 0.13345831467045677, 0.13399247382138227, 0.13364868329630958, 0.13385570297638574, 0.133942853808403, 0.13413483988155017, 0.13337914198637008, 0.13390230853110552, 0.1335848316550255, 0.13389840602874756, 0.13413974875584245, 0.13420994579792023, 0.13358844816684723, 0.13352665534386268, 0.13365785777568817, 0.13353022144121282, 0.13382647484540938, 0.1337458869585624, 0.13416609869283788, 0.1335722823937734, 0.13326508619568564, 0.13361429721117019, 0.13453290363152823, 0.13416913016275925, 0.13369318978352981, 0.13389309694369633, 0.13401278919643825, 0.13406100458112255, 0.13359822928905488, 0.13436474607271306, 0.13369006087195198, 0.13399521013100943, 0.13352064788341522, 0.13387049072318608, 0.13385831750929356, 0.1339243989099156, 0.1342523522950985, 0.1340322270989418, 0.1338044489207475, 0.1339575027426084, 0.1341845608419842, 0.13339587901869127, 0.13396484337069772, 0.13381906638019964, 0.13393491396197565, 0.13471845605156638, 0.13387286708210455, 0.1343444585800171, 0.13393357506504766, 0.13368081922332445, 0.13413646554245667, 0.13445367967640912, 0.13376097474247217, 0.1336219244533115, 0.13438624888658524, 0.13455418614964737, 0.1338160823691975, 0.13315680995583534, 0.1340504317056565, 0.13357187509536744, 0.13412356037985196, 0.13362035418257995, 0.1337388243812781, 0.13430504926613399, 0.13461305076877275, 0.13373459769146784, 0.13379991896774457, 0.13481648495564094, 0.13334893087546032, 0.13367639367397016, 0.13437914848327637, 0.13379051874984393, 0.13438147492706776, 0.13359812037511307, 0.1334444247186184, 0.13444890783113592, 0.13374300425251326, 0.13373081351435462, 0.13378954749731792, 0.13372766822576523, 0.13358662525812784, 0.13386850697653635, 0.13352393416258004, 0.13384338617324829, 0.13423389877591815, 0.13340686565196072, 0.13343283534049988, 0.13384581059217454, 0.1338095969480017, 0.1352770466070909, 0.1338831627368927, 0.13395007189951444, 0.1341259717135816, 0.1342715872451663, 0.1340298493360651, 0.13444602191448213, 0.13382637026635083, 0.13435687802054666, 0.13452045444179983, 0.13406031240116467, 0.13427913671030717, 0.13332754608831907, 0.1329395833114783, 0.13388622687621551, 0.13388461551883005, 0.13411337366470924, 0.1334944849505144, 0.13292363150553269, 0.13407319970428944, 0.13508374645159796, 0.13468857606252035, 0.1335131637752056, 0.13371089266406166, 0.13378153260677092, 0.13374153193500307, 0.133902408182621, 0.13413847401374723, 0.13422075752168894, 0.13376064598560333, 0.1340231713321474, 0.13452575355768204, 0.13429579024131483, 0.13444832215706506, 0.1338426485657692, 0.13435324281454086, 0.13374282625214806, 0.13439847860071394, 0.13368140757083893, 0.13411621749401093, 0.13391357608910265, 0.13390408727255734, 0.133843332529068, 0.1339083496067259, 0.13403909901777902, 0.1340206911166509, 0.13403686242444174, 0.13328732975891658, 0.13330527530475098, 0.13408623422895158, 0.1341435263554255, 0.13390900393327076, 0.13369505355755487, 0.1334475200427206, 0.13375932755677597, 0.13379985413381032, 0.1336602411336369, 0.13368765711784364, 0.13427967528502147, 0.1336037963628769, 0.13457549789122172, 0.1342108263210817, 0.13449980691075325, 0.13323109348615012, 0.13285445297757784, 0.13435859257175076, 0.13357267081737517, 0.13373090271596555, 0.1334012528260549, 0.13408617810769516, 0.13386753698190054, 0.13317521629126175, 0.13384144215120208, 0.13364856351505627, 0.1339849265558379, 0.13357040472328663, 0.13378755526339753, 0.1340041664139978, 0.13387618345372818, 0.13401341209044823, 0.1332296758890152, 0.13301238417625427, 0.1337340714202987, 0.1346995857628909, 0.134516624843373, 0.13331586122512817, 0.13432486951351166, 0.1342875212430954, 0.13360481411218644, 0.1335314376787706, 0.1343591238061587, 0.134052138030529, 0.1336491216312755, 0.13388066256747527, 0.1339987814426422, 0.1331154741346836, 0.13426406787974493, 0.1336020277096675, 0.1339794553461529, 0.13307415871393113, 0.1340204006433487, 0.13413683297457518, 0.13388565844959682, 0.13334596360271628, 0.13360518879360622, 0.13395304842428726, 0.13366871359555618, 0.13392455875873566, 0.13315005997816723, 0.1333849957356086, 0.13386051605145136, 0.13403190353087016, 0.13431716903492255, 0.1349321466225844, 0.13364741931090485, 0.1337414766135423, 0.13367176123640753, 0.13384843617677689, 0.1337879952043295, 0.13416224122047424, 0.13366291671991348, 0.13410228897224774, 0.13323993213248975, 0.13428373684485753, 0.1338603918751081, 0.13427847780679403, 0.13419173314021185, 0.13392160336176553, 0.13302534360152024, 0.13327487896789203, 0.13412210112437606, 0.13387603064378104, 0.13431816078998424, 0.13366285108384632, 0.13398651033639908, 0.13450392633676528, 0.1336417854637713, 0.13406208563934674, 0.1342183966189623, 0.13395201712846755, 0.13397018287492835, 0.13276125490665436, 0.13377207246693698, 0.13394935765574056, 0.133205346763134, 0.13374845087528228, 0.13365132293917917, 0.13402471411973238, 0.133716566765562, 0.13354502038823235, 0.13367410004138947, 0.13343133479356767, 0.133684185243422, 0.13356950879096985, 0.1340610459446907, 0.1343657225370407, 0.1344589049165899, 0.13440998064147103, 0.13402666513984268, 0.1337488361380317, 0.13417192082852125, 0.13407691650920445, 0.13379042924836623, 0.1334173843568685, 0.1334055592616399, 0.1329174742102623, 0.13347560815189197, 0.13441892393997737, 0.13343782871961593, 0.1335993680087003, 0.13315878416362562, 0.134051364881021, 0.1335479820316488, 0.13372430380652933, 0.13404582689205805, 0.1335091238672083, 0.13381782298286757, 0.13378481765588124, 0.13374107082684836, 0.13392099478970404, 0.13349679857492447, 0.13446537256240845, 0.13420166671276093, 0.1334430674711863, 0.13385615362362427, 0.1336205361617936, 0.13419311290437524, 0.13311023133642533, 0.13359343343310887, 0.133860605267378, 0.13400538116693497, 0.13366827712609217, 0.13297502150138218, 0.1335376494874557, 0.1339067484323795, 0.1338984641161832, 0.13470511138439178, 0.13383254981957948, 0.13395308880578904, 0.13326863944530487, 0.13377200149827534, 0.13387260613618074, 0.13457293510437013, 0.13390515049298604, 0.1348195407125685, 0.13454415133366218, 0.13342245561735971, 0.13404975831508636, 0.13389721355940165, 0.13337135707077227, 0.13364452773179764, 0.13383242612083754, 0.13351032653680214, 0.13322733478112656, 0.13419390870974615, 0.13356317444281143, 0.1338112663205077, 0.13407244384288788, 0.13389945030212402, 0.13354773142121054, 0.13448077738285064, 0.13439010154633296, 0.13383887030861594, 0.13384456506797246, 0.13420655104247006, 0.1341826251961968, 0.13356779317061107, 0.1338318149958338, 0.13306280672550203, 0.13368491530418397, 0.13376490542521843, 0.13435554256041846, 0.13358646082250694, 0.1344834417104721, 0.13407657742500306, 0.13413850466410318, 0.13382444749860203, 0.1334685910007228, 0.13403420177874742, 0.13423926217688453, 0.13323997408151628, 0.13428043152975, 0.1337858219941457, 0.1343099678104574, 0.13346278981158607, 0.13382539103428523, 0.13358613619437584, 0.1340063918720592, 0.13431842376788458, 0.13401442340442113, 0.13420731276273729, 0.13355044343254782, 0.13408787300189337, 0.13408033685250717, 0.13405257277190685, 0.13357833176851272, 0.13395029306411743, 0.1337128827969233, 0.1339823947898273, 0.13394855369221081, 0.13376247653594384, 0.13333032205700873, 0.13394920315061296, 0.13405871763825417, 0.13358808782967654, 0.1343428185209632, 0.13360486403107644, 0.1338208975160823, 0.1340579068660736, 0.1326238065958023, 0.13397892440358797, 0.13382048780719438, 0.13456337383160225, 0.13366419012131897, 0.13402253038742962, 0.13343582525849343, 0.1334560140967369, 0.1338482675227252, 0.1338864995964936, 0.13390747606754302, 0.1331860363483429, 0.13405896587805313, 0.13367854342574165, 0.13371016175457925, 0.13392416884501776, 0.134230325371027, 0.13305342765081496, 0.13342986730012027, 0.13387542046033418, 0.13370724022388458, 0.13381060843284315, 0.13320327798525491, 0.13361788727343082, 0.13388042483064863, 0.13378467714345013, 0.13436963483691217, 0.13400254949279453, 0.13400333126386008, 0.13398695630686625, 0.133588691170399, 0.13385128147072262, 0.1335882805287838, 0.13398176025260577, 0.13359836861491203, 0.1332024551100201, 0.13366692885756493, 0.13380835155646006, 0.13464156366311586, 0.1336431414992721, 0.13408811887105307, 0.13388285413384438, 0.13395130385955176, 0.13414025008678437, 0.1342866209646066, 0.13344262365032644, 0.13439378486229822, 0.1342981483625329, 0.13424316319552335, 0.13415974900126457, 0.13373067651105963, 0.13347806151096636, 0.13392452895641327, 0.1346196662033758, 0.13385405540466308, 0.13450423456155336, 0.13372151305278143, 0.13491570147184226, 0.1339734952364649, 0.1335962434609731, 0.1337233888251441, 0.13418468534946443, 0.13362833082675935, 0.13389736413955688, 0.13395948112010955, 0.134213080460375, 0.13352718204259872, 0.13495390117168427, 0.13385684479927196, 0.13448619269407713, 0.1338602261883872, 0.1340933463922361, 0.13404109908474815, 0.13502090126276017, 0.13386820432017832, 0.13432349661986034, 0.1333403637011846, 0.13418220246539397, 0.1349171239596147, 0.13386330871205582, 0.13389585691469688, 0.13439737632870674, 0.13354482650756835, 0.13388970494270325, 0.1339086185802113, 0.13361303455063275, 0.13378265296871011, 0.1331518404185772, 0.13518773764371872, 0.13326658893908774, 0.13420379906892776, 0.1344840576251348, 0.1338558426057851, 0.13379523853460948, 0.13439119327813387, 0.13442439618317978, 0.13391870523200317, 0.13390580608564265, 0.13337664170698685, 0.13355428619044168, 0.13385035318356972, 0.133761712246471, 0.13437971014242905, 0.13387681950222363, 0.13362354607809157, 0.13364188084679265, 0.1334456302549528, 0.13372831578765595, 0.13387389928102494, 0.13356459140777588, 0.13441005018022326, 0.13387363072898653, 0.1337655872106552, 0.13387883407995105, 0.13353259001786894, 0.13413845664925045, 0.13409783081574875, 0.13446213718917635, 0.13314129675135894, 0.13432625641948298, 0.13368787119785944, 0.13333203571458016, 0.1342957615852356, 0.1331696261962255, 0.13434532098472118, 0.13384999071850495, 0.13324063099347627, 0.13426589407026768, 0.13392776357276098, 0.13319176164540378, 0.13402927418549856, 0.13417574961980183, 0.13344630599021912, 0.13406625017523766, 0.13418961523307693, 0.13450794965028762, 0.1330315756301085, 0.13431517354079656, 0.133773250579834, 0.13243160396814346, 0.1336692993839582, 0.13435499535666573, 0.13345202661695935, 0.13405280521041468, 0.13299808899561563, 0.1341913225395339, 0.13445575733979542, 0.13391989240279564, 0.1337716297970878, 0.13357996741930644, 0.13376973983314303, 0.13408299287160239, 0.1339182049036026, 0.13412612812085586, 0.13362932867474026, 0.13346426827566965, 0.13384103692240185, 0.13350736146623438, 0.1342907374103864, 0.13355670248468718, 0.13385241031646727, 0.1336892656981945, 0.13311695839677537, 0.1344065498560667, 0.1346055433154106, 0.13419999532839832, 0.13416473981406954, 0.13402758674188095, 0.13414900799592336, 0.13420232435067495, 0.13381409458816051, 0.1341452459720048, 0.1337508867184321, 0.13405948102474213, 0.13305884950301228, 0.13407798971121127, 0.13461885452270508, 0.13394390443960827, 0.1342107430100441, 0.13370096245232752, 0.13397980133692425, 0.13338485029008654, 0.13410024344921112, 0.1338932164337324, 0.13375364392995834, 0.1342254877090454, 0.13413395301291817, 0.1340160776268352, 0.13393051005326784, 0.13384483754634857, 0.13377182870297818, 0.13351158648729325, 0.1333389522937628, 0.1343657538294792, 0.13397650874179343, 0.13372484901372125, 0.13306130698094001, 0.13379865090052287, 0.13354925562938055, 0.13365102228191164, 0.13367509609088302, 0.13417898556765387, 0.1341371238231659, 0.1341507307909153, 0.1347649980868612, 0.13417893754584448, 0.13332143094804552, 0.13401965408221536, 0.133881891636472, 0.1339561492204666, 0.1342013153959723, 0.13423117697238923, 0.13382103045781454, 0.13402176731162602, 0.13362070212238714, 0.13432104223304325, 0.13386519718915224, 0.13357747665473393, 0.1339603780672468, 0.1337755121614622, 0.1336686780055364, 0.13375342587629954, 0.13436198681592942, 0.13350269436836243, 0.1339643343406565, 0.13395500928163528, 0.1333544613285498, 0.13351181149482727, 0.1347588151693344, 0.1340921879918487, 0.13336006303628287, 0.13420700778563818, 0.13369126931617134, 0.13437966739430146, 0.13353084728998296, 0.13384813256561756, 0.1339059363711964, 0.1340090213343501, 0.13354802007476488, 0.13324388997121292, 0.13419118215297832, 0.1340068932622671, 0.13361918467741746, 0.13376056402921677, 0.13393798023462294, 0.1339579157788178, 0.13435748900685993, 0.1339371663828691, 0.13389653294551662, 0.13467431316773096, 0.13355407478480502, 0.13432818475891561, 0.1333712867150704, 0.13506116569042206, 0.13352498908837637, 0.13307805359363556, 0.1344419687986374, 0.1340017458423972, 0.13443744629621507, 0.13367195592986214, 0.13340311776846647, 0.13318868794224478, 0.1337975736322074, 0.13328261595023305, 0.13296834751963615, 0.13432292640209198, 0.13377351886951006, 0.13480193664630255, 0.13482348904723213, 0.13372010737657547, 0.1339389169588685, 0.13317060207619386, 0.13338302335013513, 0.1345787804860335, 0.13395150644438608, 0.13403262552760897, 0.13453612625598907, 0.13407647745175796, 0.13424920207924312, 0.13401548067728677, 0.13346492981209473, 0.13378740034320138, 0.1337040811777115, 0.1337207168340683, 0.13196907937526703, 0.1337752124437919, 0.1336269506386348, 0.13373899459838867, 0.1341609001159668, 0.13395547478095346, 0.13387181290558406, 0.13384361393176591, 0.1342230455742942, 0.13412290206179023, 0.1341387409095963, 0.1339674327861179, 0.13338296466013966, 0.1334362535604409, 0.13370715081691742, 0.1337804029385249, 0.13400327835393988, 0.13484719531102615, 0.13424737673056752, 0.1338793080714014, 0.134188168682158, 0.1340757668018341, 0.13354573195630853, 0.13360451568256726, 0.13394743121332592, 0.1341671382005398, 0.13407402772169846, 0.13406063202354643, 0.13436623028031103, 0.13323423732072115, 0.13459758460521698, 0.13388039767742158, 0.13478313543294607, 0.13443037732080979, 0.13386988596004598, 0.13430006937547165, 0.13339470978826284, 0.1341058088200433, 0.13398352498188615, 0.1339179128408432, 0.1332405224442482, 0.13390030408347095, 0.13396950125694274, 0.13334380090236664, 0.13422748790337488, 0.13355339368184407, 0.1338648095726967, 0.134067147038877, 0.13394226785749197, 0.1335070412606001, 0.13357026416521806, 0.13264424886022294, 0.1333605796098709, 0.133553325597729, 0.1343383640050888, 0.1342316335067153, 0.13373856619000435, 0.13356153497641737, 0.13378941267728806, 0.13386233363832747, 0.1344123842815558, 0.13381292738697745, 0.13401299135552514, 0.13484454651673636, 0.13330520523918998, 0.13390850807939256, 0.1339015137581598, 0.1338327817226711, 0.13332437936748778, 0.13390109408646822, 0.13352308490059592, 0.1334646850824356, 0.13407405701122785, 0.13403353260623085, 0.13436334241520276, 0.13325664152701697, 0.1337622959505428, 0.13376356899738312, 0.13441420027187892, 0.13369102854477732, 0.13447754617248261, 0.1341797113418579, 0.1338980372833169, 0.13391479914603027, 0.1336534337864982, 0.1344639571274028, 0.13419558785178445, 0.13330827474594117, 0.13366577977483923, 0.1342331709770056, 0.13416383385658265, 0.1338222725316882, 0.13399769828237337, 0.13439552392810583, 0.1337295419403485, 0.13299286791256495, 0.133855839073658, 0.13447675196563497, 0.13421327918767928, 0.13398981782106253, 0.13403416121447528, 0.1340208485722542, 0.134282724423842, 0.13421648368239403, 0.13442918419837951, 0.13418447002768516, 0.13381226236621538, 0.13348674602233446, 0.1339143404835149, 0.13440356254577637, 0.13431056521155618, 0.1338319954547015, 0.13385509848594665, 0.13379195959944473, 0.13434960760853507, 0.13416661135852337, 0.1344619027592919, 0.1339859314719025, 0.13383294406690097, 0.13425449281930923, 0.1338910500590618, 0.13391239113277859, 0.13388686378796896, 0.13422187258090293, 0.13406489789485931, 0.13419980981520244, 0.13368249158648884, 0.1343217877050241, 0.1336411920686563, 0.1345133971084248, 0.1331355720758438, 0.1345736735007342, 0.13338099190822014, 0.13376590758562087, 0.13364079459147019, 0.1353822946548462, 0.13286809176206588, 0.13385469152739174, 0.1336699678347661, 0.13392003066837788, 0.1341094272211194, 0.13425903022289276, 0.13365957754499772, 0.13383086323738097, 0.13385363668203354, 0.13480352693133885, 0.13368943240493536, 0.1333532225754526, 0.13387088384479284, 0.13449230343103408, 0.13394064742785233, 0.13374843200047812, 0.1332199792651569, 0.1341731765053489, 0.13455953531795078, 0.13388883419658826, 0.13356843545581354, 0.13340931429582484, 0.13437925800681114, 0.1338650230318308, 0.1344756664974349, 0.13328860762218633, 0.1333118329445521, 0.133739897608757, 0.13378643341686414, 0.1337713192809712, 0.13418930396437645, 0.13409730472734996, 0.1332052806392312, 0.13377994405371801, 0.1343693509697914, 0.13343851566314696, 0.13470485657453538, 0.13378322656665528, 0.13380548357963562, 0.13434738837755644, 0.1338894953330358, 0.13420581015256736, 0.13407769895369007, 0.1341845816181552, 0.13371872901916504, 0.1349363625049591, 0.13383409082889558, 0.1337467056253682, 0.1335719053943952, 0.13431207314133645, 0.13374732252286406, 0.13329299065199765, 0.13437591722378364, 0.13415795085685595, 0.1339888028029738, 0.13335757489715303, 0.13405140360881543, 0.13398926279374532, 0.13502956520427356, 0.1334829164875878, 0.13387042731046678, 0.13371967375278473, 0.13393324054777622, 0.13387877207535964, 0.13349882939032146, 0.13415378630161284, 0.13403681874275208, 0.1343192756175995, 0.1341407373547554, 0.1339785816768805, 0.13486144691705704, 0.1334311068058014, 0.13407954374949138, 0.13425601795315742, 0.1339034749702974, 0.13376985655890572, 0.13403367002805075, 0.1336919665336609, 0.13433100655674934, 0.13374886910120645, 0.13409516607460223, 0.13308497021595636, 0.13460904442601734, 0.13383022080297055, 0.13440460562705994, 0.13374600387536562, 0.13333644895326524, 0.13370655335131146, 0.13427832598487535, 0.13358118534088134, 0.13414720378138803, 0.1346671081015042, 0.1334014892578125, 0.13371781259775162, 0.13376542358171373, 0.13394566625356674, 0.13413375616073608, 0.13356833598193, 0.13473392616618762, 0.13463073697957126, 0.1342041137126776, 0.13365937992930413, 0.13354780660434204, 0.13399575650691986, 0.1339051737026735, 0.13375987187027932, 0.1337135173380375, 0.13345944186051686, 0.13368151002916798, 0.13405748030969075, 0.13359578251838683, 0.13391589224338532, 0.13411363645603783, 0.13395503958066304, 0.13386640303275166, 0.13320150283666757, 0.13402511477470397, 0.13353364765644074, 0.13327644765377045, 0.13437245413661003, 0.13319595158100128, 0.1336660442106864, 0.13442361469452196, 0.1344553448937156, 0.13437562951674828, 0.13340539023989723, 0.13469750434160233, 0.13342135051886242, 0.13378656598237845, 0.1346520446240902, 0.13403108914693196, 0.13368358463048935, 0.1336439698934555, 0.13363583199679852, 0.13298735564405267, 0.13384242821484804, 0.13377516242590817, 0.1335702273580763, 0.13375398631279284, 0.13397371023893356, 0.13494833260774614, 0.13429738581180573, 0.13385987146334213, 0.13315657729452307, 0.13412793917315347, 0.1343393549323082, 0.1339497009049291, 0.13406379334628582, 0.13385053475697836, 0.13379355010233426, 0.13430344230598873, 0.13445430397987365, 0.13325016666203737, 0.1342132195830345, 0.13400983359924581, 0.13388041759792127, 0.13346720327224051, 0.1337733507156372, 0.1342454342679544, 0.1338452720328381, 0.1341107189655304, 0.1338132688154777, 0.1334842825308442, 0.13475195125297265, 0.13324321135878564, 0.1337969465940087, 0.13301771972328424, 0.1334885382338574, 0.13495840838080958, 0.13414627313613892, 0.1343181383396898, 0.13403840065002443, 0.13429206113020578, 0.13359409272670747, 0.13435776382684708, 0.13368416329224905, 0.13399928901344538, 0.13410775134196648, 0.1344955657657824, 0.1341786597456251, 0.13423215448856354, 0.13381806454237768, 0.13386518880724907, 0.13378972113132476, 0.13377832704120213, 0.13384855270385743, 0.13369069397449493, 0.13562476634979248, 0.13417094846566519, 0.13444905749389102, 0.13389793038368225, 0.1340683251619339, 0.1339223493229259, 0.13384059618930427, 0.1333992305610861, 0.13380519217915005, 0.13342797060807546, 0.13402939361074698, 0.13361857560547916, 0.1339144602417946, 0.1340123641750087, 0.13419792552789053, 0.13398828199415497, 0.13441862322782216, 0.13462496505064123, 0.13421437468217767, 0.13378594815731049, 0.13375800200130628, 0.13398006200790405, 0.13387422195889734, 0.13409341292248833, 0.13374098333028647, 0.1342339706607163, 0.13414581269025802, 0.13382521797628963, 0.13406474210999228, 0.13431664009888966, 0.13354722559452056, 0.1338017781575521, 0.13391543837154612, 0.13332348689436913, 0.13336390952269236, 0.13381725251674653, 0.13389225602149962, 0.13357870361289462, 0.1338225337676704, 0.1339404933875607, 0.13347538146707746, 0.13344220196207365, 0.13408328863707455, 0.1337126085291738, 0.13349380393822988, 0.13383505617578825, 0.13391898870468139, 0.1340323524440036, 0.1339039748365229, 0.13334548100829124, 0.134150739420544, 0.13389610542970545, 0.13386834133416414, 0.13466510312123733, 0.13347561806440353, 0.13443929652372996, 0.13380462995597295, 0.1339461088180542, 0.13401642193396887, 0.13371265679597855, 0.1336992640386928, 0.1339239260325065, 0.13356772230731118, 0.1342498004436493, 0.13367275148630142, 0.1339657740159468, 0.1342259868979454, 0.13435201453311102, 0.13345632808549063, 0.13343721947499684, 0.13338039368391036, 0.13367748391978881, 0.13388551859294667, 0.13411657750606537, 0.13421518316394404, 0.1335624264132592, 0.13356972634792327, 0.13360484817932392, 0.1340579024770043, 0.13406289368867874, 0.13400580427225897, 0.1337295278906822, 0.13400855660438538, 0.13348592727473288, 0.13360002433711832, 0.1338359879759642, 0.13308533943361706, 0.13406799292122876, 0.13348548687421358, 0.13463569929202399, 0.1349289951225122, 0.13416883846124014, 0.13401402119133207, 0.13395464718341826, 0.1332226221760114, 0.13426095247268677, 0.1341666388205993, 0.13379237768442734, 0.13444261252880096, 0.13424702869220215, 0.13223454356193542, 0.13470630208030343, 0.13389203071594238, 0.13386010602116585, 0.13403150535398914, 0.13447294880946478, 0.13372217597705977, 0.13390507336173738, 0.13400143633286157, 0.1334376890083839, 0.13419426778952281, 0.1340853295155934, 0.13413805067539214, 0.13356693877893336, 0.133743089224611, 0.13364005958040556, 0.13419871560988889, 0.1336633523305257, 0.13459241949021816, 0.13428427092731, 0.13353884279727934, 0.13399817049503326, 0.13468178770234507, 0.13392027974128723, 0.13359864327040585, 0.13342144588629404, 0.13404419148961702, 0.1345023231373893, 0.13382847287825175, 0.1338038772344589, 0.13413666756380171, 0.1336491365324367, 0.13401560355787692, 0.13391496042410533, 0.13329538702964783, 0.13306922804225574, 0.13381744921207428, 0.13386823477283602, 0.1339102081126637, 0.13385631532772727, 0.133132200439771, 0.1337621547281742, 0.13483231597476536, 0.13442079608257002, 0.13454884343913623, 0.1330860213321798, 0.13360561596022713, 0.13406927245003836, 0.13404579791757795, 0.13332354153196016, 0.13382486920607717, 0.13402472842823376, 0.13424595158833724, 0.134172919851083, 0.13368107378482819, 0.1341795278713107, 0.1342233894836335, 0.13400576561689376, 0.13409412938814896, 0.13431732431054116, 0.133758711917647, 0.1342344716191292, 0.13342087847345016, 0.1338589072227478, 0.1343183931377199, 0.13492088458117316, 0.1331912711262703, 0.13399646235139748, 0.1336862076269953, 0.1330618600953709, 0.13339081485020488, 0.13403272764249283, 0.13409307083258262, 0.13465502045371316, 0.13349482665459314, 0.13425453131397566, 0.13317622129733747, 0.13386063277721405], 1: [0.13388806581497192, 0.13377078228137074, 0.13425225936449492, 0.1343837614570345, 0.13400947016019088, 0.1330896160668797, 0.13367122499381795, 0.13407476475605598, 0.13392079011960464, 0.133600552380085, 0.13357813076840508, 0.1333695658379131, 0.1345938907729255, 0.13436364382505417, 0.1333736777305603, 0.13368630603603696, 0.1330760419368744, 0.1341655891049992, 0.13366696944362239, 0.13359317654057554, 0.1334985928101973, 0.13378986219565073, 0.13381614908576012, 0.133889036377271, 0.13416584648869254, 0.13345476984977722, 0.13409848511219025, 0.1337846448788276, 0.13371641437212625, 0.1338310440381368, 0.13428876210342755, 0.13382090826829274, 0.13445564483602843, 0.1335155986249447, 0.13463874608278276, 0.13361137956380845, 0.13398561418056487, 0.13403858741124472, 0.13386962505487296, 0.13378124684095383, 0.1337586290696088, 0.1331833031247644, 0.1335965645584193, 0.13352354141798886, 0.1332693782945474, 0.1330727980687068, 0.13349227065389807, 0.1336222936709722, 0.1332816352446874, 0.13407824685176215, 0.1341466705004374, 0.1333487065775054, 0.13397464933602707, 0.1346651098944924, 0.13397174676259357, 0.13463124059713805, 0.13389191989387786, 0.13357398302658743, 0.13389323155085245, 0.13319973008973257, 0.13392127699711742, 0.13347544859756122, 0.13375756603020889, 0.13355261894563833, 0.13436935047308604, 0.13378363170407034, 0.1339091948337025, 0.13396908922327888, 0.13416547235101461, 0.13430529947464281, 0.13373560458421707, 0.13446192328746503, 0.13430097036891514, 0.13394739411093973, 0.1340700972538728, 0.13429714425614006, 0.13409938730976798, 0.13411721045320685, 0.1338493832770516, 0.13369082808494567, 0.13375587562719982, 0.13492565850416818, 0.13361374288797379, 0.1336658565061433, 0.13401815394560496, 0.1339294066031774, 0.134460661560297, 0.13410120581587157, 0.13407271024253634, 0.13435932820041974, 0.1343933790922165, 0.13413472101092339, 0.13346272872553933, 0.1341619212180376, 0.1344753343325395, 0.1331722617149353, 0.13330126802126566, 0.1336424581706524, 0.13458651575175198, 0.1332546133886684, 0.13385729726992154, 0.13455229898293813, 0.13421390312058584, 0.13372058887034655, 0.1334358098415228, 0.13408070992916188, 0.13423974998295307, 0.13392852743466696, 0.13413104544515195, 0.13433094198505083, 0.13347021540006002, 0.13358917012810706, 0.13346381733814874, 0.13403675612062216, 0.13449931947084573, 0.13369098864495754, 0.13326972723007202, 0.133921055495739, 0.13370316641198265, 0.13495799601078035, 0.13375713608481668, 0.13370308009060947, 0.13370896733942486, 0.13394734805280512, 0.1336839908361435, 0.13379997227873122, 0.13398520946502684, 0.13348548927090384, 0.13417848779095543, 0.1340702800523667, 0.1348419204354286, 0.1335060273607572, 0.13360461139160654, 0.13341656556496254, 0.13370080888271332, 0.13348184755215278, 0.13412277773022652, 0.1337027336869921, 0.13460136408155615, 0.13337456109002233, 0.1330968402326107, 0.13357209265232087, 0.13392684947360645, 0.1337329712178972, 0.13402717617841867, 0.13362687826156616, 0.13300680541075194, 0.13345967639576306, 0.13389416400230292, 0.13413748592138292, 0.1340072802875353, 0.13311505631396645, 0.1330598427189721, 0.13370432555675507, 0.134061334920781, 0.13383913998092925, 0.1334168784893476, 0.1341254671414693, 0.13405050775584051, 0.13411201962402888, 0.13391542683045068, 0.13374545574188232, 0.13357041279474893, 0.13360724449157715, 0.13387658819556236, 0.13339276348843293, 0.13354487270116805, 0.13321334665471857, 0.13434584587812423, 0.13420536197148836, 0.1336313255371586, 0.13306367803703656, 0.13422283259305087, 0.13373629642384394, 0.13366453005717352, 0.13366821293647474, 0.13373716852881692, 0.1334196925163269, 0.13457050919532776, 0.13448245034498327, 0.134325001727451, 0.13368644851904649, 0.1339394516415066, 0.13410930877382105, 0.13346215585867563, 0.13371562144973062, 0.134408900141716, 0.1338540209191186, 0.1336535946889357, 0.134044916502067, 0.13366946052102482, 0.13366606937987463, 0.13377614319324493, 0.1330980048938231, 0.13378338143229485, 0.13322298916486594, 0.13343429611995816, 0.1344637915492058, 0.13427132293581961, 0.134203470566056, 0.13420686572790147, 0.13326337188482285, 0.13415379226207733, 0.13472475111484528, 0.13439551120003065, 0.13379354998469353, 0.13365763756963941, 0.1344672217965126, 0.13405551314353942, 0.13399291320427045, 0.13384833137194316, 0.13327078792181882, 0.13396499885453117, 0.1337236779577592, 0.1340547569773414, 0.13402498364448548, 0.13369954167268214, 0.1328337032061357, 0.13346966423771597, 0.13391240686178207, 0.13430711461438072, 0.13403649822525357, 0.13375628193219502, 0.13438248510162035, 0.13384123063749737, 0.13379420418488353, 0.1337948776781559, 0.13406985253095627, 0.13306050854069845, 0.13395583927631377, 0.13468190282583237, 0.13384730908377418, 0.13374331772327422, 0.1339368232422405, 0.1339415596290068, 0.13351682852953672, 0.13328960112163, 0.13420499796452728, 0.1339253529906273, 0.1333347355777567, 0.13446354269981384, 0.13398841807716771, 0.1331746969372034, 0.13318768019477525, 0.13433753129313974, 0.1330495923757553, 0.1346741020679474, 0.13384068608283997, 0.13385232206847933, 0.13436596637422388, 0.13389340788125992, 0.13373913392424583, 0.1340334750711918, 0.13328227698802947, 0.1338471956551075, 0.13411732763051987, 0.13352165064390967, 0.13431449234485626, 0.134201909104983, 0.13374148309230804, 0.13434186279773713, 0.1342707395553589, 0.13411069214344024, 0.13391821583112082, 0.1340988576412201, 0.13356284390796314, 0.13354923389852047, 0.1337340450600574, 0.1337336262067159, 0.13400143421277766, 0.13390946553813088, 0.13407583670182663, 0.13237473070621492, 0.13367033004760742, 0.13381953444331884, 0.13367904060416752, 0.13372613808938436, 0.13370200246572495, 0.13346872421411368, 0.1341610187664628, 0.13422821994338716, 0.13366410980621973, 0.13445162773132324, 0.1343338081130275, 0.1346959114074707, 0.13396046705105724, 0.1329659657044844, 0.13375236093997955, 0.13353851934274039, 0.13359323143959045, 0.13444571655530196, 0.13451232486649564, 0.13392625898122787, 0.13519815423271872, 0.13353460944361156, 0.13424121240774792, 0.13392006944526325, 0.1337637392913594, 0.13252843916416168, 0.13411225920373743, 0.1342370440562566, 0.134040134648482, 0.13334214314818382, 0.1341951624913649, 0.13375271980961165, 0.133369842171669, 0.13395928870886564, 0.1335860975086689, 0.13287159204483032, 0.13399849583705267, 0.1334793253948814, 0.13394056618213654, 0.13357974886894225, 0.13470363467931748, 0.13479348570108413, 0.1343565245469411, 0.13358370835582414, 0.13439513929188251, 0.13344554603099823, 0.13341290810528925, 0.13331419378519058, 0.13375212450822194, 0.13337186723947525, 0.13392934677275745, 0.13338166204365817, 0.1341710716485977, 0.13323876592848036, 0.1338960396555754, 0.1340298568829894, 0.13349482576761926, 0.1337423862322517, 0.13425936326384544, 0.13363322336226702, 0.1348216340497688, 0.13381305187940598, 0.13420958717664083, 0.13391100828136718, 0.13392141908407212, 0.13354203030467032, 0.13434523716568947, 0.13372854329645634, 0.134316630088366, 0.13420176814342366, 0.1350672667225202, 0.1334201054913657, 0.1340897181071341, 0.13431780133396387, 0.13412084227258508, 0.1345643952488899, 0.1344668497057522, 0.13367268188697537, 0.13390825409442186, 0.1335349353876981, 0.13350762562318283, 0.13484508295853934, 0.13355040351549785, 0.13379573225975036, 0.13469127139874867, 0.133221920993593, 0.13344786029595596, 0.13366238063290006, 0.13422078043222427, 0.13397910503240731, 0.13478712060234763, 0.13336267854486192, 0.13410234749317168, 0.13396675827411506, 0.13416154338763311, 0.13367529319865362, 0.1344877467914061, 0.1346097057685256, 0.13388780355453492, 0.13354847536367528, 0.133741652736297, 0.13363995460363534, 0.13331961755951247, 0.1334147440890471, 0.13316216468811035, 0.13423959724605083, 0.13424101259027207, 0.13363029211759567, 0.1344132497906685, 0.13388417661190033, 0.13339844231422132, 0.13431132038434346, 0.13398632087877818, 0.13417028188705443, 0.13373843630154927, 0.13376273057962718, 0.13390099363667624, 0.13311045467853547, 0.1341966895593537, 0.13419787664162486, 0.13345082435343, 0.13410073412316187, 0.13387814826435512, 0.13402191130444407, 0.1335274898692181, 0.13384845480322838, 0.13381126203707286, 0.13411366070310274, 0.13278432786464692, 0.13353734440875775, 0.1336289793252945, 0.13340908885002137, 0.13455252101023993, 0.13272819550413834, 0.1341145702383735, 0.1341804713010788, 0.1339173097820843, 0.13394119143486022, 0.13384567350149154, 0.13373388079079715, 0.1340174122202781, 0.13401284108036443, 0.1337170859700755, 0.13422950782946177, 0.13341298451026282, 0.13336194604635238, 0.13395604689915974, 0.13321761786937714, 0.13400620647839137, 0.13366836681962013, 0.1334516431974328, 0.133934429846704, 0.1337570184841752, 0.13396215782715723, 0.13428505427307552, 0.1338555640899218, 0.13396689160303635, 0.13362176778415838, 0.13350123437968167, 0.13417448848485947, 0.13379402831196785, 0.13362206383184952, 0.1335992876972471, 0.13345277961343527, 0.13371163606643677, 0.1345644456644853, 0.13401119817386975, 0.1342515147158078, 0.1341409179426375, 0.13329442590475082, 0.1335291437804699, 0.1334759220480919, 0.1332571838910763, 0.1342315466867553, 0.13319041927655537, 0.13361033442474546, 0.13396680851777396, 0.13457925783263314, 0.134059934088817, 0.1339474141597748, 0.13350350856781007, 0.1341428445144133, 0.1341467410326004, 0.13351176977157592, 0.13393699874480566, 0.13397080807582193, 0.13388905455084407, 0.13367927925927298, 0.134085311609156, 0.1347102555963728, 0.1332527661607379, 0.1340450951281716, 0.1330877339298075, 0.13359642841599204, 0.1332488493485884, 0.1337973652407527, 0.13435361068695784, 0.13347431851757896, 0.13394444263898408, 0.13436848918596903, 0.13355899060314352, 0.1336982557002236, 0.1336833346221182, 0.13432450863448056, 0.13349267928039327, 0.1341190258661906, 0.13433824053832463, 0.13483743816614152, 0.13385228865912982, 0.1333412528038025, 0.13430091831833124, 0.1335328201452891, 0.13373337272140715, 0.1341508850455284, 0.13339161983242742, 0.1340551033616066, 0.13511498949744485, 0.13394475479920706, 0.13374611934026082, 0.1344482402006785, 0.13334480226039885, 0.1342884334533111, 0.1334120339155197, 0.1340153937538465, 0.13459040224552155, 0.13379787107308705, 0.13446083664894104, 0.13312283158302307, 0.13415067004305975, 0.13344419117157275, 0.13370301015675068, 0.13467617183923722, 0.1343457274712049, 0.13405059199584157, 0.13316334883371989, 0.13398230854760518, 0.13361402262340893, 0.13392957746982576, 0.1341253012418747, 0.13350956248385565, 0.13342615813016892, 0.13330623933247157, 0.13338151139517626, 0.1336811911314726, 0.13341753320260483, 0.1339530322481604, 0.1336888186633587, 0.132881084723132, 0.1332566277547316, 0.1341838111480077, 0.13479164242744446, 0.13393057882785797, 0.13389303652863754, 0.13355547106928295, 0.13371673461637998, 0.13322733218471208, 0.13392047584056854, 0.1331084973755337, 0.1338402391411364, 0.13382615242153406, 0.1333456426858902, 0.1340110828479131, 0.13404601918799536, 0.13362791229571616, 0.1339965507388115, 0.13408131450414656, 0.13343996405601502, 0.1339934305711226, 0.13415405383476844, 0.13342644373575846, 0.13408738188445568, 0.13417304754257203, 0.1338562617699305, 0.13431705328924903, 0.13460470736026764, 0.13393583580067284, 0.1339102563532916, 0.1338653713464737, 0.13367680460214615, 0.13403989055327006, 0.13403134606778622, 0.1333180060610175, 0.13364076490203539, 0.1340282917022705, 0.13380135844151178, 0.1343455895781517, 0.13364368211477995, 0.1334235009394194, 0.13376431912183762, 0.13290110064877403, 0.13349693547934294, 0.13403023140771048, 0.13458360731601715, 0.13415032707982594, 0.1343679189682007, 0.13437065940636855, 0.13379917779694434, 0.13382916897535324, 0.13311085402965545, 0.1339599308040407, 0.1337571167632153, 0.13438280333172192, 0.13366508794327578, 0.1332000195980072, 0.13392557881095193, 0.13335273042321205, 0.1334617147843043, 0.13413729474825017, 0.1334216107682484, 0.13435069510811254, 0.1337758864868771, 0.13344209680431768, 0.1334641816524359, 0.133793620126588, 0.1339526184967586, 0.13377591441659367, 0.1336980551481247, 0.1335607154501809, 0.13384228992846706, 0.13425043068434062, 0.13424454842294967, 0.13400779478251934, 0.13459247145159492, 0.13436907423394068, 0.13384372115135193, 0.13365801481100228, 0.1335328279270066, 0.13395054638385773, 0.133401121199131, 0.13283626870675522, 0.13363464713096618, 0.1337753727155573, 0.13347266614437103, 0.13321023044132052, 0.13401668586514212, 0.13395088414351145, 0.13431679159402848, 0.13440875496183122, 0.13381606638431548, 0.13377013305823007, 0.13336758629271858, 0.133099893728892, 0.13383809924125672, 0.13387142419815062, 0.13429840207099913, 0.13471065312623978, 0.13458078182660616, 0.13369323909282685, 0.13360050746372767, 0.13357804830257708, 0.1345754011588938, 0.1337543490032355, 0.13378327041864396, 0.13349183566040462, 0.13353918317486257, 0.13393236154859717, 0.1339871883392334, 0.13489880584753478, 0.13311789482831954, 0.1342380331321196, 0.13429654017090797, 0.1343083441257477, 0.13399810005318036, 0.13367017464978354, 0.13391185502211253, 0.13378312506458975, 0.13365558966210014, 0.13317042887210845, 0.13355036228895187, 0.13445976105603305, 0.13372430631092616, 0.13435409733882317, 0.1331236781552434, 0.13380810916423796, 0.1330584174110776, 0.13367292217232965, 0.13414317103368895, 0.13370468680347716, 0.13383050709962846, 0.13386482129926267, 0.13356398858807303, 0.13421783596277237, 0.13390673448642096, 0.1332265262802442, 0.1334012763367759, 0.13494769483804703, 0.13344737658133873, 0.134603933741649, 0.1346279623416754, 0.13414440055688223, 0.13442979454994203, 0.13395655541508286, 0.13385597215248987, 0.1332607404752211, 0.13347889889370312, 0.13483829583440507, 0.13393102400004864, 0.13385947930569553, 0.1342505905777216, 0.13382791777451833, 0.13318543365368476, 0.13336680423129688, 0.13454576639028695, 0.13480713963508606, 0.13355826247822156, 0.13417190685868263, 0.13410017360001802, 0.1342875324189663, 0.1338548262914022, 0.13320549978659704, 0.13368967060859388, 0.1343216061592102, 0.133718714531925, 0.13407388407933085, 0.13397305369377135, 0.1346206696409928, 0.1343517154455185, 0.1336842096514172, 0.13378294238022395, 0.133341982960701, 0.13388485431671143, 0.13435308547580943, 0.1338389805134605, 0.13388784229755402, 0.13360925604190146, 0.1334710984180371, 0.1339936965342724, 0.13381024653261359, 0.13391539191498475, 0.133958974853158, 0.13420082942435616, 0.13386146298476628, 0.13410424991794254, 0.13325592254598936, 0.13354116976261138, 0.133616104722023, 0.13394585450490315, 0.1335183953245481, 0.1345144361257553, 0.1334213348371642, 0.13387877915216528, 0.13379758348067602, 0.1326432093977928, 0.13329143134447244, 0.13341622650623322, 0.13395849547602914, 0.13372214883565903, 0.13428811641300425, 0.13403274193406106, 0.13413417232888086, 0.13435499090701342, 0.13376099819486792, 0.13396975124368862, 0.13445421365591195, 0.1343468356391658, 0.13398215880519465, 0.13397349417209625, 0.13327138543128966, 0.13473463271345412, 0.1330433890223503, 0.1336334389117029, 0.1343696719656388, 0.1343092847129573, 0.1336158581755378, 0.1336388693501552, 0.13366272816291222, 0.133966493109862, 0.13406135737895966, 0.13384821638464928, 0.13422300219535827, 0.133321569301188, 0.1336891993880272, 0.13357831661899885, 0.1334375858306885, 0.1342232200232419, 0.13413601748797357, 0.1339704677462578, 0.13372501358389854, 0.13433092087507248, 0.13423799276351928, 0.1338980495929718, 0.1337484250466029, 0.1346662694757635, 0.1341147037843863, 0.13383216020606814, 0.13389547963937123, 0.13367779289974885, 0.13342077657580376, 0.13378091156482697, 0.13359236446293918, 0.1341530146698157, 0.13329854201186786, 0.13443247377872466, 0.13454328974088034, 0.13332333912452063, 0.1335764933716167, 0.13414260372519493, 0.13394461572170258, 0.1337646323442459, 0.13403978242593653, 0.13357671722769737, 0.1330572111266, 0.1334412612698295, 0.1337708830833435, 0.13244083970785142, 0.13361993928750357, 0.13381660932844336, 0.13376012593507766, 0.1338986030646733, 0.13323346728628332, 0.13434449955821037, 0.13454895180005294, 0.13445850142410823, 0.13313746617900002, 0.13352253857780905, 0.1342952088876204, 0.13321215361356736, 0.1342293992638588, 0.1341523826122284, 0.13407641500234604, 0.13422005027532577, 0.13347936421632767, 0.13373741770491882, 0.13387098014354706, 0.13307102024555206, 0.13342272639274597, 0.1336426226531758, 0.13385738974267786, 0.13418318155933828, 0.13445470631122589, 0.13382264814878764, 0.13351578637957573, 0.1337791994214058, 0.13357784802263434, 0.13359511775128982, 0.13360205428166824, 0.13415222827877318, 0.13380635380744935, 0.1329336506979806, 0.13408274799585343, 0.13385654091835023, 0.13380907252430915, 0.13384335488080978, 0.1339665459735053, 0.13493511378765105, 0.13441320897444434, 0.13369350998025192, 0.13436537782351177, 0.13455291092395782, 0.13370323843426174, 0.13337400704622268, 0.13331721474726996, 0.13407772169871765, 0.13350774801295737, 0.13396292082641437, 0.1348014221741603, 0.1344809258977572, 0.1340522696574529, 0.13379060745239257, 0.13467429849234494, 0.13424368686974048, 0.13410267631212872, 0.13401317940308496, 0.13406355616947016, 0.1336621560833671, 0.1342361718416214, 0.1342035537319524, 0.13407855398125118, 0.13458470885570234, 0.13406134562359917, 0.1335284768631964, 0.13416333744923273, 0.1332930140197277, 0.13400780206376856, 0.1342596371968587, 0.13460360188037157, 0.13310501667169425, 0.13431541323661805, 0.13396557764365122, 0.13353646794954935, 0.1336172729730606, 0.13417102502925055, 0.13356388963404156, 0.13413062420758334, 0.13341076459203446, 0.13393108661358172, 0.13423083101709685, 0.133896720252539, 0.1331411987543106, 0.13408480699245745, 0.13373865808049837, 0.13327028685145909, 0.1344198316335678, 0.13388158075320414, 0.13334364282048267, 0.1345260739326477, 0.1340638755456261, 0.1341329976916313, 0.13400190472602844, 0.13495149314403534, 0.133839627461774, 0.13444078781388022, 0.13424995417396227, 0.13360141374562917, 0.13348708098584955, 0.13347700238227844, 0.13423783154714675, 0.13362374830813634, 0.13419966772198677, 0.1339593854817477, 0.13403524742239997, 0.133526074886322, 0.13378537793954212, 0.13436559463540712, 0.13352093506943097, 0.13419721749695865, 0.13424644966920216, 0.13332465350627898, 0.13415656704455614, 0.13350489657176168, 0.13373921662569047, 0.13388338414105502, 0.13419281740983327, 0.13359761089086533, 0.13378975344331642, 0.13312548398971558, 0.13364233175913492, 0.13364251746850855, 0.13391436470879448, 0.13350921869277954, 0.13347543217241764, 0.13362927628414972, 0.13369589902105786, 0.1336248368024826, 0.13329976271180546, 0.1345746727550731, 0.13415685147047043, 0.1342282859902633, 0.1341709303004401, 0.1334245256755663, 0.13353339319719987, 0.1338491990016057, 0.13421403533882564, 0.13471666207680336, 0.1341790042140267, 0.13440571166574955, 0.13339197784662246, 0.13335701160960728, 0.13394466448913922, 0.133280904756652, 0.13314440846443176, 0.13365912708369168, 0.13412656486034394, 0.1337940901517868, 0.13410238921642303, 0.1345589429140091, 0.1332348327745091, 0.13381192535161973, 0.1335078589618206, 0.13387951578782953, 0.13369219867806686, 0.13458626508712768, 0.13343065679073335, 0.13382427258925003, 0.13417818769812584, 0.13265813142061234, 0.13296708639930277, 0.13386784109377092, 0.13420349932633913, 0.13408450037240982, 0.1331371491154035, 0.13413828475908798, 0.13387317726245293, 0.134074167907238, 0.13384045846760273, 0.1337837129831314, 0.13487299997359514, 0.13425719986359277, 0.13285504132509232, 0.13372244437535605, 0.13411260545253753, 0.13370078951120376, 0.13404434733092785, 0.13410459653190945, 0.13349987897608015, 0.1338454896912855, 0.13418148245130265, 0.13327698575125801, 0.13455856617154746, 0.13401682674884796, 0.13435414318854993, 0.13399197586945125, 0.13422909875710806, 0.1336881262915475, 0.1335876175650844, 0.13280952721834183, 0.13328425857153806, 0.1338022372552327, 0.13450108468532562, 0.13359255492687225, 0.1339123358329137, 0.13411849339803059, 0.13404877878287258, 0.13434242539935642, 0.13387100160121918, 0.13396995180639729, 0.13360103219747543, 0.13441632573421186, 0.1338732103506724, 0.13410033285617828, 0.13429571191469827, 0.13333651330322027, 0.13331491161476483, 0.13475451144305142, 0.13335888726370676, 0.13344901214752877, 0.1334358349442482, 0.13395392081954263, 0.13337746659914654, 0.13364950093356046, 0.13376408187966599, 0.13430833461738767, 0.13317997482689944, 0.13391879598299664, 0.13363894031328313]}