('OC-FakeDect1 (Trained on DFDB Dataset)  \nTested on AVG FaceShifter Dataset  \nRunning Average Evaluation', 'OC-FakeDect1_DFDB', 'DFDB', 'OC-FakeDect1_DFDB_raeonFSHFTavg')
auroc=0.5059619606590109
f1=0.46715328467153283
prec=0.4288107202680067
recall=0.5130260521042084

fpr=[0.0, 0.5011021307861866, 1.0]

tpr=[0.0, 0.5130260521042084, 1.0]

y_true=[0, 0, 0, 0, 0, 0, 0, 0, 0, 0, 0, 0, 0, 0, 0, 0, 0, 0, 0, 0, 0, 0, 0, 0, 0, 0, 0, 0, 0, 0, 0, 0, 0, 0, 0, 0, 0, 0, 0, 0, 0, 0, 0, 0, 0, 0, 0, 0, 0, 0, 0, 0, 0, 0, 0, 0, 0, 0, 0, 0, 0, 0, 0, 0, 0, 0, 0, 0, 0, 0, 0, 0, 0, 0, 0, 0, 0, 0, 0, 0, 0, 0, 0, 0, 0, 0, 0, 0, 0, 0, 0, 0, 0, 0, 0, 0, 0, 0, 0, 0, 0, 0, 0, 0, 0, 0, 0, 0, 0, 0, 0, 0, 0, 0, 0, 0, 0, 0, 0, 0, 0, 0, 0, 0, 0, 0, 0, 0, 0, 0, 0, 0, 0, 0, 0, 0, 0, 0, 0, 0, 0, 0, 0, 0, 0, 0, 0, 0, 0, 0, 0, 0, 0, 0, 0, 0, 0, 0, 0, 0, 0, 0, 0, 0, 0, 0, 0, 0, 0, 0, 0, 0, 0, 0, 0, 0, 0, 0, 0, 0, 0, 0, 0, 0, 0, 0, 0, 0, 0, 0, 0, 0, 0, 0, 0, 0, 0, 0, 0, 0, 0, 0, 0, 0, 0, 0, 0, 0, 0, 0, 0, 0, 0, 0, 0, 0, 0, 0, 0, 0, 0, 0, 0, 0, 0, 0, 0, 0, 0, 0, 0, 0, 0, 0, 0, 0, 0, 0, 0, 0, 0, 0, 0, 0, 0, 0, 0, 0, 0, 0, 0, 0, 0, 0, 0, 0, 0, 0, 0, 0, 0, 0, 0, 0, 0, 0, 0, 0, 0, 0, 0, 0, 0, 0, 0, 0, 0, 0, 0, 0, 0, 0, 0, 0, 0, 0, 0, 0, 0, 0, 0, 0, 0, 0, 0, 0, 0, 0, 0, 0, 0, 0, 0, 0, 0, 0, 0, 0, 0, 0, 0, 0, 0, 0, 0, 0, 0, 0, 0, 0, 0, 0, 0, 0, 0, 0, 0, 0, 0, 0, 0, 0, 0, 0, 0, 0, 0, 0, 0, 0, 0, 0, 0, 0, 0, 0, 0, 0, 0, 0, 0, 0, 0, 0, 0, 0, 0, 0, 0, 0, 0, 0, 0, 0, 0, 0, 0, 0, 0, 0, 0, 0, 0, 0, 0, 0, 0, 0, 0, 0, 0, 0, 0, 0, 0, 0, 0, 0, 0, 0, 0, 0, 0, 0, 0, 0, 0, 0, 0, 0, 0, 0, 0, 0, 0, 0, 0, 0, 0, 0, 0, 0, 0, 0, 0, 0, 0, 0, 0, 0, 0, 0, 0, 0, 0, 0, 0, 0, 0, 0, 0, 0, 0, 0, 0, 0, 0, 0, 0, 0, 0, 0, 0, 0, 0, 0, 0, 0, 0, 0, 0, 0, 0, 0, 0, 0, 0, 0, 0, 0, 0, 0, 0, 0, 0, 0, 0, 0, 0, 0, 0, 0, 0, 0, 0, 0, 0, 0, 0, 0, 0, 0, 0, 0, 0, 0, 0, 0, 0, 0, 0, 0, 0, 0, 0, 0, 0, 0, 0, 0, 0, 0, 0, 0, 0, 0, 0, 0, 0, 0, 0, 0, 0, 0, 0, 0, 0, 0, 0, 0, 0, 0, 0, 0, 0, 0, 0, 0, 0, 0, 0, 0, 0, 0, 0, 0, 0, 0, 0, 0, 0, 0, 0, 0, 0, 0, 0, 0, 0, 0, 0, 0, 0, 0, 0, 0, 0, 0, 0, 0, 0, 0, 0, 0, 0, 0, 0, 0, 0, 0, 0, 0, 0, 0, 0, 0, 0, 0, 0, 0, 0, 0, 0, 0, 0, 0, 0, 0, 0, 0, 0, 0, 0, 0, 0, 0, 0, 0, 0, 0, 0, 0, 0, 0, 0, 0, 0, 0, 0, 0, 0, 0, 0, 0, 0, 0, 0, 0, 0, 0, 0, 0, 0, 0, 0, 0, 0, 0, 0, 0, 0, 0, 0, 0, 0, 0, 0, 0, 0, 0, 0, 0, 0, 0, 0, 0, 0, 0, 0, 0, 0, 0, 0, 0, 0, 0, 0, 0, 0, 0, 0, 0, 0, 0, 0, 0, 0, 0, 0, 0, 0, 0, 0, 0, 0, 0, 0, 0, 0, 0, 0, 0, 0, 0, 0, 0, 0, 0, 0, 0, 0, 0, 0, 0, 0, 0, 0, 0, 0, 0, 0, 0, 0, 0, 0, 0, 0, 0, 0, 0, 0, 0, 0, 0, 0, 0, 0, 0, 0, 0, 0, 0, 0, 0, 0, 0, 0, 0, 0, 0, 0, 0, 0, 0, 0, 0, 0, 0, 0, 0, 0, 0, 0, 0, 0, 0, 0, 0, 0, 0, 0, 0, 0, 0, 0, 0, 0, 0, 0, 0, 0, 0, 0, 0, 0, 0, 0, 0, 0, 0, 0, 0, 0, 0, 0, 0, 0, 0, 0, 0, 0, 0, 0, 0, 0, 0, 0, 0, 0, 0, 0, 0, 0, 0, 0, 0, 0, 0, 0, 0, 0, 0, 0, 0, 0, 0, 0, 0, 0, 0, 0, 0, 0, 0, 0, 0, 0, 0, 0, 0, 0, 0, 0, 0, 0, 0, 0, 0, 0, 0, 0, 0, 0, 0, 0, 0, 0, 0, 0, 0, 0, 0, 0, 0, 0, 0, 0, 0, 0, 0, 0, 0, 0, 0, 0, 0, 0, 0, 0, 0, 0, 0, 0, 0, 0, 0, 0, 0, 0, 0, 0, 0, 0, 0, 0, 0, 0, 0, 0, 0, 0, 0, 0, 0, 0, 0, 0, 0, 0, 0, 0, 0, 0, 0, 0, 0, 0, 0, 0, 0, 0, 0, 0, 0, 0, 0, 0, 0, 0, 0, 0, 0, 0, 0, 0, 0, 0, 0, 0, 0, 0, 0, 0, 0, 0, 0, 0, 0, 0, 0, 0, 0, 0, 0, 0, 0, 0, 0, 0, 0, 0, 0, 0, 0, 0, 0, 0, 0, 0, 0, 0, 0, 0, 0, 0, 0, 0, 0, 0, 0, 0, 0, 0, 0, 0, 0, 0, 0, 0, 0, 0, 0, 0, 0, 0, 0, 0, 0, 0, 0, 0, 0, 0, 0, 0, 0, 0, 0, 0, 0, 0, 0, 0, 0, 0, 0, 0, 0, 0, 0, 0, 0, 0, 0, 0, 0, 0, 0, 0, 0, 0, 0, 0, 0, 0, 0, 0, 0, 0, 0, 0, 0, 0, 0, 0, 0, 0, 0, 0, 0, 0, 0, 0, 0, 0, 0, 0, 0, 0, 0, 0, 0, 0, 0, 0, 0, 0, 0, 0, 0, 0, 0, 0, 0, 0, 0, 0, 0, 0, 0, 0, 0, 0, 0, 0, 0, 0, 0, 0, 0, 0, 0, 0, 0, 0, 0, 0, 0, 0, 0, 0, 0, 0, 0, 0, 0, 0, 0, 0, 0, 0, 0, 0, 0, 0, 0, 0, 0, 0, 0, 0, 0, 0, 0, 0, 0, 0, 0, 0, 0, 0, 0, 0, 0, 0, 0, 0, 0, 0, 0, 0, 0, 0, 0, 0, 0, 0, 0, 0, 0, 0, 0, 0, 0, 0, 0, 0, 0, 0, 0, 0, 0, 0, 0, 0, 0, 0, 0, 0, 0, 0, 0, 0, 0, 0, 0, 0, 0, 0, 0, 0, 0, 0, 0, 0, 0, 0, 0, 0, 0, 0, 0, 0, 0, 0, 0, 0, 0, 0, 0, 0, 0, 0, 0, 0, 0, 0, 0, 0, 0, 0, 0, 0, 0, 0, 0, 0, 0, 0, 0, 0, 0, 0, 0, 0, 0, 0, 0, 0, 0, 0, 0, 0, 0, 0, 0, 0, 0, 0, 0, 0, 0, 0, 0, 0, 0, 0, 0, 0, 0, 0, 0, 0, 0, 0, 0, 0, 0, 0, 0, 0, 0, 0, 0, 0, 0, 0, 0, 0, 0, 0, 0, 0, 0, 0, 0, 0, 0, 0, 0, 0, 0, 0, 0, 0, 0, 0, 0, 0, 0, 0, 0, 0, 0, 0, 0, 0, 0, 0, 0, 0, 0, 0, 0, 0, 0, 0, 0, 0, 0, 0, 0, 0, 0, 0, 0, 0, 0, 0, 0, 0, 0, 0, 0, 0, 0, 0, 0, 0, 0, 0, 0, 0, 0, 0, 0, 0, 0, 0, 0, 0, 0, 0, 0, 0, 0, 0, 0, 0, 0, 0, 0, 0, 0, 0, 0, 0, 0, 0, 0, 0, 0, 0, 0, 0, 0, 0, 0, 0, 0, 0, 0, 0, 0, 0, 0, 0, 0, 0, 0, 0, 1, 1, 1, 1, 1, 1, 1, 1, 1, 1, 1, 1, 1, 1, 1, 1, 1, 1, 1, 1, 1, 1, 1, 1, 1, 1, 1, 1, 1, 1, 1, 1, 1, 1, 1, 1, 1, 1, 1, 1, 1, 1, 1, 1, 1, 1, 1, 1, 1, 1, 1, 1, 1, 1, 1, 1, 1, 1, 1, 1, 1, 1, 1, 1, 1, 1, 1, 1, 1, 1, 1, 1, 1, 1, 1, 1, 1, 1, 1, 1, 1, 1, 1, 1, 1, 1, 1, 1, 1, 1, 1, 1, 1, 1, 1, 1, 1, 1, 1, 1, 1, 1, 1, 1, 1, 1, 1, 1, 1, 1, 1, 1, 1, 1, 1, 1, 1, 1, 1, 1, 1, 1, 1, 1, 1, 1, 1, 1, 1, 1, 1, 1, 1, 1, 1, 1, 1, 1, 1, 1, 1, 1, 1, 1, 1, 1, 1, 1, 1, 1, 1, 1, 1, 1, 1, 1, 1, 1, 1, 1, 1, 1, 1, 1, 1, 1, 1, 1, 1, 1, 1, 1, 1, 1, 1, 1, 1, 1, 1, 1, 1, 1, 1, 1, 1, 1, 1, 1, 1, 1, 1, 1, 1, 1, 1, 1, 1, 1, 1, 1, 1, 1, 1, 1, 1, 1, 1, 1, 1, 1, 1, 1, 1, 1, 1, 1, 1, 1, 1, 1, 1, 1, 1, 1, 1, 1, 1, 1, 1, 1, 1, 1, 1, 1, 1, 1, 1, 1, 1, 1, 1, 1, 1, 1, 1, 1, 1, 1, 1, 1, 1, 1, 1, 1, 1, 1, 1, 1, 1, 1, 1, 1, 1, 1, 1, 1, 1, 1, 1, 1, 1, 1, 1, 1, 1, 1, 1, 1, 1, 1, 1, 1, 1, 1, 1, 1, 1, 1, 1, 1, 1, 1, 1, 1, 1, 1, 1, 1, 1, 1, 1, 1, 1, 1, 1, 1, 1, 1, 1, 1, 1, 1, 1, 1, 1, 1, 1, 1, 1, 1, 1, 1, 1, 1, 1, 1, 1, 1, 1, 1, 1, 1, 1, 1, 1, 1, 1, 1, 1, 1, 1, 1, 1, 1, 1, 1, 1, 1, 1, 1, 1, 1, 1, 1, 1, 1, 1, 1, 1, 1, 1, 1, 1, 1, 1, 1, 1, 1, 1, 1, 1, 1, 1, 1, 1, 1, 1, 1, 1, 1, 1, 1, 1, 1, 1, 1, 1, 1, 1, 1, 1, 1, 1, 1, 1, 1, 1, 1, 1, 1, 1, 1, 1, 1, 1, 1, 1, 1, 1, 1, 1, 1, 1, 1, 1, 1, 1, 1, 1, 1, 1, 1, 1, 1, 1, 1, 1, 1, 1, 1, 1, 1, 1, 1, 1, 1, 1, 1, 1, 1, 1, 1, 1, 1, 1, 1, 1, 1, 1, 1, 1, 1, 1, 1, 1, 1, 1, 1, 1, 1, 1, 1, 1, 1, 1, 1, 1, 1, 1, 1, 1, 1, 1, 1, 1, 1, 1, 1, 1, 1, 1, 1, 1, 1, 1, 1, 1, 1, 1, 1, 1, 1, 1, 1, 1, 1, 1, 1, 1, 1, 1, 1, 1, 1, 1, 1, 1, 1, 1, 1, 1, 1, 1, 1, 1, 1, 1, 1, 1, 1, 1, 1, 1, 1, 1, 1, 1, 1, 1, 1, 1, 1, 1, 1, 1, 1, 1, 1, 1, 1, 1, 1, 1, 1, 1, 1, 1, 1, 1, 1, 1, 1, 1, 1, 1, 1, 1, 1, 1, 1, 1, 1, 1, 1, 1, 1, 1, 1, 1, 1, 1, 1, 1, 1, 1, 1, 1, 1, 1, 1, 1, 1, 1, 1, 1, 1, 1, 1, 1, 1, 1, 1, 1, 1, 1, 1, 1, 1, 1, 1, 1, 1, 1, 1, 1, 1, 1, 1, 1, 1, 1, 1, 1, 1, 1, 1, 1, 1, 1, 1, 1, 1, 1, 1, 1, 1, 1, 1, 1, 1, 1, 1, 1, 1, 1, 1, 1, 1, 1, 1, 1, 1, 1, 1, 1, 1, 1, 1, 1, 1, 1, 1, 1, 1, 1, 1, 1, 1, 1, 1, 1, 1, 1, 1, 1, 1, 1, 1, 1, 1, 1, 1, 1, 1, 1, 1, 1, 1, 1, 1, 1, 1, 1, 1, 1, 1, 1, 1, 1, 1, 1, 1, 1, 1, 1, 1, 1, 1, 1, 1, 1, 1, 1, 1, 1, 1, 1, 1, 1, 1, 1, 1, 1, 1, 1, 1, 1, 1, 1, 1, 1, 1, 1, 1, 1, 1, 1, 1, 1, 1, 1, 1, 1, 1, 1, 1, 1, 1, 1, 1, 1, 1, 1, 1, 1, 1, 1, 1, 1, 1, 1, 1, 1, 1, 1, 1, 1, 1, 1, 1, 1, 1, 1, 1, 1, 1, 1, 1, 1, 1, 1, 1, 1, 1, 1, 1, 1, 1, 1, 1, 1, 1, 1, 1, 1, 1, 1, 1, 1, 1, 1, 1, 1, 1, 1, 1, 1, 1, 1, 1, 1, 1, 1, 1, 1, 1, 1, 1, 1, 1, 1, 1, 1, 1, 1, 1, 1, 1, 1, 1, 1, 1, 1, 1, 1, 1, 1, 1, 1, 1, 1, 1, 1, 1, 1, 1, 1, 1, 1, 1, 1, 1, 1, 1, 1, 1, 1, 1, 1, 1, 1, 1, 1, 1, 1, 1, 1, 1, 1, 1, 1, 1, 1, 1, 1, 1, 1, 1, 1, 1, 1, 1, 1, 1, 1, 1, 1, 1, 1, 1, 1, 1, 1, 1, 1, 1, 1, 1, 1, 1, 1, 1, 1, 1, 1, 1, 1, 1, 1, 1, 1, 1, 1, 1, 1, 1, 1, 1, 1, 1, 1, 1, 1, 1, 1, 1, 1, 1, 1, 1, 1, 1, 1, 1, 1, 1, 1, 1, 1, 1, 1, 1, 1, 1, 1, 1, 1, 1, 1, 1, 1, 1, 1, 1, 1, 1, 1, 1, 1, 1, 1, 1, 1, 1, 1, 1, 1, 1, 1, 1, 1, 1, 1, 1, 1, 1, 1, 1, 1, 1, 1, 1, 1, 1, 1, 1, 1, 1, 1, 1, 1, 1, 1, 1, 1, 1, 1, 1, 1, 1, 1, 1, 1, 1, 1, 1, 1, 1]

y_pred=[1.0, 0.0, 1.0, 1.0, 0.0, 0.0, 0.0, 1.0, 0.0, 0.0, 1.0, 1.0, 1.0, 1.0, 0.0, 0.0, 1.0, 1.0, 0.0, 0.0, 0.0, 0.0, 0.0, 0.0, 1.0, 0.0, 1.0, 1.0, 0.0, 0.0, 0.0, 1.0, 0.0, 0.0, 0.0, 1.0, 1.0, 1.0, 1.0, 1.0, 1.0, 0.0, 0.0, 0.0, 1.0, 1.0, 0.0, 1.0, 0.0, 0.0, 0.0, 1.0, 0.0, 0.0, 0.0, 1.0, 1.0, 1.0, 0.0, 1.0, 0.0, 1.0, 1.0, 0.0, 0.0, 0.0, 1.0, 0.0, 0.0, 1.0, 1.0, 0.0, 0.0, 0.0, 1.0, 0.0, 0.0, 0.0, 1.0, 0.0, 0.0, 1.0, 1.0, 1.0, 0.0, 1.0, 0.0, 1.0, 1.0, 1.0, 0.0, 1.0, 0.0, 1.0, 0.0, 1.0, 1.0, 1.0, 0.0, 0.0, 1.0, 1.0, 1.0, 0.0, 1.0, 0.0, 0.0, 1.0, 0.0, 0.0, 1.0, 0.0, 0.0, 0.0, 1.0, 1.0, 0.0, 1.0, 0.0, 1.0, 0.0, 0.0, 0.0, 0.0, 1.0, 1.0, 0.0, 0.0, 0.0, 0.0, 0.0, 0.0, 0.0, 1.0, 1.0, 1.0, 1.0, 1.0, 1.0, 0.0, 0.0, 0.0, 1.0, 1.0, 1.0, 0.0, 0.0, 1.0, 1.0, 1.0, 0.0, 1.0, 0.0, 0.0, 1.0, 1.0, 1.0, 0.0, 1.0, 1.0, 0.0, 1.0, 1.0, 0.0, 0.0, 1.0, 1.0, 1.0, 0.0, 0.0, 0.0, 0.0, 1.0, 0.0, 0.0, 0.0, 1.0, 1.0, 1.0, 1.0, 0.0, 0.0, 1.0, 1.0, 0.0, 0.0, 1.0, 0.0, 0.0, 1.0, 1.0, 0.0, 1.0, 1.0, 0.0, 0.0, 0.0, 1.0, 1.0, 1.0, 0.0, 1.0, 0.0, 1.0, 0.0, 0.0, 0.0, 0.0, 0.0, 0.0, 1.0, 0.0, 0.0, 1.0, 1.0, 1.0, 0.0, 1.0, 0.0, 1.0, 1.0, 0.0, 0.0, 1.0, 0.0, 0.0, 0.0, 1.0, 0.0, 1.0, 0.0, 0.0, 0.0, 1.0, 1.0, 1.0, 1.0, 1.0, 1.0, 0.0, 0.0, 1.0, 1.0, 1.0, 1.0, 1.0, 0.0, 0.0, 1.0, 1.0, 0.0, 0.0, 0.0, 0.0, 1.0, 1.0, 1.0, 0.0, 1.0, 1.0, 0.0, 0.0, 1.0, 0.0, 1.0, 1.0, 0.0, 1.0, 0.0, 0.0, 0.0, 1.0, 0.0, 0.0, 1.0, 0.0, 1.0, 1.0, 0.0, 0.0, 1.0, 0.0, 1.0, 1.0, 1.0, 0.0, 1.0, 0.0, 0.0, 0.0, 1.0, 1.0, 1.0, 1.0, 0.0, 0.0, 1.0, 1.0, 0.0, 0.0, 1.0, 0.0, 0.0, 0.0, 0.0, 1.0, 1.0, 1.0, 1.0, 0.0, 1.0, 0.0, 1.0, 0.0, 0.0, 0.0, 0.0, 1.0, 0.0, 1.0, 0.0, 1.0, 1.0, 0.0, 1.0, 0.0, 0.0, 1.0, 0.0, 1.0, 0.0, 0.0, 1.0, 0.0, 0.0, 0.0, 1.0, 1.0, 0.0, 0.0, 1.0, 1.0, 0.0, 0.0, 1.0, 0.0, 1.0, 0.0, 0.0, 0.0, 0.0, 1.0, 0.0, 0.0, 0.0, 0.0, 0.0, 1.0, 1.0, 1.0, 1.0, 1.0, 1.0, 0.0, 0.0, 0.0, 1.0, 1.0, 1.0, 0.0, 0.0, 1.0, 1.0, 0.0, 1.0, 1.0, 0.0, 0.0, 0.0, 1.0, 1.0, 1.0, 1.0, 0.0, 0.0, 0.0, 0.0, 0.0, 0.0, 1.0, 1.0, 1.0, 1.0, 0.0, 1.0, 1.0, 1.0, 0.0, 0.0, 0.0, 0.0, 0.0, 0.0, 0.0, 0.0, 0.0, 0.0, 1.0, 1.0, 1.0, 0.0, 0.0, 1.0, 0.0, 0.0, 1.0, 1.0, 1.0, 1.0, 0.0, 0.0, 1.0, 0.0, 1.0, 1.0, 0.0, 0.0, 1.0, 0.0, 1.0, 0.0, 0.0, 0.0, 0.0, 1.0, 0.0, 0.0, 1.0, 1.0, 1.0, 1.0, 1.0, 1.0, 1.0, 1.0, 0.0, 0.0, 0.0, 1.0, 1.0, 0.0, 0.0, 1.0, 0.0, 1.0, 1.0, 0.0, 0.0, 1.0, 0.0, 0.0, 1.0, 1.0, 1.0, 0.0, 1.0, 0.0, 1.0, 0.0, 1.0, 0.0, 0.0, 1.0, 1.0, 0.0, 1.0, 1.0, 0.0, 1.0, 0.0, 0.0, 1.0, 1.0, 1.0, 0.0, 1.0, 0.0, 1.0, 1.0, 0.0, 1.0, 0.0, 0.0, 1.0, 0.0, 1.0, 0.0, 0.0, 1.0, 1.0, 0.0, 0.0, 1.0, 1.0, 1.0, 1.0, 1.0, 1.0, 0.0, 1.0, 1.0, 0.0, 1.0, 0.0, 0.0, 1.0, 0.0, 0.0, 0.0, 0.0, 1.0, 1.0, 1.0, 1.0, 0.0, 1.0, 1.0, 1.0, 1.0, 1.0, 0.0, 1.0, 0.0, 1.0, 0.0, 1.0, 0.0, 0.0, 0.0, 0.0, 0.0, 1.0, 1.0, 0.0, 1.0, 0.0, 0.0, 1.0, 0.0, 0.0, 1.0, 1.0, 0.0, 1.0, 0.0, 0.0, 1.0, 1.0, 1.0, 0.0, 1.0, 1.0, 0.0, 0.0, 0.0, 0.0, 0.0, 0.0, 0.0, 1.0, 1.0, 1.0, 1.0, 0.0, 0.0, 1.0, 0.0, 1.0, 0.0, 1.0, 1.0, 1.0, 0.0, 0.0, 0.0, 0.0, 1.0, 1.0, 1.0, 0.0, 0.0, 1.0, 0.0, 0.0, 1.0, 1.0, 1.0, 1.0, 0.0, 1.0, 1.0, 0.0, 0.0, 1.0, 1.0, 1.0, 1.0, 0.0, 1.0, 1.0, 1.0, 1.0, 0.0, 0.0, 1.0, 0.0, 1.0, 0.0, 0.0, 1.0, 0.0, 0.0, 0.0, 0.0, 0.0, 1.0, 1.0, 0.0, 0.0, 0.0, 1.0, 1.0, 1.0, 1.0, 0.0, 0.0, 1.0, 1.0, 0.0, 0.0, 0.0, 1.0, 0.0, 0.0, 1.0, 0.0, 0.0, 0.0, 0.0, 1.0, 0.0, 0.0, 0.0, 0.0, 1.0, 1.0, 1.0, 0.0, 0.0, 0.0, 0.0, 0.0, 1.0, 0.0, 0.0, 0.0, 0.0, 0.0, 0.0, 1.0, 1.0, 0.0, 1.0, 0.0, 1.0, 0.0, 1.0, 0.0, 1.0, 1.0, 1.0, 1.0, 0.0, 1.0, 0.0, 0.0, 1.0, 0.0, 1.0, 1.0, 0.0, 0.0, 0.0, 1.0, 0.0, 0.0, 0.0, 0.0, 1.0, 1.0, 0.0, 0.0, 1.0, 1.0, 1.0, 0.0, 0.0, 1.0, 0.0, 1.0, 1.0, 1.0, 1.0, 0.0, 0.0, 0.0, 0.0, 0.0, 1.0, 1.0, 0.0, 0.0, 1.0, 0.0, 1.0, 0.0, 1.0, 0.0, 1.0, 1.0, 0.0, 0.0, 0.0, 0.0, 0.0, 1.0, 1.0, 1.0, 1.0, 0.0, 1.0, 1.0, 1.0, 1.0, 1.0, 0.0, 1.0, 0.0, 0.0, 0.0, 1.0, 1.0, 0.0, 1.0, 1.0, 0.0, 1.0, 1.0, 1.0, 0.0, 1.0, 1.0, 0.0, 0.0, 1.0, 0.0, 0.0, 1.0, 0.0, 1.0, 0.0, 0.0, 0.0, 1.0, 1.0, 1.0, 1.0, 0.0, 0.0, 0.0, 0.0, 1.0, 1.0, 1.0, 0.0, 1.0, 1.0, 0.0, 0.0, 1.0, 1.0, 0.0, 0.0, 1.0, 0.0, 1.0, 1.0, 1.0, 0.0, 1.0, 1.0, 0.0, 0.0, 0.0, 1.0, 1.0, 1.0, 1.0, 1.0, 0.0, 1.0, 1.0, 0.0, 1.0, 0.0, 1.0, 1.0, 0.0, 1.0, 0.0, 0.0, 0.0, 1.0, 1.0, 0.0, 0.0, 1.0, 1.0, 1.0, 0.0, 0.0, 0.0, 1.0, 1.0, 0.0, 1.0, 0.0, 0.0, 0.0, 1.0, 1.0, 0.0, 0.0, 0.0, 1.0, 1.0, 1.0, 1.0, 1.0, 0.0, 0.0, 1.0, 1.0, 1.0, 1.0, 1.0, 0.0, 1.0, 1.0, 0.0, 0.0, 1.0, 0.0, 0.0, 0.0, 1.0, 1.0, 1.0, 1.0, 1.0, 0.0, 1.0, 0.0, 1.0, 0.0, 0.0, 1.0, 0.0, 1.0, 1.0, 0.0, 1.0, 0.0, 1.0, 1.0, 1.0, 1.0, 1.0, 0.0, 0.0, 0.0, 0.0, 0.0, 0.0, 1.0, 0.0, 0.0, 1.0, 0.0, 0.0, 1.0, 1.0, 1.0, 1.0, 0.0, 1.0, 1.0, 0.0, 0.0, 0.0, 1.0, 1.0, 0.0, 0.0, 0.0, 1.0, 1.0, 1.0, 0.0, 0.0, 0.0, 0.0, 0.0, 0.0, 0.0, 1.0, 1.0, 1.0, 0.0, 1.0, 1.0, 1.0, 1.0, 0.0, 0.0, 1.0, 0.0, 0.0, 0.0, 1.0, 0.0, 0.0, 0.0, 1.0, 0.0, 0.0, 0.0, 1.0, 0.0, 1.0, 1.0, 1.0, 1.0, 0.0, 0.0, 0.0, 0.0, 1.0, 1.0, 0.0, 0.0, 0.0, 1.0, 1.0, 1.0, 1.0, 0.0, 1.0, 0.0, 1.0, 0.0, 0.0, 0.0, 1.0, 1.0, 0.0, 0.0, 0.0, 0.0, 1.0, 1.0, 0.0, 0.0, 1.0, 1.0, 1.0, 1.0, 1.0, 0.0, 0.0, 0.0, 0.0, 1.0, 1.0, 0.0, 0.0, 1.0, 1.0, 0.0, 1.0, 1.0, 1.0, 1.0, 0.0, 0.0, 0.0, 1.0, 1.0, 0.0, 1.0, 0.0, 1.0, 1.0, 0.0, 0.0, 0.0, 1.0, 1.0, 0.0, 1.0, 0.0, 1.0, 1.0, 1.0, 0.0, 1.0, 0.0, 0.0, 1.0, 1.0, 0.0, 1.0, 1.0, 1.0, 0.0, 1.0, 0.0, 0.0, 0.0, 1.0, 0.0, 0.0, 1.0, 1.0, 1.0, 1.0, 1.0, 0.0, 0.0, 1.0, 1.0, 0.0, 0.0, 1.0, 0.0, 1.0, 1.0, 0.0, 0.0, 0.0, 1.0, 0.0, 1.0, 0.0, 0.0, 1.0, 1.0, 0.0, 0.0, 1.0, 1.0, 0.0, 0.0, 0.0, 1.0, 0.0, 1.0, 1.0, 1.0, 0.0, 1.0, 0.0, 0.0, 0.0, 1.0, 0.0, 1.0, 1.0, 0.0, 1.0, 0.0, 0.0, 1.0, 1.0, 0.0, 0.0, 0.0, 1.0, 0.0, 0.0, 1.0, 0.0, 0.0, 0.0, 1.0, 1.0, 0.0, 1.0, 1.0, 1.0, 1.0, 0.0, 0.0, 1.0, 0.0, 1.0, 1.0, 0.0, 1.0, 1.0, 1.0, 0.0, 0.0, 1.0, 0.0, 1.0, 1.0, 0.0, 0.0, 1.0, 1.0, 0.0, 1.0, 0.0, 1.0, 0.0, 1.0, 0.0, 1.0, 0.0, 0.0, 0.0, 1.0, 0.0, 1.0, 1.0, 0.0, 1.0, 1.0, 0.0, 0.0, 1.0, 0.0, 1.0, 1.0, 1.0, 0.0, 0.0, 0.0, 1.0, 1.0, 1.0, 1.0, 0.0, 0.0, 1.0, 0.0, 0.0, 0.0, 1.0, 0.0, 1.0, 1.0, 0.0, 1.0, 0.0, 1.0, 1.0, 1.0, 0.0, 1.0, 1.0, 0.0, 0.0, 0.0, 1.0, 1.0, 0.0, 0.0, 1.0, 0.0, 1.0, 0.0, 0.0, 1.0, 1.0, 1.0, 0.0, 1.0, 1.0, 1.0, 0.0, 1.0, 1.0, 1.0, 1.0, 0.0, 1.0, 1.0, 1.0, 1.0, 0.0, 0.0, 0.0, 0.0, 1.0, 1.0, 0.0, 1.0, 0.0, 0.0, 1.0, 1.0, 1.0, 1.0, 0.0, 1.0, 0.0, 1.0, 1.0, 0.0, 1.0, 0.0, 1.0, 0.0, 1.0, 0.0, 1.0, 1.0, 1.0, 0.0, 0.0, 0.0, 1.0, 0.0, 0.0, 1.0, 0.0, 0.0, 1.0, 1.0, 0.0, 0.0, 1.0, 1.0, 1.0, 1.0, 1.0, 1.0, 0.0, 0.0, 0.0, 1.0, 1.0, 0.0, 0.0, 0.0, 0.0, 0.0, 0.0, 0.0, 1.0, 0.0, 1.0, 1.0, 1.0, 1.0, 0.0, 0.0, 1.0, 1.0, 1.0, 1.0, 1.0, 0.0, 0.0, 1.0, 1.0, 0.0, 0.0, 1.0, 1.0, 1.0, 1.0, 1.0, 0.0, 1.0, 1.0, 1.0, 0.0, 0.0, 1.0, 1.0, 1.0, 1.0, 1.0, 0.0, 0.0, 0.0, 0.0, 1.0, 1.0, 0.0, 1.0, 0.0, 1.0, 1.0, 0.0, 1.0, 1.0, 1.0, 0.0, 1.0, 0.0, 0.0, 0.0, 0.0, 0.0, 1.0, 0.0, 1.0, 1.0, 1.0, 1.0, 0.0, 0.0, 0.0, 0.0, 1.0, 0.0, 0.0, 1.0, 0.0, 0.0, 1.0, 0.0, 1.0, 0.0, 0.0, 0.0, 1.0, 0.0, 0.0, 1.0, 1.0, 1.0, 0.0, 1.0, 1.0, 0.0, 1.0, 1.0, 0.0, 1.0, 1.0, 1.0, 1.0, 0.0, 0.0, 0.0, 0.0, 1.0, 0.0, 1.0, 1.0, 0.0, 0.0, 0.0, 0.0, 1.0, 1.0, 0.0, 1.0, 1.0, 1.0, 1.0, 1.0, 0.0, 1.0, 1.0, 0.0, 0.0, 1.0, 0.0, 1.0, 0.0, 0.0, 1.0, 1.0, 0.0, 0.0, 0.0, 1.0, 0.0, 1.0, 0.0, 1.0, 1.0, 1.0, 1.0, 0.0, 0.0, 0.0, 1.0, 1.0, 1.0, 1.0, 0.0, 0.0, 0.0, 0.0, 1.0, 1.0, 1.0, 0.0, 1.0, 0.0, 1.0, 0.0, 1.0, 0.0, 1.0, 1.0, 0.0, 0.0, 1.0, 0.0, 0.0, 0.0, 0.0, 1.0, 1.0, 1.0, 1.0, 0.0, 1.0, 1.0, 1.0, 1.0, 1.0, 1.0, 0.0, 0.0, 1.0, 1.0, 1.0, 0.0, 0.0, 0.0, 1.0, 1.0, 1.0, 1.0, 0.0, 0.0, 1.0, 0.0, 0.0, 0.0, 0.0, 1.0, 1.0, 1.0, 1.0, 1.0, 1.0, 0.0, 0.0, 0.0, 0.0, 1.0, 1.0, 0.0, 0.0, 1.0, 1.0, 0.0, 0.0, 0.0, 0.0, 0.0, 1.0, 1.0, 1.0, 0.0, 1.0, 1.0, 1.0, 1.0, 0.0, 1.0, 0.0, 0.0, 0.0, 1.0, 0.0, 1.0, 0.0, 1.0, 1.0, 1.0, 0.0, 0.0, 1.0, 1.0, 0.0, 1.0, 1.0, 0.0, 1.0, 1.0, 0.0, 1.0, 0.0, 1.0, 0.0, 1.0, 0.0, 0.0, 0.0, 1.0, 1.0, 1.0, 1.0, 1.0, 0.0, 1.0, 1.0, 1.0, 0.0, 1.0, 1.0, 1.0, 0.0, 1.0, 1.0, 1.0, 0.0, 1.0, 1.0, 1.0, 0.0, 0.0, 0.0, 0.0, 0.0, 0.0, 1.0, 0.0, 0.0, 1.0, 1.0, 0.0, 1.0, 0.0, 0.0, 0.0, 0.0, 0.0, 1.0, 0.0, 0.0, 1.0, 1.0, 0.0, 0.0, 1.0, 0.0, 0.0, 0.0, 1.0, 1.0, 1.0, 0.0, 1.0, 1.0, 0.0, 0.0, 1.0, 1.0, 1.0, 1.0, 0.0, 1.0, 0.0, 0.0, 0.0, 1.0, 0.0, 1.0, 1.0, 1.0, 1.0, 0.0, 0.0, 0.0, 1.0, 0.0, 1.0, 0.0, 0.0, 1.0, 1.0, 0.0, 1.0, 1.0, 0.0, 1.0, 1.0, 0.0, 1.0, 0.0, 1.0, 1.0, 1.0, 0.0, 0.0, 1.0, 0.0, 0.0, 0.0, 1.0, 0.0, 0.0, 0.0, 0.0, 0.0, 1.0, 0.0, 1.0, 0.0, 0.0, 1.0, 0.0, 1.0, 1.0, 0.0, 1.0, 1.0, 1.0, 0.0, 1.0, 0.0, 0.0, 1.0, 0.0, 0.0, 0.0, 1.0, 1.0, 1.0, 1.0, 1.0, 0.0, 0.0, 0.0, 1.0, 0.0, 1.0, 1.0, 0.0, 1.0, 0.0, 1.0, 0.0, 1.0, 0.0, 0.0, 1.0, 0.0, 1.0, 0.0, 1.0, 1.0, 1.0, 0.0, 0.0, 0.0, 1.0, 1.0, 1.0, 0.0, 0.0, 1.0, 1.0, 0.0, 1.0, 1.0, 1.0, 0.0, 1.0, 0.0, 1.0, 0.0, 1.0, 0.0, 0.0, 0.0, 1.0, 1.0, 0.0, 1.0, 0.0, 1.0, 1.0, 1.0, 0.0, 1.0, 0.0, 1.0, 1.0, 1.0, 1.0, 0.0, 1.0, 1.0, 1.0, 1.0, 1.0, 0.0, 0.0, 0.0, 0.0, 1.0, 1.0, 0.0, 1.0, 1.0, 1.0, 0.0, 0.0, 0.0, 0.0, 1.0, 1.0, 1.0, 0.0, 1.0, 0.0, 1.0, 0.0, 0.0, 0.0, 0.0, 0.0, 1.0, 1.0, 1.0, 0.0, 0.0, 1.0, 0.0, 1.0, 1.0, 0.0, 0.0, 1.0, 1.0, 1.0, 1.0, 0.0, 1.0, 1.0, 0.0, 1.0, 1.0, 1.0, 1.0, 0.0, 1.0, 1.0, 1.0, 0.0, 0.0, 0.0, 1.0, 1.0, 1.0, 0.0, 0.0, 1.0, 1.0, 1.0, 0.0, 1.0, 0.0, 0.0, 1.0, 0.0, 0.0, 1.0, 1.0, 0.0, 1.0, 1.0, 1.0, 0.0, 1.0, 1.0, 1.0, 1.0, 0.0, 1.0, 0.0, 1.0, 0.0, 0.0, 1.0, 0.0, 1.0, 0.0, 1.0, 1.0, 0.0, 1.0, 0.0, 0.0, 1.0, 1.0, 1.0, 0.0, 1.0, 1.0, 0.0, 1.0, 0.0, 0.0, 0.0, 0.0, 0.0, 1.0, 1.0, 0.0, 1.0, 0.0, 0.0, 0.0, 0.0, 1.0, 1.0, 1.0, 1.0, 1.0, 0.0, 0.0, 1.0, 0.0, 0.0, 0.0, 0.0, 1.0, 0.0, 0.0, 0.0, 1.0, 0.0, 0.0, 0.0, 0.0, 0.0, 0.0, 1.0, 1.0, 0.0, 1.0, 0.0, 0.0, 0.0, 1.0, 0.0, 1.0, 0.0, 1.0, 1.0, 0.0, 1.0, 1.0, 1.0, 1.0, 1.0, 1.0, 1.0, 0.0, 0.0, 0.0, 1.0, 1.0, 0.0, 0.0, 0.0, 1.0, 1.0, 0.0, 1.0, 1.0, 0.0, 0.0, 0.0, 1.0, 1.0, 1.0, 1.0, 1.0, 1.0, 0.0, 0.0, 0.0, 1.0, 1.0, 1.0, 1.0, 1.0, 0.0, 0.0, 0.0, 1.0, 0.0, 1.0, 0.0, 0.0, 1.0, 1.0, 1.0, 1.0, 0.0, 0.0, 1.0, 0.0, 1.0, 1.0, 0.0, 1.0, 0.0, 0.0, 1.0, 1.0, 0.0, 0.0, 0.0, 0.0, 0.0, 0.0, 1.0, 1.0, 0.0, 0.0, 1.0, 1.0, 1.0, 1.0, 1.0, 0.0, 0.0, 0.0, 1.0, 0.0, 0.0, 1.0, 0.0, 0.0, 0.0, 1.0, 1.0, 0.0, 1.0, 1.0, 0.0, 0.0, 1.0, 0.0, 0.0, 1.0, 0.0, 1.0, 1.0, 1.0, 0.0, 0.0, 1.0, 0.0, 0.0, 0.0, 1.0, 0.0, 1.0, 1.0, 1.0, 1.0, 0.0, 1.0, 1.0, 1.0, 0.0, 0.0, 1.0, 0.0, 0.0, 1.0, 1.0, 0.0, 0.0, 1.0, 0.0, 1.0, 1.0, 0.0, 0.0, 0.0, 1.0, 1.0, 1.0, 1.0, 0.0, 0.0, 1.0, 0.0, 0.0, 1.0, 0.0, 0.0, 0.0, 1.0, 0.0, 1.0, 1.0, 0.0, 1.0, 0.0, 1.0, 1.0, 1.0, 1.0, 0.0, 0.0, 1.0, 0.0, 0.0, 1.0, 0.0, 0.0, 1.0, 0.0, 1.0, 1.0, 0.0, 1.0, 0.0, 1.0, 0.0, 1.0, 1.0, 0.0, 0.0, 0.0, 1.0, 1.0, 0.0, 1.0, 1.0, 1.0, 0.0, 0.0, 0.0, 1.0, 0.0, 1.0, 1.0, 1.0, 0.0, 1.0, 1.0, 1.0, 1.0, 0.0, 0.0, 1.0, 0.0, 1.0, 1.0, 1.0, 0.0, 0.0, 0.0, 1.0, 0.0, 1.0, 0.0, 0.0, 1.0, 1.0, 0.0, 0.0, 1.0, 0.0, 1.0, 1.0, 0.0, 1.0, 0.0, 1.0, 1.0, 1.0, 0.0, 0.0, 1.0, 1.0, 1.0, 0.0, 1.0, 1.0, 0.0, 0.0, 0.0, 0.0, 0.0, 0.0, 0.0, 0.0, 0.0, 0.0, 0.0, 1.0, 0.0, 0.0, 1.0, 0.0, 0.0, 1.0, 1.0, 1.0, 1.0, 1.0, 0.0, 0.0, 1.0, 1.0, 0.0, 0.0, 0.0, 1.0, 1.0, 1.0, 0.0, 1.0, 0.0, 0.0, 0.0, 1.0, 1.0, 1.0, 1.0, 0.0, 0.0, 1.0, 1.0, 0.0, 1.0, 0.0, 1.0, 1.0, 0.0, 1.0, 0.0, 0.0, 0.0, 1.0, 0.0, 0.0, 1.0, 1.0, 1.0, 0.0, 0.0, 0.0, 1.0, 1.0, 0.0, 0.0, 0.0, 1.0, 1.0, 1.0, 0.0, 0.0, 1.0, 0.0, 0.0, 1.0, 0.0, 1.0, 1.0, 1.0, 0.0, 0.0, 0.0, 0.0, 1.0, 0.0, 1.0, 0.0, 1.0, 0.0, 0.0, 1.0, 1.0, 1.0, 0.0, 0.0, 0.0, 0.0, 0.0, 1.0, 1.0, 0.0, 0.0, 0.0, 0.0, 1.0, 0.0, 1.0, 1.0, 0.0, 1.0, 0.0, 1.0, 1.0, 0.0, 1.0, 1.0, 0.0, 1.0, 0.0, 0.0, 0.0, 1.0, 0.0, 1.0, 0.0, 0.0, 0.0, 1.0, 1.0, 0.0, 0.0, 0.0, 1.0, 1.0, 0.0, 0.0, 1.0, 1.0, 1.0, 0.0, 0.0, 1.0, 0.0, 1.0, 1.0, 1.0, 1.0, 1.0, 1.0, 0.0, 0.0, 1.0, 1.0, 1.0, 1.0, 1.0, 1.0, 0.0, 1.0, 1.0, 0.0, 1.0, 0.0, 1.0, 0.0, 1.0, 1.0, 0.0, 1.0, 0.0, 0.0, 1.0, 1.0, 1.0, 0.0, 0.0, 1.0, 0.0, 1.0, 1.0, 1.0, 0.0, 1.0, 1.0, 0.0, 0.0, 1.0, 1.0, 0.0, 1.0, 0.0, 0.0, 0.0, 0.0, 0.0, 0.0, 1.0, 0.0, 0.0, 0.0, 1.0, 0.0, 0.0, 0.0, 0.0, 1.0, 1.0, 1.0, 0.0, 1.0, 1.0, 0.0, 0.0, 1.0, 0.0, 1.0, 0.0, 1.0, 1.0, 0.0, 0.0, 1.0, 0.0, 0.0, 1.0, 1.0, 0.0, 1.0, 1.0, 1.0, 0.0, 0.0, 0.0, 0.0, 1.0, 0.0]
\score={0: [0.1273516664902369, 0.12786323998285376, 0.12726573984731326, 0.12702867190043132, 0.12939731627702714, 0.12757560486594835, 0.12803815906086274, 0.12740698284827745, 0.12770823954508223, 0.12792779753605524, 0.1268448980853838, 0.12697153096087277, 0.12735637623284543, 0.12648538019387953, 0.12838216183277276, 0.12823223796757785, 0.12587556414879286, 0.12684752250259573, 0.12988024055957795, 0.12827946245670319, 0.12834984436631203, 0.12808293888443395, 0.12817402137443423, 0.12754962638932832, 0.1274019956588745, 0.12768234229750103, 0.12680225277488882, 0.12675207542876402, 0.12769850250333548, 0.1277843350544572, 0.1283849928042163, 0.1262916788458824, 0.1277545123644497, 0.1276943270455707, 0.1278399988077581, 0.12707064060434217, 0.12713955053024822, 0.1270389457543691, 0.1264033236286857, 0.12727657109498977, 0.12737062945961952, 0.1279715908691287, 0.12767154481765386, 0.12878913804888725, 0.1266315450722521, 0.12597526361544928, 0.12777507346537378, 0.12720607753310884, 0.1280685125717095, 0.12772551293556506, 0.12772097012826375, 0.12700158283114432, 0.12849527299404145, 0.1287566696604093, 0.1278190240263939, 0.12718856434027354, 0.1274224275892431, 0.12657366291834757, 0.12769237518310547, 0.12674436072508494, 0.12750726356171072, 0.12671387609508303, 0.12722750925100768, 0.1277602565559474, 0.12787055720885596, 0.12797291721067122, 0.12708433695575772, 0.12770059630274772, 0.1278512105345726, 0.1265464308006423, 0.1271546110510826, 0.12811881766237063, 0.1280330256982283, 0.12761069873445913, 0.12703309208154678, 0.1282049366112413, 0.1278448924422264, 0.12859303504228592, 0.12693522190270218, 0.12774023165305456, 0.1281762489428123, 0.1274155005812645, 0.12742575846220316, 0.12734778026739757, 0.1281795400110158, 0.1270369394194512, 0.12768241147632184, 0.12660442079816545, 0.12732635099779477, 0.12733966674731703, 0.1278725111236175, 0.12690413830911412, 0.12763608495394388, 0.1273326113820076, 0.12765439701351253, 0.12734261229634286, 0.12725425614365216, 0.1272304211743176, 0.12838472425937653, 0.1275828406214714, 0.12649478651583196, 0.12740264777783994, 0.12743711309588474, 0.12757852921883264, 0.12738277218662775, 0.12788365185260772, 0.1276353100935618, 0.12722493850049518, 0.12775094265287573, 0.12769970839673822, 0.12719012340230326, 0.12808062550094393, 0.12780697246392567, 0.12752204846877319, 0.12691611139213338, 0.12621536009734677, 0.12757513374090196, 0.12729677979065024, 0.12826240150367513, 0.1268247911020329, 0.12833764468846115, 0.1284839078783989, 0.12781501726971733, 0.12813442572951317, 0.12732402550486419, 0.12743404818077883, 0.128681610027949, 0.1277942537613537, 0.12831589579582214, 0.127606189361325, 0.12763374976136468, 0.1284755908307575, 0.12790760939771478, 0.12688016891479492, 0.12734827825001307, 0.1263133459724486, 0.12742930501699448, 0.12741779746153417, 0.12633939335743585, 0.12780290401794694, 0.12814789747490601, 0.12790746417115717, 0.12668847766789523, 0.127439449014871, 0.12736296174781664, 0.12758814295132956, 0.12821294143795967, 0.1269845959544182, 0.12604813277721405, 0.1271006315946579, 0.12806852385401726, 0.12694337472996928, 0.12748818134977705, 0.1274740727884429, 0.12712147130685694, 0.12737215660950718, 0.12724536135792733, 0.12816931464170156, 0.12639558129012585, 0.12738220538530085, 0.12779999388889832, 0.12740861790047753, 0.12638967018574476, 0.1278886949574506, 0.1278280263336805, 0.12730585118489607, 0.1266916213291032, 0.12651331685483455, 0.12796774071951708, 0.12770874026630605, 0.1278478279709816, 0.12800778809821967, 0.12722575633476177, 0.1285285002418927, 0.12883333169988223, 0.12846446502953768, 0.1273472497337743, 0.12720091534512384, 0.1274028941988945, 0.12702762614935637, 0.1306709259748459, 0.1288625029356856, 0.1270667754113674, 0.12738167900930752, 0.12761389125477185, 0.12751429934393277, 0.1269410365819931, 0.12809595583300842, 0.12850203397481338, 0.12724898383021355, 0.1271920152939856, 0.12897631792085512, 0.1267555499306092, 0.12604831298813224, 0.1279451372101903, 0.12776991128921508, 0.1280846836812356, 0.127163211053068, 0.12734686933896122, 0.1262181792408228, 0.127798561987124, 0.12727304299672446, 0.12843152955174447, 0.12671346185000046, 0.1277632203239661, 0.12781396737465492, 0.12888551446107718, 0.13141467422246933, 0.1277910147394453, 0.12765364450487224, 0.1273149438202381, 0.12760914862155914, 0.12755421549081802, 0.127157691380252, 0.12688541213671367, 0.1273988003532092, 0.12757059358633482, 0.1271782253276218, 0.1275105526049932, 0.1269006225466728, 0.12695011931161085, 0.12748570519464988, 0.12769057190623775, 0.12727328561819518, 0.12778853682371286, 0.1285962574183941, 0.1274771810724185, 0.12696390255139425, 0.12761973330508108, 0.1274272600809733, 0.1274960183126982, 0.12855121425606988, 0.12922979891300201, 0.1272528875205252, 0.12712967182908738, 0.12709673656069714, 0.12629256024956703, 0.1262836366891861, 0.12743458125208104, 0.12800920837455326, 0.12818822935223578, 0.12685644179582595, 0.12631812505424023, 0.12710314673004727, 0.1268658024214563, 0.12731714979853742, 0.1275321240810787, 0.1282126476818865, 0.12735654923476672, 0.1268140897154808, 0.12838280534949795, 0.12750295884907245, 0.12838210967870858, 0.12780546955764294, 0.12723630666732788, 0.12724936828017236, 0.12651029681520803, 0.12756337132304907, 0.1272843231757482, 0.12728290408849716, 0.1276620784226586, 0.1296982392668724, 0.12598679400980473, 0.12829183414578438, 0.12742095859721303, 0.12509215623140335, 0.12750736420804804, 0.12660112451104558, 0.12753095850348473, 0.12774677723646163, 0.1275702574186855, 0.1271949908563069, 0.12770293280482292, 0.12817802059429664, 0.12730136811733245, 0.1281761508435011, 0.12707172935971847, 0.1274390016440992, 0.12829218608768364, 0.12798711817179406, 0.12700579796106584, 0.127560878438609, 0.1274559156348308, 0.12647616321390326, 0.12741316527128219, 0.1286500282585621, 0.12699859123677015, 0.1280280977487564, 0.12759588286280632, 0.12783108493595413, 0.12701140826239304, 0.12662830542434345, 0.12732395886079126, 0.12626608237624168, 0.1277985374132792, 0.12843364808294508, 0.12652379859771049, 0.1272933271370436, 0.12810614705085754, 0.1276505800584952, 0.12740798497741873, 0.1279056312946173, 0.1280902406344047, 0.12778063637740683, 0.1281142234802246, 0.1272386085045965, 0.12718854910310576, 0.1269200217317451, 0.127343756997067, 0.128237671777606, 0.12724092106024423, 0.12784645676612855, 0.1273550305228967, 0.1280042415156084, 0.1280709260702133, 0.1293262779712677, 0.12782136350870132, 0.12713167071342468, 0.1275219779748183, 0.12678831273859198, 0.12783241781749224, 0.1272310415903727, 0.12731248359469807, 0.12772660460826513, 0.12678228318691254, 0.12802380257182652, 0.12748350641306708, 0.12726719615360102, 0.1280897095417365, 0.12711262218654157, 0.12806061993945728, 0.12801661555256164, 0.12700937478803098, 0.1275535497595282, 0.12771465877691904, 0.12867444455623628, 0.1268060261813494, 0.1256152331829071, 0.1277553915977478, 0.12827790867198596, 0.1267803579568863, 0.12680618990870082, 0.12879516298954302, 0.12758233258500695, 0.12682055847512352, 0.12871532887220383, 0.12726871445775031, 0.12810966558754444, 0.12887196296027728, 0.12772326946258544, 0.12780241126363928, 0.1273314118385315, 0.12809108663350344, 0.12845597085025576, 0.12856201206644377, 0.12791242326299349, 0.12747129280956424, 0.12724789511412382, 0.12732040410240492, 0.12737188449031428, 0.12667890472544563, 0.12709889560937881, 0.12718561225954225, 0.12793213637037712, 0.12788381474092603, 0.12782711982727052, 0.12703429219814447, 0.1270882183951991, 0.12645124644041061, 0.1286131943265597, 0.127833997623788, 0.12694617609182993, 0.1269788086414337, 0.12751625797578267, 0.1269322693347931, 0.12699383611862475, 0.12760165271659693, 0.12834285100301107, 0.12881138964610941, 0.12654221590076173, 0.12602951114668565, 0.12743141859769822, 0.12703564018011093, 0.1277394937351346, 0.12811182279671943, 0.12756408544050324, 0.1275157797439345, 0.12794099289637345, 0.12783826366066933, 0.12716017994615766, 0.1270191181037161, 0.12646110585102668, 0.12742437729064157, 0.12750989654842687, 0.12724613226377046, 0.12648532912135124, 0.1273547952825373, 0.12762164723660266, 0.1275103467827042, 0.12817806803754397, 0.12862685248255729, 0.12759262695908546, 0.1278715462734302, 0.1286934845541653, 0.12750222012400628, 0.12862499720520443, 0.12747519787238992, 0.12656327337026596, 0.12707054827894484, 0.12705831006169319, 0.12760179963978854, 0.12754318573408657, 0.12615309283137321, 0.12756609224847384, 0.1280138014178527, 0.1274419261940888, 0.12684729954470758, 0.12700119664271672, 0.12744569597212044, 0.12851671427488326, 0.12840884880107992, 0.12695955261588096, 0.1274777777169062, 0.1270561009645462, 0.12644574520262805, 0.12827003265128417, 0.1288702501492067, 0.126851686835289, 0.12812104846896796, 0.12682869099080563, 0.12824324973755413, 0.12749402766877954, 0.1277104029431939, 0.1276062143885571, 0.1274529347817103, 0.12784857352574666, 0.12800515592098236, 0.12730009062215686, 0.12682751738108122, 0.12720006498797187, 0.12688448876142502, 0.12742201797664165, 0.1265026405453682, 0.12675159018148074, 0.12725603414906395, 0.12790464609861374, 0.12805542949496246, 0.127561435458206, 0.12716703282462227, 0.1273949621961667, 0.1275209218263626, 0.12749413641229754, 0.126689804548567, 0.1279293360809485, 0.12702283387382826, 0.1269833892583847, 0.1274923918147882, 0.12818536951261408, 0.12707440720664132, 0.12785003164952452, 0.12770461291074753, 0.12720706489156275, 0.12674801362057528, 0.12576798929108512, 0.12823355880876383, 0.1263755016028881, 0.128219369178017, 0.12678962726803386, 0.12888978173335394, 0.1264011561870575, 0.127763162056605, 0.12784256066741614, 0.12745239958167076, 0.1270764132632929, 0.1275489278137684, 0.12732930183410646, 0.12712904140353204, 0.12805087051608346, 0.1274427572886149, 0.12777316413427653, 0.12751418520365992, 0.12718341433826616, 0.1271627764491474, 0.12689900944630306, 0.12755519935959264, 0.12675351276993752, 0.1283485759049654, 0.12667710477342972, 0.1267530530691147, 0.12783524775227836, 0.12713154312223196, 0.12771781285603842, 0.12817737062772114, 0.12679303297773004, 0.12792727582413574, 0.12739066373218189, 0.12755531879762808, 0.12802115601042044, 0.1268041655421257, 0.12725081201642752, 0.1286181140691042, 0.12808906038602194, 0.12688762576956497, 0.12745603086317286, 0.1266117481433827, 0.1268480130072151, 0.12738394571675193, 0.1264931596815586, 0.12817960232496262, 0.12675797194242477, 0.1272118938240138, 0.12826638668775558, 0.12734456222366403, 0.12826065427583197, 0.12852459400892258, 0.12707285515286706, 0.128138230741024, 0.12812552939761768, 0.1275051236152649, 0.12768499111687695, 0.12709501464115947, 0.12633371353149414, 0.12701420936929553, 0.12685956624222966, 0.1283508474007249, 0.12722201235592365, 0.12651561272721137, 0.12683125510811805, 0.12695673512560982, 0.12701609823852777, 0.1276641084867365, 0.1273290826515718, 0.1274751340970397, 0.12704978670392716, 0.12763560861349105, 0.1266456734050404, 0.1277279459141396, 0.12813122980296612, 0.12789092532226018, 0.12749270498752593, 0.12748126639053226, 0.12682952166631303, 0.12691394046500878, 0.1276839557621214, 0.12675332948565482, 0.12796464562416077, 0.1276652333991868, 0.1269252569902511, 0.12769573341522897, 0.12809639589654076, 0.12734273076057434, 0.12714139837771654, 0.1275287600963012, 0.12703735679388045, 0.1286078174908956, 0.1275802655145526, 0.12744127810001374, 0.12590583307402475, 0.12740190155231035, 0.12755562080179944, 0.1258487099638352, 0.12693109936439073, 0.12773833897980777, 0.12758329063653945, 0.12814040258526802, 0.12774218618869781, 0.12764190950176932, 0.12829286943782459, 0.12813074934867122, 0.1272122731639279, 0.12710224972529846, 0.12658887794789145, 0.12654881450262936, 0.12774405658853297, 0.12755754755602944, 0.12639929923941107, 0.12852380176385245, 0.12711994018819597, 0.12865818962454795, 0.12707274829347928, 0.12713141942566092, 0.12703167895476022, 0.12755965344283893, 0.1279412837078174, 0.12787327383245742, 0.12813957494038802, 0.127431258559227, 0.12739369611848483, 0.12735239940660972, 0.1274628502627214, 0.12760017365217208, 0.12646112803901946, 0.12766517292369495, 0.12775949708053044, 0.12562355399131775, 0.12723390295587736, 0.12721588051524654, 0.12666116654872894, 0.12820922806859017, 0.1274555122049955, 0.12675641394323772, 0.12858839498625863, 0.12791314783195654, 0.1263104872778058, 0.12736208335711405, 0.127399408724159, 0.12731729839977465, 0.12820583008802855, 0.1270235158779003, 0.12724925318489905, 0.1267499606455526, 0.1269589001312852, 0.1275717198020882, 0.12762211192221867, 0.12667738066779244, 0.1278409244198548, 0.12719147178259763, 0.1278506748378277, 0.1275784901032845, 0.12494930624961853, 0.12772768779712565, 0.12767297382417478, 0.1280627908377812, 0.12779107768284648, 0.1277680080384016, 0.12744247405366463, 0.12735973210895762, 0.12820356132255661, 0.12820537595285308, 0.12937100231647491, 0.12728969156742095, 0.12665366816023985, 0.12711751461029053, 0.12684057589088168, 0.12760179676115513, 0.1283466158353764, 0.1267298353327946, 0.12678854614496232, 0.12817703932523727, 0.12787629244849086, 0.12820498396952948, 0.12687146765264598, 0.12855607377631323, 0.1275940240809211, 0.127096988260746, 0.12752830733855566, 0.12760728509987102, 0.12752548977732658, 0.1280853943182872, 0.12704240654905638, 0.12753118918492243, 0.1281993822194636, 0.1277807831764221, 0.1280078674698698, 0.12723850872781542, 0.1270590084604919, 0.12632521390914916, 0.12762419683368584, 0.1277063629693455, 0.12755612631638844, 0.12857943616415324, 0.12760431542992592, 0.1268308311700821, 0.1278899549728348, 0.1285600322816107, 0.1275928754891668, 0.12945078719745984, 0.12837141622667728, 0.13066257536411285, 0.12701827344986108, 0.127144180983305, 0.12774019661758626, 0.12713103299891507, 0.12756774855984582, 0.12722662091255188, 0.1278567232657224, 0.12736600289742153, 0.12805290761239388, 0.12699857529471903, 0.1270204131801923, 0.12623497369614514, 0.12557838708162308, 0.1278200741443369, 0.12695308700203894, 0.12796777893196454, 0.1280706450343132, 0.12687414387861887, 0.12753329028685886, 0.1272113893646747, 0.12664194061205938, 0.12872520766474985, 0.12850235267118973, 0.12746230736374856, 0.12742223475988096, 0.12803911371156573, 0.1275405950452152, 0.12896776497364043, 0.1278995174813915, 0.12737139919772744, 0.12693000584840775, 0.12803000062704087, 0.12799087464809417, 0.12711371898651122, 0.1269349416389185, 0.1267907660115849, 0.12797013711598185, 0.1283207293599844, 0.12721700593829155, 0.127733720259534, 0.1270923987030983, 0.12719084993004798, 0.12699259569247565, 0.12729571691968225, 0.12828417429152658, 0.12809689491987228, 0.12776475128802386, 0.12782726775516162, 0.12748268246650696, 0.1273706629872322, 0.12723981440067292, 0.12748225074675348, 0.1276618787332585, 0.12660937117678778, 0.12789683623446357, 0.12673465219827798, 0.12751357778906822, 0.12673002641115869, 0.12757720860342184, 0.12650609720084402, 0.12700907389322916, 0.12758377824838346, 0.12797420357282346, 0.12774862752606472, 0.1283561090628306, 0.12795233726501465, 0.12721960991621017, 0.12701187448369133, 0.12731623477660692, 0.1265845031787952, 0.12877003410283258, 0.12683313913070238, 0.1264491726954778, 0.127377983714853, 0.1271935146715906, 0.12713601227317536, 0.12776762581077114, 0.12699026241898537, 0.12843756249972751, 0.12747927357753117, 0.1275024425983429, 0.12686754763126373, 0.1257845281312863, 0.12774836977845744, 0.12625800569852194, 0.1274469020691785, 0.12810595631599425, 0.12631398226533616, 0.12706735730171204, 0.12655437903271782, 0.1278220856828349, 0.12705228924751283, 0.12707663489424664, 0.12766521459534055, 0.1276097521185875, 0.12679314005531764, 0.12748997312571322, 0.1277787224812941, 0.12680026279254394, 0.12829580293460327, 0.12741473875939846, 0.12795285983332272, 0.12748126173391938, 0.1275727833310763, 0.12618670562903087, 0.12712196509043375, 0.126513018583258, 0.12720470437232187, 0.1287786327302456, 0.12767121500589632, 0.12775376894407803, 0.12754384726285933, 0.12709822964209777, 0.12702982398596677, 0.12741943510870138, 0.12757571724553904, 0.12745012231171132, 0.1272810643745793, 0.12748607993125916, 0.1289017227562991, 0.1271983810207423, 0.12737578784043974, 0.12778919252256551, 0.12801484242081643, 0.12676509283483028, 0.12760998532176018, 0.12682662904262543, 0.12706356025055834, 0.12726956267248501, 0.1281064830043099, 0.12744242780738407, 0.1270320799615648, 0.12777737687741006, 0.12803556499156085, 0.12862634765250341, 0.12724479362368585, 0.12627933346308196, 0.12668157456552281, 0.12656003534793853, 0.12702619503526127, 0.12803712176779905, 0.12690471783280372, 0.12663208246231078, 0.12782378792762755, 0.12628868222236633, 0.12765506049618125, 0.12679515991892135, 0.12657842828946955, 0.12784712255001068, 0.12653101912953638, 0.12820010918837327, 0.12825212793217766, 0.12777864720140183, 0.1271223818262418, 0.12712724710052664, 0.12834112495183944, 0.12794946477963373, 0.12738331717749438, 0.12656311013481833, 0.12646261602640152, 0.12860996039076286, 0.12825326720873514, 0.12747535141913788, 0.12685654560724893, 0.12634384699843146, 0.12822128493677487, 0.127297308582526, 0.12791132140490744, 0.12781759036275056, 0.12800606787204744, 0.12704950720071792, 0.12593845203518866, 0.12820747618873915, 0.12798151325272478, 0.12764166325330734, 0.1273008558899164, 0.1268610656261444, 0.12742020934820175, 0.12695820815861225, 0.12612310383054945, 0.12776738926768302, 0.128268454562534, 0.12688033442412103, 0.1269898062402552, 0.1270172976785236, 0.12726395970807886, 0.12649201388869966, 0.12857989668846131, 0.12726959123693662, 0.1272402932035162, 0.12836650694194046, 0.1278990471942557, 0.1273543235091936, 0.1287246667779982, 0.12781620422999065, 0.12746703395476708, 0.12726567462086677, 0.12644820362329484, 0.12707379372680888, 0.12713528373118105, 0.1273104486366113, 0.12757894810703066, 0.12736813239753247, 0.12750176069411365, 0.1267215900800445, 0.12749581603389798, 0.1285635344684124, 0.12638874858617782, 0.1278384892564071, 0.12719098416467509, 0.12597185644236478, 0.12801332647601762, 0.12712963252532772, 0.1281506446274844, 0.1260423190318621, 0.12681831965843837, 0.12699203612282872, 0.12744667724921152, 0.1267743327965339, 0.12765171034977987, 0.1276501880751716, 0.12810221355822352, 0.1278577328970035, 0.12755769009099288, 0.12844482944770294, 0.12680590962586197, 0.1276430833068761, 0.12811503186821938, 0.1269399194340957, 0.1276649698291136, 0.1275233659479353, 0.12689620620289513, 0.12682759405478186, 0.12723906710743904, 0.12697103122870126, 0.1288188397884369, 0.12718226399385568, 0.1273665502667427, 0.12792129992019563, 0.12756765519197172, 0.12776586992873085, 0.12733489722013475, 0.12732235852040744, 0.1282838761806488, 0.12753927760890552, 0.12855201125144958, 0.12702160514891148, 0.1271865200996399, 0.12651593734820685, 0.12820275103052456, 0.1289539460092783, 0.12841541294393868, 0.12766269346078238, 0.12755807772988365, 0.12748737768693405, 0.12782993034592696, 0.1273596543404791, 0.12666397406296295, 0.12692436824242273, 0.12786389210007407, 0.12733071967959403, 0.1263503661113126, 0.1273502434293429, 0.1266640643863117, 0.12750716209411622, 0.12784972432113828, 0.1270134815802941, 0.12786985779630727, 0.1281799836592241, 0.12833447467822295, 0.1272920202918169, 0.12774218733494097, 0.1281392751261592, 0.12771344006061555, 0.12719432681798934, 0.12833849464853606, 0.12795017212629317, 0.1279915263029662, 0.1271229994793733, 0.12759137988090516, 0.1272585205733776, 0.12722590884992055, 0.1268114060163498, 0.12635715901851655, 0.1286647289991379, 0.12823156335137106, 0.12778565016659824, 0.12753640521656384, 0.12709184194153006, 0.12725448901099817, 0.12879328888196212, 0.12773702533975725, 0.12758160382509232, 0.1259666658937931, 0.12638605535030364, 0.1272726058959961, 0.12659499840810895, 0.12831471441313624, 0.1274166519620589, 0.12875083908438684, 0.12724974407599524, 0.1275677987757851, 0.1277809010164158, 0.1276142173446715, 0.12658852019480296, 0.12690735321778518, 0.12858591518468326, 0.12828038384517035, 0.1274692847540504, 0.12801805245024817, 0.12735203493918693, 0.12687419223434784, 0.1275982985066043, 0.12750436291098594, 0.12707652822136878, 0.12669251933693887, 0.12698401375250382, 0.12722685933113098, 0.12741532425085703, 0.1277072090994228, 0.12852723768045163, 0.1275249382853508, 0.12776015486036027, 0.12679775431752205, 0.12723056005036576, 0.12837888884383278, 0.12784617096185685, 0.12715343448023, 0.12717731421192488, 0.1277632104853789, 0.12679365360074574, 0.12627237737178804, 0.12629270677765211, 0.12708205995815142, 0.12786962166428567, 0.1281722883383433, 0.12782926654273813, 0.1273452275329166, 0.127073132816483, 0.1281175699673201, 0.12683566456491296, 0.12755658946655415, 0.12635770663619042, 0.1274318415671587, 0.12762836313673429, 0.12827195356721463, 0.12801931723952292, 0.12704673489289625, 0.12720008547368802, 0.12784719577542059, 0.12714207917451859, 0.12754968600347638, 0.12719706073403358, 0.1264699950814247, 0.12657084146683867, 0.12814620752697406, 0.12690856404926465, 0.1288888081908226, 0.12901466646615198, 0.12740234807133674, 0.12730400550823945, 0.12761128383378187, 0.1272659177581469, 0.12720826156437398, 0.12746071070432663, 0.1283396151330736, 0.12712337356060743, 0.12822203880006616, 0.12803295900424322, 0.12807398342660495, 0.1269506599754095, 0.1281258442128698, 0.12746986001729965, 0.12708100955933332, 0.12682719023099967, 0.12658161344006658, 0.12721721150658347, 0.12670252285897732, 0.128069789459308, 0.12857873877510428, 0.12647209488428557, 0.12724755269785723, 0.12748169153928757, 0.12750047999314773, 0.1271553042211703, 0.12748477939102384, 0.12703358133633932, 0.127074810591611, 0.12773921016765677, 0.12749162087073693, 0.12749078422784804, 0.12697190977633, 0.12802429497241974, 0.12723722894276893, 0.1277002071340879, 0.12755140779834045, 0.1269425983099561, 0.12652598034877044, 0.12782113067805767, 0.1280405203049833, 0.12734585335212095, 0.1272517523687819, 0.1280292094900058, 0.12762886126126563, 0.12839006552738802, 0.12595380613437065, 0.12818952080081492, 0.1270696851114432, 0.12683283679542087, 0.12734649280707042, 0.12862236096578486, 0.1263152391594999, 0.12809303402900696, 0.128610257887178, 0.12780593037605287, 0.12636590823531152, 0.12802733637784658, 0.1268642619252205, 0.126824814081192, 0.1277245265596053, 0.1272688325317133, 0.12831310502120427, 0.1278566800450024, 0.1273729329307874, 0.12734636180102826, 0.12801137156784534, 0.12762728333473206, 0.12750581912696363, 0.12699625166979703, 0.1277571365237236, 0.12771056660196997, 0.12674284875392913, 0.12917241407558322, 0.12782904133200645, 0.12767779206236204, 0.12686583675720073, 0.1267628307143847, 0.12807236090302468, 0.1272663169286468, 0.127397121489048, 0.12670810744166375, 0.127024652605707, 0.12760248088410922, 0.12746312303675544, 0.1269273023520197, 0.128387092229198, 0.1272814951837063, 0.12734604225708887, 0.12748582512140275, 0.12705608690157533, 0.12693698198667594, 0.12601482664996927, 0.12819806745518808, 0.12853403276566303, 0.1263178391825585, 0.12811720122893652, 0.1274074696832233, 0.12692122427480562, 0.1275178420667847, 0.12784370441328397, 0.1269527475039164, 0.12735779038988626, 0.12755538473526637, 0.12742723897099495, 0.12779158025979995, 0.12688482120152442, 0.1279752650543263, 0.12687393614361364, 0.12795547842979432, 0.12717124819755554, 0.12855408021381923, 0.12770676138726147, 0.12843453884124756, 0.12702215140064557, 0.1277939120064611, 0.12707749530673026, 0.12736580272515616, 0.12785919714305136, 0.12737482499617797, 0.12733789831399916, 0.12763622452815374, 0.12767879239150456, 0.12740224174090795, 0.12799503816210706, 0.12725614419867914, 0.1273829195471037, 0.12700647910435994, 0.12829997661438855, 0.12748925940644357, 0.12788323126733303, 0.1272668773929278, 0.12694436684250832, 0.1268981956952327, 0.12689642022762979, 0.1277161119505763, 0.12762460112571716, 0.12689451234681265, 0.12861785706546572, 0.1278282105922699, 0.1283932107811173, 0.12651287561113184, 0.12833268883136603, 0.12718063294887544, 0.12672576246162257, 0.1283535666086457, 0.12741091599067053, 0.12751490573088328, 0.1271226771853187, 0.12654775990681214, 0.12698320841247385, 0.12815957384950974, 0.12722438871860503, 0.12731697534521422, 0.12840329110622406, 0.12760540693998337, 0.1278560777359149, 0.12714261934161186, 0.1270887991695693, 0.12811043982704481, 0.12889410013502295, 0.1273209106709276, 0.12756732665002346, 0.1270577539689839, 0.12800837042076246, 0.1278319189635416, 0.1269950047135353, 0.12638334320350128, 0.12604848202317953, 0.12752120941877365, 0.12671988531947137, 0.12677689641714096, 0.12691045949856442, 0.12782451386253038, 0.12693939745426178, 0.12650989413261413, 0.1263670216386135, 0.12731987237930298, 0.12790346642335257, 0.12724953077056192, 0.12715699672698974, 0.1264405854046345, 0.12737159384414554, 0.1277482354392608, 0.12806024013654047, 0.1276997456756922, 0.12761616179855859, 0.1271868497133255, 0.12613808177411556, 0.12821060419082642, 0.1267767697572708, 0.1281292513012886, 0.12768865262086576, 0.12707915927829413, 0.12733361438701027, 0.12719613748292127, 0.12588201291286027, 0.12760564987547696, 0.12745381146669388, 0.12770125398348117, 0.12671197826663652, 0.12630031061799904, 0.12808110824097757, 0.12700678475878455, 0.1276256354017691, 0.12722256556153297, 0.127561745611397, 0.1272184240974878, 0.12825854514774523, 0.1268252957808344, 0.12745221417683822, 0.12743026822805403, 0.12751351190464838, 0.12756176044543585, 0.1283257111079163, 0.12687425927392074, 0.1277063529078777, 0.12773847530285518, 0.12701071240007877, 0.1275425897194789, 0.1292908482930877, 0.12741464308717035, 0.12736346754762862, 0.12790419619817, 0.1277524462590615, 0.12657381021059477, 0.1274573619061328, 0.12598877027630806, 0.12722485214471818, 0.12660423192110928, 0.1261179175760065, 0.12787389407555264, 0.1277764129969809, 0.127691153883934, 0.12733325463804332, 0.12687037820401398, 0.12810101509094238, 0.12860824099995874, 0.1275808654534511, 0.12798115037954771, 0.12834764407439667, 0.12850613560941485, 0.12758986552556356, 0.12738319403595394, 0.1278383375869857, 0.1270570719614625, 0.1271484618385633, 0.1267099393866001, 0.12667037833195466, 0.1278079136141709, 0.127720151669704, 0.12673314554350718, 0.12711278529781284, 0.12651733830571174, 0.1271239627491344, 0.1270803612741557, 0.12756121186194597, 0.12771879718071077, 0.12721810896288266, 0.12724334647258123, 0.12820724099874498, 0.1282085028031598, 0.12680279782840184, 0.126827796921134, 0.1273560023733548, 0.12739895979563395, 0.12689894593010345, 0.12772878631949425, 0.1260291039943695, 0.12745149061083794, 0.12604367236296335, 0.12812939286231995, 0.12833814797076312, 0.1272848216747796, 0.12716430872678758, 0.12695903703570366, 0.12691307440400124, 0.12715681418776512, 0.12809188617393374, 0.12752913914877792, 0.1277694333758619, 0.1279321483203343, 0.12726702501899317, 0.12721844986081124, 0.12820396721363067, 0.1272090977201095, 0.12827389240264891, 0.1274459395557642, 0.12659345616896947, 0.12756397547545256, 0.12724077385483365, 0.1273267019007887, 0.12692274215320745, 0.12817411353954902, 0.12740971554409375, 0.1279443301833593, 0.1284707670028393, 0.12749222293496132, 0.12790806757079232, 0.12804239160484737, 0.12727963831275702, 0.12770812415207425, 0.12654140018499815, 0.12644083359662225, 0.12722023328145346, 0.12727239960804582, 0.12818738259375095, 0.12746733320610865, 0.12795080502445882, 0.12833602320064197, 0.12633593959940803, 0.1277004906109401, 0.12750465501295893, 0.1263691664983829, 0.12854406205208405, 0.12798743970968104, 0.12730076978052104, 0.12746971531918175, 0.1270176710990759, 0.12796942621469498, 0.12812090928063674, 0.12832675476868946, 0.12703665288595054, 0.12801439960797628, 0.12749297873062246, 0.12691231295466424, 0.12687196880578994, 0.12713652510534634, 0.1280898922123015, 0.12734547821251122, 0.12718857762714228, 0.12747523467987776, 0.1256054240194234], 1: [0.12661235084136327, 0.12769162356853486, 0.1266414001584053, 0.12661873148037836, 0.12655845955014228, 0.12718809843063356, 0.12830781936645508, 0.12754416580383593, 0.127786666509651, 0.12844968090454736, 0.1274224504828453, 0.1277583365639051, 0.12640097157822716, 0.12669666741903013, 0.1281831912972309, 0.12807874381542206, 0.1275159737467766, 0.12852754869631358, 0.12733448583346146, 0.12660339921712876, 0.12746326944657735, 0.12670382195048863, 0.1268025500078996, 0.12736461483515227, 0.12744726778732407, 0.12729148268699647, 0.12809484967818627, 0.1272324758924936, 0.12738786299120297, 0.1295028112151406, 0.1278583288192749, 0.1271514357490973, 0.1281528870264689, 0.12650703435594385, 0.12792010655005773, 0.128529911970391, 0.1270188044756651, 0.12728396464477887, 0.1279870451738437, 0.12840220779180528, 0.12748048594221473, 0.12739742146088526, 0.12850606441497803, 0.12745958992413112, 0.12877891461054483, 0.12727730441838503, 0.12640311506887278, 0.12661795814832053, 0.12697091177105904, 0.12755009221533933, 0.12787625094254812, 0.12750047196944556, 0.1273223552852869, 0.12638706917112524, 0.12530005425214769, 0.1271969844897588, 0.1276698758204778, 0.12791176605969667, 0.12781060139338177, 0.12900076368275812, 0.12741840817034245, 0.12743907708388108, 0.12702928066253663, 0.12813854856150492, 0.12661069923120996, 0.1276707730510018, 0.12713527882641013, 0.1280838938859793, 0.12714354313757956, 0.12829393769303957, 0.12715604305267333, 0.12664396199397743, 0.1280053645676496, 0.1281052463584476, 0.12711833510547876, 0.12769778743386268, 0.12845753133296967, 0.1277582086622715, 0.1296940863132477, 0.1272147379138253, 0.12711587469828756, 0.12673452204984167, 0.12688199654221535, 0.12800458993981867, 0.12625591776200704, 0.12718824669718742, 0.12717090919613838, 0.12629381905902515, 0.12743440767129263, 0.12738630175590515, 0.1274961464934879, 0.12778351591391998, 0.12671114752689996, 0.1270242394371466, 0.12639485938208445, 0.1283625766634941, 0.1277001958626967, 0.12880840558897366, 0.1270946550526117, 0.12734722921794112, 0.12733605072686546, 0.12594621847657597, 0.1275092159446917, 0.12869377620518208, 0.12695077496270338, 0.1276506908237934, 0.1281537312795134, 0.12815415458037302, 0.12757679873279162, 0.12739451655319758, 0.1273989647626877, 0.1265437936081606, 0.1273618779684368, 0.12718635921676955, 0.12701685883496938, 0.12814779850569638, 0.12813661534052628, 0.12765788679060183, 0.1278927739370953, 0.12731435575655528, 0.12707854434847832, 0.127840951581796, 0.12821081799009573, 0.12732314877212048, 0.12718869203870947, 0.12789429896152937, 0.12750319577753544, 0.12865212445075697, 0.1274819238619371, 0.1280835384831709, 0.12662547905194133, 0.12542864514721763, 0.12625021056125038, 0.12811855700883, 0.12692883759737014, 0.12701211776584387, 0.12731174955313856, 0.12704073058234322, 0.12755746559964287, 0.12725180486838022, 0.12818619087338448, 0.1277423562562984, 0.12905185421307883, 0.12636938461890587, 0.12856824696063995, 0.12651501148939132, 0.12869048236232056, 0.12720141798257828, 0.12682565380083888, 0.12549067898230118, 0.12807678755210794, 0.12823268500241367, 0.12742650198439756, 0.1273929006174991, 0.1286011353135109, 0.1267204980055491, 0.12661674178459428, 0.12781105265021325, 0.12679129892161914, 0.12677996662946847, 0.12749937251210214, 0.12714349068701267, 0.12781407508779974, 0.1261755904326072, 0.128595898548762, 0.12691493642826876, 0.1277173017816884, 0.12788035877441106, 0.12759430655117693, 0.12724179423907223, 0.12740303277969361, 0.12620696357705377, 0.12695093275535674, 0.12710242402372937, 0.12791283902796832, 0.12673514650056236, 0.12692981990783112, 0.12742095096753195, 0.1282348747436817, 0.12662758441133934, 0.12714393649782454, 0.1273201548439615, 0.12770652853780323, 0.12636585682630538, 0.12705501122400165, 0.12683889642357826, 0.1278634566281523, 0.12685694471001624, 0.12673304636370053, 0.1268544439226389, 0.12876139469444753, 0.1282286210493608, 0.12778978960381615, 0.12775109559297562, 0.12848741685350737, 0.1277867337067922, 0.12697249225207738, 0.12789694050496275, 0.12800080169524466, 0.1273270154801699, 0.1270092481916601, 0.12760194391012192, 0.12673024661265886, 0.12786498479545116, 0.1281612233983146, 0.12752058239359604, 0.12936430610716343, 0.12819797545671463, 0.12643076343969864, 0.1279118408759435, 0.12749859724532475, 0.1263066202402115, 0.12722993046045303, 0.12780398077198438, 0.12750006467103958, 0.12680424470454454, 0.1278717391192913, 0.12755756452679634, 0.12894961753716835, 0.1266954711505345, 0.12717292298163688, 0.12692125365138054, 0.12892555594444274, 0.12654501348733901, 0.12700346247716385, 0.12769419173983967, 0.12780371432503065, 0.12588598486036062, 0.12676388124624888, 0.12714341365628773, 0.126625740279754, 0.1275874227285385, 0.1268277312318484, 0.12759321756087816, 0.12762965857982636, 0.12782860174775124, 0.12677095085382462, 0.12762260301546616, 0.1273694656789303, 0.12737664431333542, 0.12627905160188674, 0.12670172105232874, 0.12746900606613892, 0.1277439810335636, 0.12769457804305212, 0.12738920883698898, 0.12811278800169626, 0.12733200369846254, 0.12749270598093668, 0.12760855410905445, 0.12616317448290912, 0.12733882822488485, 0.12750781499422514, 0.12684867158532143, 0.12728322632610797, 0.12867147326469422, 0.1270814262330532, 0.12719885148108007, 0.12842904130617777, 0.1265577111731876, 0.12819619625806808, 0.12671437487006187, 0.12550268860326874, 0.1273197155536675, 0.12803861051797866, 0.12799293412403626, 0.12619211673736572, 0.12785967853334215, 0.12846392307143945, 0.1279271190816706, 0.12654469268662588, 0.12768720729010447, 0.12793059647083282, 0.1277523286640644, 0.1275467322422908, 0.12807600274682046, 0.1274155236103318, 0.12844441318884492, 0.12730467014692046, 0.1283638725678126, 0.12802544385194778, 0.12732033025134692, 0.12769059633666818, 0.1267467513680458, 0.126901001483202, 0.12888133873542149, 0.12743602506816387, 0.12734566877285639, 0.126952332444489, 0.12809546427293259, 0.12733618366090874, 0.12794639783747055, 0.1282454485243017, 0.12637277394533158, 0.12809133671578907, 0.1284880256652832, 0.12837395186607653, 0.12721802429719406, 0.12672571775813898, 0.12712335139513015, 0.1272959623199243, 0.12716264236304495, 0.12772208638489246, 0.12980748827640826, 0.1279120922088623, 0.12737483779589334, 0.12787744253873826, 0.12711836397647858, 0.12617194801568984, 0.12784024286601278, 0.1270548143621647, 0.12900247460319883, 0.12709339708089828, 0.1282066466177211, 0.1274230753382047, 0.1280051158822101, 0.1276519241929054, 0.1271212425443434, 0.1281497747852252, 0.12718051646290154, 0.12873863756656648, 0.12692177696869925, 0.12692405496324813, 0.12655458029578714, 0.1278049836263937, 0.12764536142349242, 0.1275904558133334, 0.12745006382465363, 0.1263392326923517, 0.12693162804300134, 0.12804866023361683, 0.12765944749116898, 0.12641931271978787, 0.12739065323363652, 0.12874309346079826, 0.12714025797322392, 0.12666210314879814, 0.12722209841012955, 0.12817449708070075, 0.12733864440367773, 0.12799131531607022, 0.12718524262309075, 0.12751610726118087, 0.12618823552673514, 0.1285129158447186, 0.1281471452430675, 0.1277727010846138, 0.12703881006349216, 0.12690758481621742, 0.12861586836251346, 0.12667349278926848, 0.12850021096793088, 0.12705767005681992, 0.12720806002616883, 0.1265369944951751, 0.12908356215642847, 0.1267595843722423, 0.1283908208211263, 0.12724507532336496, 0.12744295277765819, 0.12743333292504153, 0.12708925008773803, 0.1284500562092837, 0.1266517244717654, 0.1267195368806521, 0.1273787704606851, 0.1274409236179458, 0.1262943229892037, 0.12780949721733728, 0.12813267637701595, 0.12839800932190634, 0.12768468095196617, 0.12694787979125977, 0.12629621786375841, 0.1277677330833215, 0.1271036792960432, 0.1267024651169777, 0.12644711385170618, 0.12813894789327274, 0.12795171907969882, 0.12773545334736505, 0.1301474779844284, 0.12698103200930816, 0.12687104418873787, 0.12742775223321384, 0.12794420461763034, 0.1274370551109314, 0.1282655887983062, 0.12612036657002237, 0.12787986695766448, 0.12865563171605268, 0.12793603607199408, 0.12800962016696021, 0.12756875392637754, 0.12725159454913365, 0.1269094062348207, 0.1258780039846897, 0.12768722424904505, 0.1279440883260507, 0.1271383004883925, 0.12774053812026978, 0.1265380314240853, 0.12726448739276214, 0.1283510610461235, 0.12842766331000763, 0.12741874482320703, 0.12616995126008987, 0.12711646109819413, 0.1274122108112682, 0.12814829791230814, 0.12736171204596758, 0.12729268819093703, 0.12866958566009998, 0.1270026703675588, 0.12704632493356863, 0.1271316394919441, 0.12607059414897645, 0.12856644256548447, 0.1261314729397947, 0.1269290237687528, 0.12686895504593848, 0.12750192122025925, 0.12776871838352896, 0.12785872630774975, 0.12689271970437124, 0.12736200947653165, 0.12692127842456102, 0.12849379424005747, 0.12797430157661438, 0.1268671602010727, 0.12731103847424188, 0.1268013505773111, 0.12795506311314447, 0.12630004137754441, 0.12752288000451195, 0.12768015265464783, 0.12705854028463365, 0.12766613764688373, 0.12942773645574396, 0.12656409991905093, 0.12720342512641633, 0.127874315317188, 0.1272670172832229, 0.12662780013951389, 0.1267181303013455, 0.127617412757489, 0.12658261986715452, 0.12701142464692777, 0.12686345507116878, 0.1271734791605369, 0.12748761581523077, 0.1270767037164081, 0.1281195709274875, 0.12673276290297508, 0.1274880756934484, 0.1281130462884903, 0.1274480755356225, 0.12816320856412253, 0.1267191411720382, 0.12813109606504441, 0.1264054909348488, 0.12696173946772302, 0.12767096534371375, 0.1266625825973118, 0.12849426375968115, 0.12768234560887018, 0.12692785412073135, 0.12734899818897247, 0.12732546375348017, 0.12827144439021745, 0.12706920619194323, 0.1270944265027841, 0.12751320820479167, 0.12661234179028757, 0.12792032008821314, 0.12764566961456747, 0.12805190682411194, 0.12752405181527138, 0.12829064524599484, 0.12716999411582947, 0.12710122598542106, 0.12757754139602184, 0.12548972093141997, 0.12779720171409495, 0.1278513167053461, 0.12782648131251334, 0.12807664619042322, 0.12640348764566275, 0.1268842558969151, 0.12658639401197433, 0.12679008270303407, 0.12738754833117127, 0.129003797065128, 0.127588078007102, 0.1274495039667402, 0.12784687468880102, 0.12855943998223857, 0.1278926795721054, 0.1276109402901248, 0.1267758086323738, 0.12836479006902032, 0.12827248928638604, 0.12935362214391882, 0.12710704803466796, 0.12854133151909886, 0.12765069031401685, 0.12755234810439023, 0.12768361029716638, 0.12828807470699152, 0.12768140352434582, 0.1265703858364196, 0.12739474414026036, 0.12775994216402373, 0.12671476026827638, 0.1279405191540718, 0.12785467452236585, 0.1284181721508503, 0.12687005675756013, 0.12826365853349367, 0.12663275810579458, 0.1280465046564738, 0.12739692777395248, 0.1274263641008964, 0.12746275690468875, 0.12708493092885384, 0.12624539262973344, 0.12695906937122345, 0.12521083280444145, 0.12579612573608756, 0.12740902646499522, 0.1266551021900442, 0.12774887460249443, 0.12774751809510318, 0.12782965041697025, 0.12723365508847767, 0.1273630041629076, 0.12765755421585506, 0.12853253334760667, 0.1278601058182262, 0.1273938980191312, 0.1265371491511663, 0.12830373573870885, 0.1261451594531536, 0.12676758638450078, 0.12759932237012045, 0.12773779220879078, 0.12855749634596017, 0.12682652426883578, 0.12736070808023214, 0.12740506674792315, 0.1267821654677391, 0.12705518677830696, 0.12728103250265121, 0.12873214993037677, 0.12830571516564018, 0.1276757059537846, 0.12704633211805708, 0.1259497235218684, 0.1271292194724083, 0.12645177489944867, 0.1263667568564415, 0.12906732084229589, 0.1275962827106317, 0.12775545790791512, 0.1270037500394715, 0.1277467628320058, 0.12656871771270578, 0.12779108534256617, 0.12752256501052114, 0.12713691321286288, 0.1274138739598649, 0.12614549433483796, 0.12725448111693063, 0.1285682519276937, 0.12798810224322713, 0.1261901157823476, 0.1280929282307625, 0.1272476519408979, 0.12713113841083315, 0.12747310722867647, 0.12606131759556857, 0.12748515255310955, 0.12791479676961898, 0.12725672938606955, 0.12706557350854078, 0.12782438000043234, 0.1277550556089567, 0.1276259356074863, 0.12820637550043024, 0.12800107449293135, 0.12771675701845775, 0.12669789046049118, 0.12687021680176258, 0.12785095907747746, 0.12785817735961505, 0.12726076925173402, 0.12702702896462548, 0.1270232488711675, 0.12676400962201032, 0.1269904628396034, 0.12746586765234286, 0.12875916808843613, 0.1277665529738773, 0.1274260513484478, 0.12747809772982316, 0.12826400250196457, 0.12730937852309301, 0.1281973821195689, 0.12802691814991143, 0.12769580483436585, 0.12667885919411978, 0.12548357405160604, 0.12854308485984803, 0.1271292857515315, 0.12667298913002015, 0.12805465134707364, 0.12799646854400634, 0.12691639296033166, 0.12774078015770232, 0.12840253148566594, 0.1261068768799305, 0.12872727900743486, 0.1271710241479533, 0.12710339141388735, 0.12735641883178192, 0.1289301464955012, 0.12775580265692302, 0.12669896219785398, 0.1277701840735972, 0.12784066051244736, 0.12794492724868986, 0.12709227598765316, 0.12852336466312408, 0.12745828740298748, 0.1274190992116928, 0.12678402933207425, 0.12687175924127753, 0.12832564612229666, 0.1269747053583463, 0.12728089407870644, 0.12710881067646873, 0.12796158957130768, 0.12766508087515832, 0.1269957311451435, 0.1282712725492624, 0.1276778770344598, 0.12669203946223626, 0.12610700726509094, 0.1278966348618269, 0.12802504980936646, 0.12714463025331496, 0.12812399645062053, 0.12718195906456778, 0.1274146874745687, 0.12773108622059226, 0.12791924449530515, 0.12791820073669607, 0.12733806466514414, 0.12702560424804688, 0.12707826644182205, 0.12722475535195807, 0.1282746201114995, 0.1277508426344756, 0.1256660239564048, 0.1276791824594788, 0.1276849149303003, 0.126414118334651, 0.12793348729610443, 0.12770492862910032, 0.12850840985774994, 0.1256086513400078, 0.127825720066374, 0.12656550705432892, 0.12652425095438957, 0.1277452921194415, 0.12698263302445412, 0.12786755372177472, 0.12660201901898666, 0.12712564733293322, 0.12744713574647903, 0.12735097323145186, 0.12772944501855157, 0.12767392290490015, 0.12591100856661797, 0.12822137504816056, 0.12830315309542198, 0.1270386896406611, 0.12781552382205663, 0.12787220105528832, 0.12620716026196113, 0.12791441260806977, 0.12738937884569168, 0.12633209551374117, 0.12747138738632202, 0.1273851787050565, 0.1279194519544641, 0.12741844728589058, 0.1282281093299389, 0.12670158620538383, 0.12717477480570474, 0.12842750449975332, 0.12935093144575754, 0.12908612564206123, 0.1269850798306011, 0.12675194814801216, 0.1276868933981115, 0.12662610927453408, 0.1267638012766838, 0.1268752073603017, 0.12751018198636863, 0.1277297715777936, 0.12776145339012146, 0.12713203206658363, 0.12772494101006052, 0.12637517663339773, 0.12665159052068536, 0.12710504280403256, 0.12775769563657896, 0.12713343703321048, 0.126646205250706, 0.12715251850230352, 0.12673605301163413, 0.12783049289137124, 0.12792888479797462, 0.12716389447450638, 0.12759916670620441, 0.12618395851718056, 0.12722106295682134, 0.127404410764575, 0.1277243414750466, 0.12785559585865805, 0.1277367055416107, 0.1271705594845116, 0.1280568167567253, 0.12739376329323826, 0.1279781689601285, 0.12779672105203976, 0.12629236839711666, 0.1273004156537354, 0.12768675262729326, 0.12831060448661447, 0.12736106850206852, 0.12747342512011528, 0.12708452885801141, 0.12710395348923548, 0.12783631020122105, 0.12702731517228213, 0.12803410217165948, 0.1270979156388956, 0.12665504004274095, 0.12739076269300362, 0.12775198742747307, 0.12835168797108862, 0.12665817492148457, 0.126617431640625, 0.12667934177443385, 0.12788682509409754, 0.12727260412204833, 0.12744321301579475, 0.12823284342885016, 0.12834629882127047, 0.1297953963279724, 0.12819495534195618, 0.1278602071106434, 0.12889301776885986, 0.12807076105049678, 0.12747509909026764, 0.1278046825184272, 0.12796804287603925, 0.12749535817167032, 0.12740676601727804, 0.12889447957277297, 0.1283765733242035, 0.12715536604324976, 0.12767123182614645, 0.12775800470262766, 0.12735686140755811, 0.12676937942919525, 0.12726205959916115, 0.12701359347385519, 0.12711270928382873, 0.12839697759885055, 0.12804050288266605, 0.12680779496828715, 0.1269252672791481, 0.12786652313338387, 0.12987924069166185, 0.12854153180823608, 0.1270552139197077, 0.12617332922915617, 0.12742803525179625, 0.12757633067667484, 0.12686234035275198, 0.12805377691984177, 0.1278546616435051, 0.12752294705973732, 0.126721476289359, 0.12688710236990894, 0.12606171891093254, 0.12719797472590985, 0.12764590233564377, 0.12766600213944912, 0.12720241298278173, 0.12657283440880154, 0.1274835397489369, 0.1273503460817867, 0.12810621091297694, 0.12699117412169775, 0.12732705677097494, 0.12801688471261194, 0.12724053540400096, 0.12871097231453116, 0.12769117392599583, 0.1282805906874793, 0.12726021219383588, 0.12801055014133453, 0.12762001557992056, 0.1273950060660189, 0.12745031049208982, 0.1273616227236661, 0.1279590457677841, 0.1276295781135559, 0.12813376906243237, 0.12681628689169883, 0.12671228870749474, 0.12773058244160243, 0.12768408604736986, 0.12859798967838287, 0.12698098798008525, 0.12730436415775961, 0.12732162309641187, 0.12830731204964899, 0.12902202308177949, 0.12618970459905163, 0.12798342179684413, 0.12824061333105483, 0.12689616220692793, 0.12759356357549367, 0.12648566961288452, 0.12744554256399473, 0.12712831497192384, 0.1278123137625781, 0.1277109862615665, 0.12784908755737193, 0.12877339606775956, 0.12732468598655292, 0.1281214184485949, 0.12699975507954755, 0.12815848791173526, 0.12706808000802994, 0.12833483918355063, 0.12859965967280523, 0.12593910572203723, 0.12737719917839224, 0.12688606157898902, 0.12776375223289838, 0.12792960554361343, 0.1281164793128317, 0.12832503020763397, 0.12781503108831552, 0.12655657836619547, 0.1273727166865553, 0.12771631747484208, 0.12753990736036075, 0.12778911227360368, 0.12812739491462707, 0.1269672680646181, 0.1275107647691454, 0.12740844174435265, 0.12688878840870327, 0.12753198702226987, 0.1274155464489013, 0.12814260156531082, 0.12710999920964242, 0.12698611691594125, 0.1281535547131147, 0.12644491920417006, 0.12712494283914566, 0.12760808496248155, 0.12743402551859617, 0.1277238966330238, 0.12837706780747363, 0.1278723632650716, 0.1273844227194786, 0.1281407396582996, 0.1267627684606446, 0.12764939914147058, 0.12774750987688702, 0.12803312341372172, 0.12627001454432804, 0.12720490321516992, 0.12774806718031564, 0.12784759361635556, 0.1280540952628309, 0.12723070201350423, 0.12633899667046286, 0.1278214591898416, 0.1275798961520195, 0.126079510897398, 0.12652593184458583, 0.12724302302707324, 0.1284418718091079, 0.12751031279563904, 0.1273317733158668, 0.1284596286714077, 0.1270713088689027, 0.12645045005612904, 0.12736078570870793, 0.12658066633674833, 0.12714937229951223, 0.126970801789027, 0.12760009290650487, 0.12855124272979224, 0.1267368452002605, 0.12719773839820514, 0.1266014240682125, 0.12727533156673113, 0.12690868893904345, 0.12646600107351938, 0.1275837030261755, 0.12719238394250473, 0.12688275873661042, 0.1274896739494233, 0.1274040618704425, 0.12758544726031168, 0.1266835652615713, 0.12791571536889443, 0.12714307755231857, 0.12667290959507227, 0.12808056874200702, 0.127375610768795, 0.12766549487908682, 0.1279790739600475, 0.12678914251072065, 0.12737430445849895, 0.1271491369063204, 0.12847676766770227, 0.12904516550210807, 0.12744479129711786, 0.12779554687440395, 0.12694059126079082, 0.12659600612364316, 0.12729900740087033, 0.1282764474550883, 0.12713903278112412, 0.12724060118198394, 0.12838755622506143, 0.12800482908884683, 0.12745329986015955, 0.12678212175766626, 0.1275140539957927, 0.1271904729306698, 0.12795368275221655, 0.1275617095331351, 0.12761603370308877, 0.12783717327728505, 0.12789175705984235, 0.12812217672665913, 0.12633018526766035, 0.1275894355494529, 0.127517195516511, 0.1283042664554986, 0.12667802762654093, 0.12853997697432837, 0.12765857095227523, 0.12823294351498285, 0.12853637879545038, 0.12745810796817145, 0.1271347589790821, 0.1269867941737175, 0.1278180554509163, 0.12719413017233214, 0.12669960273937744, 0.12791252441895315, 0.12794522990783055, 0.12740673124790192, 0.12812951733084285, 0.1271117189899087, 0.12814682556523216, 0.1272252809256315, 0.1273663967847824, 0.12822421107973372, 0.1274680131011539, 0.12707920452313765, 0.12815295331753218, 0.12752756476402283, 0.12739189751446248, 0.1272551755492504, 0.12747923698690203, 0.12694511104088563, 0.12633089090769106, 0.1269130711754163, 0.12805657301630294, 0.12749285830391777, 0.12752699769205517, 0.12817820218893197, 0.12672126056118446, 0.12813971936702728]}