('OC-FakeDect1 (Trained on DFDB Dataset)  \nTested on AVG NeuralTextures Dataset  \nRunning Average Evaluation', 'OC-FakeDect1_DFDB', 'DFDB', 'OC-FakeDect1_DFDB_raeonNTavg')
auroc=0.5104490971500523
f1=0.46847676023930046
prec=0.4335604770017036
recall=0.5095095095095095

fpr=[0.0, 0.4886113152094049, 1.0]

tpr=[0.0, 0.5095095095095095, 1.0]

y_true=[0, 0, 0, 0, 0, 0, 0, 0, 0, 0, 0, 0, 0, 0, 0, 0, 0, 0, 0, 0, 0, 0, 0, 0, 0, 0, 0, 0, 0, 0, 0, 0, 0, 0, 0, 0, 0, 0, 0, 0, 0, 0, 0, 0, 0, 0, 0, 0, 0, 0, 0, 0, 0, 0, 0, 0, 0, 0, 0, 0, 0, 0, 0, 0, 0, 0, 0, 0, 0, 0, 0, 0, 0, 0, 0, 0, 0, 0, 0, 0, 0, 0, 0, 0, 0, 0, 0, 0, 0, 0, 0, 0, 0, 0, 0, 0, 0, 0, 0, 0, 0, 0, 0, 0, 0, 0, 0, 0, 0, 0, 0, 0, 0, 0, 0, 0, 0, 0, 0, 0, 0, 0, 0, 0, 0, 0, 0, 0, 0, 0, 0, 0, 0, 0, 0, 0, 0, 0, 0, 0, 0, 0, 0, 0, 0, 0, 0, 0, 0, 0, 0, 0, 0, 0, 0, 0, 0, 0, 0, 0, 0, 0, 0, 0, 0, 0, 0, 0, 0, 0, 0, 0, 0, 0, 0, 0, 0, 0, 0, 0, 0, 0, 0, 0, 0, 0, 0, 0, 0, 0, 0, 0, 0, 0, 0, 0, 0, 0, 0, 0, 0, 0, 0, 0, 0, 0, 0, 0, 0, 0, 0, 0, 0, 0, 0, 0, 0, 0, 0, 0, 0, 0, 0, 0, 0, 0, 0, 0, 0, 0, 0, 0, 0, 0, 0, 0, 0, 0, 0, 0, 0, 0, 0, 0, 0, 0, 0, 0, 0, 0, 0, 0, 0, 0, 0, 0, 0, 0, 0, 0, 0, 0, 0, 0, 0, 0, 0, 0, 0, 0, 0, 0, 0, 0, 0, 0, 0, 0, 0, 0, 0, 0, 0, 0, 0, 0, 0, 0, 0, 0, 0, 0, 0, 0, 0, 0, 0, 0, 0, 0, 0, 0, 0, 0, 0, 0, 0, 0, 0, 0, 0, 0, 0, 0, 0, 0, 0, 0, 0, 0, 0, 0, 0, 0, 0, 0, 0, 0, 0, 0, 0, 0, 0, 0, 0, 0, 0, 0, 0, 0, 0, 0, 0, 0, 0, 0, 0, 0, 0, 0, 0, 0, 0, 0, 0, 0, 0, 0, 0, 0, 0, 0, 0, 0, 0, 0, 0, 0, 0, 0, 0, 0, 0, 0, 0, 0, 0, 0, 0, 0, 0, 0, 0, 0, 0, 0, 0, 0, 0, 0, 0, 0, 0, 0, 0, 0, 0, 0, 0, 0, 0, 0, 0, 0, 0, 0, 0, 0, 0, 0, 0, 0, 0, 0, 0, 0, 0, 0, 0, 0, 0, 0, 0, 0, 0, 0, 0, 0, 0, 0, 0, 0, 0, 0, 0, 0, 0, 0, 0, 0, 0, 0, 0, 0, 0, 0, 0, 0, 0, 0, 0, 0, 0, 0, 0, 0, 0, 0, 0, 0, 0, 0, 0, 0, 0, 0, 0, 0, 0, 0, 0, 0, 0, 0, 0, 0, 0, 0, 0, 0, 0, 0, 0, 0, 0, 0, 0, 0, 0, 0, 0, 0, 0, 0, 0, 0, 0, 0, 0, 0, 0, 0, 0, 0, 0, 0, 0, 0, 0, 0, 0, 0, 0, 0, 0, 0, 0, 0, 0, 0, 0, 0, 0, 0, 0, 0, 0, 0, 0, 0, 0, 0, 0, 0, 0, 0, 0, 0, 0, 0, 0, 0, 0, 0, 0, 0, 0, 0, 0, 0, 0, 0, 0, 0, 0, 0, 0, 0, 0, 0, 0, 0, 0, 0, 0, 0, 0, 0, 0, 0, 0, 0, 0, 0, 0, 0, 0, 0, 0, 0, 0, 0, 0, 0, 0, 0, 0, 0, 0, 0, 0, 0, 0, 0, 0, 0, 0, 0, 0, 0, 0, 0, 0, 0, 0, 0, 0, 0, 0, 0, 0, 0, 0, 0, 0, 0, 0, 0, 0, 0, 0, 0, 0, 0, 0, 0, 0, 0, 0, 0, 0, 0, 0, 0, 0, 0, 0, 0, 0, 0, 0, 0, 0, 0, 0, 0, 0, 0, 0, 0, 0, 0, 0, 0, 0, 0, 0, 0, 0, 0, 0, 0, 0, 0, 0, 0, 0, 0, 0, 0, 0, 0, 0, 0, 0, 0, 0, 0, 0, 0, 0, 0, 0, 0, 0, 0, 0, 0, 0, 0, 0, 0, 0, 0, 0, 0, 0, 0, 0, 0, 0, 0, 0, 0, 0, 0, 0, 0, 0, 0, 0, 0, 0, 0, 0, 0, 0, 0, 0, 0, 0, 0, 0, 0, 0, 0, 0, 0, 0, 0, 0, 0, 0, 0, 0, 0, 0, 0, 0, 0, 0, 0, 0, 0, 0, 0, 0, 0, 0, 0, 0, 0, 0, 0, 0, 0, 0, 0, 0, 0, 0, 0, 0, 0, 0, 0, 0, 0, 0, 0, 0, 0, 0, 0, 0, 0, 0, 0, 0, 0, 0, 0, 0, 0, 0, 0, 0, 0, 0, 0, 0, 0, 0, 0, 0, 0, 0, 0, 0, 0, 0, 0, 0, 0, 0, 0, 0, 0, 0, 0, 0, 0, 0, 0, 0, 0, 0, 0, 0, 0, 0, 0, 0, 0, 0, 0, 0, 0, 0, 0, 0, 0, 0, 0, 0, 0, 0, 0, 0, 0, 0, 0, 0, 0, 0, 0, 0, 0, 0, 0, 0, 0, 0, 0, 0, 0, 0, 0, 0, 0, 0, 0, 0, 0, 0, 0, 0, 0, 0, 0, 0, 0, 0, 0, 0, 0, 0, 0, 0, 0, 0, 0, 0, 0, 0, 0, 0, 0, 0, 0, 0, 0, 0, 0, 0, 0, 0, 0, 0, 0, 0, 0, 0, 0, 0, 0, 0, 0, 0, 0, 0, 0, 0, 0, 0, 0, 0, 0, 0, 0, 0, 0, 0, 0, 0, 0, 0, 0, 0, 0, 0, 0, 0, 0, 0, 0, 0, 0, 0, 0, 0, 0, 0, 0, 0, 0, 0, 0, 0, 0, 0, 0, 0, 0, 0, 0, 0, 0, 0, 0, 0, 0, 0, 0, 0, 0, 0, 0, 0, 0, 0, 0, 0, 0, 0, 0, 0, 0, 0, 0, 0, 0, 0, 0, 0, 0, 0, 0, 0, 0, 0, 0, 0, 0, 0, 0, 0, 0, 0, 0, 0, 0, 0, 0, 0, 0, 0, 0, 0, 0, 0, 0, 0, 0, 0, 0, 0, 0, 0, 0, 0, 0, 0, 0, 0, 0, 0, 0, 0, 0, 0, 0, 0, 0, 0, 0, 0, 0, 0, 0, 0, 0, 0, 0, 0, 0, 0, 0, 0, 0, 0, 0, 0, 0, 0, 0, 0, 0, 0, 0, 0, 0, 0, 0, 0, 0, 0, 0, 0, 0, 0, 0, 0, 0, 0, 0, 0, 0, 0, 0, 0, 0, 0, 0, 0, 0, 0, 0, 0, 0, 0, 0, 0, 0, 0, 0, 0, 0, 0, 0, 0, 0, 0, 0, 0, 0, 0, 0, 0, 0, 0, 0, 0, 0, 0, 0, 0, 0, 0, 0, 0, 0, 0, 0, 0, 0, 0, 0, 0, 0, 0, 0, 0, 0, 0, 0, 0, 0, 0, 0, 0, 0, 0, 0, 0, 0, 0, 0, 0, 0, 0, 0, 0, 0, 0, 0, 0, 0, 0, 0, 0, 0, 0, 0, 0, 0, 0, 0, 0, 0, 0, 0, 0, 0, 0, 0, 0, 0, 0, 0, 0, 0, 0, 0, 0, 0, 0, 0, 0, 0, 0, 0, 0, 0, 0, 0, 0, 0, 0, 0, 0, 0, 0, 0, 0, 0, 0, 0, 0, 0, 0, 0, 0, 0, 0, 0, 0, 0, 0, 0, 0, 0, 0, 0, 0, 0, 0, 0, 0, 0, 0, 0, 0, 0, 0, 0, 0, 0, 0, 0, 0, 0, 0, 0, 0, 0, 0, 0, 0, 0, 0, 0, 0, 0, 0, 0, 0, 0, 0, 0, 0, 0, 0, 0, 0, 0, 0, 0, 0, 0, 0, 0, 0, 0, 0, 0, 0, 0, 0, 0, 0, 0, 0, 0, 0, 0, 0, 0, 0, 0, 0, 0, 0, 0, 0, 0, 0, 0, 0, 0, 0, 0, 0, 0, 0, 0, 0, 0, 0, 0, 0, 0, 0, 0, 0, 0, 0, 0, 0, 0, 0, 0, 0, 0, 0, 0, 0, 0, 0, 0, 0, 0, 0, 0, 0, 0, 0, 0, 0, 0, 0, 0, 0, 0, 0, 0, 0, 0, 0, 0, 0, 0, 0, 0, 0, 0, 0, 0, 0, 0, 0, 1, 1, 1, 1, 1, 1, 1, 1, 1, 1, 1, 1, 1, 1, 1, 1, 1, 1, 1, 1, 1, 1, 1, 1, 1, 1, 1, 1, 1, 1, 1, 1, 1, 1, 1, 1, 1, 1, 1, 1, 1, 1, 1, 1, 1, 1, 1, 1, 1, 1, 1, 1, 1, 1, 1, 1, 1, 1, 1, 1, 1, 1, 1, 1, 1, 1, 1, 1, 1, 1, 1, 1, 1, 1, 1, 1, 1, 1, 1, 1, 1, 1, 1, 1, 1, 1, 1, 1, 1, 1, 1, 1, 1, 1, 1, 1, 1, 1, 1, 1, 1, 1, 1, 1, 1, 1, 1, 1, 1, 1, 1, 1, 1, 1, 1, 1, 1, 1, 1, 1, 1, 1, 1, 1, 1, 1, 1, 1, 1, 1, 1, 1, 1, 1, 1, 1, 1, 1, 1, 1, 1, 1, 1, 1, 1, 1, 1, 1, 1, 1, 1, 1, 1, 1, 1, 1, 1, 1, 1, 1, 1, 1, 1, 1, 1, 1, 1, 1, 1, 1, 1, 1, 1, 1, 1, 1, 1, 1, 1, 1, 1, 1, 1, 1, 1, 1, 1, 1, 1, 1, 1, 1, 1, 1, 1, 1, 1, 1, 1, 1, 1, 1, 1, 1, 1, 1, 1, 1, 1, 1, 1, 1, 1, 1, 1, 1, 1, 1, 1, 1, 1, 1, 1, 1, 1, 1, 1, 1, 1, 1, 1, 1, 1, 1, 1, 1, 1, 1, 1, 1, 1, 1, 1, 1, 1, 1, 1, 1, 1, 1, 1, 1, 1, 1, 1, 1, 1, 1, 1, 1, 1, 1, 1, 1, 1, 1, 1, 1, 1, 1, 1, 1, 1, 1, 1, 1, 1, 1, 1, 1, 1, 1, 1, 1, 1, 1, 1, 1, 1, 1, 1, 1, 1, 1, 1, 1, 1, 1, 1, 1, 1, 1, 1, 1, 1, 1, 1, 1, 1, 1, 1, 1, 1, 1, 1, 1, 1, 1, 1, 1, 1, 1, 1, 1, 1, 1, 1, 1, 1, 1, 1, 1, 1, 1, 1, 1, 1, 1, 1, 1, 1, 1, 1, 1, 1, 1, 1, 1, 1, 1, 1, 1, 1, 1, 1, 1, 1, 1, 1, 1, 1, 1, 1, 1, 1, 1, 1, 1, 1, 1, 1, 1, 1, 1, 1, 1, 1, 1, 1, 1, 1, 1, 1, 1, 1, 1, 1, 1, 1, 1, 1, 1, 1, 1, 1, 1, 1, 1, 1, 1, 1, 1, 1, 1, 1, 1, 1, 1, 1, 1, 1, 1, 1, 1, 1, 1, 1, 1, 1, 1, 1, 1, 1, 1, 1, 1, 1, 1, 1, 1, 1, 1, 1, 1, 1, 1, 1, 1, 1, 1, 1, 1, 1, 1, 1, 1, 1, 1, 1, 1, 1, 1, 1, 1, 1, 1, 1, 1, 1, 1, 1, 1, 1, 1, 1, 1, 1, 1, 1, 1, 1, 1, 1, 1, 1, 1, 1, 1, 1, 1, 1, 1, 1, 1, 1, 1, 1, 1, 1, 1, 1, 1, 1, 1, 1, 1, 1, 1, 1, 1, 1, 1, 1, 1, 1, 1, 1, 1, 1, 1, 1, 1, 1, 1, 1, 1, 1, 1, 1, 1, 1, 1, 1, 1, 1, 1, 1, 1, 1, 1, 1, 1, 1, 1, 1, 1, 1, 1, 1, 1, 1, 1, 1, 1, 1, 1, 1, 1, 1, 1, 1, 1, 1, 1, 1, 1, 1, 1, 1, 1, 1, 1, 1, 1, 1, 1, 1, 1, 1, 1, 1, 1, 1, 1, 1, 1, 1, 1, 1, 1, 1, 1, 1, 1, 1, 1, 1, 1, 1, 1, 1, 1, 1, 1, 1, 1, 1, 1, 1, 1, 1, 1, 1, 1, 1, 1, 1, 1, 1, 1, 1, 1, 1, 1, 1, 1, 1, 1, 1, 1, 1, 1, 1, 1, 1, 1, 1, 1, 1, 1, 1, 1, 1, 1, 1, 1, 1, 1, 1, 1, 1, 1, 1, 1, 1, 1, 1, 1, 1, 1, 1, 1, 1, 1, 1, 1, 1, 1, 1, 1, 1, 1, 1, 1, 1, 1, 1, 1, 1, 1, 1, 1, 1, 1, 1, 1, 1, 1, 1, 1, 1, 1, 1, 1, 1, 1, 1, 1, 1, 1, 1, 1, 1, 1, 1, 1, 1, 1, 1, 1, 1, 1, 1, 1, 1, 1, 1, 1, 1, 1, 1, 1, 1, 1, 1, 1, 1, 1, 1, 1, 1, 1, 1, 1, 1, 1, 1, 1, 1, 1, 1, 1, 1, 1, 1, 1, 1, 1, 1, 1, 1, 1, 1, 1, 1, 1, 1, 1, 1, 1, 1, 1, 1, 1, 1, 1, 1, 1, 1, 1, 1, 1, 1, 1, 1, 1, 1, 1, 1, 1, 1, 1, 1, 1, 1, 1, 1, 1, 1, 1, 1, 1, 1, 1, 1, 1, 1, 1, 1, 1, 1, 1, 1, 1, 1, 1, 1, 1, 1, 1, 1, 1, 1, 1, 1, 1, 1, 1, 1, 1, 1, 1, 1, 1, 1, 1, 1, 1, 1, 1, 1, 1, 1, 1, 1, 1, 1, 1, 1, 1, 1, 1, 1, 1, 1, 1, 1, 1, 1, 1, 1, 1, 1, 1, 1, 1, 1, 1, 1, 1, 1, 1, 1, 1, 1, 1, 1, 1, 1, 1, 1, 1, 1, 1, 1, 1, 1, 1, 1, 1, 1, 1, 1, 1, 1, 1, 1, 1, 1, 1, 1, 1, 1, 1, 1, 1, 1, 1, 1, 1, 1, 1, 1, 1, 1, 1, 1, 1, 1, 1, 1, 1, 1, 1, 1, 1, 1, 1, 1, 1, 1, 1, 1, 1, 1, 1, 1, 1, 1, 1, 1, 1, 1, 1, 1, 1, 1, 1, 1, 1, 1, 1, 1, 1, 1, 1, 1, 1, 1, 1, 1, 1, 1, 1, 1, 1, 1, 1, 1, 1, 1, 1, 1, 1, 1, 1, 1, 1, 1, 1, 1, 1, 1, 1, 1, 1, 1, 1, 1, 1, 1, 1, 1, 1, 1, 1, 1, 1, 1, 1, 1, 1, 1, 1, 1, 1, 1, 1, 1, 1, 1, 1, 1, 1, 1, 1, 1, 1, 1]

y_pred=[0.0, 1.0, 1.0, 1.0, 1.0, 0.0, 0.0, 1.0, 0.0, 1.0, 0.0, 1.0, 0.0, 0.0, 0.0, 0.0, 1.0, 1.0, 1.0, 1.0, 0.0, 0.0, 1.0, 0.0, 0.0, 0.0, 1.0, 1.0, 1.0, 0.0, 0.0, 1.0, 0.0, 0.0, 1.0, 0.0, 1.0, 1.0, 0.0, 1.0, 1.0, 0.0, 0.0, 0.0, 0.0, 1.0, 1.0, 1.0, 0.0, 0.0, 0.0, 1.0, 0.0, 0.0, 1.0, 0.0, 0.0, 1.0, 1.0, 0.0, 0.0, 0.0, 1.0, 1.0, 1.0, 0.0, 1.0, 0.0, 1.0, 1.0, 1.0, 1.0, 0.0, 0.0, 1.0, 0.0, 0.0, 0.0, 0.0, 0.0, 1.0, 1.0, 1.0, 1.0, 0.0, 0.0, 1.0, 0.0, 0.0, 1.0, 0.0, 0.0, 1.0, 0.0, 1.0, 1.0, 0.0, 0.0, 1.0, 1.0, 1.0, 0.0, 1.0, 1.0, 1.0, 0.0, 0.0, 1.0, 0.0, 0.0, 1.0, 1.0, 0.0, 0.0, 0.0, 0.0, 1.0, 1.0, 0.0, 1.0, 1.0, 1.0, 0.0, 0.0, 0.0, 0.0, 1.0, 0.0, 0.0, 1.0, 1.0, 0.0, 1.0, 0.0, 0.0, 0.0, 0.0, 0.0, 0.0, 0.0, 1.0, 0.0, 1.0, 1.0, 0.0, 1.0, 0.0, 1.0, 1.0, 1.0, 1.0, 0.0, 0.0, 1.0, 1.0, 0.0, 0.0, 0.0, 1.0, 1.0, 1.0, 0.0, 0.0, 1.0, 1.0, 1.0, 0.0, 0.0, 1.0, 0.0, 0.0, 1.0, 0.0, 1.0, 0.0, 0.0, 0.0, 1.0, 0.0, 1.0, 1.0, 0.0, 0.0, 1.0, 0.0, 1.0, 0.0, 0.0, 0.0, 0.0, 1.0, 1.0, 0.0, 1.0, 1.0, 1.0, 1.0, 0.0, 0.0, 1.0, 0.0, 1.0, 0.0, 0.0, 0.0, 0.0, 0.0, 0.0, 0.0, 0.0, 0.0, 1.0, 1.0, 1.0, 1.0, 0.0, 1.0, 0.0, 0.0, 1.0, 0.0, 0.0, 1.0, 0.0, 0.0, 1.0, 1.0, 0.0, 0.0, 1.0, 0.0, 0.0, 1.0, 0.0, 0.0, 1.0, 1.0, 1.0, 1.0, 0.0, 0.0, 0.0, 0.0, 1.0, 0.0, 1.0, 1.0, 0.0, 0.0, 1.0, 0.0, 1.0, 1.0, 1.0, 1.0, 0.0, 0.0, 1.0, 1.0, 0.0, 0.0, 1.0, 0.0, 1.0, 0.0, 1.0, 1.0, 0.0, 1.0, 0.0, 0.0, 0.0, 0.0, 0.0, 1.0, 0.0, 0.0, 0.0, 0.0, 1.0, 0.0, 1.0, 0.0, 0.0, 1.0, 1.0, 1.0, 0.0, 0.0, 0.0, 0.0, 0.0, 1.0, 0.0, 1.0, 1.0, 1.0, 1.0, 0.0, 0.0, 0.0, 1.0, 1.0, 1.0, 1.0, 0.0, 1.0, 1.0, 0.0, 1.0, 0.0, 1.0, 1.0, 1.0, 1.0, 0.0, 1.0, 1.0, 0.0, 1.0, 1.0, 0.0, 1.0, 1.0, 0.0, 0.0, 0.0, 0.0, 1.0, 0.0, 1.0, 1.0, 0.0, 1.0, 1.0, 1.0, 0.0, 0.0, 0.0, 1.0, 0.0, 0.0, 1.0, 1.0, 1.0, 0.0, 0.0, 1.0, 1.0, 1.0, 1.0, 0.0, 0.0, 0.0, 1.0, 0.0, 0.0, 0.0, 0.0, 0.0, 1.0, 1.0, 1.0, 0.0, 0.0, 1.0, 1.0, 0.0, 1.0, 1.0, 0.0, 0.0, 0.0, 0.0, 0.0, 1.0, 0.0, 1.0, 1.0, 0.0, 0.0, 0.0, 1.0, 1.0, 0.0, 1.0, 0.0, 0.0, 0.0, 0.0, 0.0, 1.0, 0.0, 0.0, 1.0, 0.0, 1.0, 1.0, 0.0, 1.0, 1.0, 0.0, 1.0, 0.0, 1.0, 1.0, 1.0, 0.0, 0.0, 1.0, 1.0, 1.0, 0.0, 0.0, 1.0, 1.0, 1.0, 0.0, 0.0, 0.0, 0.0, 1.0, 1.0, 1.0, 1.0, 1.0, 1.0, 1.0, 0.0, 1.0, 0.0, 1.0, 0.0, 0.0, 1.0, 1.0, 1.0, 1.0, 0.0, 0.0, 1.0, 0.0, 0.0, 0.0, 1.0, 1.0, 0.0, 0.0, 0.0, 1.0, 1.0, 0.0, 1.0, 1.0, 1.0, 1.0, 0.0, 1.0, 0.0, 0.0, 0.0, 1.0, 1.0, 0.0, 0.0, 0.0, 1.0, 1.0, 0.0, 0.0, 1.0, 0.0, 0.0, 1.0, 0.0, 1.0, 0.0, 0.0, 1.0, 1.0, 0.0, 1.0, 1.0, 1.0, 0.0, 1.0, 1.0, 0.0, 0.0, 1.0, 1.0, 0.0, 1.0, 0.0, 0.0, 1.0, 0.0, 0.0, 1.0, 0.0, 0.0, 1.0, 0.0, 1.0, 0.0, 0.0, 0.0, 1.0, 1.0, 0.0, 0.0, 0.0, 0.0, 0.0, 0.0, 0.0, 1.0, 1.0, 1.0, 0.0, 1.0, 1.0, 1.0, 0.0, 0.0, 0.0, 0.0, 1.0, 1.0, 0.0, 0.0, 0.0, 1.0, 0.0, 1.0, 0.0, 0.0, 0.0, 1.0, 0.0, 1.0, 0.0, 0.0, 0.0, 1.0, 0.0, 1.0, 1.0, 0.0, 0.0, 1.0, 1.0, 0.0, 1.0, 1.0, 0.0, 0.0, 0.0, 1.0, 1.0, 0.0, 1.0, 0.0, 1.0, 0.0, 1.0, 0.0, 0.0, 0.0, 0.0, 0.0, 0.0, 1.0, 1.0, 0.0, 0.0, 1.0, 1.0, 0.0, 0.0, 1.0, 1.0, 0.0, 0.0, 0.0, 1.0, 0.0, 0.0, 1.0, 0.0, 0.0, 1.0, 1.0, 1.0, 1.0, 0.0, 1.0, 0.0, 1.0, 1.0, 0.0, 1.0, 1.0, 1.0, 0.0, 1.0, 0.0, 0.0, 1.0, 0.0, 1.0, 1.0, 0.0, 0.0, 0.0, 1.0, 1.0, 0.0, 1.0, 0.0, 1.0, 0.0, 0.0, 0.0, 1.0, 1.0, 1.0, 0.0, 1.0, 0.0, 1.0, 0.0, 1.0, 0.0, 0.0, 0.0, 0.0, 1.0, 0.0, 1.0, 1.0, 1.0, 1.0, 0.0, 0.0, 1.0, 0.0, 1.0, 1.0, 1.0, 0.0, 0.0, 0.0, 1.0, 0.0, 0.0, 0.0, 1.0, 0.0, 1.0, 1.0, 1.0, 1.0, 1.0, 0.0, 0.0, 0.0, 1.0, 1.0, 1.0, 1.0, 0.0, 0.0, 1.0, 0.0, 1.0, 1.0, 0.0, 0.0, 1.0, 1.0, 1.0, 0.0, 1.0, 0.0, 0.0, 1.0, 0.0, 0.0, 0.0, 1.0, 0.0, 1.0, 1.0, 1.0, 1.0, 0.0, 1.0, 0.0, 0.0, 1.0, 1.0, 0.0, 0.0, 1.0, 0.0, 1.0, 0.0, 1.0, 0.0, 1.0, 0.0, 0.0, 0.0, 1.0, 1.0, 0.0, 1.0, 0.0, 0.0, 0.0, 0.0, 1.0, 1.0, 1.0, 1.0, 1.0, 1.0, 0.0, 1.0, 0.0, 0.0, 1.0, 0.0, 0.0, 1.0, 1.0, 0.0, 1.0, 0.0, 1.0, 1.0, 1.0, 0.0, 0.0, 1.0, 1.0, 1.0, 1.0, 0.0, 0.0, 0.0, 1.0, 0.0, 0.0, 0.0, 1.0, 1.0, 0.0, 1.0, 1.0, 0.0, 1.0, 1.0, 0.0, 1.0, 0.0, 1.0, 0.0, 1.0, 0.0, 0.0, 1.0, 0.0, 1.0, 1.0, 0.0, 1.0, 1.0, 0.0, 1.0, 1.0, 1.0, 0.0, 0.0, 0.0, 1.0, 1.0, 0.0, 0.0, 0.0, 0.0, 0.0, 1.0, 0.0, 0.0, 1.0, 0.0, 0.0, 0.0, 1.0, 1.0, 1.0, 0.0, 0.0, 0.0, 1.0, 1.0, 1.0, 0.0, 1.0, 0.0, 1.0, 1.0, 1.0, 1.0, 1.0, 1.0, 1.0, 0.0, 1.0, 0.0, 0.0, 1.0, 1.0, 0.0, 0.0, 0.0, 0.0, 0.0, 0.0, 0.0, 1.0, 0.0, 0.0, 0.0, 1.0, 0.0, 1.0, 1.0, 0.0, 0.0, 0.0, 1.0, 1.0, 1.0, 0.0, 0.0, 0.0, 1.0, 1.0, 0.0, 1.0, 0.0, 1.0, 1.0, 0.0, 1.0, 1.0, 1.0, 0.0, 1.0, 1.0, 0.0, 1.0, 1.0, 0.0, 0.0, 1.0, 1.0, 1.0, 1.0, 0.0, 0.0, 1.0, 1.0, 0.0, 1.0, 0.0, 0.0, 1.0, 1.0, 0.0, 0.0, 0.0, 0.0, 1.0, 0.0, 0.0, 1.0, 0.0, 1.0, 0.0, 1.0, 1.0, 1.0, 0.0, 0.0, 0.0, 1.0, 0.0, 0.0, 0.0, 1.0, 0.0, 1.0, 1.0, 1.0, 1.0, 1.0, 0.0, 1.0, 0.0, 0.0, 0.0, 1.0, 1.0, 1.0, 1.0, 0.0, 1.0, 1.0, 1.0, 1.0, 1.0, 0.0, 0.0, 1.0, 0.0, 1.0, 1.0, 0.0, 1.0, 0.0, 0.0, 0.0, 0.0, 1.0, 0.0, 0.0, 1.0, 1.0, 1.0, 1.0, 1.0, 1.0, 1.0, 1.0, 0.0, 1.0, 0.0, 1.0, 0.0, 1.0, 1.0, 1.0, 1.0, 1.0, 0.0, 1.0, 0.0, 0.0, 1.0, 1.0, 0.0, 1.0, 0.0, 0.0, 0.0, 1.0, 0.0, 0.0, 1.0, 1.0, 0.0, 1.0, 1.0, 1.0, 1.0, 0.0, 0.0, 0.0, 0.0, 0.0, 0.0, 1.0, 1.0, 1.0, 0.0, 0.0, 0.0, 0.0, 1.0, 0.0, 1.0, 1.0, 0.0, 1.0, 0.0, 0.0, 1.0, 1.0, 1.0, 0.0, 1.0, 0.0, 0.0, 0.0, 0.0, 0.0, 0.0, 1.0, 0.0, 0.0, 1.0, 1.0, 1.0, 0.0, 0.0, 1.0, 1.0, 0.0, 1.0, 0.0, 0.0, 1.0, 0.0, 1.0, 1.0, 1.0, 1.0, 1.0, 0.0, 1.0, 0.0, 1.0, 0.0, 1.0, 0.0, 1.0, 0.0, 1.0, 0.0, 1.0, 1.0, 0.0, 0.0, 0.0, 1.0, 0.0, 0.0, 0.0, 1.0, 0.0, 1.0, 0.0, 1.0, 1.0, 1.0, 0.0, 0.0, 1.0, 0.0, 0.0, 0.0, 1.0, 1.0, 0.0, 0.0, 0.0, 0.0, 1.0, 1.0, 0.0, 0.0, 0.0, 1.0, 0.0, 1.0, 0.0, 1.0, 1.0, 1.0, 0.0, 0.0, 0.0, 0.0, 1.0, 1.0, 0.0, 0.0, 0.0, 0.0, 1.0, 1.0, 0.0, 0.0, 0.0, 0.0, 0.0, 1.0, 1.0, 0.0, 1.0, 1.0, 0.0, 1.0, 0.0, 0.0, 1.0, 1.0, 0.0, 0.0, 1.0, 0.0, 1.0, 1.0, 0.0, 0.0, 1.0, 1.0, 0.0, 1.0, 1.0, 1.0, 0.0, 0.0, 1.0, 0.0, 1.0, 1.0, 0.0, 1.0, 1.0, 1.0, 1.0, 1.0, 0.0, 1.0, 0.0, 0.0, 1.0, 1.0, 0.0, 1.0, 1.0, 1.0, 1.0, 0.0, 1.0, 1.0, 0.0, 1.0, 0.0, 0.0, 1.0, 0.0, 0.0, 0.0, 0.0, 1.0, 0.0, 1.0, 0.0, 1.0, 1.0, 1.0, 0.0, 1.0, 1.0, 1.0, 0.0, 1.0, 0.0, 0.0, 1.0, 0.0, 1.0, 1.0, 0.0, 0.0, 0.0, 0.0, 0.0, 1.0, 0.0, 1.0, 1.0, 0.0, 0.0, 1.0, 1.0, 0.0, 1.0, 1.0, 0.0, 0.0, 0.0, 0.0, 0.0, 0.0, 1.0, 0.0, 1.0, 1.0, 0.0, 0.0, 1.0, 1.0, 0.0, 0.0, 0.0, 1.0, 0.0, 1.0, 0.0, 1.0, 1.0, 0.0, 1.0, 1.0, 0.0, 1.0, 1.0, 0.0, 0.0, 0.0, 1.0, 1.0, 1.0, 1.0, 1.0, 1.0, 0.0, 1.0, 0.0, 0.0, 1.0, 0.0, 1.0, 0.0, 0.0, 0.0, 0.0, 0.0, 1.0, 0.0, 1.0, 0.0, 0.0, 0.0, 0.0, 0.0, 0.0, 1.0, 1.0, 0.0, 1.0, 1.0, 0.0, 0.0, 1.0, 0.0, 0.0, 0.0, 1.0, 1.0, 1.0, 0.0, 0.0, 1.0, 0.0, 0.0, 0.0, 0.0, 1.0, 0.0, 1.0, 1.0, 0.0, 1.0, 1.0, 1.0, 0.0, 1.0, 0.0, 1.0, 1.0, 0.0, 1.0, 1.0, 0.0, 1.0, 0.0, 1.0, 1.0, 0.0, 0.0, 0.0, 1.0, 0.0, 0.0, 0.0, 1.0, 1.0, 0.0, 1.0, 0.0, 0.0, 1.0, 1.0, 0.0, 1.0, 1.0, 0.0, 0.0, 0.0, 0.0, 0.0, 1.0, 0.0, 1.0, 1.0, 1.0, 1.0, 1.0, 0.0, 1.0, 0.0, 1.0, 1.0, 1.0, 1.0, 1.0, 1.0, 0.0, 1.0, 1.0, 0.0, 0.0, 1.0, 0.0, 0.0, 0.0, 0.0, 1.0, 0.0, 0.0, 0.0, 0.0, 1.0, 0.0, 0.0, 1.0, 1.0, 1.0, 0.0, 0.0, 1.0, 1.0, 1.0, 1.0, 1.0, 1.0, 0.0, 1.0, 1.0, 0.0, 1.0, 0.0, 1.0, 0.0, 1.0, 1.0, 0.0, 0.0, 1.0, 0.0, 1.0, 0.0, 0.0, 1.0, 0.0, 1.0, 0.0, 0.0, 1.0, 1.0, 0.0, 1.0, 0.0, 1.0, 0.0, 1.0, 0.0, 1.0, 0.0, 0.0, 1.0, 1.0, 1.0, 1.0, 1.0, 0.0, 1.0, 1.0, 1.0, 1.0, 1.0, 0.0, 1.0, 1.0, 1.0, 0.0, 1.0, 0.0, 0.0, 1.0, 0.0, 1.0, 0.0, 1.0, 0.0, 1.0, 1.0, 1.0, 1.0, 0.0, 1.0, 1.0, 0.0, 0.0, 0.0, 1.0, 0.0, 1.0, 1.0, 1.0, 1.0, 1.0, 0.0, 1.0, 1.0, 0.0, 0.0, 0.0, 0.0, 1.0, 1.0, 0.0, 1.0, 1.0, 0.0, 1.0, 1.0, 1.0, 0.0, 1.0, 1.0, 1.0, 0.0, 1.0, 0.0, 0.0, 0.0, 0.0, 1.0, 1.0, 0.0, 0.0, 0.0, 0.0, 1.0, 1.0, 0.0, 0.0, 1.0, 0.0, 0.0, 1.0, 1.0, 0.0, 0.0, 1.0, 0.0, 1.0, 0.0, 1.0, 0.0, 0.0, 1.0, 1.0, 0.0, 0.0, 1.0, 0.0, 0.0, 0.0, 1.0, 0.0, 1.0, 1.0, 1.0, 0.0, 1.0, 1.0, 0.0, 0.0, 0.0, 0.0, 1.0, 0.0, 0.0, 1.0, 0.0, 1.0, 1.0, 0.0, 1.0, 1.0, 1.0, 0.0, 0.0, 0.0, 0.0, 1.0, 0.0, 1.0, 1.0, 0.0, 0.0, 0.0, 0.0, 1.0, 0.0, 0.0, 1.0, 1.0, 1.0, 0.0, 1.0, 0.0, 0.0, 1.0, 0.0, 0.0, 1.0, 0.0, 0.0, 1.0, 0.0, 0.0, 0.0, 0.0, 0.0, 1.0, 1.0, 0.0, 0.0, 1.0, 1.0, 0.0, 0.0, 1.0, 1.0, 0.0, 0.0, 0.0, 0.0, 1.0, 0.0, 0.0, 0.0, 1.0, 1.0, 1.0, 0.0, 0.0, 1.0, 1.0, 1.0, 0.0, 1.0, 1.0, 0.0, 1.0, 1.0, 1.0, 1.0, 1.0, 1.0, 0.0, 0.0, 0.0, 0.0, 0.0, 1.0, 0.0, 1.0, 0.0, 0.0, 1.0, 0.0, 1.0, 1.0, 0.0, 0.0, 0.0, 1.0, 0.0, 1.0, 0.0, 0.0, 0.0, 0.0, 1.0, 0.0, 0.0, 1.0, 0.0, 1.0, 0.0, 1.0, 1.0, 1.0, 1.0, 1.0, 1.0, 1.0, 1.0, 0.0, 0.0, 0.0, 1.0, 0.0, 0.0, 1.0, 1.0, 1.0, 1.0, 0.0, 0.0, 1.0, 1.0, 1.0, 0.0, 1.0, 0.0, 0.0, 1.0, 0.0, 1.0, 0.0, 1.0, 0.0, 1.0, 1.0, 1.0, 1.0, 0.0, 0.0, 0.0, 0.0, 1.0, 1.0, 0.0, 0.0, 1.0, 0.0, 0.0, 1.0, 0.0, 1.0, 1.0, 1.0, 0.0, 1.0, 1.0, 1.0, 1.0, 1.0, 0.0, 0.0, 0.0, 0.0, 1.0, 0.0, 0.0, 0.0, 1.0, 0.0, 1.0, 1.0, 0.0, 1.0, 0.0, 1.0, 0.0, 0.0, 1.0, 1.0, 1.0, 1.0, 0.0, 0.0, 1.0, 1.0, 1.0, 0.0, 0.0, 0.0, 1.0, 1.0, 1.0, 0.0, 0.0, 1.0, 1.0, 0.0, 0.0, 0.0, 1.0, 1.0, 1.0, 0.0, 0.0, 0.0, 1.0, 0.0, 0.0, 0.0, 1.0, 0.0, 1.0, 0.0, 1.0, 0.0, 1.0, 0.0, 0.0, 1.0, 1.0, 0.0, 0.0, 0.0, 0.0, 1.0, 0.0, 0.0, 1.0, 0.0, 0.0, 0.0, 0.0, 1.0, 0.0, 1.0, 0.0, 0.0, 0.0, 1.0, 0.0, 0.0, 0.0, 1.0, 1.0, 1.0, 1.0, 1.0, 1.0, 1.0, 1.0, 0.0, 1.0, 0.0, 0.0, 1.0, 0.0, 0.0, 0.0, 1.0, 1.0, 0.0, 0.0, 1.0, 0.0, 0.0, 1.0, 1.0, 1.0, 0.0, 1.0, 1.0, 0.0, 1.0, 1.0, 0.0, 1.0, 1.0, 1.0, 0.0, 1.0, 1.0, 1.0, 1.0, 0.0, 1.0, 1.0, 1.0, 1.0, 1.0, 1.0, 1.0, 1.0, 1.0, 1.0, 1.0, 1.0, 1.0, 1.0, 0.0, 1.0, 1.0, 0.0, 0.0, 0.0, 0.0, 1.0, 1.0, 0.0, 1.0, 0.0, 1.0, 1.0, 0.0, 0.0, 0.0, 1.0, 0.0, 1.0, 1.0, 1.0, 0.0, 1.0, 0.0, 1.0, 0.0, 0.0, 1.0, 0.0, 1.0, 1.0, 1.0, 1.0, 0.0, 1.0, 1.0, 0.0, 0.0, 1.0, 1.0, 1.0, 0.0, 0.0, 1.0, 1.0, 1.0, 0.0, 1.0, 0.0, 1.0, 0.0, 1.0, 0.0, 0.0, 1.0, 0.0, 0.0, 0.0, 1.0, 1.0, 1.0, 1.0, 0.0, 1.0, 1.0, 1.0, 1.0, 1.0, 1.0, 1.0, 1.0, 1.0, 1.0, 1.0, 1.0, 0.0, 0.0, 0.0, 0.0, 1.0, 1.0, 1.0, 1.0, 0.0, 0.0, 0.0, 1.0, 0.0, 0.0, 0.0, 0.0, 1.0, 1.0, 0.0, 1.0, 0.0, 1.0, 0.0, 1.0, 0.0, 0.0, 0.0, 1.0, 1.0, 0.0, 0.0, 1.0, 0.0, 0.0, 1.0, 0.0, 0.0, 1.0, 1.0, 0.0, 0.0, 1.0, 0.0, 1.0, 1.0, 1.0, 0.0, 1.0, 0.0, 1.0, 0.0, 0.0, 0.0, 1.0, 1.0, 1.0, 0.0, 1.0, 0.0, 0.0, 0.0, 0.0, 0.0, 0.0, 1.0, 0.0, 1.0, 1.0, 1.0, 1.0, 1.0, 0.0, 1.0, 0.0, 1.0, 0.0, 1.0, 1.0, 1.0, 0.0, 0.0, 0.0, 1.0, 1.0, 1.0, 1.0, 0.0, 0.0, 1.0, 1.0, 1.0, 0.0, 0.0, 0.0, 1.0, 0.0, 1.0, 0.0, 1.0, 1.0, 1.0, 1.0, 1.0, 1.0, 1.0, 0.0, 1.0, 1.0, 0.0, 0.0, 0.0, 0.0, 1.0, 0.0, 0.0, 1.0, 0.0, 0.0, 1.0, 1.0, 0.0, 0.0, 0.0, 0.0, 1.0, 1.0, 1.0, 1.0, 1.0, 1.0, 1.0, 1.0, 1.0, 1.0, 0.0, 0.0, 1.0, 0.0, 1.0, 0.0, 0.0, 1.0, 0.0, 0.0, 1.0, 1.0, 0.0, 0.0, 0.0, 0.0, 0.0, 0.0, 1.0, 1.0, 0.0, 0.0, 0.0, 1.0, 1.0, 1.0, 1.0, 1.0, 0.0, 0.0, 1.0, 0.0, 1.0, 0.0, 1.0, 0.0, 1.0, 0.0, 1.0, 1.0, 0.0, 1.0, 0.0, 1.0, 0.0, 0.0, 0.0, 1.0, 0.0, 1.0, 0.0, 1.0, 1.0, 0.0, 0.0, 0.0, 0.0, 0.0, 1.0, 1.0, 1.0, 1.0, 0.0, 0.0, 0.0, 0.0, 0.0, 0.0, 1.0, 1.0, 0.0, 1.0, 0.0, 1.0, 1.0, 1.0, 0.0, 1.0, 1.0, 0.0, 0.0, 0.0, 1.0, 0.0, 0.0, 1.0, 0.0, 0.0, 0.0, 1.0, 0.0, 1.0, 1.0, 0.0, 1.0, 0.0, 1.0, 0.0, 1.0, 0.0, 0.0, 1.0, 0.0, 0.0, 0.0, 0.0, 0.0, 0.0, 1.0, 1.0, 1.0, 0.0, 0.0, 0.0, 0.0, 1.0, 1.0, 0.0, 1.0, 1.0, 1.0, 1.0, 1.0, 1.0, 1.0, 1.0, 1.0, 0.0, 1.0, 1.0, 0.0, 1.0, 0.0, 0.0, 1.0, 1.0, 1.0, 1.0, 0.0, 1.0, 0.0, 0.0, 1.0, 1.0, 1.0, 0.0, 1.0, 0.0, 0.0, 0.0, 0.0, 0.0, 1.0, 0.0, 0.0, 1.0, 0.0, 1.0, 0.0, 0.0, 0.0, 1.0, 0.0, 1.0, 0.0, 1.0, 0.0, 0.0, 0.0, 0.0, 1.0, 1.0, 1.0, 1.0, 0.0, 0.0, 0.0, 1.0, 1.0, 0.0, 0.0, 1.0, 0.0, 1.0, 0.0, 1.0, 1.0, 0.0, 0.0, 0.0, 0.0, 1.0, 1.0, 0.0, 1.0, 1.0, 1.0, 1.0, 1.0, 1.0, 0.0, 0.0, 1.0, 1.0, 0.0, 1.0, 0.0, 0.0, 0.0, 0.0, 1.0, 0.0, 1.0, 1.0, 0.0, 0.0, 1.0, 1.0, 0.0, 0.0, 1.0, 1.0, 1.0, 1.0, 0.0, 0.0, 0.0, 1.0, 1.0, 1.0, 1.0, 0.0, 1.0, 1.0, 0.0, 1.0, 1.0, 0.0, 0.0, 0.0, 0.0, 0.0, 0.0, 0.0, 0.0, 0.0, 0.0, 1.0, 0.0, 0.0, 1.0, 1.0, 0.0, 0.0, 1.0, 0.0, 0.0, 0.0, 0.0, 1.0, 0.0, 0.0, 1.0, 0.0, 1.0, 1.0, 0.0, 1.0, 0.0, 0.0, 0.0, 1.0, 0.0, 1.0, 1.0, 0.0, 0.0, 1.0, 0.0, 1.0, 0.0, 0.0, 1.0, 0.0, 0.0, 1.0, 1.0, 1.0, 0.0, 1.0, 1.0, 1.0, 1.0, 1.0, 0.0, 0.0, 0.0, 0.0, 1.0, 1.0, 0.0, 0.0, 1.0, 1.0, 0.0, 0.0, 0.0, 0.0, 1.0, 0.0, 1.0, 0.0, 1.0, 1.0, 0.0, 0.0, 0.0, 1.0, 1.0, 1.0, 1.0, 0.0, 1.0, 0.0, 1.0, 1.0, 0.0, 1.0, 1.0, 0.0]
\score={0: [0.1332180036438836, 0.13280256027760712, 0.13222231512719934, 0.13224697311719258, 0.13202981501817704, 0.13380122267537647, 0.13335484698895486, 0.13220397784159735, 0.13304156116370497, 0.13213248923420906, 0.13310855539406047, 0.1324299848638475, 0.1332155583160264, 0.13370836790530913, 0.1333994040122399, 0.13342225145209918, 0.13293768236270317, 0.1328146823427894, 0.13273622542619706, 0.132934340021827, 0.13440124988555907, 0.13328628163588674, 0.13255730271339417, 0.13346188378577328, 0.13339247852563857, 0.13322655649648774, 0.13206694478338415, 0.13179048150777817, 0.13227907288819551, 0.1330749299377203, 0.13332228103409643, 0.1314442863066991, 0.1337113231420517, 0.13320370763540268, 0.13246986735612154, 0.13328493987360307, 0.13263713899585935, 0.13143285115559897, 0.13327177410775964, 0.13251207570234935, 0.1328614093363285, 0.13298518359661102, 0.13300450750299403, 0.13355079231162867, 0.13338078558444977, 0.1317809522151947, 0.1327621423535877, 0.1327823613371168, 0.13376228085586003, 0.13306104831206492, 0.13320816893662726, 0.13294795354207356, 0.13311233619848886, 0.13303299993276596, 0.13275904101984842, 0.13366223573684693, 0.13298441063274036, 0.13281433972028586, 0.13227540254592896, 0.13321697513262432, 0.13325108541175723, 0.133144521050983, 0.13280968482677752, 0.13203077831051566, 0.130517163210445, 0.13315217725692258, 0.13265839131439433, 0.13332577273249627, 0.1320398475812829, 0.1328729816845485, 0.13212763600879246, 0.13288985192775726, 0.13353558562018655, 0.1334262286361895, 0.13277022472836755, 0.13326534731634732, 0.1338728328545888, 0.13425394768516222, 0.13358066976070404, 0.1338446487983068, 0.1312811921040217, 0.13280699796536388, 0.13225280924847252, 0.13279476861159006, 0.13335431163961237, 0.13318857692536853, 0.13285031072471454, 0.13347380998588743, 0.13356770168651233, 0.1327693571849745, 0.13297870134313902, 0.13374321951585658, 0.13248078257609636, 0.13299456760287284, 0.13250305571339346, 0.13212961032986642, 0.13322549184848523, 0.13329866295680404, 0.13254891471429306, 0.13208068013191224, 0.13283082246780395, 0.13371370318863127, 0.13241955767507138, 0.13217592487732568, 0.13263602325549492, 0.1339152365922928, 0.13326263849933942, 0.1327533040727888, 0.13370769809592853, 0.13415554572235455, 0.13255693402982527, 0.13208610398901832, 0.13372788230578106, 0.13343137158797339, 0.13399861840640798, 0.1335569057733782, 0.13215263336896896, 0.13265765879465186, 0.13352738145519705, 0.13240083816804385, 0.1312477795974068, 0.1318740352988243, 0.13379078772332934, 0.13308802992105484, 0.1338745544736202, 0.13332000995675722, 0.13253812864422798, 0.13297236581211505, 0.1341923890369279, 0.13281931755719362, 0.13293661854483865, 0.1333564193475814, 0.13226519321853464, 0.13297584454218547, 0.13319074114163718, 0.13332957960665226, 0.1339558223883311, 0.13313184754970747, 0.13333674569924672, 0.13353547182950107, 0.13257291737724752, 0.1334676602307488, 0.13279918378049677, 0.1325930084871209, 0.1334888796721186, 0.13269537687301636, 0.13335348963737487, 0.13243766069412233, 0.13154472410678864, 0.132349593937397, 0.13136749267578124, 0.13335357504812154, 0.13311190051691874, 0.13268557297331945, 0.1318121719009736, 0.13325630303691416, 0.13424441516399382, 0.13401328027248383, 0.1322908252477646, 0.13295353410972488, 0.1315556981346824, 0.13330885657557734, 0.13322903402149677, 0.13216497445548023, 0.13286544325260016, 0.13236065528222493, 0.13309387862682343, 0.1343381978571415, 0.13250251735250154, 0.1330693672810282, 0.13372060317884793, 0.13292292618390286, 0.13310532892743746, 0.13222971026386535, 0.13450853952339717, 0.13378394022583961, 0.13342381229526118, 0.13208248892000743, 0.13306426203676633, 0.1323454650118947, 0.13292991369962692, 0.13348752338635295, 0.1333422377705574, 0.13293302736499094, 0.13401106948202307, 0.1315873475237326, 0.13311425924301148, 0.1330538572449433, 0.13371215825495514, 0.13367968145757914, 0.13205236289650202, 0.13206732805286134, 0.1332995077738395, 0.1320073464885354, 0.13293411768972874, 0.13281546433766683, 0.13238119465463302, 0.1331995657899163, 0.134113708839697, 0.1327382686237494, 0.1335526720473641, 0.13260028925206926, 0.1332787826657295, 0.13314166211563608, 0.13364476423997146, 0.13339321315288544, 0.13314235325043017, 0.134510800242424, 0.13337557400975908, 0.13300463421778244, 0.1344228262702624, 0.1329263925552368, 0.13276968291029334, 0.13296014459236807, 0.13170491059621176, 0.13425111671288809, 0.13271629007963034, 0.13358686051585458, 0.13363995568619835, 0.1326191419363022, 0.13395551716287932, 0.13303504001211236, 0.13257670299760227, 0.1335633798287465, 0.13381588344390577, 0.1328038014471531, 0.1323522822215007, 0.13337507614722618, 0.13331329304239023, 0.13275112708409628, 0.1330361328152723, 0.13373736359856345, 0.13211155643588618, 0.13321830773795093, 0.13296483102298917, 0.1322175989980283, 0.1324763774871826, 0.13233476479848225, 0.13245968041675432, 0.13336056139734057, 0.13297915756702422, 0.13305273354053498, 0.13393229246139526, 0.1329294348304922, 0.1332607212520781, 0.1327850229518358, 0.13270425402066288, 0.1330554817210544, 0.13349428694499166, 0.13277677253440576, 0.13309690870087723, 0.132939562946558, 0.13274556627640358, 0.1326834037899971, 0.13280387582450076, 0.1329861357808113, 0.13301473164132663, 0.13250621128827333, 0.13245151550681503, 0.1341299146413803, 0.1332397618714501, 0.13191961497068405, 0.13318551952640215, 0.13229788467288017, 0.13327165879309177, 0.13142793625593185, 0.13255353678356518, 0.13310026245958664, 0.13268711020549137, 0.13344491198658942, 0.13326048851013184, 0.13372595778533392, 0.1330548386488642, 0.1333195506422608, 0.13246156722307206, 0.13325356567899385, 0.1337574433821898, 0.13300588064723545, 0.13360848473875145, 0.13135539953197753, 0.13360161790924688, 0.1326532789639064, 0.13305746639768282, 0.13403476639227432, 0.13285677134990692, 0.1325359657406807, 0.1325563962260882, 0.13338228166103364, 0.13316644181807835, 0.13304105310729056, 0.13335965924403248, 0.13429252396930347, 0.1323319699453271, 0.13324392810463906, 0.13267690440018973, 0.1320327272017797, 0.13278919458389282, 0.132341457824958, 0.13357286155223846, 0.13325231770674387, 0.1334055011922663, 0.13223328269444978, 0.13216081605507776, 0.13284523198098847, 0.13270530104637146, 0.13385293789600072, 0.1323852670543334, 0.13244800405068832, 0.13346643098022626, 0.13252770900726318, 0.1342673214773337, 0.13217249929904937, 0.13263314752242503, 0.13270202016129212, 0.13234596729278564, 0.13298171311616896, 0.13265294747220147, 0.1327049195766449, 0.13356844393106607, 0.13236590678041632, 0.13288380911475733, 0.13392652500243413, 0.1326462407322491, 0.1318115579920846, 0.13351120799779892, 0.1330897523297204, 0.1331519528346903, 0.13329961150884628, 0.13213107601190224, 0.1332064002752304, 0.13282877884127878, 0.1324929307614054, 0.13304227963089943, 0.13259230510276906, 0.1326186094019148, 0.13234045952558518, 0.1336095969264324, 0.1337319329380989, 0.13368403447998894, 0.1323713931170377, 0.1332167774438858, 0.13298308586373048, 0.13200973318173334, 0.1327374018728733, 0.13219167457686531, 0.13298742615041279, 0.13371939063072205, 0.13264012585083643, 0.13239248522690364, 0.1324179458618164, 0.1314319588921287, 0.1330982804298401, 0.13343311101198196, 0.13367464972866905, 0.13294630414909786, 0.1333177916350819, 0.13302386415248013, 0.13408567290753126, 0.13347940842310588, 0.1341916063898488, 0.1328649421532949, 0.13241152194413272, 0.13280889435726054, 0.13375217399813913, 0.1329724301273624, 0.13282142877578734, 0.13241195678710938, 0.13304107104028975, 0.132767991586165, 0.13278645078341167, 0.13312116844786537, 0.13417213161786398, 0.1349613294005394, 0.13377671901668822, 0.1329812526702881, 0.1322631171116462, 0.13311468282093605, 0.13251432180404663, 0.1323340316029156, 0.13407632921423232, 0.13337704977568457, 0.1330113184452057, 0.13243091106414795, 0.13251691590994596, 0.13338039549333708, 0.13277141667074627, 0.1330489875941441, 0.1338910196836178, 0.13321975618600845, 0.13318336893011024, 0.1342485315269894, 0.13191708807761854, 0.1331046092159608, 0.13316723278590611, 0.1324830800294876, 0.13604928255081178, 0.13189984316175635, 0.1327508586858, 0.13327840467294058, 0.1324129652764116, 0.13233909532427787, 0.13416154384613038, 0.13257036482294401, 0.13356894960528926, 0.1323994740843773, 0.13232652677430046, 0.13261534079261447, 0.13328011433283488, 0.13450337307793753, 0.1314479246735573, 0.13279166953130203, 0.13221065203348795, 0.1339733272790909, 0.1331464158637183, 0.1328649513031307, 0.1327634879520961, 0.13273475157177966, 0.13400898079077403, 0.13311626742015015, 0.13422576636075972, 0.13296309814733617, 0.1327923720081647, 0.13277124710704968, 0.1327007790406545, 0.13278413767164404, 0.1328208542921964, 0.13266860490495508, 0.13250246445337932, 0.13378424428660293, 0.13291261966029802, 0.13388860556814405, 0.13274884088472885, 0.13296610675752163, 0.13360585984976395, 0.13226772182517582, 0.1328336278597514, 0.13191742599010467, 0.1327272979542613, 0.13322991419296998, 0.1332248007429057, 0.13251798897981643, 0.1330779203110271, 0.1344614876434207, 0.13307526978579434, 0.13237275183200836, 0.1328963595442474, 0.1330013318759639, 0.13319914042949677, 0.13331126338905758, 0.131364467052313, 0.13228168040513993, 0.1338576405279098, 0.1324749927629124, 0.13215776160359383, 0.13292293747266135, 0.13184558252493542, 0.1333521808187167, 0.1326345608514898, 0.13419132431348166, 0.13376636667685074, 0.1332317556326206, 0.1320728501852821, 0.13292648022373518, 0.1336011282271809, 0.13299018889665604, 0.13348262310028075, 0.13262789572278658, 0.13171874074374929, 0.133931964635849, 0.13430398296226154, 0.13224730094273884, 0.133838535896663, 0.13334145667878064, 0.13244247874792883, 0.1331024155020714, 0.13275061001380284, 0.13348152190446855, 0.13317115514567404, 0.1320253387093544, 0.13278781818716148, 0.13374953356481367, 0.13269576474147685, 0.13256738028105566, 0.13283538520336152, 0.13428343754065664, 0.13262604176998138, 0.132601298391819, 0.13363929780629966, 0.13364571779966355, 0.13284211657768072, 0.13282910082489252, 0.1330538665254911, 0.13212197224299113, 0.13374305330216885, 0.13415315130661273, 0.1320556171915748, 0.13333021414776644, 0.1333635028289712, 0.1321432131032149, 0.13323789183050394, 0.1330564945936203, 0.1319840724269549, 0.13407042544139058, 0.1325026299147045, 0.13347362241019373, 0.1329992488026619, 0.13528338736957973, 0.13240411318838596, 0.1318631969830569, 0.13309133700702502, 0.13372693955898285, 0.13303491337732834, 0.13349049290021262, 0.1340459397305613, 0.13367772996425628, 0.13317072256044907, 0.13272527009248733, 0.13239840485832907, 0.1323910711540116, 0.13300176903053565, 0.1320831320787731, 0.13230708647858014, 0.132547170708054, 0.1330102620328345, 0.13384917750954628, 0.13370413929224015, 0.13308160391546064, 0.1323397934436798, 0.13263621628284455, 0.13296864181756973, 0.13320194623049567, 0.13419044424187054, 0.13255021534860134, 0.13379658066800662, 0.13274978548288346, 0.13367944684895602, 0.1333088830516145, 0.13302961587905884, 0.13229779118583315, 0.13297057300806045, 0.13229274097830057, 0.13324251411290006, 0.13304676281081307, 0.13309884347297526, 0.13211099654436112, 0.13319183886051178, 0.1307702735066414, 0.13209456489199684, 0.13336421655757086, 0.13433324380053413, 0.13288080150430853, 0.13241703901439905, 0.1340503867553628, 0.13269337018330893, 0.13274267266194026, 0.1332925238336126, 0.1332840546965599, 0.13345131065164292, 0.132875274007137, 0.13267631171380773, 0.13342003868176386, 0.1329563890512173, 0.13386815425121423, 0.1327236771583557, 0.1337418794631958, 0.1326539379854997, 0.13373008979992432, 0.1334093605930155, 0.13336421741593268, 0.13346277508470747, 0.13348200646313754, 0.1335047886652105, 0.1323711018670689, 0.13273024863126326, 0.13308600377705362, 0.1330312332686256, 0.13176830237110457, 0.1323379741774665, 0.13313316255807878, 0.13315032422542572, 0.1324523931199854, 0.13285341362158457, 0.13306737723557846, 0.13384818161527315, 0.13432678686720984, 0.13256381222834954, 0.13309248412648836, 0.13398113982243973, 0.13287194514716114, 0.13300559421380362, 0.1334912195801735, 0.13193189459187643, 0.13254891335964203, 0.13282687607265653, 0.1324805901809172, 0.13319855825654392, 0.1329195257918588, 0.1331074208021164, 0.13276886567473412, 0.132673700268452, 0.13348252491818535, 0.13293695449829102, 0.13250607127944627, 0.1326435748487711, 0.13348344426888686, 0.13196233287453651, 0.13373330392335592, 0.13298847354375398, 0.13262407757617808, 0.13341929536798727, 0.1317184692428958, 0.13250674679875374, 0.1330880837308036, 0.13311496518907093, 0.13331837621000078, 0.13211612246538462, 0.13283672522414813, 0.13330568373203278, 0.13273068641622862, 0.13531821966171265, 0.1321527081377366, 0.13338449597358704, 0.13368838049214463, 0.13315626194602564, 0.13232129853632715, 0.13287620822137053, 0.13244707268827102, 0.13323041051626205, 0.13284552676810157, 0.13619364798069, 0.1328473672270775, 0.13361008713642755, 0.13260699673132462, 0.1332678062575204, 0.13303923606872559, 0.13346664283586585, 0.13337920910932802, 0.13158860057592392, 0.1335257649421692, 0.13225951045751572, 0.13257073238492012, 0.13233330574902621, 0.13238693986620223, 0.13368986740156455, 0.1347952572007974, 0.13268223802248638, 0.13330015627776876, 0.13216392174363137, 0.13270047307014465, 0.13207037560641766, 0.13409600464197305, 0.13416894432157278, 0.1336544543504715, 0.1320401085861798, 0.1334305869208442, 0.13453631196171045, 0.13340653975804648, 0.13231138571312553, 0.13408463779422972, 0.13210148215293885, 0.13250284445913216, 0.13125624358654023, 0.1323138532184419, 0.1329028159379959, 0.1332267423470815, 0.13324059971741267, 0.13372685963457281, 0.13247449372125708, 0.13083477318286896, 0.13284063109984764, 0.1316785842180252, 0.13341356654252326, 0.13330345628438173, 0.13229924738407134, 0.13308451920747758, 0.13259257469326258, 0.13261007964611055, 0.13323950329247644, 0.13331549658494837, 0.1329396476348241, 0.13273063843900507, 0.13294922411441804, 0.13302641858657202, 0.13283310929934183, 0.13406518643552606, 0.13372333943843842, 0.13272690400481224, 0.13298893868923187, 0.1334328819066286, 0.1334752509227166, 0.13275872306390243, 0.13460388644175095, 0.13283512443304063, 0.1329257866510978, 0.13199648866429925, 0.13243477830761358, 0.13333304822444916, 0.13271320671648593, 0.13335481146350503, 0.13317816094918686, 0.13263762891292571, 0.13235712051391602, 0.13355207324028015, 0.13333345599034252, 0.13246572017669678, 0.134165421128273, 0.13225954119116068, 0.13304829131811857, 0.13241392374038696, 0.13316544517874718, 0.132941139737765, 0.13370688401517414, 0.13385344635356555, 0.133431679185699, 0.13191966563463212, 0.1323497159914537, 0.1332818933508613, 0.13262060135602952, 0.1329815909266472, 0.1331131562590599, 0.13334579496747917, 0.13324195224987834, 0.13231786979096277, 0.13291355305247837, 0.13200620046028724, 0.13137416243553163, 0.1319447159767151, 0.13209127138058344, 0.1335864687959353, 0.13266476657655504, 0.13349847495555878, 0.13338598035849059, 0.1327926597247521, 0.13414127131303152, 0.1329908547076312, 0.1324945194646716, 0.13203850554095375, 0.1331782593176915, 0.1327169102927049, 0.13313504615250757, 0.13205951337630933, 0.13273739649189842, 0.1318134463259152, 0.13359543515576255, 0.13340005704334804, 0.13281516525252113, 0.13269027471542358, 0.13294820530073984, 0.13169202208518982, 0.13416363954544067, 0.13332759737968444, 0.13388535007834435, 0.13196374868091784, 0.13299747183918953, 0.13319159095937555, 0.13370272442698478, 0.13266717003924505, 0.13277923248030923, 0.13435850540796915, 0.1325933805533818, 0.13241818249225618, 0.1330031104709791, 0.13274629910786948, 0.13273472463091215, 0.13296295624030263, 0.13239725226802485, 0.13361940329725092, 0.13275988603180106, 0.13443964448842136, 0.13272828236222267, 0.13300323486328125, 0.13317834492772818, 0.13255525132020315, 0.1338333874940872, 0.13260545758973985, 0.13288372630874315, 0.1330119713264353, 0.13232117891311646, 0.13168871199542825, 0.1333498234550158, 0.13291437923908234, 0.13273672186411345, 0.13292165100574493, 0.13402065883080164, 0.1330395278831323, 0.1330379404127598, 0.13285774654812282, 0.13274643942713737, 0.13296852870420975, 0.1332155439783545, 0.13309034017416146, 0.13381961484750113, 0.13425360321998597, 0.1318010219505855, 0.1351351872086525, 0.13333148910449102, 0.13242386908907638, 0.1335015053098852, 0.13301619480956683, 0.13320155110624102, 0.1326616966062122, 0.1324134362595422, 0.132563054561615, 0.13341342551367624, 0.13308088779449462, 0.13362330198287964, 0.13289464484242833, 0.1329602748155594, 0.13272426408879898, 0.13335922049979368, 0.13259806831677753, 0.13434873819351195, 0.13182042688131332, 0.12668456137180328, 0.1329318769276142, 0.13241800382023766, 0.13213424691382578, 0.13176717340946198, 0.13294001330028882, 0.13309183831398302, 0.132738063732783, 0.133386991918087, 0.13322606980800628, 0.13278347524729642, 0.13191959261894226, 0.1330575209397536, 0.1331426246712605, 0.13374208862131293, 0.1332815871997313, 0.13331536203622818, 0.13471713066101074, 0.13326278199320254, 0.1324369211991628, 0.1334322067824277, 0.1332988224246285, 0.1333429916546895, 0.13236305117607117, 0.13334288734656113, 0.13214008063077926, 0.13177762925624847, 0.1342071235179901, 0.13367161651452383, 0.1336678503000218, 0.1327190011739731, 0.13283381462097169, 0.13206429779529572, 0.1342970674688166, 0.1331689270834128, 0.1346880445877711, 0.132648104429245, 0.1323485035787929, 0.1330873253090041, 0.13266122070225803, 0.13361808823214638, 0.13241243924734727, 0.1326159057872636, 0.13384180665016174, 0.13289750393094688, 0.13274743582339996, 0.13293871931407764, 0.13311828217572635, 0.13274029464948744, 0.13229979202151299, 0.1330164670944214, 0.13290231159100166, 0.13240739405155183, 0.13300667107105255, 0.13345180364216075, 0.1327658449781352, 0.1325500930349032, 0.13143104645940992, 0.13204694613814355, 0.1341622444716367, 0.13342999599196695, 0.13290593615083984, 0.1326995834708214, 0.13354476034641266, 0.13268320184004934, 0.13411817948023477, 0.1329960592768409, 0.1327947841750251, 0.13269535470299604, 0.13304665278304706, 0.13455383021097916, 0.13421802719434103, 0.13371256832033396, 0.13266275937740618, 0.13459513584772745, 0.13462082353922036, 0.13226781288782755, 0.13362351887755924, 0.13264023140072823, 0.13383489321259892, 0.13295627588575537, 0.13242131406846253, 0.1327415562488816, 0.13326598597424372, 0.13357897730250107, 0.13331132641305093, 0.1329218656928451, 0.13307129262491715, 0.13306890557641568, 0.13317330926656723, 0.1314452439546585, 0.1333902817633417, 0.1327592351219871, 0.1328408850563897, 0.13229912377539135, 0.13189054337831643, 0.1327129548622502, 0.13429434448480607, 0.13236572162101143, 0.1338305542866389, 0.13335319023047174, 0.13309945821762084, 0.13273694552481174, 0.1325698035955429, 0.13223138175628804, 0.13290239622195563, 0.1336238794028759, 0.13275494349413905, 0.13241449197133381, 0.13238871026606785, 0.13267869570038535, 0.13286408143384115, 0.1332980849676662, 0.13325989246368408, 0.1310872405767441, 0.13405009697784076, 0.13249582052230835, 0.13262828652347838, 0.1332719475030899, 0.13276486624689662, 0.13304518535733223, 0.13345883857636226, 0.13440857025293204, 0.13319713596639962, 0.13124761527234857, 0.13311845637284792, 0.1335557724644498, 0.13210459435597444, 0.13296022359281778, 0.1326359188556671, 0.13272777438163758, 0.13259236762921014, 0.13282695189118385, 0.13262587717988275, 0.13197425256172815, 0.13384625911712647, 0.1329442337155342, 0.1330817895276206, 0.13242515325546264, 0.13334407955408095, 0.1322504013776779, 0.1324399303306233, 0.13281558454036713, 0.13204382834109393, 0.13242414051836188, 0.13368375226855278, 0.132567999454645, 0.13401405465218327, 0.1340537965297699, 0.13184439539909362, 0.13256948739290236, 0.13322500884532928, 0.13240559166297317, 0.13352532871067524, 0.13352554504360473, 0.13334619998931885, 0.13243398643456972, 0.13335144607459798, 0.1337279657254348, 0.13257420621812344, 0.13232646031039103, 0.13314043443936568, 0.1324469761715995, 0.13233188738425572, 0.1328355732717012, 0.13294086498873575, 0.13312409392424993, 0.13344761028009303, 0.13333393136660257, 0.13304427564144133, 0.13457888066768647, 0.13312747627496718, 0.1322285889676123, 0.13198598474264145, 0.13286639004945755, 0.13352858071977441, 0.13332580800714164, 0.13325519740581512, 0.13348436408809253, 0.13225097634962626, 0.1331308309702163, 0.13275830850407883, 0.1323467242717743, 0.13325235123435655, 0.13259724858734342, 0.13317430598868263, 0.13304290754927528, 0.13278778791427612, 0.1326352283358574, 0.13249623136860983, 0.1329609751701355, 0.1322545905907949, 0.13452603871172125, 0.13343617430439703, 0.1336819967802833, 0.13452334388306267, 0.13347682221369309, 0.13375771266442757, 0.13293042480945588, 0.13300854650636515, 0.13341994477169855, 0.13205592852571738, 0.13272737264633178, 0.1326935850083828, 0.13327200122569738, 0.13325213061438668, 0.13251504136456382, 0.13200820051133633, 0.13379938006401063, 0.13276176949342092, 0.13342237337069077, 0.13322086761827054, 0.13219922457052313, 0.1335617943721659, 0.13209409485845006, 0.13257468789815902, 0.13259444615015617, 0.13282625315090021, 0.13285390908519426, 0.13328380174934865, 0.13256417214870453, 0.134233714805709, 0.13233289122581482, 0.1337032521312887, 0.13251604239145914, 0.13368658455354826, 0.132316517829895, 0.1330224716415008, 0.13209574222564696, 0.1330790724605322, 0.13259749593479292, 0.13199722301214933, 0.13352608003399588, 0.13343989724914232, 0.13348655278484026, 0.13239196129143238, 0.13356138078066018, 0.13336687410871187, 0.1333263002728161, 0.13288336839431372, 0.1331217395407813, 0.13182668801811007, 0.13313489531477293, 0.13246912576935507, 0.13284812738066135, 0.13210764641945177, 0.1339248945315679, 0.13374297227710485, 0.13267327696084977, 0.1338731274008751, 0.13297114769617716, 0.1333555563500053, 0.13291222209993162, 0.13293923666844001, 0.13333324591318765, 0.13541826199401508, 0.1332010988678251, 0.13394031317337698, 0.1328883320093155, 0.13209587867770875, 0.1341097429394722, 0.13307319008387053, 0.13381144842680762, 0.13256296465794246, 0.13336374717099325, 0.13287293314933776, 0.1335105150938034, 0.1321033221833846, 0.1326057023058335, 0.1329348948266771, 0.13488694926102957, 0.1330453038215637, 0.13373542616241857, 0.13373717346361705, 0.1329513505101204, 0.13257427601253285, 0.13324623661381857, 0.13376701303890773, 0.13387620449066162, 0.133017835021019, 0.13246493935585021, 0.1326332077383995, 0.13370605260133744, 0.1333975002169609, 0.13420590622858566, 0.13374393284320832, 0.1332074444402348, 0.13264290392398834, 0.1323336185887456, 0.13301546600731937, 0.13227326174577078, 0.1326072817599332, 0.1335148960351944, 0.13260075598955154, 0.13339148868214, 0.1337755061686039, 0.13211542665958403, 0.1325684061104601, 0.13583568377154215, 0.13367786837948692, 0.13291197908776148, 0.13305938243865967, 0.13265150487422944, 0.13270246524077195, 0.1337615080177784, 0.13296304736286402, 0.13291588638510024, 0.13119124417955225, 0.13362156113852625, 0.13235229434389056, 0.13274517158667246, 0.13138797283172607, 0.13353842993577322, 0.13316187688282557, 0.13241871322194734, 0.13332740420644934, 0.1317562460899353, 0.13269589382868546, 0.13299614389737446, 0.1320886045694351, 0.13222381472587585, 0.13226218137048906, 0.13290341747434517, 0.13277797881634004, 0.13375404179096223, 0.13216505809263748, 0.13392044816698348, 0.13356379893693057, 0.13276111673225055, 0.1326736867427826, 0.1338634393785311, 0.13276391923427583, 0.13242112667787642, 0.13280852801269954, 0.13183639485102433, 0.13314452270666757, 0.13262360592683156, 0.13278996731553758, 0.13363968474524363, 0.1326173317173253, 0.13321751308056615, 0.13317390850612096, 0.13263556361198425, 0.13378325375643643, 0.13313755296891736, 0.13328575063496828, 0.13344494501749674, 0.13218642198122466, 0.1332994973337328, 0.13261424696871213, 0.13306278176605701, 0.13294526361502135, 0.1322500237396785, 0.13291467229525247, 0.13377030406679427, 0.13241192201773325, 0.13261453400958667, 0.1327198973068824, 0.1340218275785446, 0.13204426194230715, 0.13371167264201425, 0.13350830475489298, 0.13212684790293375, 0.13414872099052777, 0.13224970481612466, 0.13277372853322464, 0.13366708597716162, 0.13328373034795124, 0.1329984044035276, 0.1337229788303375, 0.13366790215174357, 0.13260827607968273, 0.13425575755536556, 0.13246475566517224, 0.13295677800973257, 0.13334837826815518, 0.13313081009047373, 0.13208753764629363, 0.13262680917978287, 0.13331342062779836, 0.13259415049105883, 0.13294074574002512, 0.13303039968013763, 0.1336723817512393, 0.13310674130916594, 0.13322505801916124, 0.13333267603929227, 0.1332201103369395, 0.13281843066215515, 0.13298562467098235, 0.13284355998039246, 0.13220004164255583, 0.13331487664469965, 0.13331648210684457, 0.13166821273890408, 0.1324835037191709, 0.13456672579050064, 0.133014349732548, 0.13416908184687296, 0.1326518071734387, 0.1333692050897158, 0.13225114000279728, 0.13370263576507568, 0.1325409176448981, 0.13162299990653992, 0.13352730249365172, 0.132685586810112, 0.13264906864899856, 0.1331488716191259, 0.1324581299957476, 0.13255057980616888, 0.13345880004075858, 0.13343879440799356, 0.13307776565060897, 0.13218455479062838, 0.13293894504507384, 0.13274320097346054, 0.13278480522010638, 0.1327737353064797, 0.1323456337506121, 0.13456621617078782, 0.13268743656777046, 0.1336019345019993, 0.1335068603879527, 0.13240769505500793, 0.13315151746456438, 0.1329295939207077, 0.13431335666349956, 0.13347908109426498, 0.133835322327084, 0.1334951168724469, 0.13349977766092008, 0.13248282074928283, 0.13334672711789608, 0.13194899203685614, 0.13327696919441223, 0.1335837482051416, 0.13301075134012436, 0.1337864719904386, 0.13361666972438493, 0.13394509714383346, 0.13245693641774198, 0.13206394761800766, 0.13342013731598854, 0.13247335092587906, 0.13261205915893828, 0.13304413259029388, 0.13329637746016185, 0.1328769451379776, 0.13323875313455408, 0.13379327758498813, 0.13392339199781417, 0.131781897761605, 0.13263087012828925, 0.13271341988673577, 0.13296573947776447, 0.13302841561811943, 0.1321838120619456, 0.13395373937156466, 0.13332697804327365, 0.13369307443499565, 0.13330844044685364, 0.1329492028707113, 0.13379539549350739, 0.1322077890591962, 0.13247392842402825, 0.13327011998210633, 0.13253626498309048, 0.13249482214450836, 0.13236248086799274, 0.1332876208153638, 0.1326340895008158, 0.13308418305908762, 0.13259679688648743, 0.132809121410052, 0.13328086733818054, 0.13245479114677594, 0.13289253058887662, 0.13309847712516784, 0.13222612014838628, 0.13440990149974824, 0.13283029571175575, 0.13218827545642853, 0.13299036026000977, 0.13332037503520647, 0.13332123309373856, 0.1327782260874907, 0.1333270249041644, 0.13308455408723266, 0.13297665864229202, 0.13293602019548417, 0.13250918154205596, 0.13304100334644317, 0.13266861625015736, 0.13394814113090778, 0.13389722092284095, 0.13270461239985057, 0.13161516581711016, 0.13431693017482757, 0.1328851729631424, 0.13227917827092683, 0.13326734602451323, 0.13408486768603325, 0.13342593113581339, 0.13330115653850413, 0.1339873080000733, 0.1322647343788828, 0.13378328209122023, 0.13165964988561776, 0.13220748169855637, 0.13281710675129524, 0.1318230560192695, 0.13220849335193635, 0.13320765727096134, 0.13253726893001133, 0.13316389607886472, 0.1322332170481483, 0.13201857988650983, 0.13224200992023244, 0.13133088416523403, 0.13267181208357215, 0.13228856213390827, 0.1346246940749032, 0.13240834726737097, 0.13254008374430917, 0.13323102560308245, 0.13351786455937795, 0.132830001805958, 0.13311471665898958, 0.13307219549365665, 0.1341112388504876, 0.1330696835562035, 0.13170902117302544, 0.1331657893382586, 0.1335441714525223, 0.13307180650093975, 0.13453135987122852, 0.13275387195440438, 0.1332994023958842, 0.13320615712334127, 0.13226103335618972, 0.13184070736169815, 0.1326869089495052, 0.13301963452249765, 0.1335235097118326, 0.1323090779284636, 0.1316119497641921, 0.1328132233836434], 1: [0.13261627356211345, 0.13279256969690323, 0.13285999465733767, 0.1333640802365083, 0.13220643252134323, 0.13227801471948625, 0.13352137555678686, 0.13221974670886993, 0.13360021369797842, 0.13268452882766724, 0.13344574123620986, 0.13172478725512823, 0.13285707043749945, 0.13360347426854646, 0.13314055568642086, 0.13205139338970184, 0.13298567295074462, 0.1323613173195294, 0.13363481660683948, 0.13308843473593393, 0.13234103403308176, 0.13327164616849688, 0.13270388408140701, 0.133012776191418, 0.13503377410498532, 0.1312308430671692, 0.1323392643378331, 0.13381036867698035, 0.13284481926397843, 0.13471302390098572, 0.1323176734149456, 0.13359638235785745, 0.13256474087635675, 0.13304748860272494, 0.13244707485040028, 0.13365697159486659, 0.1336954245964686, 0.13235851580446417, 0.13274757067362467, 0.13185181518395742, 0.13138147156972152, 0.13172601569782605, 0.13471571654081343, 0.13241101056337357, 0.13251219565669695, 0.13293886370956898, 0.1317942806265571, 0.13279103115200996, 0.13377831429243087, 0.1327331898113092, 0.1326136224799686, 0.13206829474522516, 0.1344910183778176, 0.13230510326949033, 0.13407390415668488, 0.13320145905017852, 0.13268139130539364, 0.13325606286525726, 0.13263361499859735, 0.13301877852748423, 0.13293328355340397, 0.13342445171796358, 0.1327315396384189, 0.13271415552922658, 0.13284829556941985, 0.132282402027737, 0.13301185857165942, 0.1325259804725647, 0.13249705856045088, 0.1331092690428098, 0.13362399488687515, 0.13377725891768932, 0.13283220997878484, 0.1331590243748256, 0.13257612474262714, 0.1321359694004059, 0.1324487431691243, 0.1328100100159645, 0.13237316012382508, 0.1338661489161578, 0.1321163405974706, 0.13295732314387956, 0.13326977491378783, 0.1330637554912006, 0.13321741196242246, 0.13372615724802017, 0.13229736934105554, 0.13233614509755914, 0.1339015012437647, 0.13249485194683075, 0.13159005178345573, 0.13430700654333289, 0.1324882060289383, 0.13112940341234208, 0.13252381732066473, 0.1329715445637703, 0.13229974968866867, 0.13203803923997012, 0.13278061016039414, 0.13344942383906422, 0.13294151922067007, 0.13333204719755384, 0.13392117854795957, 0.13422355949878692, 0.13372235372662544, 0.13233763724565506, 0.13263628918391007, 0.13318162354139182, 0.13378873148134776, 0.13339677098251523, 0.13373832255601883, 0.13284256954987844, 0.13289967365562916, 0.13456426395310295, 0.13439172920253542, 0.132400168613954, 0.1333519873710779, 0.13306572437286376, 0.13216196852070944, 0.1328635960817337, 0.13423998074399102, 0.13464479347070057, 0.13286996665208237, 0.13305318479736647, 0.13293831863186575, 0.13395324620333585, 0.1315687785545985, 0.13308316813065454, 0.1332564569181866, 0.13163383480380564, 0.13240085629855886, 0.13392766979005602, 0.13304895162582397, 0.1329349767078053, 0.13452017605304717, 0.1336868718266487, 0.13355460992226234, 0.13208742532879114, 0.13327374888790977, 0.13250591456890107, 0.13210895359516145, 0.13279272791217356, 0.13398712459537718, 0.13235447352582758, 0.13251310799803054, 0.13373805830876032, 0.13478922098875046, 0.13347990385123662, 0.13304557376786283, 0.13167674433101306, 0.13373979926109314, 0.13303094966845078, 0.13290187095602354, 0.13378638327121734, 0.13181890100240706, 0.1327764524353875, 0.13312858757045534, 0.13152435421943665, 0.13230930800948823, 0.13196767460216174, 0.13325730914419348, 0.13317816042237812, 0.133215374806348, 0.13379492734869322, 0.13196083496917377, 0.13322816789150238, 0.13275858440569469, 0.13138544772352492, 0.1337401040575721, 0.13315940516836502, 0.13313795030117034, 0.1330941751599312, 0.13265112321823835, 0.13325457771619162, 0.13337308981201865, 0.1320918006332297, 0.13295719027519226, 0.13244947103353646, 0.133720263838768, 0.13292343300931594, 0.1332434043288231, 0.13417641123135884, 0.13283368601248816, 0.13313186019659043, 0.1337870331481099, 0.13222428198371614, 0.13302110880613327, 0.1335670456290245, 0.13254793936556036, 0.13315736800432204, 0.1333741537398762, 0.13331696689128875, 0.13371484809451634, 0.13330484429995218, 0.13247031470139822, 0.13289405206839244, 0.13417740259319544, 0.1330729601058093, 0.13160084933042526, 0.13145632445812225, 0.1333532387560064, 0.13431735585133234, 0.13246425298544076, 0.13276342898607255, 0.1330922825468911, 0.13322301836390243, 0.1330077312886715, 0.13318444923921066, 0.13244870034131137, 0.13322749535242717, 0.13304643468423324, 0.1333529035250346, 0.13247594982385635, 0.13280357284979386, 0.13203490991145372, 0.13344547003507615, 0.13382074236869812, 0.13173921033740044, 0.13230859149586072, 0.1322316030661265, 0.13398033515973526, 0.1320160910487175, 0.13194501996040345, 0.13383697379719128, 0.13175058500333267, 0.13292194815242991, 0.13281432166695595, 0.1325568463653326, 0.13284122496843337, 0.13184064626693726, 0.13430236279964447, 0.13385487844546637, 0.13389320472876232, 0.13344561060269675, 0.13361287944846684, 0.1323989748954773, 0.13323961198329926, 0.13269405141472818, 0.13475693897767502, 0.13351553976535796, 0.13224734961986542, 0.1330518126487732, 0.13267263025045395, 0.1324888032216292, 0.13302504420280456, 0.13336643683058874, 0.13327575542710043, 0.13269555444518724, 0.1329946993362336, 0.1325742912789186, 0.13319342539590948, 0.13345780968666077, 0.1334902738982981, 0.1333745259505052, 0.13220676915212112, 0.13307963205235346, 0.133280947804451, 0.13275907784700394, 0.13299524096342233, 0.13166111310323078, 0.1333162025971846, 0.13290632665157318, 0.13253010312716165, 0.13221977071629631, 0.1325424479113685, 0.13199483305215837, 0.13221984966234726, 0.13236051201820373, 0.13274984227286446, 0.13408218324184418, 0.13362553851170975, 0.13304571239721208, 0.13248091665181247, 0.13319815966216, 0.1332286387681961, 0.13281370126284087, 0.1325762927532196, 0.1325627823670705, 0.1326237420241038, 0.1336975246667862, 0.13337966601053874, 0.13207377940416337, 0.13257512152194978, 0.1321294128894806, 0.1336751850321889, 0.13276927173137665, 0.1330616076787313, 0.13337724655866623, 0.13178790857394537, 0.13324475288391113, 0.13233324072577737, 0.13452373631298542, 0.13224935829639434, 0.1338798850774765, 0.1313669949769974, 0.13290394310440337, 0.13282203912734986, 0.1329413264989853, 0.13402195572853087, 0.1340572771926721, 0.1337288498878479, 0.13354906325156873, 0.13229195231741125, 0.13276810944080353, 0.13368592124718887, 0.13356860876083373, 0.13209583312273027, 0.13361165353230067, 0.13383427427874672, 0.13229216933250426, 0.13378067016601564, 0.13248117132620377, 0.13275875422087582, 0.1325565535913814, 0.13347513702782718, 0.13243330642580986, 0.1322301833525948, 0.13187430500984193, 0.13240955540767083, 0.13285788320578062, 0.13355168004830678, 0.13354277746243912, 0.13345892841999346, 0.1332150860266252, 0.13189461827278137, 0.13361462950706482, 0.1346688985824585, 0.13322758762275472, 0.13204368097441538, 0.13337957171293405, 0.1321004561402581, 0.1322689652442932, 0.1330991621528353, 0.13292045891284943, 0.13351764597676016, 0.13148692479500404, 0.13327482342720032, 0.1333315148949623, 0.13294830115941855, 0.13242235992636, 0.13282020160785088, 0.13267625190994956, 0.1352073147892952, 0.1337923601269722, 0.13228237358006564, 0.13164877620610324, 0.1327487134507724, 0.13341804390603845, 0.133239206942645, 0.13375820219516754, 0.13213878734545273, 0.13217897117137908, 0.13287205025553703, 0.13412826955318452, 0.133383172750473, 0.1323094978928566, 0.1329225146252176, 0.1338334841032823, 0.1334402233362198, 0.1331011847807811, 0.13234273131404603, 0.13293781876564026, 0.1323854209561097, 0.13381297290325164, 0.1344882845878601, 0.13299508541822433, 0.13289275268713632, 0.1333954499827491, 0.133106299422004, 0.13311361687050927, 0.13266626701635473, 0.1337152976881374, 0.13218605435556835, 0.1352932114492763, 0.13123072062929472, 0.13315124007371756, 0.13237804339991677, 0.13417918384075164, 0.13299347162246705, 0.13254263184287332, 0.13258709410826366, 0.1341335356235504, 0.13345117270946502, 0.1340378314256668, 0.1349050760269165, 0.13277046978473664, 0.13317672095515512, 0.1333052933216095, 0.13222831758585843, 0.1334759471091357, 0.133035808801651, 0.1336920992894606, 0.13427657972682605, 0.13292739540338516, 0.1340218416669152, 0.13288393119970957, 0.1340356252410195, 0.13317287415266038, 0.13324090739091238, 0.13233159316910637, 0.13382005840539932, 0.13352952301502227, 0.13306796054045358, 0.1321845511595408, 0.13277480999628702, 0.13242330198938196, 0.13145447096654347, 0.13149305284023285, 0.13199267089366912, 0.13288860700347208, 0.13271907520921608, 0.13305474569400152, 0.13250152902169662, 0.13333900166409357, 0.1333088755607605, 0.13265409568945566, 0.13410120421931856, 0.13314797557317293, 0.13457552130733216, 0.13268871063535864, 0.13159220218658446, 0.13393792659044265, 0.1344386027617888, 0.13262286375869403, 0.13297141840060553, 0.13440796732902527, 0.13239722766659476, 0.1324178049961726, 0.13196740578860044, 0.13352323770523072, 0.13236454427242278, 0.13197863598664603, 0.13410013101317667, 0.13238526348556792, 0.13193592429161072, 0.1332630461880139, 0.13269314914941788, 0.13138485550880433, 0.13207301903854718, 0.1340318132530559, 0.13254485428333282, 0.13256132196296344, 0.1322327277490071, 0.13196277452839744, 0.1333108043128794, 0.1325087222186002, 0.13275908976793288, 0.13259164776120866, 0.13260387113461128, 0.1322510295680591, 0.13247780915763643, 0.13234425187110901, 0.13187726112929257, 0.13283698012431464, 0.13225563615560532, 0.1327744334936142, 0.1326724818119636, 0.1327537712123659, 0.13267228603363038, 0.13329074614577824, 0.1327967345714569, 0.13193489152651566, 0.13372774422168732, 0.1342877820134163, 0.13407846584039576, 0.13359496866663298, 0.13136769831180573, 0.13141825497150422, 0.13304333289464315, 0.13133814816291517, 0.13354545997248757, 0.13249205511349899, 0.1321870299677054, 0.1335016375496274, 0.13393389185269675, 0.1343560056252913, 0.13171142637729644, 0.13514819443225862, 0.13168355208985946, 0.13245521166494914, 0.13282475829124452, 0.13421336313088736, 0.1327567385001616, 0.13311749200026193, 0.13265041130430558, 0.1341344751417637, 0.13367443945672777, 0.13223260984970972, 0.13436123499503502, 0.13277185234156522, 0.1325007274746895, 0.1327044650912285, 0.13172965496778488, 0.13372620398348029, 0.13239899277687073, 0.13238116150552576, 0.13309210538864136, 0.13339018914848566, 0.13240343431631724, 0.13221832058008978, 0.13268795278337267, 0.13336580382152038, 0.13402725985417, 0.13246356492692773, 0.1326144129037857, 0.13282903064699733, 0.13313772181669872, 0.13234116678888147, 0.13372205126853215, 0.13220618002944523, 0.1331671318039298, 0.13197543758612412, 0.1329777626430287, 0.1332038678228855, 0.13234819258962358, 0.1334100730717182, 0.13433956035545894, 0.13341245502233506, 0.13280160860581833, 0.13267046958208084, 0.13244335022237566, 0.13270858625570933, 0.1339433362086614, 0.13211116309349352, 0.13210231065750122, 0.1325610563158989, 0.1329411153609936, 0.1320518431338397, 0.13259890427192053, 0.13259224729104477, 0.13222205858020222, 0.13248040113184187, 0.1328365744456001, 0.13182835280895233, 0.1315750048628875, 0.13351935148239136, 0.13356814607977868, 0.13379922012488046, 0.1329813301563263, 0.1323452703654766, 0.13291006873954425, 0.1315695746586873, 0.13264922339182633, 0.13354529589414596, 0.1330067753791809, 0.13356493986569917, 0.13284703493118286, 0.1333906203508377, 0.1331662845153075, 0.1334703415632248, 0.13315050303936005, 0.13268560022115708, 0.13249597804886953, 0.13395725403513228, 0.1327022008205715, 0.13316082855065664, 0.13254206031560897, 0.1329949268927941, 0.1317912538846334, 0.13299567103385926, 0.1333460339478084, 0.13424434512853622, 0.13287235525521365, 0.13290247693657875, 0.13370484709739686, 0.1331011305252711, 0.1328755674453882, 0.13300902870568362, 0.13391869228619796, 0.13259558628002802, 0.134141991181033, 0.133410139807633, 0.13246976832548776, 0.13293742537498474, 0.13355669006705284, 0.13336117565631866, 0.13239547775851357, 0.13406898412439558, 0.13255264312028886, 0.1327709514233801, 0.13263663401206335, 0.13319675773382186, 0.13203304392449997, 0.13381711732257495, 0.13188512894240292, 0.13335375394672155, 0.1339775284131368, 0.13310146738182416, 0.13197036546010238, 0.131649449467659, 0.13255196660757065, 0.1333690623442332, 0.13228365033864975, 0.13321267999708652, 0.13376033554474512, 0.13297483175992966, 0.13489861320704222, 0.13372902659808888, 0.13377075791358947, 0.13289829004894604, 0.1332392856478691, 0.1320949594179789, 0.13158601969480516, 0.13285462151874194, 0.13235392272472382, 0.13268295396119356, 0.13390583097934722, 0.13292472064495087, 0.13398759762446086, 0.13255908168279207, 0.1340815077225367, 0.13263771186272302, 0.1327433055266738, 0.13286630660295487, 0.13374636322259903, 0.13399115204811096, 0.13363102620298212, 0.132585871219635, 0.131904636323452, 0.13248986325093678, 0.13292830884456636, 0.13327745348215103, 0.1334840220709642, 0.1328629781218136, 0.1327098123729229, 0.13287933441725644, 0.13379282206296922, 0.13419936703784124, 0.13338393087570483, 0.13288462068885565, 0.1330673113465309, 0.13281440403726366, 0.1334561648277136, 0.13294522005778092, 0.1312820255756378, 0.13295684619383377, 0.1326408399776979, 0.13184827024286444, 0.13238628043068779, 0.1324042346742418, 0.13349383883178234, 0.1311977675982884, 0.1324033493345434, 0.13341667503118515, 0.13352780938148498, 0.13350063115358352, 0.1333972838791934, 0.1319633974478795, 0.13377160876989364, 0.13312614212433496, 0.13280563615262508, 0.133492374420166, 0.13352753346165022, 0.13253317773342133, 0.13100517690181732, 0.13296632170677186, 0.1331873129714619, 0.13415693694894965, 0.13311392949386078, 0.13240905106067657, 0.132448211312294, 0.13290631868269132, 0.13269703835248947, 0.1325623003972901, 0.13277220875024795, 0.13180426955223085, 0.13269737362861633, 0.13289839153488478, 0.13211677223443985, 0.13330066669732332, 0.13360475301742553, 0.13172884682814281, 0.1335202861915935, 0.1320517838001251, 0.13399825245141983, 0.13348003815520892, 0.1324688233435154, 0.1330109550194307, 0.13312114278475443, 0.13262225521935356, 0.13261831035980812, 0.13309620427233831, 0.13416592912240463, 0.13327139616012573, 0.1337784245610237, 0.13325545505473488, 0.13319719731807708, 0.13281413664420447, 0.13228090185868113, 0.13309803307056428, 0.13365072126571947, 0.13322114808992905, 0.13178178966045379, 0.1328306862941155, 0.13293572763601938, 0.1324577137827873, 0.13226459043867447, 0.1351463347673416, 0.1338789181576835, 0.13178290612995625, 0.13384127616882324, 0.13192958533763885, 0.13381818764739567, 0.13188036407033601, 0.13368146419525145, 0.1321522051637823, 0.13465895436026834, 0.13153610825538636, 0.13100187927484513, 0.13297801996980393, 0.13232980553920454, 0.13492455085118613, 0.1329111322760582, 0.1339355692267418, 0.13413705002693904, 0.13389834885795912, 0.1315641619942405, 0.13361857405730657, 0.1319478235461495, 0.13320169349511465, 0.1313790370311056, 0.13172949637685502, 0.1331116489388726, 0.13330312924725668, 0.1336010184727217, 0.13372274190187455, 0.13306159526109695, 0.13207041554980808, 0.1317072957754135, 0.13172514736652374, 0.13200105320323596, 0.1343408687548204, 0.13440050780773163, 0.13406737055629492, 0.1339048407971859, 0.13397103954445233, 0.13391786962747573, 0.1322628679600629, 0.13245676923543215, 0.13441022019833326, 0.1318844792743524, 0.13325850944966078, 0.13084063827991485, 0.13245608955621718, 0.13170654258944772, 0.13359261197703226, 0.1318302336666319, 0.13238506019115448, 0.13300120532512666, 0.13411166562753565, 0.13297051510640553, 0.13279657767099493, 0.1333104133605957, 0.13360781388150322, 0.13190403466041273, 0.13399074971675873, 0.13339623529464006, 0.13350514103384578, 0.13272949457168579, 0.13400931159655252, 0.13277241587638855, 0.13214703351259233, 0.13363183289766312, 0.13227909058332443, 0.13329647481441498, 0.13278421610593796, 0.13385217104639327, 0.13240848202258348, 0.13320157527923585, 0.13298877844443688, 0.13264632523059844, 0.13420618077119192, 0.13303461223840712, 0.13343782971302667, 0.1333068534731865, 0.13297090348270205, 0.13328670834501585, 0.13188415144880614, 0.13273776620626448, 0.13291067562320016, 0.1333608215346056, 0.13302732081640334, 0.13349425668517748, 0.13312146647108924, 0.1326929161945979, 0.13237238878553564, 0.13352497749858433, 0.1326986700296402, 0.1317499279975891, 0.13273946705617404, 0.13294879967967668, 0.13219431042671204, 0.13246392497890874, 0.1327199014750394, 0.13192447332235482, 0.1323866734902064, 0.13297632336616516, 0.13295745307748968, 0.1311848431825638, 0.13302727043628693, 0.1328910109789475, 0.13326203674077988, 0.13360286783427, 0.13262518246968588, 0.13289182971824298, 0.132690642029047, 0.131954840487904, 0.13357400042670114, 0.13251984417438506, 0.1340598545291207, 0.13331598744672887, 0.13209034076758794, 0.13282515108585358, 0.13187944889068604, 0.13338573547926816, 0.13221004740758377, 0.1340825155377388, 0.13332718725387865, 0.13400681452317673, 0.1331472282226269, 0.1338427710262212, 0.13198024034500122, 0.1331761876742045, 0.13309151882475073, 0.13294641375541688, 0.1330857902765274, 0.13264493750674383, 0.1333526869614919, 0.13357025682926177, 0.13321277101834614, 0.13137154115570915, 0.13335974514484406, 0.13218337222933768, 0.13440851867198944, 0.13282608593765058, 0.1336278642217318, 0.13391332775354386, 0.13382978489001593, 0.133013768415702, 0.13248825967311859, 0.13182991091161966, 0.13285230431291792, 0.13200981508601795, 0.133050491864031, 0.13330990076065063, 0.13355369865894318, 0.1326718447463853, 0.13232618841257962, 0.13348308329780897, 0.1330452018550464, 0.1323190857966741, 0.13360669979682335, 0.13212250173091888, 0.13406648960980502, 0.13271386515010486, 0.13223866671323775, 0.1333353573625738, 0.13345105810598892, 0.13373432215303183, 0.13449678773229773, 0.13155232245723406, 0.13134503116210303, 0.13354951781885965, 0.1323869369096226, 0.13215424693547762, 0.1326824389398098, 0.13257842453626487, 0.1321729732056459, 0.13216332684863696, 0.13305215239524842, 0.13346098528967965, 0.13061303035779434, 0.13206419692589685, 0.13353522984605087, 0.13274476677179337, 0.13375845104455947, 0.13308988511562347, 0.13317974408467612, 0.13324732482433319, 0.1323252685368061, 0.13405294343829155, 0.1326627271330875, 0.13286085509591633, 0.1339649815451015, 0.13356438113583458, 0.13240376636385917, 0.13238230844338736, 0.13318426708380382, 0.13320331772168478, 0.13251934051513672, 0.1326769789059957, 0.1324320137500763, 0.13205450400710106, 0.13388585590797922, 0.1343116042288867, 0.1335000374487468, 0.13212335245175796, 0.1328742029992017, 0.13160596489906312, 0.13259380630084447, 0.13344337698072195, 0.13214748501777648, 0.1328723542392254, 0.13400244848294693, 0.13256201016552308, 0.1322340190410614, 0.1348101171580228, 0.13301868240038553, 0.13376217116327846, 0.13310099989175797, 0.1330720360080401, 0.13459191757899064, 0.13353032171726226, 0.13370728641748428, 0.13326529711484908, 0.13303544846448032, 0.13212418130465917, 0.13425764441490173, 0.13373464075001804, 0.1325020134449005, 0.13293077126145364, 0.1330564171075821, 0.13299856781959535, 0.13288694336300805, 0.132985457777977, 0.13347981763737543, 0.13391030647537924, 0.1334822647846662, 0.13278322418530783, 0.13369674856464067, 0.13327262889255176, 0.13286917358636857, 0.13388707041740416, 0.13260577619075775, 0.1327076976497968, 0.13405355404723773, 0.13271372641126314, 0.1332921843443598, 0.13386441320180892, 0.13320779658499218, 0.1326213702559471, 0.1345121581107378, 0.1317265952626864, 0.1320859307751936, 0.13385306629869673, 0.1330332032271794, 0.13247860471407572, 0.13326726704835892, 0.13212299967805544, 0.13328451290726662, 0.13421468585729598, 0.13275514199183538, 0.13313141465187073, 0.13310286139740662, 0.13242279519053066, 0.13188136219978333, 0.13284108638763428, 0.1330026313662529, 0.1329384167989095, 0.13292700631750953, 0.1319981161504984, 0.13247642368078233, 0.13284512021039663, 0.13470325536198086, 0.13335494697093964, 0.13311422835378087, 0.13368054231007895, 0.13284781846133145, 0.13181229929129282, 0.13302317187190055, 0.13394269171883078, 0.1323314994573593, 0.13283947516571393, 0.13321714780547403, 0.13351997945989882, 0.13410916129748027, 0.13332341955258295, 0.13143424391746522, 0.1337404636045297, 0.1322203998764356, 0.13304594655831656, 0.131398502518149, 0.13033563430820191, 0.13338170614507464, 0.13327188044786453, 0.1333525272516104, 0.1329537156750174, 0.1327648518177179, 0.1327979750931263, 0.13222640752792358, 0.13298576611738938, 0.13266349516131662, 0.1330565167100806, 0.13243486331059381, 0.1327051775796073, 0.13300613189737, 0.13243173292049995, 0.13201072947545486, 0.1329949593002146]}