('OC-FakeDect1 (Trained on RND Dataset)  \nTested on AVG FaceSwap Dataset  \nRunning Average Evaluation', 'OC-FakeDect1_RND', 'RND', 'OC-FakeDect1_RND_raeonFSavg')
auroc=0.5011186958781634
f1=0.4593607305936073
prec=0.42197986577181207
recall=0.5040080160320641

fpr=[0.0, 0.5040080160320641, 1.0]

tpr=[0.0, 0.5062454077883909, 1.0]

y_true=[0, 0, 0, 0, 0, 0, 0, 0, 0, 0, 0, 0, 0, 0, 0, 0, 0, 0, 0, 0, 0, 0, 0, 0, 0, 0, 0, 0, 0, 0, 0, 0, 0, 0, 0, 0, 0, 0, 0, 0, 0, 0, 0, 0, 0, 0, 0, 0, 0, 0, 0, 0, 0, 0, 0, 0, 0, 0, 0, 0, 0, 0, 0, 0, 0, 0, 0, 0, 0, 0, 0, 0, 0, 0, 0, 0, 0, 0, 0, 0, 0, 0, 0, 0, 0, 0, 0, 0, 0, 0, 0, 0, 0, 0, 0, 0, 0, 0, 0, 0, 0, 0, 0, 0, 0, 0, 0, 0, 0, 0, 0, 0, 0, 0, 0, 0, 0, 0, 0, 0, 0, 0, 0, 0, 0, 0, 0, 0, 0, 0, 0, 0, 0, 0, 0, 0, 0, 0, 0, 0, 0, 0, 0, 0, 0, 0, 0, 0, 0, 0, 0, 0, 0, 0, 0, 0, 0, 0, 0, 0, 0, 0, 0, 0, 0, 0, 0, 0, 0, 0, 0, 0, 0, 0, 0, 0, 0, 0, 0, 0, 0, 0, 0, 0, 0, 0, 0, 0, 0, 0, 0, 0, 0, 0, 0, 0, 0, 0, 0, 0, 0, 0, 0, 0, 0, 0, 0, 0, 0, 0, 0, 0, 0, 0, 0, 0, 0, 0, 0, 0, 0, 0, 0, 0, 0, 0, 0, 0, 0, 0, 0, 0, 0, 0, 0, 0, 0, 0, 0, 0, 0, 0, 0, 0, 0, 0, 0, 0, 0, 0, 0, 0, 0, 0, 0, 0, 0, 0, 0, 0, 0, 0, 0, 0, 0, 0, 0, 0, 0, 0, 0, 0, 0, 0, 0, 0, 0, 0, 0, 0, 0, 0, 0, 0, 0, 0, 0, 0, 0, 0, 0, 0, 0, 0, 0, 0, 0, 0, 0, 0, 0, 0, 0, 0, 0, 0, 0, 0, 0, 0, 0, 0, 0, 0, 0, 0, 0, 0, 0, 0, 0, 0, 0, 0, 0, 0, 0, 0, 0, 0, 0, 0, 0, 0, 0, 0, 0, 0, 0, 0, 0, 0, 0, 0, 0, 0, 0, 0, 0, 0, 0, 0, 0, 0, 0, 0, 0, 0, 0, 0, 0, 0, 0, 0, 0, 0, 0, 0, 0, 0, 0, 0, 0, 0, 0, 0, 0, 0, 0, 0, 0, 0, 0, 0, 0, 0, 0, 0, 0, 0, 0, 0, 0, 0, 0, 0, 0, 0, 0, 0, 0, 0, 0, 0, 0, 0, 0, 0, 0, 0, 0, 0, 0, 0, 0, 0, 0, 0, 0, 0, 0, 0, 0, 0, 0, 0, 0, 0, 0, 0, 0, 0, 0, 0, 0, 0, 0, 0, 0, 0, 0, 0, 0, 0, 0, 0, 0, 0, 0, 0, 0, 0, 0, 0, 0, 0, 0, 0, 0, 0, 0, 0, 0, 0, 0, 0, 0, 0, 0, 0, 0, 0, 0, 0, 0, 0, 0, 0, 0, 0, 0, 0, 0, 0, 0, 0, 0, 0, 0, 0, 0, 0, 0, 0, 0, 0, 0, 0, 0, 0, 0, 0, 0, 0, 0, 0, 0, 0, 0, 0, 0, 0, 0, 0, 0, 0, 0, 0, 0, 0, 0, 0, 0, 0, 0, 0, 0, 0, 0, 0, 0, 0, 0, 0, 0, 0, 0, 0, 0, 0, 0, 0, 0, 0, 0, 0, 0, 0, 0, 0, 0, 0, 0, 0, 0, 0, 0, 0, 0, 0, 0, 0, 0, 0, 0, 0, 0, 0, 0, 0, 0, 0, 0, 0, 0, 0, 0, 0, 0, 0, 0, 0, 0, 0, 0, 0, 0, 0, 0, 0, 0, 0, 0, 0, 0, 0, 0, 0, 0, 0, 0, 0, 0, 0, 0, 0, 0, 0, 0, 0, 0, 0, 0, 0, 0, 0, 0, 0, 0, 0, 0, 0, 0, 0, 0, 0, 0, 0, 0, 0, 0, 0, 0, 0, 0, 0, 0, 0, 0, 0, 0, 0, 0, 0, 0, 0, 0, 0, 0, 0, 0, 0, 0, 0, 0, 0, 0, 0, 0, 0, 0, 0, 0, 0, 0, 0, 0, 0, 0, 0, 0, 0, 0, 0, 0, 0, 0, 0, 0, 0, 0, 0, 0, 0, 0, 0, 0, 0, 0, 0, 0, 0, 0, 0, 0, 0, 0, 0, 0, 0, 0, 0, 0, 0, 0, 0, 0, 0, 0, 0, 0, 0, 0, 0, 0, 0, 0, 0, 0, 0, 0, 0, 0, 0, 0, 0, 0, 0, 0, 0, 0, 0, 0, 0, 0, 0, 0, 0, 0, 0, 0, 0, 0, 0, 0, 0, 0, 0, 0, 0, 0, 0, 0, 0, 0, 0, 0, 0, 0, 0, 0, 0, 0, 0, 0, 0, 0, 0, 0, 0, 0, 0, 0, 0, 0, 0, 0, 0, 0, 0, 0, 0, 0, 0, 0, 0, 0, 0, 0, 0, 0, 0, 0, 0, 0, 0, 0, 0, 0, 0, 0, 0, 0, 0, 0, 0, 0, 0, 0, 0, 0, 0, 0, 0, 0, 0, 0, 0, 0, 0, 0, 0, 0, 0, 0, 0, 0, 0, 0, 0, 0, 0, 0, 0, 0, 0, 0, 0, 0, 0, 0, 0, 0, 0, 0, 0, 0, 0, 0, 0, 0, 0, 0, 0, 0, 0, 0, 0, 0, 0, 0, 0, 0, 0, 0, 0, 0, 0, 0, 0, 0, 0, 0, 0, 0, 0, 0, 0, 0, 0, 0, 0, 0, 0, 0, 0, 0, 0, 0, 0, 0, 0, 0, 0, 0, 0, 0, 0, 0, 0, 0, 0, 0, 0, 0, 0, 0, 0, 0, 0, 0, 0, 0, 0, 0, 0, 0, 0, 0, 0, 0, 0, 0, 0, 0, 0, 0, 0, 0, 0, 0, 0, 0, 0, 0, 0, 0, 0, 0, 0, 0, 0, 0, 0, 0, 0, 0, 0, 0, 0, 0, 0, 0, 0, 0, 0, 0, 0, 0, 0, 0, 0, 0, 0, 0, 0, 0, 0, 0, 0, 0, 0, 0, 0, 0, 0, 0, 0, 0, 0, 0, 0, 0, 0, 0, 0, 0, 0, 0, 0, 0, 0, 0, 0, 0, 0, 0, 0, 0, 0, 0, 0, 0, 0, 0, 0, 0, 0, 0, 0, 0, 0, 0, 0, 0, 0, 0, 0, 0, 0, 0, 0, 0, 0, 0, 0, 0, 0, 0, 0, 0, 0, 0, 0, 0, 0, 0, 0, 0, 0, 0, 0, 0, 0, 0, 0, 0, 0, 0, 0, 0, 0, 0, 0, 0, 0, 0, 0, 0, 0, 0, 0, 0, 0, 0, 0, 0, 0, 0, 0, 0, 0, 0, 0, 0, 0, 0, 0, 0, 0, 0, 0, 0, 0, 0, 0, 0, 0, 0, 0, 0, 0, 0, 0, 0, 0, 0, 0, 0, 0, 0, 0, 0, 0, 0, 0, 0, 0, 0, 0, 0, 0, 0, 0, 0, 0, 0, 0, 0, 0, 0, 0, 0, 0, 0, 0, 0, 0, 0, 0, 0, 0, 0, 0, 0, 0, 0, 0, 0, 0, 0, 0, 0, 0, 0, 0, 0, 0, 0, 0, 0, 0, 0, 0, 0, 0, 0, 0, 0, 0, 0, 0, 0, 0, 0, 0, 0, 0, 0, 0, 0, 0, 0, 0, 0, 0, 0, 0, 0, 0, 0, 0, 0, 0, 0, 0, 0, 0, 0, 0, 0, 0, 0, 0, 0, 0, 0, 0, 0, 0, 0, 0, 0, 0, 0, 0, 0, 0, 0, 0, 0, 0, 0, 0, 0, 0, 0, 0, 0, 0, 0, 0, 0, 0, 0, 0, 0, 0, 0, 0, 0, 0, 0, 0, 0, 0, 0, 0, 0, 0, 0, 0, 0, 0, 0, 0, 0, 0, 0, 0, 0, 0, 0, 0, 0, 0, 0, 0, 0, 0, 0, 0, 0, 0, 0, 0, 0, 0, 0, 0, 0, 0, 0, 0, 0, 0, 0, 0, 0, 0, 0, 0, 0, 0, 0, 0, 0, 0, 0, 0, 0, 0, 0, 0, 0, 0, 0, 0, 0, 0, 0, 0, 0, 0, 0, 0, 0, 0, 0, 0, 0, 0, 0, 0, 0, 0, 0, 0, 0, 0, 0, 0, 0, 0, 0, 0, 0, 0, 0, 0, 0, 0, 0, 0, 0, 0, 0, 0, 0, 0, 0, 0, 0, 0, 0, 0, 0, 0, 0, 0, 0, 0, 0, 0, 0, 0, 0, 0, 0, 0, 0, 1, 1, 1, 1, 1, 1, 1, 1, 1, 1, 1, 1, 1, 1, 1, 1, 1, 1, 1, 1, 1, 1, 1, 1, 1, 1, 1, 1, 1, 1, 1, 1, 1, 1, 1, 1, 1, 1, 1, 1, 1, 1, 1, 1, 1, 1, 1, 1, 1, 1, 1, 1, 1, 1, 1, 1, 1, 1, 1, 1, 1, 1, 1, 1, 1, 1, 1, 1, 1, 1, 1, 1, 1, 1, 1, 1, 1, 1, 1, 1, 1, 1, 1, 1, 1, 1, 1, 1, 1, 1, 1, 1, 1, 1, 1, 1, 1, 1, 1, 1, 1, 1, 1, 1, 1, 1, 1, 1, 1, 1, 1, 1, 1, 1, 1, 1, 1, 1, 1, 1, 1, 1, 1, 1, 1, 1, 1, 1, 1, 1, 1, 1, 1, 1, 1, 1, 1, 1, 1, 1, 1, 1, 1, 1, 1, 1, 1, 1, 1, 1, 1, 1, 1, 1, 1, 1, 1, 1, 1, 1, 1, 1, 1, 1, 1, 1, 1, 1, 1, 1, 1, 1, 1, 1, 1, 1, 1, 1, 1, 1, 1, 1, 1, 1, 1, 1, 1, 1, 1, 1, 1, 1, 1, 1, 1, 1, 1, 1, 1, 1, 1, 1, 1, 1, 1, 1, 1, 1, 1, 1, 1, 1, 1, 1, 1, 1, 1, 1, 1, 1, 1, 1, 1, 1, 1, 1, 1, 1, 1, 1, 1, 1, 1, 1, 1, 1, 1, 1, 1, 1, 1, 1, 1, 1, 1, 1, 1, 1, 1, 1, 1, 1, 1, 1, 1, 1, 1, 1, 1, 1, 1, 1, 1, 1, 1, 1, 1, 1, 1, 1, 1, 1, 1, 1, 1, 1, 1, 1, 1, 1, 1, 1, 1, 1, 1, 1, 1, 1, 1, 1, 1, 1, 1, 1, 1, 1, 1, 1, 1, 1, 1, 1, 1, 1, 1, 1, 1, 1, 1, 1, 1, 1, 1, 1, 1, 1, 1, 1, 1, 1, 1, 1, 1, 1, 1, 1, 1, 1, 1, 1, 1, 1, 1, 1, 1, 1, 1, 1, 1, 1, 1, 1, 1, 1, 1, 1, 1, 1, 1, 1, 1, 1, 1, 1, 1, 1, 1, 1, 1, 1, 1, 1, 1, 1, 1, 1, 1, 1, 1, 1, 1, 1, 1, 1, 1, 1, 1, 1, 1, 1, 1, 1, 1, 1, 1, 1, 1, 1, 1, 1, 1, 1, 1, 1, 1, 1, 1, 1, 1, 1, 1, 1, 1, 1, 1, 1, 1, 1, 1, 1, 1, 1, 1, 1, 1, 1, 1, 1, 1, 1, 1, 1, 1, 1, 1, 1, 1, 1, 1, 1, 1, 1, 1, 1, 1, 1, 1, 1, 1, 1, 1, 1, 1, 1, 1, 1, 1, 1, 1, 1, 1, 1, 1, 1, 1, 1, 1, 1, 1, 1, 1, 1, 1, 1, 1, 1, 1, 1, 1, 1, 1, 1, 1, 1, 1, 1, 1, 1, 1, 1, 1, 1, 1, 1, 1, 1, 1, 1, 1, 1, 1, 1, 1, 1, 1, 1, 1, 1, 1, 1, 1, 1, 1, 1, 1, 1, 1, 1, 1, 1, 1, 1, 1, 1, 1, 1, 1, 1, 1, 1, 1, 1, 1, 1, 1, 1, 1, 1, 1, 1, 1, 1, 1, 1, 1, 1, 1, 1, 1, 1, 1, 1, 1, 1, 1, 1, 1, 1, 1, 1, 1, 1, 1, 1, 1, 1, 1, 1, 1, 1, 1, 1, 1, 1, 1, 1, 1, 1, 1, 1, 1, 1, 1, 1, 1, 1, 1, 1, 1, 1, 1, 1, 1, 1, 1, 1, 1, 1, 1, 1, 1, 1, 1, 1, 1, 1, 1, 1, 1, 1, 1, 1, 1, 1, 1, 1, 1, 1, 1, 1, 1, 1, 1, 1, 1, 1, 1, 1, 1, 1, 1, 1, 1, 1, 1, 1, 1, 1, 1, 1, 1, 1, 1, 1, 1, 1, 1, 1, 1, 1, 1, 1, 1, 1, 1, 1, 1, 1, 1, 1, 1, 1, 1, 1, 1, 1, 1, 1, 1, 1, 1, 1, 1, 1, 1, 1, 1, 1, 1, 1, 1, 1, 1, 1, 1, 1, 1, 1, 1, 1, 1, 1, 1, 1, 1, 1, 1, 1, 1, 1, 1, 1, 1, 1, 1, 1, 1, 1, 1, 1, 1, 1, 1, 1, 1, 1, 1, 1, 1, 1, 1, 1, 1, 1, 1, 1, 1, 1, 1, 1, 1, 1, 1, 1, 1, 1, 1, 1, 1, 1, 1, 1, 1, 1, 1, 1, 1, 1, 1, 1, 1, 1, 1, 1, 1, 1, 1, 1, 1, 1, 1, 1, 1, 1, 1, 1, 1, 1, 1, 1, 1, 1, 1, 1, 1, 1, 1, 1, 1, 1, 1, 1, 1, 1, 1, 1, 1, 1, 1, 1, 1, 1, 1, 1, 1, 1, 1, 1, 1, 1, 1, 1, 1, 1, 1, 1, 1, 1, 1, 1, 1, 1, 1, 1, 1, 1, 1, 1, 1, 1, 1, 1, 1, 1, 1, 1, 1, 1, 1, 1, 1, 1, 1, 1, 1, 1, 1, 1, 1, 1, 1, 1, 1, 1, 1, 1, 1, 1, 1, 1, 1, 1, 1, 1, 1, 1, 1, 1, 1, 1, 1, 1, 1, 1, 1, 1, 1, 1, 1, 1, 1, 1, 1, 1, 1, 1, 1, 1, 1, 1, 1, 1, 1, 1, 1, 1, 1, 1, 1, 1, 1, 1, 1, 1, 1, 1, 1, 1, 1, 1, 1, 1, 1, 1, 1, 1, 1, 1, 1, 1, 1, 1, 1, 1, 1, 1, 1, 1, 1, 1, 1, 1, 1, 1, 1, 1, 1, 1, 1, 1, 1, 1, 1, 1, 1, 1, 1, 1, 1, 1, 1, 1, 1, 1, 1, 1, 1, 1, 1, 1, 1, 1, 1, 1, 1, 1, 1, 1, 1, 1, 1, 1, 1, 1, 1, 1, 1, 1, 1, 1, 1, 1, 1, 1, 1, 1, 1, 1, 1, 1, 1, 1, 1, 1, 1, 1, 1, 1, 1, 1, 1, 1, 1, 1, 1, 1, 1, 1, 1, 1, 1, 1, 1, 1, 1, 1, 1, 1]

y_pred=[0.0, 0.0, 0.0, 1.0, 1.0, 1.0, 0.0, 1.0, 1.0, 0.0, 0.0, 0.0, 0.0, 1.0, 1.0, 1.0, 0.0, 1.0, 0.0, 0.0, 1.0, 0.0, 1.0, 1.0, 1.0, 0.0, 1.0, 0.0, 1.0, 1.0, 1.0, 1.0, 0.0, 1.0, 0.0, 0.0, 0.0, 1.0, 1.0, 0.0, 1.0, 1.0, 1.0, 1.0, 1.0, 1.0, 0.0, 0.0, 0.0, 1.0, 1.0, 0.0, 1.0, 1.0, 0.0, 0.0, 1.0, 0.0, 1.0, 1.0, 1.0, 1.0, 1.0, 0.0, 1.0, 1.0, 0.0, 1.0, 0.0, 1.0, 0.0, 1.0, 0.0, 1.0, 1.0, 1.0, 0.0, 1.0, 0.0, 1.0, 0.0, 1.0, 0.0, 1.0, 1.0, 0.0, 1.0, 1.0, 1.0, 0.0, 0.0, 1.0, 0.0, 0.0, 0.0, 0.0, 0.0, 1.0, 1.0, 1.0, 1.0, 1.0, 0.0, 0.0, 1.0, 1.0, 0.0, 0.0, 1.0, 1.0, 1.0, 0.0, 0.0, 1.0, 1.0, 0.0, 1.0, 1.0, 1.0, 1.0, 0.0, 0.0, 1.0, 1.0, 0.0, 0.0, 0.0, 0.0, 1.0, 0.0, 1.0, 1.0, 1.0, 1.0, 1.0, 1.0, 1.0, 1.0, 0.0, 0.0, 1.0, 0.0, 0.0, 1.0, 1.0, 0.0, 1.0, 1.0, 0.0, 1.0, 1.0, 1.0, 1.0, 0.0, 1.0, 0.0, 1.0, 1.0, 0.0, 0.0, 1.0, 0.0, 1.0, 1.0, 0.0, 1.0, 1.0, 1.0, 0.0, 0.0, 1.0, 1.0, 1.0, 0.0, 1.0, 0.0, 0.0, 0.0, 1.0, 0.0, 0.0, 0.0, 0.0, 0.0, 1.0, 0.0, 0.0, 0.0, 1.0, 1.0, 0.0, 0.0, 0.0, 1.0, 0.0, 0.0, 0.0, 1.0, 0.0, 0.0, 0.0, 1.0, 0.0, 0.0, 1.0, 1.0, 1.0, 0.0, 1.0, 1.0, 1.0, 0.0, 1.0, 0.0, 0.0, 0.0, 0.0, 1.0, 0.0, 1.0, 0.0, 0.0, 1.0, 0.0, 0.0, 0.0, 0.0, 1.0, 0.0, 1.0, 0.0, 0.0, 0.0, 0.0, 0.0, 1.0, 0.0, 0.0, 1.0, 0.0, 1.0, 0.0, 0.0, 0.0, 0.0, 1.0, 0.0, 1.0, 1.0, 1.0, 1.0, 1.0, 0.0, 1.0, 1.0, 1.0, 1.0, 1.0, 1.0, 1.0, 0.0, 1.0, 1.0, 0.0, 0.0, 1.0, 1.0, 0.0, 0.0, 0.0, 1.0, 0.0, 1.0, 1.0, 0.0, 1.0, 1.0, 0.0, 1.0, 0.0, 0.0, 0.0, 1.0, 0.0, 0.0, 1.0, 0.0, 0.0, 1.0, 0.0, 1.0, 1.0, 1.0, 0.0, 0.0, 0.0, 0.0, 0.0, 1.0, 0.0, 1.0, 0.0, 0.0, 0.0, 0.0, 1.0, 0.0, 0.0, 0.0, 1.0, 0.0, 1.0, 1.0, 1.0, 0.0, 1.0, 1.0, 0.0, 0.0, 0.0, 1.0, 1.0, 1.0, 1.0, 0.0, 0.0, 1.0, 1.0, 1.0, 1.0, 0.0, 1.0, 1.0, 1.0, 0.0, 1.0, 1.0, 0.0, 0.0, 0.0, 1.0, 0.0, 1.0, 1.0, 1.0, 0.0, 1.0, 1.0, 0.0, 1.0, 0.0, 0.0, 0.0, 1.0, 0.0, 1.0, 1.0, 0.0, 1.0, 1.0, 0.0, 0.0, 1.0, 1.0, 0.0, 1.0, 0.0, 0.0, 0.0, 0.0, 0.0, 1.0, 1.0, 1.0, 0.0, 0.0, 0.0, 1.0, 0.0, 1.0, 1.0, 0.0, 0.0, 1.0, 1.0, 0.0, 1.0, 0.0, 1.0, 0.0, 1.0, 1.0, 0.0, 1.0, 1.0, 0.0, 1.0, 1.0, 1.0, 0.0, 1.0, 1.0, 0.0, 0.0, 0.0, 1.0, 0.0, 1.0, 1.0, 0.0, 1.0, 0.0, 0.0, 0.0, 1.0, 0.0, 1.0, 1.0, 0.0, 1.0, 0.0, 0.0, 1.0, 0.0, 0.0, 0.0, 0.0, 1.0, 0.0, 1.0, 1.0, 0.0, 0.0, 1.0, 0.0, 0.0, 0.0, 1.0, 1.0, 1.0, 0.0, 0.0, 1.0, 0.0, 0.0, 1.0, 1.0, 0.0, 0.0, 1.0, 1.0, 0.0, 1.0, 0.0, 0.0, 0.0, 1.0, 0.0, 0.0, 1.0, 1.0, 1.0, 0.0, 0.0, 1.0, 1.0, 1.0, 0.0, 0.0, 0.0, 1.0, 0.0, 1.0, 1.0, 0.0, 1.0, 0.0, 0.0, 1.0, 1.0, 0.0, 1.0, 1.0, 1.0, 1.0, 0.0, 1.0, 0.0, 0.0, 0.0, 1.0, 0.0, 1.0, 0.0, 1.0, 0.0, 1.0, 0.0, 1.0, 1.0, 1.0, 1.0, 1.0, 1.0, 0.0, 0.0, 0.0, 1.0, 1.0, 1.0, 0.0, 1.0, 0.0, 1.0, 0.0, 0.0, 1.0, 0.0, 0.0, 0.0, 0.0, 1.0, 0.0, 1.0, 1.0, 0.0, 0.0, 0.0, 1.0, 0.0, 0.0, 1.0, 0.0, 1.0, 0.0, 1.0, 0.0, 0.0, 0.0, 1.0, 1.0, 1.0, 1.0, 1.0, 0.0, 1.0, 1.0, 0.0, 1.0, 1.0, 1.0, 1.0, 1.0, 1.0, 1.0, 0.0, 0.0, 0.0, 0.0, 1.0, 1.0, 0.0, 1.0, 0.0, 0.0, 1.0, 1.0, 1.0, 1.0, 1.0, 1.0, 0.0, 0.0, 1.0, 1.0, 0.0, 1.0, 0.0, 0.0, 0.0, 1.0, 0.0, 1.0, 0.0, 0.0, 1.0, 0.0, 0.0, 1.0, 0.0, 0.0, 1.0, 1.0, 1.0, 0.0, 0.0, 0.0, 0.0, 1.0, 0.0, 1.0, 0.0, 1.0, 1.0, 0.0, 1.0, 0.0, 1.0, 1.0, 0.0, 1.0, 0.0, 0.0, 0.0, 0.0, 0.0, 0.0, 1.0, 1.0, 1.0, 0.0, 0.0, 0.0, 0.0, 0.0, 1.0, 1.0, 0.0, 1.0, 0.0, 1.0, 1.0, 0.0, 0.0, 1.0, 0.0, 0.0, 0.0, 1.0, 0.0, 1.0, 0.0, 1.0, 0.0, 1.0, 0.0, 0.0, 1.0, 0.0, 0.0, 1.0, 0.0, 1.0, 0.0, 1.0, 0.0, 0.0, 0.0, 0.0, 1.0, 0.0, 1.0, 0.0, 1.0, 0.0, 0.0, 1.0, 1.0, 0.0, 1.0, 1.0, 1.0, 0.0, 1.0, 1.0, 0.0, 1.0, 0.0, 0.0, 1.0, 1.0, 1.0, 1.0, 1.0, 1.0, 1.0, 0.0, 1.0, 1.0, 0.0, 1.0, 1.0, 1.0, 0.0, 1.0, 0.0, 0.0, 1.0, 1.0, 0.0, 1.0, 0.0, 0.0, 0.0, 1.0, 0.0, 0.0, 0.0, 1.0, 1.0, 1.0, 1.0, 1.0, 0.0, 1.0, 0.0, 0.0, 0.0, 0.0, 0.0, 0.0, 1.0, 1.0, 0.0, 0.0, 0.0, 0.0, 0.0, 1.0, 0.0, 0.0, 1.0, 0.0, 1.0, 0.0, 1.0, 1.0, 0.0, 1.0, 1.0, 0.0, 0.0, 1.0, 0.0, 0.0, 0.0, 0.0, 1.0, 1.0, 0.0, 0.0, 0.0, 0.0, 0.0, 0.0, 1.0, 1.0, 0.0, 0.0, 0.0, 0.0, 1.0, 0.0, 0.0, 1.0, 0.0, 1.0, 1.0, 0.0, 0.0, 1.0, 0.0, 1.0, 1.0, 1.0, 0.0, 1.0, 0.0, 0.0, 1.0, 0.0, 0.0, 0.0, 0.0, 0.0, 0.0, 1.0, 1.0, 1.0, 0.0, 0.0, 1.0, 0.0, 1.0, 0.0, 1.0, 1.0, 0.0, 0.0, 0.0, 1.0, 1.0, 0.0, 0.0, 0.0, 1.0, 1.0, 0.0, 1.0, 0.0, 0.0, 0.0, 0.0, 1.0, 1.0, 1.0, 0.0, 0.0, 1.0, 1.0, 0.0, 1.0, 0.0, 0.0, 0.0, 0.0, 0.0, 1.0, 0.0, 1.0, 1.0, 0.0, 0.0, 1.0, 0.0, 1.0, 1.0, 0.0, 1.0, 0.0, 0.0, 0.0, 1.0, 1.0, 1.0, 0.0, 0.0, 1.0, 1.0, 1.0, 1.0, 1.0, 0.0, 0.0, 0.0, 0.0, 1.0, 1.0, 1.0, 0.0, 0.0, 1.0, 1.0, 0.0, 0.0, 1.0, 0.0, 0.0, 0.0, 1.0, 0.0, 0.0, 1.0, 0.0, 0.0, 0.0, 1.0, 1.0, 1.0, 1.0, 1.0, 1.0, 1.0, 0.0, 1.0, 1.0, 1.0, 1.0, 1.0, 1.0, 1.0, 0.0, 0.0, 1.0, 0.0, 0.0, 0.0, 1.0, 1.0, 0.0, 1.0, 0.0, 0.0, 0.0, 0.0, 0.0, 0.0, 1.0, 1.0, 1.0, 1.0, 0.0, 0.0, 1.0, 0.0, 0.0, 0.0, 1.0, 1.0, 0.0, 0.0, 0.0, 0.0, 1.0, 0.0, 0.0, 0.0, 1.0, 1.0, 0.0, 1.0, 0.0, 1.0, 0.0, 1.0, 1.0, 0.0, 1.0, 1.0, 0.0, 1.0, 0.0, 0.0, 1.0, 1.0, 1.0, 0.0, 1.0, 0.0, 0.0, 1.0, 1.0, 1.0, 0.0, 1.0, 0.0, 1.0, 1.0, 1.0, 1.0, 0.0, 0.0, 1.0, 0.0, 1.0, 1.0, 0.0, 1.0, 1.0, 0.0, 1.0, 1.0, 0.0, 1.0, 1.0, 1.0, 1.0, 1.0, 1.0, 0.0, 0.0, 0.0, 1.0, 0.0, 1.0, 1.0, 1.0, 0.0, 1.0, 1.0, 0.0, 0.0, 1.0, 0.0, 0.0, 1.0, 1.0, 1.0, 0.0, 1.0, 1.0, 1.0, 0.0, 0.0, 0.0, 1.0, 1.0, 1.0, 1.0, 0.0, 0.0, 1.0, 0.0, 0.0, 0.0, 0.0, 0.0, 0.0, 1.0, 1.0, 1.0, 1.0, 1.0, 1.0, 1.0, 0.0, 0.0, 0.0, 0.0, 0.0, 1.0, 0.0, 0.0, 1.0, 1.0, 0.0, 0.0, 0.0, 0.0, 0.0, 1.0, 0.0, 0.0, 1.0, 1.0, 0.0, 1.0, 1.0, 1.0, 0.0, 1.0, 1.0, 0.0, 0.0, 0.0, 1.0, 0.0, 1.0, 0.0, 0.0, 1.0, 1.0, 1.0, 1.0, 1.0, 1.0, 0.0, 0.0, 0.0, 1.0, 0.0, 1.0, 0.0, 0.0, 1.0, 1.0, 1.0, 0.0, 1.0, 0.0, 1.0, 0.0, 1.0, 1.0, 0.0, 0.0, 0.0, 0.0, 1.0, 1.0, 1.0, 1.0, 1.0, 0.0, 0.0, 1.0, 1.0, 1.0, 0.0, 0.0, 0.0, 0.0, 0.0, 0.0, 1.0, 0.0, 0.0, 1.0, 1.0, 0.0, 1.0, 1.0, 1.0, 0.0, 0.0, 0.0, 0.0, 0.0, 1.0, 1.0, 0.0, 0.0, 1.0, 1.0, 1.0, 0.0, 0.0, 0.0, 0.0, 1.0, 1.0, 0.0, 0.0, 1.0, 1.0, 1.0, 1.0, 1.0, 0.0, 0.0, 0.0, 0.0, 0.0, 0.0, 0.0, 1.0, 0.0, 1.0, 1.0, 1.0, 0.0, 1.0, 1.0, 1.0, 0.0, 0.0, 0.0, 0.0, 1.0, 0.0, 1.0, 0.0, 1.0, 1.0, 0.0, 1.0, 0.0, 1.0, 0.0, 0.0, 0.0, 1.0, 1.0, 1.0, 1.0, 0.0, 1.0, 0.0, 0.0, 1.0, 0.0, 1.0, 0.0, 1.0, 0.0, 0.0, 0.0, 1.0, 1.0, 0.0, 1.0, 1.0, 0.0, 0.0, 0.0, 0.0, 0.0, 1.0, 1.0, 1.0, 0.0, 1.0, 1.0, 1.0, 1.0, 1.0, 0.0, 0.0, 1.0, 1.0, 1.0, 0.0, 0.0, 0.0, 1.0, 0.0, 1.0, 0.0, 1.0, 1.0, 1.0, 1.0, 1.0, 0.0, 1.0, 1.0, 0.0, 0.0, 1.0, 0.0, 0.0, 1.0, 1.0, 1.0, 0.0, 1.0, 0.0, 0.0, 0.0, 1.0, 0.0, 0.0, 1.0, 0.0, 0.0, 0.0, 0.0, 0.0, 1.0, 0.0, 1.0, 1.0, 1.0, 1.0, 0.0, 0.0, 1.0, 0.0, 0.0, 1.0, 1.0, 0.0, 0.0, 0.0, 1.0, 1.0, 0.0, 0.0, 1.0, 0.0, 1.0, 0.0, 1.0, 0.0, 0.0, 0.0, 1.0, 0.0, 1.0, 1.0, 0.0, 1.0, 1.0, 0.0, 0.0, 1.0, 0.0, 0.0, 0.0, 1.0, 0.0, 0.0, 0.0, 1.0, 0.0, 1.0, 0.0, 0.0, 0.0, 0.0, 1.0, 0.0, 0.0, 0.0, 0.0, 1.0, 1.0, 1.0, 1.0, 0.0, 0.0, 1.0, 1.0, 1.0, 1.0, 0.0, 1.0, 0.0, 0.0, 0.0, 0.0, 0.0, 1.0, 0.0, 0.0, 0.0, 1.0, 0.0, 1.0, 1.0, 0.0, 0.0, 1.0, 1.0, 0.0, 1.0, 0.0, 0.0, 1.0, 0.0, 1.0, 1.0, 0.0, 1.0, 1.0, 1.0, 0.0, 0.0, 1.0, 0.0, 1.0, 0.0, 0.0, 1.0, 1.0, 0.0, 1.0, 1.0, 0.0, 0.0, 0.0, 1.0, 1.0, 1.0, 0.0, 1.0, 0.0, 1.0, 1.0, 1.0, 1.0, 1.0, 1.0, 0.0, 0.0, 0.0, 0.0, 1.0, 1.0, 0.0, 0.0, 0.0, 1.0, 1.0, 0.0, 1.0, 1.0, 0.0, 1.0, 0.0, 1.0, 0.0, 0.0, 1.0, 1.0, 1.0, 0.0, 0.0, 0.0, 0.0, 1.0, 0.0, 0.0, 0.0, 0.0, 1.0, 1.0, 0.0, 0.0, 0.0, 0.0, 1.0, 1.0, 0.0, 0.0, 1.0, 0.0, 0.0, 0.0, 1.0, 0.0, 1.0, 1.0, 0.0, 1.0, 0.0, 0.0, 1.0, 0.0, 0.0, 1.0, 0.0, 1.0, 1.0, 1.0, 1.0, 0.0, 1.0, 1.0, 1.0, 1.0, 1.0, 1.0, 1.0, 1.0, 1.0, 1.0, 0.0, 0.0, 0.0, 1.0, 0.0, 0.0, 1.0, 1.0, 1.0, 1.0, 0.0, 0.0, 0.0, 1.0, 1.0, 0.0, 1.0, 0.0, 1.0, 0.0, 0.0, 0.0, 0.0, 1.0, 1.0, 1.0, 1.0, 1.0, 1.0, 1.0, 0.0, 0.0, 1.0, 0.0, 0.0, 0.0, 1.0, 1.0, 0.0, 1.0, 1.0, 1.0, 0.0, 0.0, 1.0, 1.0, 0.0, 1.0, 1.0, 1.0, 0.0, 0.0, 0.0, 1.0, 0.0, 1.0, 1.0, 0.0, 0.0, 1.0, 1.0, 0.0, 0.0, 1.0, 0.0, 0.0, 0.0, 0.0, 1.0, 1.0, 1.0, 1.0, 1.0, 0.0, 0.0, 1.0, 0.0, 1.0, 1.0, 1.0, 0.0, 1.0, 1.0, 0.0, 0.0, 0.0, 1.0, 0.0, 1.0, 1.0, 1.0, 1.0, 0.0, 1.0, 0.0, 0.0, 0.0, 1.0, 1.0, 0.0, 0.0, 0.0, 1.0, 1.0, 1.0, 1.0, 0.0, 1.0, 0.0, 1.0, 1.0, 1.0, 0.0, 0.0, 0.0, 0.0, 0.0, 0.0, 1.0, 1.0, 1.0, 0.0, 0.0, 0.0, 0.0, 0.0, 0.0, 1.0, 0.0, 0.0, 1.0, 1.0, 1.0, 0.0, 1.0, 1.0, 1.0, 1.0, 0.0, 0.0, 0.0, 0.0, 1.0, 0.0, 0.0, 0.0, 1.0, 0.0, 1.0, 0.0, 1.0, 1.0, 1.0, 0.0, 1.0, 0.0, 0.0, 0.0, 1.0, 1.0, 0.0, 0.0, 1.0, 1.0, 1.0, 0.0, 1.0, 0.0, 1.0, 1.0, 1.0, 0.0, 1.0, 0.0, 0.0, 0.0, 0.0, 0.0, 1.0, 0.0, 0.0, 0.0, 1.0, 0.0, 1.0, 0.0, 0.0, 1.0, 0.0, 1.0, 1.0, 1.0, 0.0, 0.0, 1.0, 1.0, 1.0, 0.0, 0.0, 0.0, 0.0, 0.0, 1.0, 1.0, 0.0, 1.0, 1.0, 0.0, 1.0, 0.0, 1.0, 1.0, 0.0, 0.0, 0.0, 1.0, 1.0, 1.0, 1.0, 0.0, 1.0, 0.0, 0.0, 0.0, 0.0, 0.0, 1.0, 1.0, 1.0, 0.0, 0.0, 1.0, 1.0, 1.0, 0.0, 1.0, 0.0, 0.0, 1.0, 1.0, 0.0, 0.0, 0.0, 1.0, 1.0, 1.0, 1.0, 1.0, 0.0, 1.0, 0.0, 1.0, 1.0, 1.0, 1.0, 0.0, 1.0, 1.0, 0.0, 0.0, 1.0, 0.0, 0.0, 1.0, 0.0, 1.0, 1.0, 0.0, 1.0, 0.0, 0.0, 1.0, 0.0, 1.0, 1.0, 1.0, 1.0, 0.0, 1.0, 0.0, 1.0, 1.0, 1.0, 0.0, 1.0, 0.0, 1.0, 0.0, 0.0, 1.0, 0.0, 1.0, 0.0, 0.0, 0.0, 1.0, 0.0, 0.0, 0.0, 0.0, 0.0, 0.0, 0.0, 1.0, 0.0, 1.0, 1.0, 0.0, 1.0, 0.0, 1.0, 1.0, 0.0, 1.0, 1.0, 0.0, 0.0, 1.0, 1.0, 1.0, 0.0, 1.0, 1.0, 0.0, 1.0, 0.0, 0.0, 0.0, 0.0, 1.0, 1.0, 1.0, 0.0, 0.0, 1.0, 1.0, 1.0, 0.0, 0.0, 1.0, 0.0, 0.0, 1.0, 0.0, 0.0, 0.0, 0.0, 0.0, 0.0, 0.0, 0.0, 1.0, 0.0, 1.0, 0.0, 1.0, 1.0, 0.0, 0.0, 1.0, 1.0, 1.0, 1.0, 0.0, 0.0, 1.0, 0.0, 0.0, 0.0, 1.0, 1.0, 0.0, 0.0, 1.0, 0.0, 1.0, 0.0, 0.0, 0.0, 0.0, 0.0, 0.0, 1.0, 1.0, 1.0, 0.0, 0.0, 1.0, 0.0, 1.0, 0.0, 0.0, 1.0, 1.0, 1.0, 0.0, 0.0, 0.0, 0.0, 0.0, 1.0, 0.0, 1.0, 0.0, 1.0, 0.0, 0.0, 1.0, 0.0, 0.0, 0.0, 1.0, 1.0, 0.0, 1.0, 0.0, 0.0, 1.0, 0.0, 0.0, 0.0, 1.0, 0.0, 0.0, 1.0, 1.0, 0.0, 1.0, 1.0, 0.0, 0.0, 1.0, 1.0, 1.0, 1.0, 0.0, 0.0, 1.0, 0.0, 0.0, 1.0, 1.0, 1.0, 0.0, 0.0, 1.0, 0.0, 0.0, 1.0, 1.0, 0.0, 0.0, 0.0, 0.0, 1.0, 1.0, 1.0, 0.0, 1.0, 1.0, 0.0, 1.0, 1.0, 1.0, 1.0, 0.0, 1.0, 1.0, 1.0, 1.0, 1.0, 0.0, 1.0, 1.0, 0.0, 1.0, 0.0, 0.0, 1.0, 1.0, 0.0, 0.0, 0.0, 0.0, 1.0, 0.0, 1.0, 1.0, 0.0, 0.0, 1.0, 0.0, 0.0, 0.0, 1.0, 0.0, 0.0, 1.0, 0.0, 0.0, 1.0, 0.0, 0.0, 1.0, 0.0, 1.0, 0.0, 1.0, 1.0, 0.0, 1.0, 1.0, 1.0, 0.0, 0.0, 0.0, 1.0, 0.0, 1.0, 1.0, 1.0, 1.0, 1.0, 1.0, 0.0, 1.0, 0.0, 1.0, 1.0, 1.0, 0.0, 1.0, 0.0, 0.0, 0.0, 1.0, 1.0, 0.0, 1.0, 0.0, 1.0, 1.0, 1.0, 0.0, 1.0, 0.0, 0.0, 0.0, 0.0, 1.0, 1.0, 0.0, 1.0, 0.0, 1.0, 1.0, 0.0, 1.0, 0.0, 0.0, 0.0, 0.0, 0.0, 1.0, 1.0, 1.0, 0.0, 0.0, 0.0, 0.0, 1.0, 1.0, 0.0, 1.0, 0.0, 1.0, 1.0, 1.0, 1.0, 1.0, 0.0, 1.0, 0.0, 0.0, 1.0, 0.0, 0.0, 0.0, 0.0, 1.0, 0.0, 0.0, 1.0, 0.0, 0.0, 0.0, 1.0, 0.0, 1.0, 1.0, 1.0, 0.0, 1.0, 0.0, 1.0, 0.0, 0.0, 1.0, 1.0, 0.0, 0.0, 1.0, 0.0, 1.0, 1.0, 1.0, 1.0, 0.0, 1.0, 0.0, 0.0, 1.0, 0.0, 1.0, 0.0, 0.0, 1.0, 0.0, 0.0, 1.0, 1.0, 0.0, 1.0, 1.0, 0.0, 1.0, 1.0, 0.0, 1.0, 0.0, 0.0, 0.0, 0.0, 1.0, 1.0, 1.0, 1.0, 0.0, 0.0, 0.0, 0.0, 1.0, 1.0, 1.0, 0.0, 1.0, 1.0, 1.0, 1.0, 1.0, 1.0, 0.0, 1.0, 0.0, 0.0, 0.0, 1.0, 0.0, 0.0, 1.0, 1.0, 0.0, 0.0, 1.0, 0.0, 0.0, 1.0, 0.0, 1.0, 1.0, 1.0, 1.0, 1.0, 0.0, 1.0, 0.0, 0.0, 0.0, 1.0, 1.0, 0.0, 1.0, 0.0, 1.0, 1.0, 0.0, 0.0, 1.0, 1.0, 0.0, 0.0, 1.0, 0.0, 0.0, 1.0, 1.0, 1.0, 1.0, 0.0, 0.0, 0.0, 1.0, 0.0, 1.0, 1.0, 0.0, 1.0, 0.0, 1.0, 0.0, 1.0, 0.0, 0.0, 1.0, 0.0, 0.0, 0.0, 0.0, 0.0, 0.0, 1.0, 1.0, 0.0, 1.0, 0.0, 0.0, 0.0, 1.0, 1.0, 1.0, 1.0, 0.0, 1.0, 0.0, 1.0, 1.0, 0.0, 0.0, 1.0, 1.0, 1.0, 1.0, 1.0, 1.0, 1.0, 1.0, 0.0, 0.0, 0.0, 0.0, 1.0, 1.0, 1.0, 1.0, 0.0, 1.0, 1.0, 0.0, 0.0, 0.0, 0.0, 0.0, 0.0, 0.0, 1.0, 0.0, 0.0, 1.0, 0.0, 1.0, 0.0, 0.0, 1.0, 1.0, 0.0, 1.0, 1.0, 0.0, 0.0, 0.0, 0.0, 0.0, 1.0, 1.0, 1.0, 0.0, 0.0, 1.0, 1.0, 1.0, 0.0, 0.0, 0.0, 0.0, 0.0, 0.0, 0.0, 0.0, 1.0, 1.0, 1.0, 0.0, 0.0, 0.0, 1.0, 0.0, 0.0, 1.0, 1.0, 1.0, 0.0, 0.0, 0.0, 0.0, 0.0, 1.0, 1.0, 1.0, 0.0, 1.0, 1.0, 0.0, 0.0, 1.0, 1.0, 1.0, 1.0, 1.0, 0.0, 0.0, 0.0, 1.0, 0.0, 0.0, 1.0, 0.0, 0.0, 0.0, 0.0, 1.0, 0.0, 1.0, 1.0, 0.0, 1.0, 1.0, 1.0, 0.0, 0.0, 0.0, 0.0, 0.0, 0.0, 0.0, 0.0, 1.0, 0.0, 0.0, 1.0, 1.0, 1.0, 1.0, 0.0, 1.0, 1.0, 1.0, 0.0, 1.0, 1.0, 0.0, 1.0, 0.0, 1.0, 1.0, 0.0, 0.0, 1.0, 1.0, 1.0, 0.0, 0.0, 1.0, 0.0, 1.0, 1.0, 1.0, 0.0, 0.0, 0.0, 0.0, 0.0, 0.0, 0.0, 1.0, 1.0, 1.0, 0.0, 1.0, 1.0, 1.0, 1.0, 1.0]
\score={0: [0.1387567619482676, 0.13952546504636607, 0.13872082744325911, 0.13989259196179255, 0.1399039313197136, 0.1399985189948763, 0.13944368239711313, 0.1397366157986901, 0.14016625598857277, 0.13957565736312133, 0.1394592449069023, 0.1394994417205453, 0.13923453065482053, 0.1397974193096161, 0.13985088332132858, 0.1402496114373207, 0.13894988037645817, 0.13981162756681442, 0.13923239030621268, 0.13948924466967583, 0.1398363783955574, 0.1392804890871048, 0.13971323034037714, 0.14041925966739655, 0.14018222490946453, 0.13943305132644518, 0.13977015390992165, 0.13867843846480052, 0.13967528007924557, 0.13965039872206175, 0.1398947013494296, 0.14040498435497284, 0.13955370868955339, 0.1399773433804512, 0.13896835808243072, 0.1394378380930942, 0.13934723834196727, 0.1401647918281101, 0.14008710300549865, 0.13946777747737038, 0.1406584990521272, 0.1397692710161209, 0.13985598956545195, 0.139777525935484, 0.1396562914053599, 0.13960764010747273, 0.13928361733754477, 0.13936000423771994, 0.1394011601805687, 0.139966933350814, 0.1397243726712007, 0.13919575725282943, 0.14021671495654367, 0.13962952461507586, 0.13950774539262056, 0.13916308983512546, 0.14062900521925517, 0.13946910699208578, 0.13978054821491243, 0.13986107831199965, 0.14069298561662436, 0.1399781801577272, 0.139949768781662, 0.1389150068163872, 0.13979350183254632, 0.14016459385553995, 0.13896858115350047, 0.14032718415061632, 0.1392471730709076, 0.13973281193863263, 0.13934028428047895, 0.13985936458294207, 0.1392066470450825, 0.1397060215473175, 0.13961631059646606, 0.1400668607516722, 0.13850445797046027, 0.13975520519649282, 0.13945781778205524, 0.14033425667069174, 0.1395622342824936, 0.14080162346363068, 0.13934966571190777, 0.14060077965259551, 0.14044787709055276, 0.1391097828745842, 0.1396502782901128, 0.13972340822219848, 0.1397525735876777, 0.13925038203597068, 0.1395038142800331, 0.13967834548516708, 0.13900119066238403, 0.13544213771820068, 0.13951722660969043, 0.13928886973544172, 0.13931782792011896, 0.14028485243519148, 0.14053115248680115, 0.1397061213850975, 0.13983960958515726, 0.14011943614796588, 0.13955756425857543, 0.13939992880279367, 0.1397937975823879, 0.14004060690817627, 0.13951565504074095, 0.13915849170264075, 0.14069705903530122, 0.13998347520828247, 0.14023748269447914, 0.1395742691851951, 0.13937083428556268, 0.13982405788020083, 0.139836840904676, 0.13857213159402212, 0.1397234449783961, 0.14044111115591867, 0.1404556306925687, 0.13998147616019616, 0.13915016395705088, 0.1395089989900589, 0.13978011435584017, 0.14022139028499, 0.1395633359040533, 0.13927999036065464, 0.13904741725751332, 0.1394890733063221, 0.1400606428322039, 0.13943302631378174, 0.13960570724386917, 0.13982874580792018, 0.13965658015675014, 0.13966548375108026, 0.13984402476085556, 0.13963238635788794, 0.13971067016774957, 0.1397262682085452, 0.1394592508673668, 0.13945977336594037, 0.13964008241891862, 0.13898788392543793, 0.13918642856572805, 0.1399474089795893, 0.13981726536383995, 0.1393897384405136, 0.13969339430332184, 0.13960583778944882, 0.13866372271017594, 0.13988006860017776, 0.13997755838291986, 0.13960290744024165, 0.1405150666832924, 0.13922632965776655, 0.140047824382782, 0.13894709944725037, 0.1402133060619235, 0.13970621878450568, 0.13929041395796107, 0.1393327278395494, 0.139746545917458, 0.13955361861735582, 0.1400049736102422, 0.13969874210082567, 0.13869232542458035, 0.13962235550085703, 0.13967904299497605, 0.1398763771240528, 0.13946318729170437, 0.13919537762800852, 0.1398441195487976, 0.1399289538914507, 0.14007242858409882, 0.13932090335422093, 0.1404650370279948, 0.13921472079613628, 0.1392142962325703, 0.1391474496234547, 0.1400622030099233, 0.13932276549546616, 0.13907299141089122, 0.13916627990036476, 0.1385271151860555, 0.13923561210567886, 0.14052601307630538, 0.13954325149888577, 0.1392253530876977, 0.13947114472587904, 0.13972431297103563, 0.13974386182698337, 0.13943254633953697, 0.13939934689551592, 0.139467878983571, 0.1399500731910978, 0.13942682643731436, 0.1394503019576849, 0.13951076765855153, 0.13972900758186976, 0.13949379053982822, 0.13939876215798513, 0.13904698472470045, 0.14030086587775836, 0.1392156673329217, 0.13920726559378885, 0.13978134496853903, 0.13987410813570023, 0.14007842487522534, 0.13935306072235107, 0.14007886630647323, 0.13961180609961352, 0.14009985700249672, 0.1395700373526277, 0.13994697481393814, 0.13930274173617363, 0.13940797746181488, 0.13794442415237426, 0.13908252914746602, 0.13985484838485718, 0.13928627636697558, 0.13965235126985087, 0.13951669931411742, 0.13931920131047568, 0.14011107444763182, 0.13872379606420343, 0.1384844735264778, 0.13945090801765522, 0.13910626173019408, 0.13970063984394074, 0.13920010533183813, 0.14007981809285971, 0.13956776907046636, 0.13912779245621118, 0.13939244349797567, 0.13953725643017711, 0.13936123301585515, 0.13996381943042463, 0.13941010788959615, 0.13911583026250204, 0.140063998374072, 0.1391257181763649, 0.14020207524299622, 0.13912429457361047, 0.13898959078572012, 0.13913187483946482, 0.1395795871814092, 0.13986437176835947, 0.13942188680171966, 0.13987760859377243, 0.13995347635925942, 0.13996346626016828, 0.13962825934092205, 0.1398457967572742, 0.13896479178220034, 0.14028227600184354, 0.140199425595778, 0.14011880134542784, 0.13962529664454254, 0.14014822244644165, 0.14001902971002791, 0.13975181358475838, 0.13867085359313272, 0.14004916109536825, 0.13959797554545933, 0.13900576667352157, 0.13890734360073553, 0.13983525335788727, 0.1403973212948552, 0.13952361047267914, 0.13953593110336976, 0.13912796201529326, 0.1397281363606453, 0.13931250241067675, 0.1399134984239936, 0.14001171918291794, 0.13936732032082297, 0.1400981384019057, 0.13994355783576057, 0.1395369638999303, 0.1398927102034742, 0.13917451746323528, 0.1395052167085501, 0.13905990017311914, 0.1403996261457602, 0.13936431493077958, 0.1393386572599411, 0.139590968306248, 0.1394255151351293, 0.13936100327051604, 0.13979706764221192, 0.139419057152488, 0.14017698541283607, 0.1397317729213021, 0.13984835054725409, 0.1395477871684467, 0.1394137665629387, 0.1393304917701455, 0.1393085973603385, 0.13927036821842192, 0.13962996751070023, 0.13934053480625153, 0.14026997983455658, 0.13892260789871216, 0.1394131545509611, 0.13956532378991446, 0.13855900818651373, 0.13994389474391938, 0.13928766742996548, 0.13931162426104912, 0.13943580627441407, 0.14001562171860746, 0.13916118805472916, 0.14061508979648352, 0.13981752971123004, 0.14023517668247223, 0.1394196315245195, 0.14012076637961648, 0.13972687458290772, 0.1392890987071124, 0.13936456336694605, 0.13952752241962835, 0.14005937551458678, 0.13976030187173324, 0.14020828902721405, 0.14025493195423713, 0.13955428407472723, 0.1392011954025789, 0.13974691306551298, 0.13997632035842308, 0.13966235518455505, 0.14000491611659527, 0.13908719519774118, 0.1397416389757587, 0.1400524170862304, 0.1400536159053445, 0.13945104654242352, 0.139717404730618, 0.14046477313552583, 0.13948037144210604, 0.13908851146697998, 0.13875204095473656, 0.14009212619728512, 0.13938801288604735, 0.13992880377918482, 0.13989377484239382, 0.14026607821385065, 0.1392441213130951, 0.14006632715463638, 0.13970594878854423, 0.1391909732059999, 0.14035544205795636, 0.13928434997797012, 0.13940672410859, 0.1394785741964976, 0.1399521757753528, 0.13936646708420344, 0.13960644873705777, 0.1397120494927679, 0.13913996641834578, 0.13996691008408865, 0.13976462599303988, 0.1395194577543359, 0.1392302234535632, 0.13970036059617996, 0.1399337218867408, 0.1389893651008606, 0.13977183202902477, 0.13927993178367615, 0.1393481306731701, 0.13949581167914651, 0.1390337310731411, 0.13949693739414215, 0.13993253310521445, 0.13975495436499197, 0.13970936238765716, 0.13877950608730316, 0.13951525886853536, 0.13927338746461002, 0.1400372799899843, 0.1393454664427301, 0.1396758502556218, 0.13971428031271155, 0.13935500170503343, 0.13944622967392206, 0.13976708403293123, 0.14015533749399514, 0.13921882913393133, 0.13999919478709882, 0.13958201706409454, 0.1400496237553083, 0.13936607539653778, 0.1401310386982831, 0.1396535301909727, 0.13901430368423462, 0.14085101783275605, 0.13965059320131937, 0.13946758657693864, 0.14019293473525482, 0.1400336374839147, 0.13989290446043015, 0.13938825509764932, 0.13961365599842632, 0.13984117430189383, 0.13898002604643503, 0.1394334046968392, 0.1395198622575173, 0.13963844591662997, 0.13944276031993685, 0.13991648614406585, 0.13974550200833213, 0.13936583325266838, 0.13978039134632458, 0.13929423491160076, 0.13931852443651718, 0.13949386127617047, 0.14079217498119062, 0.13928077419598897, 0.14027115473380455, 0.13978842770059904, 0.13946452949728286, 0.13962551565081985, 0.13910473653903374, 0.1395752196376388, 0.13966631824555603, 0.13940605385736984, 0.13873933787856782, 0.13887901697307825, 0.1393982544541359, 0.14032695591449737, 0.13958924466913397, 0.13960788557023712, 0.1397612825036049, 0.1395348384976387, 0.1388819860784631, 0.1397802084684372, 0.1392743041117986, 0.1394417927815364, 0.1390445367856459, 0.13989063492044806, 0.1400583436091741, 0.13997298920596088, 0.13948410394645872, 0.13928392231464387, 0.14008588641881942, 0.139553077720307, 0.1395563307133588, 0.13984586391597986, 0.13976989090442657, 0.139485490710839, 0.13897646963596344, 0.14072261344302783, 0.13984967287509673, 0.13949676283768245, 0.14003746509552, 0.1390813575549559, 0.1395433321595192, 0.1395062287437155, 0.1399876152475675, 0.13954198509454727, 0.13945985436439515, 0.13966411352157593, 0.1398693099617958, 0.13987390891365384, 0.1387591858704885, 0.13934517177668485, 0.14007366117503908, 0.13968667468509158, 0.14056502282619476, 0.1395642114803195, 0.13936582952737808, 0.13957007229328156, 0.1400926411151886, 0.1394764443238576, 0.1397704377770424, 0.13977922628755154, 0.13921662526471273, 0.13972536101937294, 0.1392118497328325, 0.1394718924635335, 0.13966063879154347, 0.13969654657623984, 0.13937173608471365, 0.1396641665034824, 0.13972538235512647, 0.1395989383260409, 0.13983580768108367, 0.13879920542240143, 0.1399937699670377, 0.13929829622308412, 0.13938727974891663, 0.13914834459622702, 0.14051288266976675, 0.13912435621023178, 0.1397962048649788, 0.13922567123716528, 0.13991906274767482, 0.13912521302700043, 0.13964837904159838, 0.1393180713057518, 0.1397325717485868, 0.13976677805185317, 0.13966172623137632, 0.1396864729049878, 0.1396421975258625, 0.13962223667364854, 0.13906969932409433, 0.1395279552255358, 0.1391809086004893, 0.13981297198269102, 0.13974247928018924, 0.13967969119548798, 0.1392402281363805, 0.1397486146953371, 0.13931516844492692, 0.1396673172712326, 0.13940064821924483, 0.13956336677074432, 0.1397348132572676, 0.1394906311463087, 0.1391382080813249, 0.13942855080732933, 0.13931338082660327, 0.13979903092751136, 0.1394244744019075, 0.13976731532957495, 0.1399701252579689, 0.13912427922089896, 0.13893905959346078, 0.13927775820096333, 0.13985065902982438, 0.1393982090733268, 0.13851982674428395, 0.13980992951176383, 0.13889760185371747, 0.13972951869169872, 0.13876431861094066, 0.13984724879264832, 0.13947542756795883, 0.13803591980383947, 0.1392323217458195, 0.1397182533615514, 0.13962898353735606, 0.13959546864032746, 0.13981804168886608, 0.13976653972092798, 0.13925727165263632, 0.13970441067660297, 0.1400546133518219, 0.13921166211366653, 0.14000606342502261, 0.13993818561236063, 0.13997955484823746, 0.13984622610242745, 0.139591417213281, 0.13982878568080756, 0.14044802568175577, 0.1394966999689738, 0.13949029999119894, 0.13933413326740265, 0.13899231498891657, 0.13964677602052689, 0.13982235911217603, 0.13895458821207285, 0.1405476897954941, 0.13899046182632446, 0.1392803203176569, 0.13988831536523227, 0.13974553617564114, 0.14043238415167883, 0.14039200395345688, 0.14006279196058, 0.13993029203265905, 0.13924880054864017, 0.1390895051881671, 0.1400730364024639, 0.1399556775303448, 0.13956185758113862, 0.14018129259347917, 0.13908430809775987, 0.13956248586376507, 0.13898116006301, 0.13961983310139697, 0.13897627329125123, 0.13995043709874153, 0.13906874631841978, 0.13954599608074536, 0.13959458363907679, 0.1390733003616333, 0.13851822316646575, 0.13968880474567413, 0.13941889149802073, 0.13939757464510022, 0.14048946524659792, 0.1395906202495098, 0.13988320529460907, 0.13951718536290256, 0.13918263637102568, 0.1394212429340069, 0.13858869901070228, 0.14130893184079063, 0.1392041752114892, 0.1397342582543691, 0.1393729696671168, 0.1396863229572773, 0.13981533374475397, 0.1391501066585382, 0.13959104088800295, 0.13946171563405257, 0.13976949867275026, 0.13964336862166724, 0.13947674225677142, 0.1397365289075034, 0.1394707742664549, 0.13949373240272203, 0.13954749206701914, 0.1386810942338063, 0.13917640182707045, 0.13949305564165115, 0.1403001941740513, 0.13975929717222849, 0.13982921615242958, 0.1394445300102234, 0.13926099153125987, 0.1395756075015435, 0.1394107179797214, 0.1394076148668925, 0.13978031650185585, 0.13960575733495795, 0.13922574886908898, 0.13973059670792687, 0.1395800507837726, 0.1399238497018814, 0.13960897120145652, 0.13921644041935602, 0.13955269868557268, 0.1397005394101143, 0.13939571976661683, 0.13912187871478854, 0.1393502692381541, 0.14015260815620423, 0.13957087248563765, 0.14007360935211183, 0.13883078640157526, 0.13978459437688193, 0.1391480892896652, 0.13965462918939262, 0.1394829944922374, 0.13933043110938298, 0.1399521580556544, 0.13944274463035441, 0.1387180879712105, 0.13996433422845952, 0.13947135110696157, 0.13991437355677286, 0.1392991954789442, 0.14019901362749246, 0.13956719480062785, 0.13948510311267995, 0.1395874423906207, 0.13924319247404734, 0.13996250306566557, 0.13906426682616724, 0.13971382858497755, 0.13910392739556052, 0.13986512770255408, 0.13942992687225342, 0.13952346252543585, 0.1399176362901926, 0.1396041007505523, 0.13931394423599597, 0.14018223385016124, 0.13982894271612167, 0.13998970065427863, 0.13936769261079676, 0.139881110366653, 0.1397199725562876, 0.1395193146807807, 0.13960761549296202, 0.1391337381468879, 0.13907205829253563, 0.13976681503382596, 0.13999019137450627, 0.13960355568316676, 0.14026458302269812, 0.139600576034614, 0.1398007430136204, 0.13988285180595186, 0.13916539980305564, 0.1397868456939856, 0.14031965881586075, 0.13925573928281665, 0.1397667435499338, 0.13972920234556552, 0.14056471532041376, 0.1395437220732371, 0.13988748981672175, 0.13958875678087534, 0.13896829220983717, 0.13968921188385255, 0.13971877843141556, 0.13856746007998785, 0.13997472450137138, 0.13927235848763408, 0.13934473578746503, 0.139241149649024, 0.13977207030568803, 0.1392718567089601, 0.1394910434881846, 0.13946292499701182, 0.1407219139592988, 0.14016595408320426, 0.13989159795973036, 0.14109253138303757, 0.13973623141646385, 0.13906697183847427, 0.13992062985897064, 0.138658244907856, 0.13938580577572188, 0.1392819674478637, 0.13955555288564592, 0.13956238486264883, 0.13873105578952366, 0.13973594989095414, 0.1396710788210233, 0.1393756430882674, 0.1395675137087151, 0.13929533064365388, 0.1389063580168618, 0.13909825020366245, 0.13987041562795638, 0.1387337256561626, 0.1389059772094091, 0.13982109157812028, 0.13935834169387817, 0.13999082825400613, 0.13904538916216957, 0.13966545524696508, 0.13974837958812714, 0.13957106787711382, 0.1397584155201912, 0.13980089779943228, 0.13930746912956238, 0.1391877830028534, 0.14044681770933998, 0.13866173679178412, 0.139524440964063, 0.13894146978855132, 0.13910167291760445, 0.1395932791585272, 0.13993927935759226, 0.13954871714115144, 0.1395816995817072, 0.13936904989756072, 0.13901986181735992, 0.13874595165252684, 0.13940905034542084, 0.13996313161709728, 0.13968015213807425, 0.13902518153190613, 0.13946735709905625, 0.1392522084972133, 0.13941178619861602, 0.14007716178894042, 0.13917851604913412, 0.1393742005933415, 0.13994694099976465, 0.13935026988900942, 0.14005778488275167, 0.14140717685222626, 0.1394296001929503, 0.13950288593769072, 0.14007379632929098, 0.13901708406560562, 0.13981828208153063, 0.1395955185095469, 0.14009723563989004, 0.13952509189645448, 0.13972224481403828, 0.13945139681591706, 0.13939109593629836, 0.13962079970924943, 0.13941868926797593, 0.13922998202698572, 0.1392694893810484, 0.13924138053603793, 0.13947723021632746, 0.1393800743601539, 0.14041326852405772, 0.13991109728813172, 0.1406997193892797, 0.13930534488624996, 0.13890570558999715, 0.14021538142804746, 0.13944797590374947, 0.1401488898055894, 0.1394824704219555, 0.1397431959276614, 0.14016939401626588, 0.13877867261568705, 0.13950042873620988, 0.13917230546474457, 0.1399938157376121, 0.13990437425673008, 0.1393227827819911, 0.13943410132612502, 0.13895859122276305, 0.13961273211020012, 0.13961114237705866, 0.13953148242500094, 0.140476729524763, 0.1388406893786262, 0.13926121680175557, 0.13949366472661495, 0.13906506245786493, 0.14014300145208836, 0.14032096043229103, 0.13994583216580478, 0.13939730514740123, 0.1395504880696535, 0.13976333576899308, 0.13979513836758478, 0.1391839956243833, 0.13961871841858173, 0.13955043852329255, 0.13896795238057771, 0.13897912531364254, 0.13872231667240462, 0.13899815390849934, 0.139836724190151, 0.13947516803940138, 0.14095474332571029, 0.13961513713002205, 0.1390723309346608, 0.1389591082930565, 0.1396318357437849, 0.1388298362493515, 0.14007612455774238, 0.1404287600889802, 0.13933985070748764, 0.1398272288256678, 0.1389778146618291, 0.1394404744108518, 0.13939832044499262, 0.13964424912746137, 0.13965182420280245, 0.14001740940979548, 0.1393970549106598, 0.13924563163891435, 0.1396686934372958, 0.13998248071774191, 0.13979603006289557, 0.13986254430242948, 0.13990003367265066, 0.1393580660223961, 0.13955079967325384, 0.13914908799860212, 0.13912093018492064, 0.1398074381491717, 0.14043376256119122, 0.1398856059230607, 0.13915721972783407, 0.13856376707553864, 0.13992315989274245, 0.13969346401946886, 0.13949758000671864, 0.13946807980537415, 0.1399684736262197, 0.13936955907515117, 0.1387355958039944, 0.13893778953287336, 0.13987277541309595, 0.13930864973614612, 0.13939618454738098, 0.13965915757067063, 0.1392391435801983, 0.13911219500005245, 0.13954530159632364, 0.14051662709402002, 0.13966142724860797, 0.13993434764836965, 0.139650113052792, 0.13961339741945267, 0.1401247372229894, 0.1401522769169374, 0.13925559412349353, 0.13984019888771904, 0.13966082953489745, 0.13982221082999155, 0.14006597879860136, 0.13975366784466636, 0.13960784301161766, 0.13990513235330582, 0.1387783855199814, 0.13943426703151904, 0.14007128639654678, 0.1393798589706421, 0.13923976909030567, 0.13958816416561604, 0.1398487606218883, 0.1396412025205791, 0.13942615687847137, 0.14022506773471832, 0.13950658506817287, 0.1392763900756836, 0.13874144737537092, 0.13949497961080992, 0.13947246919075648, 0.13943328112363815, 0.13975076144561172, 0.1396888606250286, 0.14012897107750177, 0.1396198196288867, 0.1394090216074671, 0.1394024779399236, 0.13976556648101127, 0.13954459306071787, 0.1394829054673513, 0.13943466331277574, 0.13970980860970236, 0.1399458661675453, 0.13941613407362075, 0.13940806811054549, 0.13940175825899298, 0.1392664478884803, 0.14026924719413122, 0.13950998584429422, 0.13939003433500016, 0.13944228632109507, 0.14007671334241567, 0.13964677602052689, 0.1387185249477625, 0.13994395868344742, 0.13918351701327733, 0.14015744116745496, 0.1387508577770657, 0.13976643437689001, 0.13994504511356354, 0.13900389319116419, 0.13982365131378174, 0.1399350900735174, 0.1393657546294363, 0.14002845223460877, 0.1391074980298678, 0.13952076175938483, 0.14021668485973193, 0.1399424456887775, 0.14001652072457707, 0.13916729661551389, 0.1398642647266388, 0.13888819651170212, 0.13958110144505134, 0.13994107723236085, 0.14008771488443017, 0.1397798446745708, 0.13934892509132624, 0.14019196001546724, 0.13892182388475963, 0.14052156060934068, 0.13963057363734527, 0.139683099091053, 0.1398395674350934, 0.13953303462929195, 0.13914362341165543, 0.13974966650659387, 0.13955915346741676, 0.13991603136062622, 0.1396755889058113, 0.13915695001681647, 0.13969872146844864, 0.14005152841931895, 0.13871347904205322, 0.13979087431322446, 0.14067578586665067, 0.1392423663288355, 0.1400040301837419, 0.14009604941714893, 0.13979403115808964, 0.1396674161607569, 0.13987784939152853, 0.13993333985930995, 0.13945123659712927, 0.1394245601617373, 0.1390426473485099, 0.14007147053877514, 0.13941165804862976, 0.14004133297846869, 0.13967947236129216, 0.13972997577751384, 0.13949344431360564, 0.14048596223195395, 0.13970996710387143, 0.13946107571775263, 0.13946981552769155, 0.1396582000530683, 0.13870744854211808, 0.13917675072496588, 0.1403196007013321, 0.14041132479906082, 0.13995233962410375, 0.1394138473730821, 0.1396796852350235, 0.13981192838400602, 0.1397039902706941, 0.13956772667520187, 0.1387563854455948, 0.13904299007521737, 0.1398291262211623, 0.14021848235279322, 0.14036761803759468, 0.1398267587646842, 0.13956601917743683, 0.138648387331229, 0.1400416505833467, 0.13920926258844488, 0.13874814998019824, 0.13876700898011526, 0.13953116665715756, 0.13906009359793228, 0.13942421446828282, 0.13959790840744973, 0.14007794484496117, 0.1396855232971055, 0.1397106871008873, 0.14096894363562265, 0.13996576219797136, 0.1396661323049794, 0.1390339664437554, 0.13939821968475977, 0.13949121588042804, 0.1394296195358038, 0.13944859270538604, 0.13963879495859147, 0.13953793744246165, 0.13933070451021196, 0.1396528301494462, 0.14012228215441985, 0.13914093833703262, 0.13887868225574493, 0.13914047066981977, 0.1393943251140656, 0.13930930053034135, 0.13960921125752584, 0.13901418447494507, 0.13863057941198348, 0.13966698879780975, 0.14011201510826746, 0.13944686502218245, 0.13970909130816556, 0.13964577425609936, 0.1396976846915025, 0.13952113847647393, 0.13983643466028675, 0.14011827004807337, 0.139483577218549, 0.13950207456946373, 0.13951187242161145, 0.14026619576745564, 0.1394207715988159, 0.1402031123638153, 0.13955181371420622, 0.13929272786929056, 0.1398183394755636, 0.1399449363350868, 0.1397019201517105, 0.13998421213843606, 0.13979482526580492, 0.14015466471513113, 0.1376292109489441, 0.13919915717381698, 0.13869263033072154, 0.13977688997983934, 0.13942152803594415, 0.13999843266275194, 0.13909271731972694, 0.1390820786356926, 0.1397786724070708, 0.1396945935708505, 0.14010653135023618, 0.13946499302983284, 0.13968216213915083, 0.13925566815811655, 0.13965422585606574, 0.13952649671297807, 0.13964941388084776, 0.140198263384047, 0.13934161141514778, 0.13943429440259933, 0.13881208950823004, 0.13931716978549957, 0.13978148996829987, 0.14000925256146324, 0.13990276484262376, 0.13999361130926344, 0.14037184417247772, 0.1393702556105221, 0.1383517005226829, 0.13976041701706973, 0.14023915506326234, 0.13979105055332183, 0.13946183093569495, 0.13938412747599863, 0.13947767290202054, 0.13924913257360458, 0.13904348139961561, 0.13918252686659496, 0.1400177052308773, 0.1393089752112116, 0.13918336431185405, 0.140031073987484, 0.13971666129011856, 0.13911723494529724, 0.13959062011802897, 0.13993928409539735, 0.13982582688331605, 0.13874487926562626, 0.13879509376628058, 0.1395456686615944, 0.13953440767877243, 0.13958552479743958, 0.13983852244340456, 0.1396337097341364, 0.13901875913143158, 0.13951802466596877, 0.1406149834394455, 0.13999371429284413, 0.13979504658625677, 0.13940458868940672, 0.13938112209240597, 0.13957394872392928, 0.13941609416459058, 0.1397322617471218, 0.13986846533688632, 0.1390223139896989, 0.13919401439753445, 0.13959307803048027, 0.13977644191338465, 0.13999119102954866, 0.14070999026298522, 0.14003315355096543, 0.13956074687567624, 0.1385928216305646, 0.13937382910932813, 0.13954505324363708, 0.13943969296372455, 0.1390362693928182, 0.13904176569647259, 0.139710460054247, 0.13887704412142435, 0.1398218974471092, 0.1396152526140213, 0.13988519161939622, 0.13948966874632723, 0.1401270894627822, 0.13975587700094497, 0.1397318462530772, 0.1392580263993957, 0.1391752950455013, 0.1395470934609572, 0.13890104182064533, 0.13974107522517443, 0.1393445939929397, 0.1397429808974266, 0.13951156978253965, 0.13965746015310287, 0.14003889890093552, 0.13931123363344292, 0.14000476337969303, 0.13928186148405075, 0.1398814231157303, 0.13955156091186735, 0.13941599130630494, 0.1394329324364662, 0.13964484507838884, 0.13967976812273264, 0.14025672582479623, 0.14015373038618187, 0.13926229519503458, 0.14045452326536179, 0.1391152099651449, 0.13958510446051756, 0.13984919786453248, 0.13942796819739872, 0.13969343841075899, 0.13940565884113312, 0.14230088889598846, 0.13942820032437642, 0.13943157749516624, 0.13935170535530364, 0.13968069156010945, 0.13993087952787225, 0.13942003432585268, 0.14031487330794334, 0.1397449125846227, 0.13935374915599824, 0.13910989463329315, 0.1394286169247194, 0.13861747682094575, 0.1391789258822151, 0.13997057278951008, 0.13988264401753744, 0.13999830970638677, 0.1392593147123561, 0.13968478531941123, 0.13962490856647491, 0.1396708060865817, 0.13960057079792024, 0.13990085165609012, 0.13936439570453432, 0.13927998221837556, 0.1396831115707755, 0.14000073075294495, 0.13967062532901764, 0.13895254175771365, 0.1390979379415512, 0.13829452991485597, 0.14001966433392632, 0.13941553498015685, 0.13964475962248715, 0.13949183225631714, 0.14023689448833465, 0.13999810367822646, 0.13959086464869008, 0.13964224653318524, 0.1398110543527911, 0.13945708092716005, 0.14002657930056253, 0.13983451642773367, 0.13935838251010232, 0.13929893540011512, 0.13985863203803697, 0.1395863950252533, 0.13907429838881774, 0.14051890779625287, 0.13963625952601433, 0.14019403809850867, 0.13943998121163426, 0.13988423068076372, 0.13946364413608203, 0.13952426388859748, 0.13954250812530516, 0.13967805249350412, 0.13951565623283385, 0.1391807998220126, 0.14002464794450337, 0.13875947079875253, 0.13865932707603162, 0.13930550935091796, 0.1394562711318334, 0.13878754675388336, 0.1400454802946611, 0.13880558907985688, 0.14004491056714738, 0.1398242555913471, 0.1398999605860029, 0.13971604108810426, 0.13940261260551565, 0.13955670156899622, 0.14002795815467833, 0.13911953411604228, 0.13922440717297216, 0.13979398757219313, 0.1399314110649043, 0.1386599757454612, 0.13909320905804634, 0.1393723496619393, 0.14006465449929237, 0.13999471745707773, 0.13947648713082977, 0.13943052698265423, 0.14005850771298775, 0.13926086409224403, 0.13961780512774433, 0.139181986451149, 0.13974693914254507, 0.13851655895511308, 0.13929244958692127, 0.1391145884990692, 0.13974228084087373, 0.13940055006080204, 0.14037226275964218, 0.14014584590227175, 0.1394992548486461, 0.14042480967261575, 0.14012190293182025, 0.13930483162403107, 0.1395850139670074, 0.14024168908596038, 0.13935033231973648, 0.1393446845393027, 0.13934093589584032, 0.14018618687987328, 0.13829830714634486, 0.13861094580756295, 0.13927536894535197, 0.14030856986840565, 0.1394621016723769, 0.14046192914247513, 0.13941427013453314, 0.1387809557574136, 0.13902585208415985, 0.1393629365390347, 0.13967737754185994, 0.13916092365980148, 0.13929735869169235, 0.13933420777320862, 0.13940598368644713, 0.1398734921409238, 0.13969141125679016, 0.1397744430737062, 0.1397323595980803, 0.13921592012047768, 0.13939225011401707, 0.13971801740782602, 0.14003193378448486, 0.14028466457412356, 0.13975002684376456, 0.13947767213634824, 0.13982419272263844, 0.13912949860095977, 0.13906858996911484, 0.13944058594378558, 0.13941102018279414, 0.1391420049799813, 0.13972319856933926, 0.1394353449344635, 0.13927060551941395, 0.13859307434823778, 0.13992821654448143, 0.13949725031852722, 0.1404241104336346, 0.13974993427594504, 0.1393468433192798, 0.1384895791610082, 0.13988750676314035, 0.14046407843890943, 0.13951368900862607, 0.1405296428845479, 0.13932675008590406, 0.13951669846262252, 0.13978945929557085, 0.13950036182290032, 0.14021649956703186, 0.13965212381803072, 0.1394487977027893, 0.13971600398935122, 0.14006507843732835, 0.1396991820896373, 0.13927668829758963, 0.13863851130008698, 0.14012860112330494, 0.13924550861120225, 0.13984358389126628, 0.13905740176376544, 0.139115110039711, 0.13999299548174204, 0.13972700816212277, 0.13939447872913802, 0.1396102783354846, 0.14015229667226473, 0.13928024594982466, 0.139517421905811, 0.13952262037330204], 1: [0.1397408234576384, 0.14016546396648183, 0.1396326606090252, 0.1391256719827652, 0.14021820976183966, 0.13939812332391738, 0.13961231270257166, 0.14035314321517944, 0.13993197002194144, 0.13961419612169265, 0.13999549796183905, 0.14018886619144016, 0.13937701119316948, 0.1385420241526195, 0.13874287767843765, 0.13932387828826903, 0.13966224514521086, 0.13989115303212946, 0.13919164737065634, 0.13956530784305773, 0.13928933441638947, 0.14018899078170458, 0.1400295913219452, 0.13913597762584687, 0.1396671453347573, 0.14004989489912986, 0.1393000491355595, 0.14013943420006678, 0.13913940803872216, 0.1398150697350502, 0.13901272822510113, 0.13930545647939047, 0.14002679660916328, 0.13972457647323608, 0.13980361670255662, 0.1394825741648674, 0.13936109675301445, 0.1388873043987486, 0.13937654403539804, 0.14018082916736602, 0.13917703727881114, 0.13918302953243256, 0.1394512966275215, 0.13902579247951508, 0.14044536898533502, 0.13962199663122496, 0.1392755521969362, 0.13945646459857622, 0.13892020881175995, 0.13949978202581406, 0.13962547481060028, 0.14014706441334315, 0.1394781894981861, 0.13939928909142812, 0.13992435236771902, 0.13916787640614944, 0.13920521239439645, 0.13924353155824873, 0.13998145858446756, 0.13937000185251236, 0.1396234649069169, 0.1400523998520591, 0.13891356954207787, 0.1399982212619348, 0.1389690420844338, 0.13938956639983438, 0.1398908644914627, 0.13911509784785184, 0.13930815365165472, 0.13989003300666808, 0.13893899727951398, 0.14090064741097963, 0.13991870979468027, 0.1396724283695221, 0.139757534632316, 0.13910484313964844, 0.13999199731783432, 0.1396000710400668, 0.13973707581559816, 0.1401252528031667, 0.1410207562148571, 0.14032494525114694, 0.13969401927555308, 0.1403971269726753, 0.13985559542973836, 0.1402037113904953, 0.13947449500362077, 0.1393700452411876, 0.1390878963801596, 0.13983916754231734, 0.1393491499699079, 0.1393908143043518, 0.13981997635629442, 0.1396200954914093, 0.13962603761599615, 0.1398809125026067, 0.13957928121089935, 0.13903001802308218, 0.13922839544036172, 0.13970033824443817, 0.14004122300280464, 0.13938726882139843, 0.1397570032965053, 0.13949682811896005, 0.14007966220378876, 0.13926036249507556, 0.13900222571996543, 0.13896526065137652, 0.13931429115208713, 0.14012313509980837, 0.1400208758811156, 0.1404801091322532, 0.1396227777004242, 0.14041213784366846, 0.13992568965141589, 0.14008765518665314, 0.13916252209590033, 0.1394754931330681, 0.13986633469661078, 0.1393710821866989, 0.1390598633072593, 0.13921647722070868, 0.14000510105064937, 0.1399479698051106, 0.13913583613577343, 0.14034931858380637, 0.14075384164849916, 0.14001695269888098, 0.13878839666193182, 0.13958723488308133, 0.14000058323144912, 0.13980418257415295, 0.13955638760870154, 0.13973620877816126, 0.14013093014558156, 0.14060983724064297, 0.13919802258412042, 0.1388140395283699, 0.13942666893655603, 0.1396226057639489, 0.13939584385265003, 0.13988787680864334, 0.1398852359164845, 0.13940180589755377, 0.13935249012250167, 0.1400271640582518, 0.1395943107513281, 0.13881100714206696, 0.1386144825003364, 0.1402427703142166, 0.13941657756056106, 0.13824937045574187, 0.1390572198563152, 0.13869709273179373, 0.14028784036636352, 0.13967361910776657, 0.14033678976389077, 0.13980248073736826, 0.1397276388274299, 0.13926287101847784, 0.13873416185379028, 0.1401689867178599, 0.1393173485994339, 0.1402509719133377, 0.13963348542650542, 0.1399212638537089, 0.1395551711320877, 0.1405304426496679, 0.13978163783366865, 0.13886373490095139, 0.13869803940707987, 0.1392440989613533, 0.13977205482396213, 0.13864059339870105, 0.13985681304564843, 0.14042774415933168, 0.14005819640376352, 0.14014465361833572, 0.13899471001191574, 0.1399294525384903, 0.1390596315264702, 0.13838438068826994, 0.13937263190746307, 0.14009326967326077, 0.13985376556714377, 0.13873550482094288, 0.1392517939209938, 0.1390164390206337, 0.13959710570898923, 0.13998633197375707, 0.1401714412495494, 0.14008261398835617, 0.13925190540877255, 0.1401634311134165, 0.13902486711740494, 0.13961806205602792, 0.13983781022184036, 0.13973537534475328, 0.13888401687145233, 0.13942239433526993, 0.13929518163204194, 0.13947000520096886, 0.13832410507731968, 0.13836612105369567, 0.14040376923301004, 0.14026810093359512, 0.14007126126024458, 0.1394393646291324, 0.13930508891741436, 0.1392136561870575, 0.13953436613082887, 0.13927785456180572, 0.13919365135106174, 0.13989714871753345, 0.13906163654544137, 0.13952905982732772, 0.1403251126408577, 0.13970169539634997, 0.14004988155581735, 0.1393995795931135, 0.13972106050042546, 0.13992451503872871, 0.14035552144050598, 0.13978456209103265, 0.13951229862868786, 0.13934894092381, 0.13955232376853624, 0.1392140897611777, 0.1397666037082672, 0.1389598290125529, 0.1390229452933584, 0.1390441069379449, 0.13993379722038904, 0.13947030901908875, 0.1402230676677492, 0.13955781012773513, 0.13985458548579896, 0.13984710625980212, 0.1396770030260086, 0.1391675120050257, 0.1396289587020874, 0.13888807807649886, 0.13954153005033731, 0.13900213539600373, 0.1397969588637352, 0.13972787452595575, 0.13950839909640225, 0.1389261618256569, 0.13980674393036785, 0.13996344059705734, 0.14070583879947662, 0.13884340971708298, 0.13969350319642287, 0.1395626112818718, 0.14021198078989983, 0.13986788541078568, 0.13976451842223897, 0.1395289570093155, 0.1396740141014258, 0.1392465585044452, 0.1394159898161888, 0.13882538974285125, 0.13916067481040956, 0.1392987867196401, 0.13983652740716934, 0.1392569433559071, 0.13920025154948235, 0.13958148893557096, 0.13998840351899464, 0.1389330072062356, 0.13974358714543855, 0.1394948868287934, 0.13952074944972992, 0.13982160513599715, 0.13871762715280056, 0.1396008249786165, 0.14005531902824128, 0.1397571778959698, 0.13931155701478323, 0.13953644782304764, 0.13967918391738618, 0.1398487953763259, 0.14005026097098985, 0.13958558051482492, 0.13932449370622635, 0.13935814534916596, 0.1393924748355692, 0.1395166597583077, 0.13975269008766522, 0.13961918279528618, 0.1386643384511654, 0.13964470814574848, 0.14032021462917327, 0.13868662985888394, 0.13969973723093668, 0.13956890255212784, 0.13971656289967624, 0.14013980608433485, 0.13836635500192643, 0.13902307640422473, 0.1395685059182784, 0.13989807334211138, 0.1400848523928569, 0.13999571854417975, 0.14015872528155646, 0.13895906060934066, 0.14018090495041438, 0.13947686403989792, 0.1392588284280565, 0.13946526892044964, 0.13921081688668993, 0.13918814599514007, 0.13988803859267915, 0.14070741683244706, 0.13968169540166855, 0.13893692791461945, 0.13854374984900156, 0.1398250451311469, 0.14004527834745553, 0.1398917340180453, 0.1395271741426908, 0.1398412896828218, 0.13951090102394423, 0.13943723549968318, 0.13991086049513382, 0.13988062077098423, 0.13856431383353013, 0.13919950808797563, 0.13917304016649723, 0.139848916368051, 0.14026306900713179, 0.14017663151025772, 0.13965189643204212, 0.14046248669425646, 0.1392941489815712, 0.13968904813130698, 0.13946987139551262, 0.13986483067274094, 0.13979826966921488, 0.13987120406495201, 0.1400051862001419, 0.13956533487026507, 0.13979308704535168, 0.14016936123371124, 0.13887939751148223, 0.13950211382829225, 0.14022640883922577, 0.1393935111435977, 0.1394717961549759, 0.13976661072057836, 0.1392623782157898, 0.13976066280156374, 0.1396114704283801, 0.1395091637969017, 0.14012483010689417, 0.1395367570221424, 0.13955524171653547, 0.14039905475718634, 0.13955182664924198, 0.14070401168786562, 0.13976192932862502, 0.14005298912525177, 0.13959810252373034, 0.13944594832983884, 0.13970120464052474, 0.13840341120958327, 0.13974132835865022, 0.14002913580490992, 0.13968783829893386, 0.13863957741043784, 0.139675117097795, 0.13944060653448104, 0.1400043507417043, 0.13931866677907798, 0.13857902586460114, 0.13959700986742973, 0.1386957379678885, 0.13965178430080413, 0.139216411113739, 0.13940945019324621, 0.139540833234787, 0.1398216225206852, 0.13947436213493347, 0.13948182463645936, 0.13948543965816498, 0.13947320197309768, 0.13931849747896194, 0.13901387006044388, 0.13952434062957764, 0.14055897701870312, 0.13918331861495972, 0.1395914450287819, 0.1397015406535222, 0.13921798765659332, 0.13981406514843306, 0.1393964108493593, 0.14003805443644524, 0.14005688577890396, 0.1389232911169529, 0.14029583654233388, 0.14070486774047217, 0.13937875479459763, 0.1389470932384332, 0.13959131836891175, 0.1401485726237297, 0.13983777016401291, 0.13938250605549132, 0.14022227850827304, 0.13976737721399826, 0.1391110244919272, 0.14035506993532182, 0.13946906328201295, 0.1393189032872518, 0.1385064274072647, 0.13958557482276643, 0.13980275293191274, 0.14055485075170343, 0.13969075928131738, 0.1391861543059349, 0.1391792764266332, 0.1409920169548555, 0.13971769383975438, 0.14069348573684692, 0.13911459562571152, 0.13880929723381996, 0.13992686840620908, 0.13901564207944003, 0.13929016060299343, 0.13961154910234305, 0.13885614953257822, 0.13939549028873444, 0.13883373547684064, 0.13920796364545823, 0.13942928705364466, 0.13911387188868088, 0.13944579767329351, 0.1389448419213295, 0.1402460350231691, 0.1392421362300714, 0.13967536118897525, 0.13940733264793048, 0.14009465819055383, 0.14035804073015848, 0.13942141830921173, 0.13940958678722382, 0.14055580728583866, 0.14003148509396446, 0.13971082270145416, 0.14004267834954792, 0.13824273977014753, 0.139243945479393, 0.14020599325497946, 0.1389432430267334, 0.13888068944215776, 0.13935239748521286, 0.13979421257972718, 0.13977397878964742, 0.13926933954159418, 0.13948646187782288, 0.13961882430773515, 0.13958438166550227, 0.13990727943532608, 0.13951885369088915, 0.13901500539346176, 0.13902601723869643, 0.13942517069253055, 0.1389000957662409, 0.13872641595927152, 0.13976037967950106, 0.1399586107581854, 0.13989463075995445, 0.1395111966591615, 0.13923673662874433, 0.1396845519542694, 0.13917345772771275, 0.13977371156215668, 0.1391528829932213, 0.1393078723374535, 0.13983739167451859, 0.14041700810194016, 0.13966999500989913, 0.13946637085505895, 0.13888657258616555, 0.13950696858492764, 0.13928335706392925, 0.13911204446445813, 0.13959675580263137, 0.13937734067440033, 0.1395986109972, 0.13910965472459794, 0.13986130194230514, 0.1395133783419927, 0.13861865364015102, 0.13982632458209993, 0.1394428306005218, 0.13941670596599579, 0.13907913780874676, 0.13976785242557527, 0.13986143668492634, 0.13884399831295013, 0.14038642438558432, 0.13871879769223078, 0.1392274241555821, 0.1398502779858453, 0.1394116312265396, 0.13930227779425108, 0.13926854357123375, 0.14003722700807783, 0.13938557207584382, 0.1391245031898672, 0.13986291885375976, 0.13968105912208556, 0.13932148260729654, 0.13961112052202224, 0.14030714474973224, 0.13914687434832254, 0.13943023708733646, 0.1401197612285614, 0.13963632881641388, 0.14013403405745825, 0.14007887989282608, 0.1393433612855998, 0.13885948332873257, 0.14020689874887465, 0.13870679248463025, 0.1395823631216498, 0.1397578078839514, 0.13967006355524064, 0.13960680067539216, 0.13934790963927904, 0.13952830508351327, 0.14005771558731794, 0.13866310119628905, 0.13938820362091064, 0.14001353543538314, 0.14015548676252365, 0.13958311080932617, 0.13868516186873117, 0.13927297294139862, 0.1394587516784668, 0.13965053179047324, 0.13975513180096943, 0.13994868328938118, 0.13948983699083328, 0.13966771165529887, 0.13968753814697266, 0.13952773362398146, 0.13982699134133078, 0.14022225276990372, 0.139771161431616, 0.14008755534887313, 0.13924670467774072, 0.1400409894330161, 0.14010541828779075, 0.1402358517050743, 0.14014059429367384, 0.1398956686258316, 0.13892264167467752, 0.1410296991467476, 0.1397273913025856, 0.13847259212942684, 0.1397153777735574, 0.13954290747642517, 0.13907197524200787, 0.13967746921948024, 0.1396522901274941, 0.1392930369166767, 0.1392936110496521, 0.13937820494174957, 0.13934597266571863, 0.13967052698135377, 0.1393283039331436, 0.1398741685681873, 0.13959311842918395, 0.13868394494056702, 0.1393649160861969, 0.14036275943120322, 0.13898041573437778, 0.13943311301144687, 0.13935395081837973, 0.13984505434830982, 0.1394942452510198, 0.1394820660352707, 0.13962503096887044, 0.13918097054257111, 0.13953435285524887, 0.13975076835889083, 0.13930666217437157, 0.13913169503211975, 0.13999373382992214, 0.1392657375997967, 0.13998908326029777, 0.13888792041689157, 0.13989487553344054, 0.14004194922745228, 0.13862094382445017, 0.14017581726823533, 0.1397045376625928, 0.13981125627954802, 0.13938178618748984, 0.13880325853824615, 0.13938295394182204, 0.14059736105528745, 0.13933344960212707, 0.14009901881217957, 0.14012161168185147, 0.1396480493247509, 0.14015903621912001, 0.14079223979603162, 0.14002623409032822, 0.13940694715295518, 0.13968367278575897, 0.13833416625857353, 0.13967952215009266, 0.13963162555144384, 0.13963517944018047, 0.13925918241341909, 0.1399517759680748, 0.13903674781322478, 0.13917430662191832, 0.13938028017679852, 0.1409564944250243, 0.13989214450120926, 0.13943627341227097, 0.13977952166037125, 0.13933541004856428, 0.13968690898683336, 0.14009003779467413, 0.13976699520241131, 0.13955341875553132, 0.13964293897151947, 0.13861693888902665, 0.1383617953820662, 0.13931169857581457, 0.13946209102869034, 0.14033178172328256, 0.13974444568157196, 0.13947839339574178, 0.14001930437304758, 0.13872418701648712, 0.14053515791893006, 0.14036851972341538, 0.13932600170373916, 0.13979162062917436, 0.13897425280167505, 0.13937067706137896, 0.13947063982486724, 0.13873948729955232, 0.13914939612150193, 0.13966358878782817, 0.1398348334160718, 0.13986100852489472, 0.13903649747371674, 0.1395183259790594, 0.13953255986173949, 0.13823193013668061, 0.14049934099117914, 0.13985592499375343, 0.13932390625660235, 0.14028575672553137, 0.13943142918023196, 0.1401149562814019, 0.14034766852855682, 0.14006437957286835, 0.13975147902965546, 0.14023889142733353, 0.13952344249595294, 0.139851452274756, 0.1393695260797228, 0.13909900188446045, 0.13962358236312866, 0.13951208535581827, 0.13931864798069, 0.13928165687964514, 0.13934242129325866, 0.14007874062428108, 0.13917918847157404, 0.1390347643332048, 0.14021952864196566, 0.13876688209446994, 0.13931769505143166, 0.13922319312890372, 0.14028916440226816, 0.13909684580106002, 0.13978981475035349, 0.1396642547278177, 0.13984293341636658, 0.1391789456208547, 0.13983605404694874, 0.13953099012374878, 0.13971315937883713, 0.1395382908257571, 0.13939372111450543, 0.13972305032339963, 0.13959894373136408, 0.13954708178838093, 0.13837781697511672, 0.1403476595878601, 0.1394340427858489, 0.13986436220315787, 0.1403858851302754, 0.13995422422885895, 0.13996085660024124, 0.13910095393657684, 0.14079532772302628, 0.13881686329841614, 0.13955970232685408, 0.13984617292881013, 0.13908214396552035, 0.140125968058904, 0.13924895972013474, 0.13922436411182085, 0.14007623280797685, 0.13873208994450775, 0.13949735959370932, 0.14068708270788194, 0.13982390956236765, 0.13879893571138383, 0.14005187302827835, 0.13961158421906558, 0.1391502171754837, 0.14004355147480965, 0.13959167897701263, 0.13913968006769817, 0.14001223580403763, 0.1393064429362615, 0.1389527183312636, 0.13931788951158525, 0.1394634419365933, 0.13968592204830863, 0.13961528648029675, 0.13973861719880784, 0.14001771914107458, 0.1392567836576038, 0.13955665592636382, 0.1395645372569561, 0.13952694833278656, 0.13985396549105644, 0.14027312971078432, 0.14009484919634732, 0.13925402292183467, 0.13973647199178996, 0.14015517632166544, 0.139897616704305, 0.13997186571359635, 0.1400232103963693, 0.14027785658836364, 0.13928048213322958, 0.1397114566394261, 0.13931399846778197, 0.13937115089760888, 0.13938826864415949, 0.1399311438202858, 0.13916677236557007, 0.1390143672625224, 0.13992782885378058, 0.13971453498710285, 0.1395687950508935, 0.1390937402844429, 0.13960972428321838, 0.13942020237445832, 0.1393783511593938, 0.13991067012151082, 0.13947120774537325, 0.13980192758820273, 0.13996007591485976, 0.13972567170858383, 0.1397689307729403, 0.14002349295399405, 0.13946733623743057, 0.13974010681404786, 0.13954770352159226, 0.13913687834372887, 0.13942569494247437, 0.13994225327457702, 0.1403323696418242, 0.13933003197113672, 0.13966708928346633, 0.13892738062601823, 0.13997025381435046, 0.13985012769699096, 0.13896653056144714, 0.13954122364521027, 0.1399753363803029, 0.1403551583106701, 0.1395584150002553, 0.1393967784113354, 0.139628692315175, 0.13908901133320548, 0.13925180584192276, 0.1396354618999693, 0.1403783361117045, 0.14066783636808394, 0.14064042419195175, 0.13939578707019487, 0.13941039583262274, 0.13957447490908884, 0.13966964862563394, 0.13900097459554672, 0.13981476513778462, 0.13985889066349377, 0.13912851757862987, 0.1399224019712872, 0.13909142425185755, 0.14008589088916779, 0.13953846395015718, 0.1402435622044972, 0.1393424838781357, 0.13935201276432385, 0.13997280916997365, 0.13957330733537673, 0.13939318331805142, 0.1385582908987999, 0.13945271968841552, 0.1395456471613475, 0.1392822815821721, 0.13964712939092092, 0.13969144225120544, 0.13888722764594214, 0.13964571975744688, 0.13899929248369658, 0.13956085993693426, 0.13951470454533896, 0.14023450911045074, 0.14041384185353914, 0.13988690341220184, 0.140159595919692, 0.13950793056384378, 0.14031103104352952, 0.13956323886911073, 0.14042536914348602, 0.13969204913486133, 0.13905937834219498, 0.13926172362906591, 0.1404831051826477, 0.13991017983509943, 0.14012282465895018, 0.14044145281825746, 0.14019669890403746, 0.1400528894020961, 0.14049657020303938, 0.13981710238890213, 0.13932259215248954, 0.13903960450129074, 0.1389192392428716, 0.13923208291331926, 0.14002292851607004, 0.13994526565074922, 0.1397213339805603, 0.14076085835695268, 0.1392592579126358, 0.140006114136089, 0.13968340680003166, 0.13860626816749572, 0.13846118216003692, 0.13916416182404473, 0.13944405482874977, 0.13932459162814276, 0.1393636643886566, 0.13946734989682832, 0.14014389552176, 0.13919260799884797, 0.1395297761146839, 0.13964478942480954, 0.1394702254070176, 0.14024471044540404, 0.13937950560024806, 0.13956098712008932, 0.13983059053619704, 0.13980544426224448, 0.13871756941080093, 0.1400571827377592, 0.13961545526981353, 0.13957505541689255, 0.13949672877788544, 0.1394022119541963, 0.13949276506900787, 0.13913466713645242, 0.13996674782700008, 0.14002935872191474, 0.1397619502885001, 0.13942578434944153, 0.1389651664278724, 0.13961022223035494, 0.1396668756008148, 0.13978900015354156, 0.13958715771635374, 0.13957604186402428, 0.13954568857496435, 0.13933718105157217, 0.13928435295820235, 0.13945699390023947, 0.13930368580316244, 0.1394963175058365, 0.13964383439584213, 0.14063066989183426, 0.13997944858339098, 0.1388258095830679, 0.13888329764207205, 0.13912696865471927, 0.13987663388252258, 0.1395333136121432, 0.13865559697151184, 0.13974472228437662, 0.14079641923308372, 0.1399529930204153, 0.13956634253263472, 0.13927554120035732, 0.1392048733929793, 0.138511523604393, 0.13904530594223424, 0.1397765034011432, 0.1398466087522961, 0.13986722774365368, 0.13940513134002686, 0.1400128189060423, 0.13981057474246392, 0.13889812474901025, 0.13952333852648735, 0.14029392898082732, 0.1398404525084929, 0.13990683152395136, 0.13977300624052683, 0.1397406364029104, 0.13939071649854834, 0.13943306505680084, 0.13935395549325383, 0.1410267770290375, 0.1393418125808239, 0.1386268369176171, 0.1400986135005951, 0.13916710913181304, 0.1395362764596939, 0.13955198855776535, 0.13940414488315583, 0.14030035436153412, 0.13885630938139829, 0.14007631316781044, 0.1396303728222847, 0.13944864438639748, 0.13989284519965833, 0.13986199416897513, 0.13989156236251196, 0.13930946215987206, 0.13885796070098877, 0.1391761533238671, 0.13936349600553513, 0.13869820386171341, 0.13947536457668652, 0.13958366122096777, 0.13938942551612854, 0.13960207104682923, 0.13853297962082756, 0.1391296863555908, 0.1398986354470253, 0.13995489592735583, 0.13985890597105027, 0.14034069925546647, 0.13950970130307333, 0.14026635033743723, 0.13990865151087442, 0.13981814682483673, 0.13923251628875732, 0.14008061316880313, 0.14025225788354873, 0.13957487791776657, 0.1400552306856428, 0.13880384117364883, 0.14007715582847596, 0.13987750627777792, 0.13871718091624125, 0.13919044906894365, 0.13963416069746018, 0.13994482532143593, 0.14015601906511518, 0.13925598363081615, 0.13942640937036938, 0.14027678278776315, 0.1388976587490602, 0.13984322654349463, 0.1398221254348755, 0.1397114358842373, 0.139008267223835, 0.13930262956354353, 0.13911882730630729, 0.13929678635163742, 0.139116877859289, 0.13937640402998244, 0.1391163779930635, 0.1400530979037285, 0.1398373246192932, 0.13999342521031696, 0.1395717371593822, 0.13971373438835144, 0.13963450846217929, 0.14004080268469724, 0.13959605097770691, 0.14030477305253347]}