('OC-FakeDect1 (Trained on AVG Dataset)  \nTested on RND FaceSwap Dataset  \nRunning Average Evaluation', 'OC-FakeDect1_AVG', 'AVG', 'OC-FakeDect1_AVG_raeonFSrnd')
auroc=0.517784282746242
f1=0.4496193461710703
prec=0.4064777327935223
recall=0.503006012024048

fpr=[0.0, 0.503006012024048, 1.0]

tpr=[0.0, 0.5385745775165319, 1.0]

y_true=[0, 0, 0, 0, 0, 0, 0, 0, 0, 0, 0, 0, 0, 0, 0, 0, 0, 0, 0, 0, 0, 0, 0, 0, 0, 0, 0, 0, 0, 0, 0, 0, 0, 0, 0, 0, 0, 0, 0, 0, 0, 0, 0, 0, 0, 0, 0, 0, 0, 0, 0, 0, 0, 0, 0, 0, 0, 0, 0, 0, 0, 0, 0, 0, 0, 0, 0, 0, 0, 0, 0, 0, 0, 0, 0, 0, 0, 0, 0, 0, 0, 0, 0, 0, 0, 0, 0, 0, 0, 0, 0, 0, 0, 0, 0, 0, 0, 0, 0, 0, 0, 0, 0, 0, 0, 0, 0, 0, 0, 0, 0, 0, 0, 0, 0, 0, 0, 0, 0, 0, 0, 0, 0, 0, 0, 0, 0, 0, 0, 0, 0, 0, 0, 0, 0, 0, 0, 0, 0, 0, 0, 0, 0, 0, 0, 0, 0, 0, 0, 0, 0, 0, 0, 0, 0, 0, 0, 0, 0, 0, 0, 0, 0, 0, 0, 0, 0, 0, 0, 0, 0, 0, 0, 0, 0, 0, 0, 0, 0, 0, 0, 0, 0, 0, 0, 0, 0, 0, 0, 0, 0, 0, 0, 0, 0, 0, 0, 0, 0, 0, 0, 0, 0, 0, 0, 0, 0, 0, 0, 0, 0, 0, 0, 0, 0, 0, 0, 0, 0, 0, 0, 0, 0, 0, 0, 0, 0, 0, 0, 0, 0, 0, 0, 0, 0, 0, 0, 0, 0, 0, 0, 0, 0, 0, 0, 0, 0, 0, 0, 0, 0, 0, 0, 0, 0, 0, 0, 0, 0, 0, 0, 0, 0, 0, 0, 0, 0, 0, 0, 0, 0, 0, 0, 0, 0, 0, 0, 0, 0, 0, 0, 0, 0, 0, 0, 0, 0, 0, 0, 0, 0, 0, 0, 0, 0, 0, 0, 0, 0, 0, 0, 0, 0, 0, 0, 0, 0, 0, 0, 0, 0, 0, 0, 0, 0, 0, 0, 0, 0, 0, 0, 0, 0, 0, 0, 0, 0, 0, 0, 0, 0, 0, 0, 0, 0, 0, 0, 0, 0, 0, 0, 0, 0, 0, 0, 0, 0, 0, 0, 0, 0, 0, 0, 0, 0, 0, 0, 0, 0, 0, 0, 0, 0, 0, 0, 0, 0, 0, 0, 0, 0, 0, 0, 0, 0, 0, 0, 0, 0, 0, 0, 0, 0, 0, 0, 0, 0, 0, 0, 0, 0, 0, 0, 0, 0, 0, 0, 0, 0, 0, 0, 0, 0, 0, 0, 0, 0, 0, 0, 0, 0, 0, 0, 0, 0, 0, 0, 0, 0, 0, 0, 0, 0, 0, 0, 0, 0, 0, 0, 0, 0, 0, 0, 0, 0, 0, 0, 0, 0, 0, 0, 0, 0, 0, 0, 0, 0, 0, 0, 0, 0, 0, 0, 0, 0, 0, 0, 0, 0, 0, 0, 0, 0, 0, 0, 0, 0, 0, 0, 0, 0, 0, 0, 0, 0, 0, 0, 0, 0, 0, 0, 0, 0, 0, 0, 0, 0, 0, 0, 0, 0, 0, 0, 0, 0, 0, 0, 0, 0, 0, 0, 0, 0, 0, 0, 0, 0, 0, 0, 0, 0, 0, 0, 0, 0, 0, 0, 0, 0, 0, 0, 0, 0, 0, 0, 0, 0, 0, 0, 0, 0, 0, 0, 0, 0, 0, 0, 0, 0, 0, 0, 0, 0, 0, 0, 0, 0, 0, 0, 0, 0, 0, 0, 0, 0, 0, 0, 0, 0, 0, 0, 0, 0, 0, 0, 0, 0, 0, 0, 0, 0, 0, 0, 0, 0, 0, 0, 0, 0, 0, 0, 0, 0, 0, 0, 0, 0, 0, 0, 0, 0, 0, 0, 0, 0, 0, 0, 0, 0, 0, 0, 0, 0, 0, 0, 0, 0, 0, 0, 0, 0, 0, 0, 0, 0, 0, 0, 0, 0, 0, 0, 0, 0, 0, 0, 0, 0, 0, 0, 0, 0, 0, 0, 0, 0, 0, 0, 0, 0, 0, 0, 0, 0, 0, 0, 0, 0, 0, 0, 0, 0, 0, 0, 0, 0, 0, 0, 0, 0, 0, 0, 0, 0, 0, 0, 0, 0, 0, 0, 0, 0, 0, 0, 0, 0, 0, 0, 0, 0, 0, 0, 0, 0, 0, 0, 0, 0, 0, 0, 0, 0, 0, 0, 0, 0, 0, 0, 0, 0, 0, 0, 0, 0, 0, 0, 0, 0, 0, 0, 0, 0, 0, 0, 0, 0, 0, 0, 0, 0, 0, 0, 0, 0, 0, 0, 0, 0, 0, 0, 0, 0, 0, 0, 0, 0, 0, 0, 0, 0, 0, 0, 0, 0, 0, 0, 0, 0, 0, 0, 0, 0, 0, 0, 0, 0, 0, 0, 0, 0, 0, 0, 0, 0, 0, 0, 0, 0, 0, 0, 0, 0, 0, 0, 0, 0, 0, 0, 0, 0, 0, 0, 0, 0, 0, 0, 0, 0, 0, 0, 0, 0, 0, 0, 0, 0, 0, 0, 0, 0, 0, 0, 0, 0, 0, 0, 0, 0, 0, 0, 0, 0, 0, 0, 0, 0, 0, 0, 0, 0, 0, 0, 0, 0, 0, 0, 0, 0, 0, 0, 0, 0, 0, 0, 0, 0, 0, 0, 0, 0, 0, 0, 0, 0, 0, 0, 0, 0, 0, 0, 0, 0, 0, 0, 0, 0, 0, 0, 0, 0, 0, 0, 0, 0, 0, 0, 0, 0, 0, 0, 0, 0, 0, 0, 0, 0, 0, 0, 0, 0, 0, 0, 0, 0, 0, 0, 0, 0, 0, 0, 0, 0, 0, 0, 0, 0, 0, 0, 0, 0, 0, 0, 0, 0, 0, 0, 0, 0, 0, 0, 0, 0, 0, 0, 0, 0, 0, 0, 0, 0, 0, 0, 0, 0, 0, 0, 0, 0, 0, 0, 0, 0, 0, 0, 0, 0, 0, 0, 0, 0, 0, 0, 0, 0, 0, 0, 0, 0, 0, 0, 0, 0, 0, 0, 0, 0, 0, 0, 0, 0, 0, 0, 0, 0, 0, 0, 0, 0, 0, 0, 0, 0, 0, 0, 0, 0, 0, 0, 0, 0, 0, 0, 0, 0, 0, 0, 0, 0, 0, 0, 0, 0, 0, 0, 0, 0, 0, 0, 0, 0, 0, 0, 0, 0, 0, 0, 0, 0, 0, 0, 0, 0, 0, 0, 0, 0, 0, 0, 0, 0, 0, 0, 0, 0, 0, 0, 0, 0, 0, 0, 0, 0, 0, 0, 0, 0, 0, 0, 0, 0, 0, 0, 0, 0, 0, 0, 0, 0, 0, 0, 0, 0, 0, 0, 0, 0, 0, 0, 0, 0, 0, 0, 0, 0, 0, 0, 0, 0, 0, 0, 0, 0, 0, 0, 0, 0, 0, 0, 0, 0, 0, 0, 0, 0, 0, 0, 0, 0, 0, 0, 0, 0, 0, 0, 0, 0, 0, 0, 0, 0, 0, 0, 0, 0, 0, 0, 0, 0, 0, 0, 0, 0, 0, 0, 0, 0, 0, 0, 0, 0, 0, 0, 0, 0, 0, 0, 0, 0, 0, 0, 0, 0, 0, 0, 0, 0, 0, 0, 0, 0, 0, 0, 0, 0, 0, 0, 0, 0, 0, 0, 0, 0, 0, 0, 0, 0, 0, 0, 0, 0, 0, 0, 0, 0, 0, 0, 0, 0, 0, 0, 0, 0, 0, 0, 0, 0, 0, 0, 0, 0, 0, 0, 0, 0, 0, 0, 0, 0, 0, 0, 0, 0, 0, 0, 0, 0, 0, 0, 0, 0, 0, 0, 0, 0, 0, 0, 0, 0, 0, 0, 0, 0, 0, 0, 0, 0, 0, 0, 0, 0, 0, 0, 0, 0, 0, 0, 0, 0, 0, 0, 0, 0, 0, 0, 0, 0, 0, 0, 0, 0, 0, 0, 0, 0, 0, 0, 0, 0, 0, 0, 0, 0, 0, 0, 0, 0, 0, 0, 0, 0, 0, 0, 0, 0, 0, 0, 0, 0, 0, 0, 0, 0, 0, 0, 0, 0, 0, 0, 0, 0, 0, 0, 0, 0, 0, 0, 0, 0, 0, 0, 0, 0, 0, 0, 0, 0, 0, 0, 0, 0, 0, 0, 0, 0, 0, 0, 0, 0, 0, 0, 0, 0, 0, 0, 0, 0, 0, 0, 0, 0, 0, 0, 0, 0, 0, 0, 0, 0, 0, 0, 0, 0, 0, 0, 0, 0, 0, 0, 0, 0, 0, 0, 0, 0, 0, 0, 0, 0, 0, 0, 0, 0, 0, 0, 0, 0, 0, 0, 0, 0, 0, 0, 1, 1, 1, 1, 1, 1, 1, 1, 1, 1, 1, 1, 1, 1, 1, 1, 1, 1, 1, 1, 1, 1, 1, 1, 1, 1, 1, 1, 1, 1, 1, 1, 1, 1, 1, 1, 1, 1, 1, 1, 1, 1, 1, 1, 1, 1, 1, 1, 1, 1, 1, 1, 1, 1, 1, 1, 1, 1, 1, 1, 1, 1, 1, 1, 1, 1, 1, 1, 1, 1, 1, 1, 1, 1, 1, 1, 1, 1, 1, 1, 1, 1, 1, 1, 1, 1, 1, 1, 1, 1, 1, 1, 1, 1, 1, 1, 1, 1, 1, 1, 1, 1, 1, 1, 1, 1, 1, 1, 1, 1, 1, 1, 1, 1, 1, 1, 1, 1, 1, 1, 1, 1, 1, 1, 1, 1, 1, 1, 1, 1, 1, 1, 1, 1, 1, 1, 1, 1, 1, 1, 1, 1, 1, 1, 1, 1, 1, 1, 1, 1, 1, 1, 1, 1, 1, 1, 1, 1, 1, 1, 1, 1, 1, 1, 1, 1, 1, 1, 1, 1, 1, 1, 1, 1, 1, 1, 1, 1, 1, 1, 1, 1, 1, 1, 1, 1, 1, 1, 1, 1, 1, 1, 1, 1, 1, 1, 1, 1, 1, 1, 1, 1, 1, 1, 1, 1, 1, 1, 1, 1, 1, 1, 1, 1, 1, 1, 1, 1, 1, 1, 1, 1, 1, 1, 1, 1, 1, 1, 1, 1, 1, 1, 1, 1, 1, 1, 1, 1, 1, 1, 1, 1, 1, 1, 1, 1, 1, 1, 1, 1, 1, 1, 1, 1, 1, 1, 1, 1, 1, 1, 1, 1, 1, 1, 1, 1, 1, 1, 1, 1, 1, 1, 1, 1, 1, 1, 1, 1, 1, 1, 1, 1, 1, 1, 1, 1, 1, 1, 1, 1, 1, 1, 1, 1, 1, 1, 1, 1, 1, 1, 1, 1, 1, 1, 1, 1, 1, 1, 1, 1, 1, 1, 1, 1, 1, 1, 1, 1, 1, 1, 1, 1, 1, 1, 1, 1, 1, 1, 1, 1, 1, 1, 1, 1, 1, 1, 1, 1, 1, 1, 1, 1, 1, 1, 1, 1, 1, 1, 1, 1, 1, 1, 1, 1, 1, 1, 1, 1, 1, 1, 1, 1, 1, 1, 1, 1, 1, 1, 1, 1, 1, 1, 1, 1, 1, 1, 1, 1, 1, 1, 1, 1, 1, 1, 1, 1, 1, 1, 1, 1, 1, 1, 1, 1, 1, 1, 1, 1, 1, 1, 1, 1, 1, 1, 1, 1, 1, 1, 1, 1, 1, 1, 1, 1, 1, 1, 1, 1, 1, 1, 1, 1, 1, 1, 1, 1, 1, 1, 1, 1, 1, 1, 1, 1, 1, 1, 1, 1, 1, 1, 1, 1, 1, 1, 1, 1, 1, 1, 1, 1, 1, 1, 1, 1, 1, 1, 1, 1, 1, 1, 1, 1, 1, 1, 1, 1, 1, 1, 1, 1, 1, 1, 1, 1, 1, 1, 1, 1, 1, 1, 1, 1, 1, 1, 1, 1, 1, 1, 1, 1, 1, 1, 1, 1, 1, 1, 1, 1, 1, 1, 1, 1, 1, 1, 1, 1, 1, 1, 1, 1, 1, 1, 1, 1, 1, 1, 1, 1, 1, 1, 1, 1, 1, 1, 1, 1, 1, 1, 1, 1, 1, 1, 1, 1, 1, 1, 1, 1, 1, 1, 1, 1, 1, 1, 1, 1, 1, 1, 1, 1, 1, 1, 1, 1, 1, 1, 1, 1, 1, 1, 1, 1, 1, 1, 1, 1, 1, 1, 1, 1, 1, 1, 1, 1, 1, 1, 1, 1, 1, 1, 1, 1, 1, 1, 1, 1, 1, 1, 1, 1, 1, 1, 1, 1, 1, 1, 1, 1, 1, 1, 1, 1, 1, 1, 1, 1, 1, 1, 1, 1, 1, 1, 1, 1, 1, 1, 1, 1, 1, 1, 1, 1, 1, 1, 1, 1, 1, 1, 1, 1, 1, 1, 1, 1, 1, 1, 1, 1, 1, 1, 1, 1, 1, 1, 1, 1, 1, 1, 1, 1, 1, 1, 1, 1, 1, 1, 1, 1, 1, 1, 1, 1, 1, 1, 1, 1, 1, 1, 1, 1, 1, 1, 1, 1, 1, 1, 1, 1, 1, 1, 1, 1, 1, 1, 1, 1, 1, 1, 1, 1, 1, 1, 1, 1, 1, 1, 1, 1, 1, 1, 1, 1, 1, 1, 1, 1, 1, 1, 1, 1, 1, 1, 1, 1, 1, 1, 1, 1, 1, 1, 1, 1, 1, 1, 1, 1, 1, 1, 1, 1, 1, 1, 1, 1, 1, 1, 1, 1, 1, 1, 1, 1, 1, 1, 1, 1, 1, 1, 1, 1, 1, 1, 1, 1, 1, 1, 1, 1, 1, 1, 1, 1, 1, 1, 1, 1, 1, 1, 1, 1, 1, 1, 1, 1, 1, 1, 1, 1, 1, 1, 1, 1, 1, 1, 1, 1, 1, 1, 1, 1, 1, 1, 1, 1, 1, 1, 1, 1, 1, 1, 1, 1, 1, 1, 1, 1, 1, 1, 1, 1, 1, 1, 1, 1, 1, 1, 1, 1, 1, 1, 1, 1, 1, 1, 1, 1, 1, 1, 1, 1, 1, 1, 1, 1, 1, 1, 1, 1, 1, 1, 1, 1, 1, 1, 1, 1, 1, 1, 1, 1, 1, 1, 1, 1, 1, 1, 1, 1, 1, 1, 1, 1, 1, 1, 1, 1, 1, 1, 1, 1, 1, 1, 1, 1, 1, 1, 1, 1, 1, 1, 1, 1, 1, 1, 1, 1, 1, 1, 1, 1, 1, 1, 1, 1, 1, 1, 1, 1, 1, 1, 1, 1, 1, 1, 1, 1, 1, 1, 1, 1, 1, 1, 1, 1, 1, 1, 1, 1, 1, 1, 1, 1, 1, 1, 1, 1, 1, 1, 1, 1, 1, 1, 1, 1, 1, 1, 1, 1, 1, 1, 1, 1, 1, 1, 1, 1, 1, 1, 1, 1, 1, 1, 1, 1, 1, 1, 1, 1, 1, 1, 1, 1, 1, 1, 1, 1, 1, 1, 1, 1, 1, 1, 1, 1, 1, 1, 1, 1, 1, 1, 1, 1, 1, 1, 1, 1, 1, 1, 1, 1, 1, 1, 1, 1, 1, 1, 1, 1]

y_pred=[1.0, 0.0, 1.0, 1.0, 0.0, 1.0, 1.0, 1.0, 0.0, 0.0, 1.0, 0.0, 0.0, 0.0, 1.0, 0.0, 0.0, 1.0, 1.0, 0.0, 1.0, 0.0, 0.0, 0.0, 1.0, 1.0, 1.0, 0.0, 1.0, 0.0, 0.0, 0.0, 0.0, 0.0, 0.0, 1.0, 0.0, 0.0, 0.0, 1.0, 1.0, 1.0, 1.0, 1.0, 1.0, 1.0, 0.0, 0.0, 1.0, 0.0, 0.0, 1.0, 0.0, 1.0, 0.0, 0.0, 0.0, 1.0, 0.0, 1.0, 1.0, 0.0, 1.0, 0.0, 0.0, 1.0, 0.0, 1.0, 1.0, 1.0, 1.0, 1.0, 1.0, 0.0, 0.0, 0.0, 0.0, 0.0, 0.0, 0.0, 0.0, 0.0, 1.0, 0.0, 0.0, 0.0, 0.0, 0.0, 0.0, 1.0, 0.0, 0.0, 1.0, 0.0, 1.0, 1.0, 0.0, 0.0, 0.0, 0.0, 0.0, 1.0, 0.0, 0.0, 0.0, 0.0, 1.0, 0.0, 0.0, 0.0, 0.0, 0.0, 1.0, 0.0, 0.0, 1.0, 0.0, 1.0, 0.0, 0.0, 1.0, 0.0, 0.0, 0.0, 1.0, 0.0, 0.0, 1.0, 0.0, 1.0, 0.0, 0.0, 0.0, 1.0, 1.0, 0.0, 1.0, 0.0, 1.0, 1.0, 1.0, 0.0, 1.0, 0.0, 0.0, 0.0, 0.0, 0.0, 1.0, 0.0, 1.0, 1.0, 0.0, 0.0, 1.0, 0.0, 0.0, 1.0, 1.0, 0.0, 1.0, 0.0, 1.0, 1.0, 1.0, 1.0, 1.0, 0.0, 0.0, 0.0, 1.0, 1.0, 0.0, 0.0, 0.0, 0.0, 0.0, 0.0, 0.0, 0.0, 0.0, 1.0, 0.0, 1.0, 1.0, 0.0, 0.0, 0.0, 0.0, 1.0, 1.0, 0.0, 1.0, 0.0, 1.0, 1.0, 1.0, 1.0, 1.0, 0.0, 0.0, 0.0, 0.0, 0.0, 1.0, 1.0, 0.0, 0.0, 0.0, 1.0, 1.0, 0.0, 0.0, 1.0, 1.0, 1.0, 0.0, 1.0, 1.0, 1.0, 0.0, 0.0, 0.0, 0.0, 1.0, 1.0, 1.0, 1.0, 0.0, 1.0, 1.0, 0.0, 1.0, 0.0, 1.0, 1.0, 1.0, 0.0, 0.0, 0.0, 1.0, 1.0, 0.0, 1.0, 0.0, 1.0, 0.0, 0.0, 0.0, 1.0, 0.0, 1.0, 0.0, 1.0, 0.0, 1.0, 0.0, 0.0, 0.0, 1.0, 1.0, 1.0, 0.0, 1.0, 1.0, 1.0, 0.0, 1.0, 1.0, 0.0, 1.0, 0.0, 0.0, 0.0, 1.0, 1.0, 1.0, 1.0, 0.0, 0.0, 0.0, 0.0, 0.0, 1.0, 0.0, 1.0, 1.0, 0.0, 0.0, 1.0, 1.0, 1.0, 1.0, 0.0, 0.0, 1.0, 0.0, 0.0, 1.0, 1.0, 0.0, 0.0, 0.0, 0.0, 0.0, 1.0, 1.0, 0.0, 0.0, 1.0, 0.0, 0.0, 0.0, 0.0, 1.0, 1.0, 1.0, 0.0, 1.0, 0.0, 0.0, 1.0, 0.0, 0.0, 0.0, 0.0, 0.0, 1.0, 0.0, 1.0, 0.0, 1.0, 1.0, 1.0, 0.0, 1.0, 1.0, 1.0, 1.0, 1.0, 0.0, 0.0, 1.0, 0.0, 1.0, 1.0, 0.0, 0.0, 0.0, 1.0, 0.0, 0.0, 1.0, 1.0, 0.0, 1.0, 1.0, 0.0, 1.0, 0.0, 0.0, 1.0, 0.0, 0.0, 1.0, 0.0, 0.0, 1.0, 0.0, 0.0, 0.0, 1.0, 0.0, 1.0, 0.0, 0.0, 1.0, 0.0, 0.0, 0.0, 1.0, 0.0, 1.0, 1.0, 1.0, 0.0, 0.0, 0.0, 1.0, 0.0, 0.0, 1.0, 0.0, 1.0, 1.0, 0.0, 0.0, 0.0, 0.0, 0.0, 0.0, 0.0, 0.0, 1.0, 1.0, 0.0, 0.0, 1.0, 0.0, 0.0, 0.0, 1.0, 1.0, 1.0, 0.0, 1.0, 0.0, 1.0, 1.0, 1.0, 1.0, 0.0, 1.0, 1.0, 0.0, 1.0, 1.0, 1.0, 0.0, 0.0, 0.0, 0.0, 0.0, 1.0, 1.0, 0.0, 0.0, 0.0, 1.0, 0.0, 1.0, 1.0, 0.0, 1.0, 1.0, 1.0, 1.0, 1.0, 0.0, 1.0, 1.0, 1.0, 0.0, 0.0, 0.0, 0.0, 0.0, 1.0, 0.0, 1.0, 0.0, 0.0, 1.0, 1.0, 0.0, 1.0, 1.0, 0.0, 1.0, 0.0, 1.0, 0.0, 1.0, 1.0, 1.0, 1.0, 0.0, 1.0, 0.0, 1.0, 1.0, 0.0, 0.0, 1.0, 1.0, 0.0, 1.0, 0.0, 0.0, 1.0, 0.0, 0.0, 0.0, 0.0, 0.0, 0.0, 0.0, 1.0, 0.0, 1.0, 1.0, 0.0, 1.0, 0.0, 0.0, 1.0, 0.0, 0.0, 1.0, 1.0, 0.0, 0.0, 1.0, 0.0, 0.0, 1.0, 0.0, 1.0, 1.0, 1.0, 0.0, 0.0, 0.0, 1.0, 1.0, 0.0, 1.0, 1.0, 1.0, 1.0, 1.0, 0.0, 0.0, 0.0, 0.0, 1.0, 1.0, 0.0, 0.0, 0.0, 1.0, 1.0, 0.0, 1.0, 0.0, 1.0, 0.0, 1.0, 0.0, 1.0, 1.0, 1.0, 1.0, 1.0, 0.0, 1.0, 1.0, 0.0, 0.0, 0.0, 0.0, 0.0, 1.0, 0.0, 0.0, 1.0, 1.0, 0.0, 0.0, 1.0, 1.0, 0.0, 0.0, 1.0, 0.0, 0.0, 0.0, 1.0, 0.0, 1.0, 0.0, 1.0, 1.0, 0.0, 0.0, 1.0, 1.0, 0.0, 1.0, 0.0, 1.0, 0.0, 1.0, 1.0, 0.0, 1.0, 1.0, 1.0, 1.0, 1.0, 1.0, 0.0, 1.0, 1.0, 0.0, 1.0, 1.0, 1.0, 0.0, 0.0, 0.0, 0.0, 0.0, 0.0, 1.0, 0.0, 1.0, 0.0, 1.0, 0.0, 1.0, 0.0, 1.0, 0.0, 1.0, 1.0, 1.0, 0.0, 0.0, 0.0, 0.0, 1.0, 0.0, 0.0, 0.0, 1.0, 0.0, 1.0, 1.0, 0.0, 1.0, 0.0, 0.0, 0.0, 0.0, 1.0, 1.0, 1.0, 0.0, 0.0, 0.0, 1.0, 0.0, 0.0, 1.0, 1.0, 0.0, 1.0, 1.0, 1.0, 1.0, 0.0, 1.0, 0.0, 1.0, 0.0, 1.0, 0.0, 0.0, 1.0, 0.0, 1.0, 1.0, 1.0, 0.0, 1.0, 0.0, 1.0, 1.0, 1.0, 1.0, 0.0, 0.0, 1.0, 1.0, 1.0, 1.0, 1.0, 1.0, 0.0, 1.0, 0.0, 1.0, 0.0, 0.0, 0.0, 0.0, 0.0, 0.0, 0.0, 1.0, 1.0, 1.0, 0.0, 0.0, 1.0, 1.0, 0.0, 0.0, 1.0, 0.0, 1.0, 1.0, 0.0, 0.0, 1.0, 0.0, 1.0, 1.0, 1.0, 0.0, 0.0, 0.0, 1.0, 1.0, 0.0, 0.0, 0.0, 0.0, 0.0, 1.0, 1.0, 0.0, 1.0, 0.0, 0.0, 0.0, 0.0, 1.0, 0.0, 1.0, 1.0, 0.0, 0.0, 1.0, 0.0, 0.0, 0.0, 1.0, 0.0, 1.0, 0.0, 0.0, 1.0, 0.0, 1.0, 1.0, 1.0, 0.0, 0.0, 0.0, 1.0, 0.0, 0.0, 1.0, 0.0, 0.0, 0.0, 1.0, 1.0, 1.0, 0.0, 1.0, 0.0, 0.0, 0.0, 0.0, 0.0, 0.0, 0.0, 0.0, 0.0, 0.0, 0.0, 1.0, 1.0, 0.0, 0.0, 0.0, 0.0, 0.0, 1.0, 1.0, 1.0, 1.0, 0.0, 0.0, 0.0, 1.0, 1.0, 1.0, 0.0, 0.0, 1.0, 0.0, 1.0, 1.0, 1.0, 0.0, 1.0, 1.0, 0.0, 0.0, 0.0, 1.0, 0.0, 1.0, 0.0, 0.0, 0.0, 1.0, 1.0, 0.0, 0.0, 1.0, 1.0, 0.0, 1.0, 0.0, 0.0, 0.0, 1.0, 1.0, 0.0, 0.0, 0.0, 1.0, 0.0, 1.0, 1.0, 0.0, 0.0, 0.0, 0.0, 0.0, 1.0, 1.0, 0.0, 0.0, 0.0, 0.0, 1.0, 1.0, 1.0, 0.0, 0.0, 1.0, 0.0, 1.0, 0.0, 1.0, 1.0, 1.0, 0.0, 0.0, 0.0, 0.0, 0.0, 1.0, 1.0, 1.0, 0.0, 0.0, 1.0, 1.0, 0.0, 1.0, 1.0, 1.0, 0.0, 0.0, 1.0, 0.0, 0.0, 1.0, 0.0, 1.0, 0.0, 1.0, 1.0, 0.0, 0.0, 1.0, 0.0, 0.0, 0.0, 1.0, 0.0, 0.0, 1.0, 1.0, 1.0, 1.0, 1.0, 0.0, 1.0, 0.0, 0.0, 0.0, 1.0, 1.0, 1.0, 0.0, 0.0, 0.0, 0.0, 0.0, 0.0, 1.0, 0.0, 0.0, 1.0, 0.0, 1.0, 0.0, 0.0, 0.0, 0.0, 0.0, 0.0, 0.0, 0.0, 0.0, 1.0, 1.0, 1.0, 0.0, 1.0, 0.0, 0.0, 0.0, 0.0, 0.0, 1.0, 0.0, 0.0, 1.0, 1.0, 1.0, 1.0, 1.0, 0.0, 1.0, 0.0, 0.0, 0.0, 0.0, 0.0, 0.0, 0.0, 0.0, 0.0, 1.0, 1.0, 0.0, 1.0, 1.0, 0.0, 0.0, 1.0, 0.0, 0.0, 1.0, 1.0, 1.0, 1.0, 0.0, 1.0, 1.0, 0.0, 0.0, 1.0, 1.0, 0.0, 1.0, 0.0, 1.0, 1.0, 0.0, 1.0, 1.0, 0.0, 1.0, 0.0, 1.0, 1.0, 1.0, 1.0, 1.0, 1.0, 0.0, 1.0, 0.0, 0.0, 1.0, 0.0, 0.0, 0.0, 0.0, 0.0, 1.0, 0.0, 0.0, 1.0, 0.0, 0.0, 0.0, 0.0, 1.0, 1.0, 1.0, 1.0, 1.0, 0.0, 0.0, 0.0, 0.0, 1.0, 0.0, 1.0, 0.0, 0.0, 0.0, 0.0, 0.0, 0.0, 0.0, 0.0, 0.0, 1.0, 0.0, 1.0, 0.0, 1.0, 1.0, 1.0, 1.0, 1.0, 1.0, 0.0, 0.0, 1.0, 0.0, 1.0, 1.0, 1.0, 1.0, 1.0, 1.0, 0.0, 0.0, 0.0, 0.0, 0.0, 0.0, 0.0, 0.0, 0.0, 1.0, 0.0, 1.0, 0.0, 0.0, 1.0, 0.0, 0.0, 1.0, 0.0, 1.0, 1.0, 1.0, 1.0, 0.0, 0.0, 1.0, 0.0, 0.0, 1.0, 1.0, 1.0, 0.0, 1.0, 1.0, 0.0, 0.0, 0.0, 1.0, 1.0, 1.0, 1.0, 1.0, 1.0, 1.0, 0.0, 0.0, 0.0, 1.0, 0.0, 0.0, 0.0, 1.0, 1.0, 1.0, 1.0, 1.0, 0.0, 1.0, 0.0, 0.0, 0.0, 0.0, 0.0, 1.0, 0.0, 1.0, 1.0, 0.0, 1.0, 0.0, 0.0, 0.0, 0.0, 0.0, 1.0, 1.0, 1.0, 1.0, 0.0, 0.0, 0.0, 0.0, 0.0, 1.0, 1.0, 1.0, 0.0, 0.0, 1.0, 1.0, 0.0, 0.0, 1.0, 0.0, 0.0, 0.0, 1.0, 0.0, 0.0, 0.0, 0.0, 0.0, 0.0, 1.0, 0.0, 0.0, 0.0, 1.0, 0.0, 0.0, 0.0, 0.0, 1.0, 1.0, 0.0, 0.0, 0.0, 1.0, 0.0, 0.0, 1.0, 1.0, 1.0, 1.0, 0.0, 1.0, 1.0, 1.0, 0.0, 1.0, 1.0, 0.0, 0.0, 1.0, 0.0, 1.0, 0.0, 0.0, 1.0, 1.0, 1.0, 1.0, 1.0, 0.0, 0.0, 1.0, 0.0, 0.0, 0.0, 0.0, 0.0, 0.0, 1.0, 0.0, 1.0, 0.0, 0.0, 0.0, 1.0, 0.0, 0.0, 1.0, 0.0, 0.0, 0.0, 0.0, 1.0, 1.0, 0.0, 1.0, 0.0, 1.0, 0.0, 1.0, 0.0, 1.0, 1.0, 0.0, 0.0, 1.0, 0.0, 0.0, 0.0, 0.0, 0.0, 1.0, 1.0, 1.0, 1.0, 0.0, 1.0, 0.0, 1.0, 0.0, 1.0, 0.0, 0.0, 0.0, 0.0, 0.0, 1.0, 0.0, 1.0, 0.0, 1.0, 1.0, 1.0, 0.0, 0.0, 1.0, 1.0, 0.0, 1.0, 1.0, 1.0, 1.0, 1.0, 1.0, 0.0, 1.0, 1.0, 0.0, 1.0, 1.0, 0.0, 1.0, 0.0, 0.0, 1.0, 1.0, 0.0, 1.0, 1.0, 1.0, 0.0, 0.0, 0.0, 1.0, 0.0, 1.0, 1.0, 1.0, 0.0, 1.0, 0.0, 0.0, 1.0, 1.0, 0.0, 0.0, 1.0, 0.0, 1.0, 1.0, 1.0, 0.0, 0.0, 1.0, 1.0, 0.0, 1.0, 1.0, 0.0, 1.0, 0.0, 0.0, 1.0, 1.0, 1.0, 1.0, 1.0, 0.0, 0.0, 0.0, 0.0, 1.0, 0.0, 1.0, 1.0, 0.0, 1.0, 1.0, 1.0, 0.0, 1.0, 1.0, 0.0, 0.0, 1.0, 1.0, 0.0, 0.0, 0.0, 0.0, 1.0, 1.0, 0.0, 0.0, 0.0, 1.0, 1.0, 1.0, 1.0, 0.0, 1.0, 0.0, 0.0, 1.0, 1.0, 1.0, 0.0, 1.0, 1.0, 1.0, 1.0, 0.0, 0.0, 0.0, 1.0, 0.0, 1.0, 1.0, 0.0, 0.0, 0.0, 0.0, 0.0, 1.0, 1.0, 0.0, 0.0, 1.0, 1.0, 1.0, 1.0, 0.0, 0.0, 0.0, 1.0, 0.0, 0.0, 0.0, 1.0, 1.0, 0.0, 1.0, 1.0, 1.0, 0.0, 1.0, 1.0, 1.0, 0.0, 1.0, 0.0, 0.0, 0.0, 1.0, 0.0, 1.0, 1.0, 0.0, 0.0, 1.0, 1.0, 0.0, 1.0, 0.0, 0.0, 1.0, 1.0, 1.0, 1.0, 0.0, 1.0, 0.0, 1.0, 1.0, 1.0, 0.0, 1.0, 0.0, 1.0, 1.0, 1.0, 1.0, 1.0, 1.0, 0.0, 0.0, 0.0, 1.0, 1.0, 0.0, 0.0, 1.0, 0.0, 0.0, 0.0, 0.0, 0.0, 0.0, 1.0, 1.0, 0.0, 0.0, 1.0, 0.0, 1.0, 1.0, 0.0, 1.0, 1.0, 0.0, 0.0, 0.0, 1.0, 0.0, 0.0, 0.0, 1.0, 0.0, 1.0, 0.0, 1.0, 0.0, 1.0, 1.0, 0.0, 1.0, 0.0, 0.0, 0.0, 1.0, 1.0, 0.0, 1.0, 1.0, 0.0, 0.0, 0.0, 1.0, 0.0, 0.0, 0.0, 1.0, 1.0, 1.0, 1.0, 1.0, 1.0, 0.0, 0.0, 0.0, 0.0, 1.0, 0.0, 1.0, 0.0, 1.0, 1.0, 0.0, 0.0, 0.0, 0.0, 1.0, 0.0, 1.0, 1.0, 1.0, 0.0, 1.0, 0.0, 1.0, 1.0, 0.0, 1.0, 0.0, 1.0, 0.0, 0.0, 0.0, 1.0, 1.0, 0.0, 0.0, 0.0, 1.0, 1.0, 1.0, 1.0, 0.0, 1.0, 1.0, 1.0, 0.0, 1.0, 1.0, 0.0, 0.0, 1.0, 1.0, 1.0, 0.0, 1.0, 0.0, 1.0, 1.0, 1.0, 0.0, 1.0, 1.0, 0.0, 1.0, 1.0, 0.0, 1.0, 0.0, 0.0, 1.0, 1.0, 1.0, 0.0, 0.0, 1.0, 0.0, 1.0, 0.0, 0.0, 1.0, 1.0, 0.0, 0.0, 1.0, 1.0, 1.0, 0.0, 1.0, 1.0, 0.0, 1.0, 0.0, 1.0, 0.0, 0.0, 0.0, 0.0, 1.0, 0.0, 1.0, 0.0, 1.0, 1.0, 1.0, 1.0, 0.0, 0.0, 0.0, 1.0, 1.0, 0.0, 1.0, 0.0, 1.0, 0.0, 0.0, 1.0, 1.0, 0.0, 1.0, 0.0, 0.0, 0.0, 0.0, 1.0, 1.0, 0.0, 0.0, 1.0, 0.0, 0.0, 0.0, 0.0, 0.0, 1.0, 0.0, 0.0, 0.0, 0.0, 0.0, 0.0, 1.0, 1.0, 0.0, 1.0, 1.0, 0.0, 1.0, 1.0, 0.0, 1.0, 1.0, 0.0, 0.0, 0.0, 1.0, 1.0, 0.0, 0.0, 0.0, 1.0, 0.0, 1.0, 1.0, 1.0, 1.0, 0.0, 1.0, 1.0, 0.0, 0.0, 0.0, 0.0, 0.0, 0.0, 0.0, 0.0, 1.0, 1.0, 0.0, 0.0, 1.0, 1.0, 0.0, 0.0, 0.0, 0.0, 0.0, 0.0, 1.0, 0.0, 0.0, 1.0, 1.0, 0.0, 0.0, 0.0, 1.0, 0.0, 0.0, 1.0, 0.0, 0.0, 1.0, 1.0, 1.0, 1.0, 1.0, 1.0, 1.0, 0.0, 0.0, 0.0, 0.0, 1.0, 0.0, 1.0, 0.0, 0.0, 1.0, 0.0, 1.0, 1.0, 1.0, 1.0, 0.0, 0.0, 0.0, 0.0, 0.0, 0.0, 1.0, 1.0, 0.0, 0.0, 0.0, 1.0, 1.0, 0.0, 0.0, 1.0, 0.0, 0.0, 0.0, 0.0, 1.0, 1.0, 0.0, 0.0, 0.0, 1.0, 0.0, 1.0, 0.0, 1.0, 0.0, 0.0, 1.0, 0.0, 1.0, 0.0, 0.0, 1.0, 1.0, 1.0, 0.0, 1.0, 0.0, 0.0, 0.0, 0.0, 1.0, 1.0, 0.0, 1.0, 1.0, 1.0, 0.0, 1.0, 0.0, 1.0, 1.0, 0.0, 1.0, 0.0, 1.0, 1.0, 0.0, 1.0, 0.0, 1.0, 1.0, 1.0, 0.0, 1.0, 0.0, 0.0, 1.0, 0.0, 1.0, 1.0, 0.0, 0.0, 0.0, 0.0, 1.0, 1.0, 1.0, 0.0, 0.0, 1.0, 0.0, 0.0, 1.0, 1.0, 0.0, 1.0, 1.0, 0.0, 1.0, 1.0, 1.0, 1.0, 1.0, 1.0, 0.0, 1.0, 0.0, 1.0, 1.0, 0.0, 0.0, 1.0, 0.0, 1.0, 0.0, 1.0, 0.0, 1.0, 0.0, 1.0, 1.0, 0.0, 0.0, 1.0, 0.0, 0.0, 0.0, 0.0, 0.0, 0.0, 0.0, 0.0, 1.0, 0.0, 0.0, 0.0, 1.0, 0.0, 0.0, 0.0, 0.0, 0.0, 1.0, 1.0, 1.0, 1.0, 0.0, 1.0, 0.0, 0.0, 1.0, 0.0, 0.0, 1.0, 0.0, 1.0, 0.0, 1.0, 1.0, 1.0, 1.0, 1.0, 1.0, 1.0, 1.0, 0.0, 1.0, 1.0, 1.0, 0.0, 1.0, 1.0, 0.0, 0.0, 1.0, 0.0, 0.0, 1.0, 0.0, 0.0, 0.0, 0.0, 1.0, 0.0, 0.0, 0.0, 1.0, 1.0, 0.0, 0.0, 0.0, 1.0, 0.0, 0.0, 0.0, 0.0, 1.0, 1.0, 0.0, 0.0, 1.0, 1.0, 0.0, 0.0, 1.0, 0.0, 1.0, 0.0, 0.0, 0.0, 1.0, 1.0, 0.0, 1.0, 0.0, 1.0, 1.0, 0.0, 1.0, 0.0, 0.0, 1.0, 0.0, 1.0, 0.0, 1.0, 1.0, 1.0, 0.0, 0.0, 1.0, 1.0, 1.0, 0.0, 0.0, 0.0, 0.0, 0.0, 0.0, 1.0, 1.0, 1.0, 1.0, 1.0, 1.0, 0.0, 1.0, 0.0, 1.0, 1.0, 1.0, 1.0, 1.0, 1.0, 0.0, 0.0, 1.0, 0.0, 1.0, 1.0, 1.0, 0.0, 0.0, 1.0, 0.0, 0.0, 1.0, 1.0, 1.0, 1.0, 1.0, 1.0, 0.0, 1.0, 1.0, 1.0, 1.0, 0.0, 1.0, 0.0, 1.0, 1.0, 0.0, 1.0, 1.0, 0.0, 0.0, 0.0, 1.0, 0.0, 1.0, 0.0, 1.0, 1.0, 1.0, 1.0, 0.0, 0.0, 0.0, 0.0, 1.0, 1.0, 0.0, 0.0, 0.0, 0.0, 0.0, 1.0, 0.0, 1.0, 0.0, 0.0, 0.0, 1.0, 1.0, 1.0, 1.0, 0.0, 1.0, 1.0, 0.0, 1.0, 1.0, 0.0, 0.0, 1.0, 0.0, 1.0, 0.0, 1.0, 1.0, 0.0, 1.0, 1.0, 0.0, 1.0, 1.0, 1.0, 1.0, 1.0, 1.0, 0.0, 0.0, 0.0, 0.0, 0.0, 0.0, 0.0, 0.0, 1.0, 1.0, 1.0, 0.0, 0.0, 0.0, 1.0, 0.0, 1.0, 0.0, 0.0, 1.0, 1.0, 1.0, 1.0, 1.0, 1.0, 1.0, 0.0, 0.0, 1.0, 1.0, 1.0, 0.0, 0.0, 1.0, 0.0, 0.0, 0.0, 0.0, 0.0, 0.0, 0.0, 1.0, 1.0, 0.0, 1.0, 1.0, 0.0, 0.0, 1.0, 0.0, 0.0, 1.0, 1.0, 1.0, 1.0, 1.0, 1.0, 1.0, 1.0, 0.0, 1.0, 0.0, 0.0, 1.0, 1.0, 0.0, 1.0, 0.0, 1.0, 1.0, 1.0, 0.0, 0.0, 1.0, 1.0, 0.0, 0.0, 0.0, 1.0, 0.0, 0.0, 0.0, 1.0, 0.0, 1.0, 1.0, 0.0, 1.0, 0.0, 0.0, 0.0, 0.0, 0.0, 1.0, 0.0, 0.0, 1.0, 0.0, 0.0, 0.0, 1.0, 1.0, 1.0, 1.0, 0.0, 1.0, 1.0, 1.0, 1.0, 0.0, 1.0, 0.0, 0.0, 0.0, 1.0, 0.0, 0.0, 0.0, 1.0, 1.0, 1.0, 1.0, 1.0, 0.0, 1.0, 1.0, 0.0, 0.0, 1.0, 0.0, 0.0, 0.0, 1.0, 1.0, 0.0, 1.0, 0.0, 0.0, 0.0, 0.0, 0.0, 1.0, 1.0, 0.0, 0.0, 1.0, 0.0, 0.0, 0.0, 1.0, 1.0, 1.0, 1.0, 1.0, 0.0, 1.0, 0.0, 0.0, 1.0, 1.0, 1.0, 0.0, 1.0, 0.0, 0.0, 1.0, 0.0, 0.0, 0.0, 1.0, 0.0, 1.0, 1.0, 0.0, 1.0, 0.0, 0.0, 0.0, 1.0, 1.0, 1.0, 0.0, 0.0, 0.0, 0.0, 1.0, 0.0, 1.0, 0.0, 0.0, 0.0, 0.0, 1.0, 0.0, 0.0, 1.0, 1.0, 1.0, 1.0, 0.0, 1.0, 1.0, 1.0, 1.0, 1.0, 0.0, 0.0, 1.0, 0.0, 0.0, 0.0, 0.0, 1.0, 1.0, 0.0, 0.0, 0.0, 1.0, 1.0, 0.0, 1.0, 1.0, 1.0, 1.0, 1.0, 0.0, 0.0, 1.0, 1.0, 1.0, 0.0, 1.0, 0.0, 1.0, 0.0, 0.0, 1.0, 1.0, 0.0, 1.0, 1.0, 0.0, 0.0, 0.0, 1.0, 1.0, 1.0, 0.0, 1.0, 1.0, 0.0, 0.0, 1.0, 0.0, 1.0, 0.0, 1.0, 0.0, 1.0, 1.0, 1.0, 1.0, 0.0, 0.0, 1.0, 1.0, 0.0, 0.0, 0.0, 0.0, 0.0, 0.0, 0.0, 0.0, 1.0, 1.0, 0.0, 1.0, 0.0, 0.0, 0.0, 0.0, 1.0, 1.0, 1.0, 1.0, 1.0, 1.0]
\score={0: [0.11393493757798122, 0.1133722043954409, 0.11452634930610657, 0.11341089159250259, 0.11272950413135382, 0.1135008471707503, 0.11353810814519723, 0.11373414658010006, 0.11270193641002361, 0.11272149533033371, 0.11358574446704653, 0.11322405147883627, 0.11312650889158249, 0.11266495684782664, 0.11344562078777112, 0.11328583631826483, 0.11316103069111705, 0.11402040381323207, 0.1138382979801723, 0.11269248872995377, 0.11410179327834737, 0.11311811682852832, 0.11256656837132242, 0.11332958475464866, 0.11365150362253189, 0.11374347917735576, 0.11396750208081269, 0.11340943134079377, 0.11342034488916397, 0.1132116692847219, 0.11322935599656332, 0.11327285606127518, 0.11201310051339013, 0.11313337779470853, 0.11282809406518936, 0.11386267493168513, 0.1128978764017423, 0.1132361963391304, 0.11284129694104195, 0.11424802563020162, 0.11370215270864337, 0.11397611693694042, 0.11370190850845198, 0.1143661571497267, 0.11346484782795112, 0.1135682374238968, 0.11336853918505878, 0.11338275192039353, 0.11394368782639504, 0.11326348864369923, 0.11324967319766681, 0.1137416164080302, 0.11303259432315826, 0.11402658244659161, 0.11332824677228928, 0.11206284058945519, 0.11318095658834164, 0.11385220219381154, 0.11299316734075546, 0.11407320310964304, 0.11434971799071018, 0.11290199061234792, 0.11341070756316185, 0.1132100908593698, 0.11286894083023072, 0.11342903565276753, 0.11265734881162644, 0.11394818533550609, 0.1138761437645084, 0.11348963330189386, 0.11446097628636794, 0.1145615592598915, 0.1139178924538471, 0.11315929825816835, 0.11293343901634216, 0.1130330211349896, 0.11328549543395638, 0.11310532502830029, 0.11334134196793591, 0.11331490935249762, 0.11324014151707673, 0.11203975975513458, 0.11363563923673196, 0.11324593328660534, 0.11334977298974991, 0.11296307295560837, 0.11252545317014058, 0.11268494887785478, 0.11324738338589668, 0.11341463135821479, 0.11291135350863139, 0.1129230335354805, 0.11351109254691336, 0.11297294407179861, 0.11480690240859985, 0.11342946153420669, 0.11274021118879318, 0.1132572712055568, 0.11304229555221704, 0.11316896162249825, 0.11330106854438782, 0.11358031792485196, 0.11316976875066757, 0.11301425362334531, 0.11309475782844755, 0.11332890391349792, 0.11346718560283382, 0.11332304396156995, 0.11188270438175935, 0.11241280618641111, 0.11308662806238447, 0.11323470761999488, 0.11454164710911838, 0.1125336770306934, 0.11338039750561994, 0.11347848244688728, 0.1127384059569415, 0.11364994868636132, 0.11309563534127341, 0.1132616584117596, 0.11366478140865054, 0.11308911293745041, 0.1132686904498509, 0.11300023557508693, 0.11407611270745595, 0.11307919174432754, 0.11316731261710326, 0.11353966391955812, 0.11302950165488503, 0.11382994800806046, 0.11213290759108284, 0.11317048370838165, 0.11326372299505316, 0.11402134427970106, 0.11357141388901348, 0.1131885108110067, 0.11393209947989537, 0.11316280574961142, 0.11355076774078257, 0.11391320047171219, 0.1134238563477993, 0.11330671264575078, 0.11345404417564471, 0.11297395918518305, 0.11302941117216558, 0.11328212022781373, 0.11242315778508782, 0.11254486963152885, 0.11422924832864241, 0.11327553235671738, 0.11348830429571015, 0.11395614966750145, 0.11284699697386134, 0.11334366723895073, 0.11364204857660376, 0.1134013648216541, 0.11285117343068123, 0.11368885910824726, 0.11418920196592808, 0.11303716798623403, 0.11384810283780097, 0.11216563805937767, 0.1136115862056613, 0.1139094548092948, 0.11382122976439339, 0.11402400718493895, 0.11366101056337356, 0.11330992334029254, 0.11338932688037555, 0.11253923124500684, 0.11352036520838737, 0.11358444765210152, 0.11286171451210976, 0.11189812421798706, 0.11334454055343356, 0.11322435450095397, 0.11182161352851173, 0.11328559447275965, 0.11327441957067041, 0.11316903432210286, 0.11298859284983741, 0.11456317851940791, 0.11220890749245882, 0.11351804794936345, 0.1139995021664578, 0.11291362209753557, 0.11314516514539719, 0.11340444460511208, 0.11320738535788324, 0.11381817112366359, 0.11348742353064674, 0.11208062262638756, 0.11371769197285175, 0.11277788132429123, 0.11358041763305664, 0.1135412176901644, 0.11367636698263663, 0.11386057501658797, 0.11348391324281693, 0.11273428648710251, 0.11251914439102013, 0.11316734687848524, 0.11262349784374237, 0.11333908814759482, 0.1138272773888376, 0.11355540393428369, 0.11326274696899497, 0.11332699885735145, 0.11289864927530288, 0.11383376981724393, 0.11408265680074692, 0.11333670342961948, 0.11209321394562721, 0.11395742222666741, 0.11360066348598116, 0.11396702422815211, 0.11337593992551168, 0.11381360324043216, 0.11366152241826058, 0.11355081871151924, 0.11315722987055779, 0.1133291907608509, 0.11275274146880422, 0.113092602789402, 0.11369570841391881, 0.11416487830380599, 0.11353904753923416, 0.11344220042228699, 0.11271884156899019, 0.11423403077891894, 0.1137630542119344, 0.11253256279797781, 0.11435790427706459, 0.11340704875496718, 0.11388012702050417, 0.11370751932263375, 0.11464258469641209, 0.1130215048789978, 0.11263644509017467, 0.1131646227505472, 0.11367169255390763, 0.11343306220240063, 0.11297205866624911, 0.1139064755822931, 0.11298486303824645, 0.1136537135711738, 0.11236202852292494, 0.11331918496977199, 0.1128980020682017, 0.11362604275345803, 0.11289014599540016, 0.11378445476293564, 0.11324168262737137, 0.11344931460916996, 0.11314069645272361, 0.1136075043502976, 0.1125049963593483, 0.11295936691264312, 0.1130845787624518, 0.11396891217340123, 0.11380259473534192, 0.1140740384926667, 0.1133241057395935, 0.11356139252893627, 0.11343804457121426, 0.11435806277123364, 0.11277234595682886, 0.11355473287403584, 0.11358972638845444, 0.113117463494602, 0.11390333995223045, 0.11326326616108418, 0.11318977499330365, 0.11337708947913987, 0.11425764452327382, 0.11348826394361608, 0.11456919130351809, 0.11384952844431002, 0.11333907869729129, 0.11312901020743125, 0.1133818748096625, 0.11322780251502991, 0.11261607287451625, 0.11394419250163165, 0.11209001019597054, 0.11406889828768643, 0.11358059011399746, 0.11306784248777799, 0.11276279836893081, 0.11370230131611532, 0.11381466810901959, 0.1135484009153313, 0.11344332301190921, 0.11273572500795126, 0.1131650060415268, 0.11411938905715942, 0.11312406051617402, 0.11254836415702646, 0.11374438813199168, 0.11403412570556005, 0.11321078308603981, 0.11277982628061659, 0.11337995943095949, 0.11252594280701417, 0.11298790077368419, 0.11468299342827364, 0.11404234170913696, 0.11298836215778633, 0.11299001860121886, 0.11397665552794933, 0.1128877035596154, 0.1130230791038937, 0.11299715123393318, 0.11297433499408804, 0.11373713825430189, 0.11365116615262297, 0.11399222413698833, 0.11269632794640282, 0.11395738124847413, 0.11284009570425207, 0.11236438006162644, 0.1135872904033888, 0.11278049337367217, 0.11290462240576744, 0.11276523694396019, 0.11329085876544316, 0.1133304453558392, 0.11485784997542699, 0.1123453289270401, 0.11394807855997767, 0.11315012185109986, 0.1138608694076538, 0.11415693589619227, 0.11369101852178573, 0.1131569825645004, 0.11368424755831559, 0.1137781214307655, 0.11360696541226428, 0.11373283363440458, 0.11364366839060912, 0.11309748291969299, 0.11244642911922365, 0.11381884584469455, 0.11272103488445281, 0.11362720573587078, 0.11408561181563598, 0.11339600858363239, 0.1132616475224495, 0.11314444686286151, 0.11383344527954857, 0.1132765103018645, 0.11287487230517647, 0.11388824401157242, 0.11364140175282955, 0.11339512999568667, 0.1136152595281601, 0.11443785412444009, 0.11248443275690079, 0.11345009155133191, 0.11231292919679121, 0.113220976293087, 0.11354973469860852, 0.11280615876118343, 0.11320580976704757, 0.11391791036086422, 0.1130027834039468, 0.11320812292397023, 0.11362796879950024, 0.11305210987726848, 0.11220101825892925, 0.11280602758580988, 0.11345556424930692, 0.11312209963798522, 0.11374938515601335, 0.11297730522023307, 0.11252975463867188, 0.11389530161696096, 0.11223631758581508, 0.11299652440680398, 0.11294595718383789, 0.11361184441729595, 0.11317423023283482, 0.11352371176083882, 0.1138155705605944, 0.11361575778573751, 0.11320149960617225, 0.11330045830635797, 0.11304815437482751, 0.11412798782641237, 0.11337133603436607, 0.11277594132458463, 0.113547978301843, 0.1131228968501091, 0.11375357937067747, 0.11370092164725065, 0.11338795069605112, 0.11263062059879303, 0.11324046924710274, 0.11220327019691467, 0.1131329954498344, 0.11262922485669453, 0.11303995893551753, 0.11285648063609474, 0.11466591134667396, 0.1139738451350819, 0.11293287780778162, 0.11311442351766995, 0.1138665173202753, 0.11322726072235541, 0.1132859387076818, 0.11315254287587272, 0.11386022237794739, 0.1134299071771758, 0.11394927961130936, 0.11310651153326035, 0.11365529398123424, 0.1128936583797137, 0.11364488595205804, 0.1134728469675587, 0.11343315755948424, 0.11354875965760304, 0.11271268336309327, 0.11381469192829999, 0.11395738904292767, 0.11310911243376524, 0.11381228516499202, 0.11374686285853386, 0.11355840601027012, 0.11339686397049162, 0.11314405540102407, 0.11335932889154979, 0.11332532167434692, 0.11326977225213215, 0.11383928433060646, 0.11432452762828153, 0.11234941604462537, 0.11307907849550247, 0.11304458379745483, 0.11410959853845484, 0.11234726756811142, 0.1136064710361617, 0.1138709985340635, 0.11329183291371275, 0.1146402895450592, 0.11353077292442322, 0.11355796545743942, 0.11353119048807356, 0.11357737217958157, 0.11285874918103218, 0.11354972336973462, 0.11422547223893079, 0.11428324075845572, 0.1130347117781639, 0.11259731733136707, 0.11304386352237902, 0.11300109326839447, 0.11325429650870236, 0.11374683407219974, 0.11337939080070047, 0.11341436532063362, 0.11292148705409921, 0.11241540995736916, 0.11368242651224136, 0.11461444571614265, 0.11280301287770271, 0.11370651523272196, 0.11386657214683035, 0.11332087839643161, 0.11420024759494342, 0.11298311501741409, 0.11349220777099783, 0.11187606846744363, 0.11383982090389028, 0.113785882294178, 0.11375358067452908, 0.11363378113933972, 0.11279908733235465, 0.11407234768072765, 0.11233954759020555, 0.11363563138772459, 0.11342820525169373, 0.1128238695859909, 0.11312003822430321, 0.11341560212895274, 0.11344243653795937, 0.11304093947013219, 0.11381160946828979, 0.11321669902939063, 0.1129290983080864, 0.11427785269916058, 0.11262086344261964, 0.11313106291569196, 0.11309605638186136, 0.11281947925304756, 0.11340653008603035, 0.11305269342044304, 0.11324085444211959, 0.11362417787313461, 0.11317861723628911, 0.11356645971536636, 0.11384896437327068, 0.11329462199375548, 0.11387640159381063, 0.1131487363441424, 0.11047802120447159, 0.1135767012834549, 0.11285545863211155, 0.11305150017142296, 0.11387607529759407, 0.11387014863165942, 0.11335483261130073, 0.11309857263758376, 0.11375871873818912, 0.11324915941804647, 0.11299800872802734, 0.11385809367193896, 0.1130328718572855, 0.11528886453463481, 0.11349808573722839, 0.11393959909677505, 0.11309019178152084, 0.11322820112109185, 0.11245762280843875, 0.11363203651629962, 0.11381641678188158, 0.11336918725915578, 0.11398170640071233, 0.11342279356101463, 0.11342159459988276, 0.11375246991713842, 0.11465492259178843, 0.11293287646202814, 0.11339349851564125, 0.11321764998137951, 0.11326529901652109, 0.11345390272991998, 0.11410448607057333, 0.11277360344926517, 0.11339457829793294, 0.11295001323406513, 0.11399825419090232, 0.11349830196963416, 0.11314253322780132, 0.11382568971468852, 0.11271321922540664, 0.11355890333652496, 0.11302881823344664, 0.11349031721290789, 0.1127230351169904, 0.11393372677266597, 0.11387644782662391, 0.11436829010122701, 0.11364887605110804, 0.1134131166495775, 0.11289763450622559, 0.1135346641143163, 0.11399023334185282, 0.11306543453879979, 0.11283638594405991, 0.11307480558753014, 0.11291962077743128, 0.11299234181642533, 0.11410140010871385, 0.11288673168904073, 0.1125584684989669, 0.11383426375687122, 0.11361707001924515, 0.11293657496571541, 0.11339274439073745, 0.11373523221566127, 0.11381996627897024, 0.11302590370178223, 0.11323184420665106, 0.11392223265241175, 0.1133200819293658, 0.11321917256074292, 0.11244847228129705, 0.11402657255530357, 0.11319731399416924, 0.11376729099587961, 0.11260068531219776, 0.11352522075176238, 0.11430769562721252, 0.11300932615995407, 0.11297365810189929, 0.11343916174438265, 0.11357849650084972, 0.11328311133034089, 0.11342429891228675, 0.1129206970334053, 0.11366139854802641, 0.11291120472279462, 0.11348493102678033, 0.11363102374850093, 0.11267084479331971, 0.11365392597185241, 0.11358101971638508, 0.11366596502753404, 0.11386727768441905, 0.11345247030258179, 0.11354786051171166, 0.11227235723944272, 0.11410997187097867, 0.11365771583384937, 0.11335808386405309, 0.11363571575459312, 0.11372824471730453, 0.11374934230531965, 0.11320136826146733, 0.11240242514759302, 0.11306324861943721, 0.11321063786745071, 0.11329000600074467, 0.11311603151261806, 0.11368450770775478, 0.11240818025544286, 0.11387975412336263, 0.11286813418070475, 0.1141137383878231, 0.1124756820499897, 0.11425242401086368, 0.11334679126739503, 0.11365622282028198, 0.1132376893208577, 0.11365554680426916, 0.1139659820124507, 0.1140637334722739, 0.11325803169837365, 0.11282920514543851, 0.11332844889589719, 0.11308227131764094, 0.11453822729262439, 0.11316790145177108, 0.11312730941507551, 0.11300367658788507, 0.11346835555399165, 0.1130715242841027, 0.11442075466567819, 0.1134815336101585, 0.11306867883964018, 0.11343755573034286, 0.1114959279075265, 0.11276497159685407, 0.11314065399624053, 0.11255134510643341, 0.11383844049353349, 0.1140124433570438, 0.11570339649915695, 0.11311794456207391, 0.11274036318063736, 0.11333978176116943, 0.11358455302459854, 0.11319942578025487, 0.11305329430362453, 0.11402355236085979, 0.11380178960306304, 0.11322547021237286, 0.1137643727389249, 0.11345546257992585, 0.11346596065494749, 0.11344852886701885, 0.11254401911388744, 0.1135150449207196, 0.11279883032495325, 0.1136420308612287, 0.11340402904897928, 0.11343032149253068, 0.11321450173854827, 0.11312684482511352, 0.11348937322264133, 0.11303522667059532, 0.11395594829486476, 0.11392081202939153, 0.11373890793094268, 0.11316704005002975, 0.11383129581809044, 0.1125899891440685, 0.11370617781694119, 0.11348113351398044, 0.1138127791798777, 0.11401459814182349, 0.11285125464200974, 0.11294921363393466, 0.11383946100249887, 0.11355967872909137, 0.113552892437348, 0.11361840197985823, 0.11345706830422084, 0.11445203237235546, 0.11270830581585566, 0.11375382581823751, 0.1126036366278475, 0.11349151593943436, 0.11332223540352236, 0.11263931170105934, 0.11305948733179658, 0.11309075852235158, 0.11332480112711589, 0.1130509078502655, 0.11311866417527199, 0.11366570414975286, 0.11342989943093723, 0.11344453307890123, 0.11302924213501123, 0.11239109271102482, 0.11366338701918721, 0.11429787228504816, 0.11305040419101715, 0.11327646832380976, 0.1135172877046797, 0.11302224850213086, 0.1139572225511074, 0.11354367852210999, 0.11292730569839478, 0.11326778762870365, 0.11369430947871435, 0.11286303504473633, 0.1146241158246994, 0.11362780945805404, 0.11363062212864558, 0.11326555485526721, 0.1132862722644439, 0.11302698132666675, 0.11366279935464263, 0.1139617059379816, 0.11276265606284142, 0.11310045471922918, 0.11331325570742289, 0.1133198207244277, 0.11338462866842747, 0.11394331951936086, 0.11405310087970325, 0.11331386079913691, 0.1139206990067448, 0.11297989264130592, 0.11334672491801412, 0.11308588915401036, 0.1127858335042701, 0.11385920111622129, 0.11286116944205377, 0.11381789468801938, 0.11384382098913193, 0.11331886721068415, 0.11320885449647904, 0.11374275123371798, 0.11302613884210587, 0.1133307061557259, 0.112343221075005, 0.11381446829308635, 0.11336525745297733, 0.11347623988986015, 0.1129602740208308, 0.11287619504663679, 0.11372389920331814, 0.11316323984000418, 0.11346754738513161, 0.11346940696239471, 0.11348841637372971, 0.11322568356990814, 0.1129865138368173, 0.11251388422467491, 0.11350333467125892, 0.11325476641456286, 0.11340701688701908, 0.11390401422977448, 0.11286406653622787, 0.11310470849275589, 0.11117594316601753, 0.11410502060538247, 0.11364508792757988, 0.11395980045199394, 0.11257908767775486, 0.11415481499650261, 0.11278610073384784, 0.11256836682558059, 0.11291998757847718, 0.11318674719049818, 0.11334646369020145, 0.11318946274973098, 0.11283318776833384, 0.11326775311127953, 0.11247919432141563, 0.11314505294841878, 0.11258112183875507, 0.11348943412303925, 0.11361463607421943, 0.11324881804840906, 0.11262299418449402, 0.11277968233281915, 0.113027023480219, 0.11315150807301204, 0.1139330480247736, 0.11379452085211164, 0.11449771848591891, 0.11377284862101078, 0.11269324193043369, 0.11334322436767466, 0.11247040145099163, 0.11384152346535732, 0.11416248153699071, 0.11439228256543478, 0.11319834668011892, 0.1128319564461708, 0.1135425025766546, 0.11262826683620612, 0.11425099052764752, 0.11352221295237541, 0.11362228339368646, 0.11262660202654926, 0.11360874124195265, 0.11374512604541248, 0.11277670067335878, 0.11244288749165005, 0.11126755798856418, 0.11347623318433761, 0.11325379690298668, 0.11440084217225804, 0.11322799772024154, 0.11339629317323367, 0.11135329181949298, 0.11380164778750876, 0.1143562957071341, 0.11339908093214035, 0.11304697287934166, 0.11379770748317242, 0.11379577368497848, 0.1133893676675283, 0.11362432837486267, 0.1133289110660553, 0.11320372960633701, 0.11298503577709199, 0.11407077656342433, 0.11422781407833099, 0.11290656079848607, 0.11313443630933762, 0.11313637759950426, 0.11355587194363276, 0.11318330566088358, 0.11368426409634677, 0.11374593010315528, 0.11335543617606163, 0.11255804305115054, 0.11323184085388978, 0.11315151676535606, 0.11233698027698617, 0.113769120321824, 0.11346777528524399, 0.11306431969361645, 0.11327547193677337, 0.11288035832918607, 0.11327290683984756, 0.11359166178633184, 0.11411928534507751, 0.11346435415394165, 0.11325187360246976, 0.11272071727684566, 0.11344161269164854, 0.11292396485805511, 0.1136960219591856, 0.11315791034384777, 0.11474701249971986, 0.11380965262651443, 0.1137000024318695, 0.11186018288135528, 0.11326518613431188, 0.1133480197504947, 0.11270920786915756, 0.11316159491737683, 0.11340968671344942, 0.11368759762909678, 0.11384379347929588, 0.11268727108836174, 0.11292766282955806, 0.11360034868121147, 0.11357193416915834, 0.11276811934434451, 0.1143471168147193, 0.11404106182896573, 0.11402564495801926, 0.1124013622601827, 0.11262140652308097, 0.11362523700182255, 0.11267848163843155, 0.1129020330096994, 0.11362732350826263, 0.11307461249331634, 0.11389448493719101, 0.11260513732066521, 0.11361853168769316, 0.11408474905924364, 0.11290812209762376, 0.112881850451231, 0.11470326855778694, 0.11324207584063212, 0.11301612989469008, 0.1126127979821629, 0.11450635859121878, 0.1132928435690701, 0.11290622614324093, 0.11350532248616219, 0.11399696436193255, 0.11365192646489423, 0.11359824279421255, 0.1139200905507261, 0.11332732904702425, 0.11345578248009962, 0.1120772697031498, 0.11304595205001533, 0.1128682923667571, 0.11361390352249146, 0.11341044645417821, 0.11342106051743031, 0.11252346847738538, 0.11305093478697997, 0.112867611348629, 0.1125634242045252, 0.11337559994148172, 0.11229309240976969, 0.11404694706201553, 0.113027984605116, 0.11314071747271912, 0.11420983262360096, 0.11291865963074896, 0.11355910237346377, 0.11203752351658684, 0.112609139457345, 0.11338997100080762, 0.11279900758354752, 0.11339437630441454, 0.11284718811511993, 0.11269591961588178, 0.11335708200931549, 0.11299298057953516, 0.11353263631463051, 0.11410085585984317, 0.11404960954354869, 0.11298355708519618, 0.11379332356154918, 0.11283557365338008, 0.1129860847160734, 0.11337687413800847, 0.11252834051847457, 0.1132034377919303, 0.1134191287888421, 0.11235255748033524, 0.11284307328363259, 0.11403837732293388, 0.11376895300216144, 0.11388316208666022, 0.11390712332946283, 0.11365862477284211, 0.11201535016298295, 0.11366334433356921, 0.11254437416791915, 0.11319558354134256, 0.11314255340645711, 0.11321080448450865, 0.11230629547075792, 0.11291587725281715, 0.1133002721165356, 0.11293841898441315, 0.11279310556975278, 0.11371721650163333, 0.11346056056208909, 0.11326149048713538, 0.11413905123869578, 0.11408718781811851, 0.1133274994790554, 0.113219716111008, 0.11361280693249269, 0.11318109619120757, 0.11234152900136035, 0.11347675129123357, 0.11382526797907692, 0.11348815634846687, 0.11371012420757957, 0.11265221779996698, 0.11354010469383663, 0.11447774370511372, 0.11331945383235027, 0.11337727840457644, 0.11383418907080928, 0.11355246428181143, 0.11314161082631663, 0.11403366960585118, 0.11258984843026036, 0.11413397697302011, 0.11419407908733074, 0.11227776731053989, 0.11347984662279487, 0.11396997535358304, 0.11329745140767866, 0.11373790759931911, 0.11254065185785293, 0.11427390507676384, 0.11347558945417405, 0.1145792913933595, 0.11481542959809303, 0.11350230624278386, 0.11403051763772964, 0.1124655432999134, 0.11385155043431691, 0.11321645075904913, 0.11282306909561157, 0.1137150339782238, 0.11294852942228317, 0.11335750159464385, 0.11321058666164224, 0.1124229246848508, 0.11241430342197418, 0.11376501200720668, 0.11321117170155048, 0.11334410948412758, 0.11501806601881981, 0.11263465831677119, 0.11326117068529129, 0.11290780082345009, 0.11272536963224411, 0.11343066607202802, 0.11375192478299141, 0.11354999823702706, 0.11365363258739998, 0.11348123600085576, 0.112745793743266, 0.11308871978713621, 0.11320695446597205, 0.11333127319812775, 0.11431575483745998, 0.11196358129382133, 0.11369729538758595, 0.11290204152464867, 0.11329638957977295, 0.11326210226478248, 0.11322007937864824, 0.11333047151565552, 0.1127115444590648, 0.11301001952961087, 0.11324342020920344, 0.11307015617688497, 0.11345128024496683, 0.11283066330684556, 0.1135198981501162, 0.11296023881953696, 0.11359564344520154, 0.11376787556542291, 0.11364372797748622, 0.11400727927684784, 0.11382718926126306, 0.11417346133997566, 0.11286923170089722, 0.113397641674332, 0.11467123912139372, 0.11263239663094282, 0.11380069352248136, 0.11387247145175934, 0.1136494055390358, 0.11388138331034604, 0.11356628425419331, 0.11369591082135837, 0.11323874765956723, 0.11312463507056236, 0.11300865425304933, 0.11275412142276764, 0.11315843171399573, 0.11326117229622763, 0.1130000114440918, 0.1125842651182955, 0.11302792653441429, 0.11450715642422438, 0.1133648396935314, 0.11381232484497807, 0.1125467523932457, 0.11336897946894169, 0.11421483010053635, 0.11314357599864404, 0.11289709731936455, 0.11352142145236334, 0.11319268845459994, 0.11350168008357286, 0.1138960092582486, 0.1145072349093177, 0.11465459890090503, 0.11323702484369277, 0.11296367334822814, 0.11346956084554012, 0.11268671415746212, 0.11333620448907217, 0.11381071100109502, 0.11483824346214533, 0.11347929629925135, 0.11337420125217999, 0.11553075723350048, 0.11404586459199588, 0.11278047598898411, 0.11307408341339656, 0.11316059617435231, 0.11375249127546946, 0.11356506439355704, 0.1137090257622979, 0.11382204858642636, 0.11394682391123338, 0.11401060149073601, 0.1137420678960866, 0.11288669407367706, 0.1129085255019805, 0.11309419572353363, 0.113766427223499, 0.11320065148174763, 0.11259482949972152, 0.11324633933879712, 0.11377592327503058, 0.11407335806224081, 0.11421130712215717, 0.1142385218824659, 0.113834609492467, 0.11339621525257826, 0.1140447494884332, 0.11322138160467148, 0.11298879070414437, 0.11242815734524476, 0.11281220987439156, 0.11291126534342766, 0.1136162741617723, 0.11335655301809311, 0.11358530322710673, 0.11378121640413039, 0.11299185098513313, 0.11434150487184525, 0.11324857784943147, 0.11292038432189397, 0.11219923570752144, 0.11323232150503568, 0.11335761700239447, 0.11343253155549367, 0.11397960443388332, 0.11344157775928235, 0.11384478859279466, 0.11296053876479467, 0.11265303076882112, 0.11304407258485925, 0.11232652041045102, 0.11276048570871353, 0.11357046721073297, 0.11414814897273716, 0.11351391077041625, 0.11303316056728363, 0.11291694698425439, 0.11368877014943532, 0.11367346656819184, 0.11319293673986043, 0.11337893911533886, 0.11385220492428, 0.11271114647388458, 0.11290793667236963, 0.11261314289136366, 0.11429788375442679, 0.11240517836192558, 0.11277165611584981, 0.11277273446321487, 0.11288105063140393, 0.1129076902109843, 0.11305465176701546, 0.11342423433257688, 0.11320849036683842, 0.11307346696654956, 0.11280728876590729, 0.11372138783335686, 0.11301918590770048, 0.1130714096404888, 0.11312516752098288, 0.11333717405796051, 0.11467264154378105, 0.11341045099881387, 0.11327638383954763, 0.11029557883739471, 0.11299939536386067, 0.11375507488846778, 0.11308779959615908, 0.11338418285394537, 0.11357188384447779, 0.1136928932631717, 0.11383311099865857, 0.11416099096337955, 0.11266898421140817, 0.11341005519909017, 0.11369848405492716, 0.11364584720947525, 0.11260721236467361, 0.1134705709462816, 0.11375508193046815, 0.11273486370390112, 0.1132371025159955, 0.11355103791824409, 0.11280985251069069, 0.11400797963142395, 0.11321872946890918, 0.11260222345590591, 0.11351671752830346, 0.11427878821268678, 0.1138188116825544, 0.11372837559743361, 0.11383380880579352, 0.11314718425273895, 0.11321931204625539, 0.11347768061301287, 0.11280579022739244, 0.11278914627821549, 0.1125865951180458, 0.11294385145107905, 0.11317654504724171, 0.11229129694402218, 0.11350101418793201, 0.11338566442330679, 0.11417365446686745, 0.11272017657756805, 0.11314153728576806, 0.11312864104221607, 0.11378663405776024, 0.11304912888086759, 0.11313605960458517, 0.11355911254098541, 0.11261130621035893, 0.11302884876728057, 0.11249701856147676, 0.11328151722749075, 0.11389888226985931, 0.11400937056168914, 0.11228529705355565, 0.11348094520243732, 0.11307281106710435, 0.11427576270173578, 0.11307205733927814, 0.11381186201022221, 0.11267047813710045, 0.11379235858718555, 0.11449066210876811, 0.11336150039465, 0.11292871718223278, 0.11400540714914148, 0.11338557631653898, 0.11309527556101481, 0.11294828287579796, 0.11322457909584045, 0.11268928105180914, 0.11384630046392742, 0.11391583411023021, 0.1139763561077416, 0.11432225207487742, 0.11261335365912493, 0.11352806591561862, 0.11256446399622494, 0.11349909603595734, 0.1132764145731926, 0.11361874795208375, 0.11336828342505864, 0.1132320976919598, 0.11284904317422347, 0.1133032576604323, 0.11263883157688029, 0.11359369410918309, 0.11232680933816093, 0.11360852894457904, 0.11302439549139567, 0.11408122425729578, 0.1141511904341834, 0.11398793055730708, 0.11338303470984101, 0.11338000893592834, 0.1147859278652403, 0.11463438802295262, 0.11235928738659079, 0.11375848716124892, 0.11349415803949038, 0.1134247395553087, 0.11388312981409185, 0.11408184413556699, 0.11345002747007779, 0.11235690744299638, 0.11381543171592057, 0.11377669836987149, 0.11277740374207497, 0.1135290044805278, 0.11374608248472214, 0.1132787097659376, 0.11392346946966081, 0.1133086417730038, 0.11318954130013784, 0.11343705992807042, 0.11445868760347366, 0.11311232163147493, 0.11369102062850163, 0.11382754923815423, 0.11385788470506668, 0.11325667851737567, 0.11276473448826717, 0.11291180998086929, 0.11348542790202533, 0.11323718452139904, 0.11418963298201561, 0.11390917787426397, 0.11351815900868839, 0.11290358426049352, 0.11388710283097767, 0.1128864482873016, 0.11175652816891671, 0.1142658789952596, 0.11364896506071091, 0.11274989834055305, 0.11289448697458614, 0.11349606474763468, 0.11255831542340192, 0.11357357787589233, 0.11379138727982839, 0.1141673567203375, 0.11331325769424438, 0.11253114352966177, 0.11406598033176528, 0.11373715682162179, 0.11237854138016701, 0.11462559203306834, 0.1139356940984726, 0.11334774589964322, 0.11388782762429293, 0.11283903196454048, 0.11332064034307704, 0.113941783292426, 0.11369443964213133, 0.11358401111581108, 0.11411488470104006, 0.11373652605449452, 0.11284913171244704, 0.1131911426782608, 0.11339915233353774, 0.11298618242144584, 0.11387898872296015, 0.11237332021648233, 0.11405661759468225, 0.11343105611476031, 0.11299237087368966, 0.11380594682234985, 0.11349553770075242, 0.11356948258785102, 0.11336918982366721, 0.11392707129319508, 0.11406858853603664, 0.11302833436500459, 0.11327802240848542, 0.11345942732360628, 0.11394095341009754, 0.11222624629735947, 0.11339743701475007, 0.1131591207307318, 0.11327336519956589, 0.11389669155081113, 0.11372368870412602, 0.11299311183393002, 0.11293860253962604, 0.11321084946393967, 0.11350398255246026, 0.11352521926164627, 0.11396871954202652], 1: [0.11361751183867455, 0.1130333895033056, 0.11421856532494228, 0.11311827898025513, 0.11329363659024239, 0.11457956123810548, 0.11393284698327383, 0.11371350660920143, 0.11257208552625445, 0.1137173900550062, 0.11396992206573486, 0.11365814845670354, 0.11358828009927974, 0.11319372217570033, 0.11325655411928892, 0.1132982740799586, 0.11387256094638039, 0.11336867660284042, 0.11379139497876167, 0.11484150520779869, 0.1128498396048179, 0.11333532631397247, 0.11226251224676768, 0.11268261210484938, 0.11315308138728142, 0.11376353518830405, 0.11417107690464366, 0.1133780412375927, 0.11304261237382889, 0.11388251256375086, 0.11410144503627505, 0.11415536627173424, 0.11382182687520981, 0.11280684694647788, 0.1131364634881417, 0.11288209462707693, 0.115413634372609, 0.11255617688099544, 0.11269938945770264, 0.11335863279444831, 0.11355202874312034, 0.11420801695850161, 0.11330648909012477, 0.11382933929562569, 0.11367034060614449, 0.11433909038702647, 0.11333639106967232, 0.1141846463084221, 0.11355663632804697, 0.1138237938284874, 0.11284001645716754, 0.11383429997497135, 0.11296615802815982, 0.1132541870077451, 0.11295506097376347, 0.11347200674936175, 0.11322625043491523, 0.11478200622580269, 0.11411154568195343, 0.11288804034976398, 0.11270852501575764, 0.11453981426629153, 0.11398737008372943, 0.11293809420683167, 0.1138164229117907, 0.11335873739285902, 0.11338427459651773, 0.11405517384409905, 0.11393487763901551, 0.11430589544276397, 0.11345698897327695, 0.11333436518907547, 0.11353889256715774, 0.11185822933912277, 0.11423123022541404, 0.11341302022337914, 0.11432610587640242, 0.11304532239834468, 0.11350115049969066, 0.11253602616488934, 0.11362697349654304, 0.11371239274740219, 0.11381512307203732, 0.11402500686900956, 0.11359094828367233, 0.11384129077196121, 0.11338790370659395, 0.11300332385760087, 0.11249716132879257, 0.11383477970957756, 0.11344679215779671, 0.11257282706598441, 0.11285826439658801, 0.11380528161923091, 0.11302080165062632, 0.11292236857116222, 0.11256012320518494, 0.11322707533836365, 0.11255276270888069, 0.11289355605840683, 0.1136839302337688, 0.11342265382409096, 0.1127948890391149, 0.11317062377929688, 0.11417518149722707, 0.11307773874564604, 0.11384835839271545, 0.1136237233877182, 0.11283577308058738, 0.11383491531014442, 0.11372867325941721, 0.11292675707270117, 0.11234571107409218, 0.11326375901699066, 0.11405391866962115, 0.11317034686605136, 0.11243839968334544, 0.11316034986692317, 0.11403373959991667, 0.11335136451654965, 0.11487412303686143, 0.11295006200671195, 0.11415256627581337, 0.11249931156635284, 0.11436528180326734, 0.11387374326586723, 0.1129165224053643, 0.11443273797631263, 0.11300347089767455, 0.11288057044148445, 0.11235916018486022, 0.11392710937394036, 0.11383912215630214, 0.11337877408816265, 0.11379417777061462, 0.113546974491328, 0.1126213625073433, 0.1132936529815197, 0.11339246978362401, 0.11345350799652246, 0.11337443983012979, 0.1129692391707347, 0.11211114066342513, 0.11424830416217446, 0.11368614367463371, 0.11389793398288581, 0.1143543462861668, 0.11422548691431682, 0.11358675360679626, 0.11287229135632515, 0.11304961740970612, 0.11329841826643262, 0.11325824700973251, 0.11350374186740202, 0.11254530400037766, 0.11357712132089279, 0.11306841149926186, 0.11433215845714916, 0.11414855122566223, 0.11298488481686665, 0.11269468731350368, 0.11288373089498943, 0.1128425874880382, 0.11356937810778618, 0.11283518539534675, 0.11444705799221992, 0.11353171191045217, 0.11391000139216582, 0.11284819787198846, 0.11349330935627222, 0.1131048610105234, 0.11428413465619087, 0.11372652140102889, 0.11265634074807167, 0.11400196633555672, 0.11271889433264733, 0.11453842148184776, 0.11300943218744718, 0.11283951690968345, 0.11273978464305401, 0.11349803516093422, 0.11342078778478834, 0.11207374632358551, 0.11316525025500192, 0.11230465546250343, 0.11378215367977436, 0.11381278119303963, 0.11397587464136236, 0.11357951213916143, 0.11266141791235317, 0.11431744626977226, 0.11451345102654563, 0.11360471608007655, 0.11271760198805067, 0.11357414970795314, 0.11444353610277176, 0.11256096201638381, 0.11318982528014616, 0.11481574349678479, 0.11425161077862694, 0.1136177983134985, 0.11327792778611183, 0.11353138647973537, 0.11313117634166371, 0.11350965425372124, 0.11399282291531562, 0.11365275355902585, 0.11268405563064984, 0.11375304650176656, 0.11381005631251769, 0.11324798029202682, 0.11346581975618998, 0.11376179531216621, 0.11282490938901901, 0.11443324444385675, 0.11275854435834018, 0.11269048899412155, 0.11360769109292464, 0.11407103165984153, 0.11346408032945224, 0.11257001478224993, 0.11192174380024274, 0.11425795051313582, 0.11264547223553938, 0.11408947293574993, 0.11292835976928473, 0.11278456797202428, 0.11388351814821362, 0.11418224200606346, 0.11250756206837567, 0.11303027209482695, 0.1134837915500005, 0.11348738645513852, 0.11420196904377504, 0.11263216015967456, 0.1139197458823522, 0.11350647272432551, 0.11268560452894731, 0.11347042196072064, 0.11294806545430963, 0.11395460481827076, 0.1127935666590929, 0.11295048147439957, 0.11291286535561085, 0.11256424550499235, 0.11358410323208029, 0.11306885480880738, 0.11419231295585633, 0.11326453420850965, 0.11405005707190587, 0.11344029754400253, 0.11391011581701391, 0.1135379746556282, 0.11323952195899827, 0.11290895600210536, 0.11322845444083214, 0.1139422464184463, 0.1144625883210789, 0.11230908582607906, 0.11395813710987568, 0.11308760138658377, 0.11354511876900991, 0.11319277137517929, 0.11222604165474574, 0.11411893218755723, 0.11371516978198831, 0.11311822384595871, 0.11381277661113177, 0.11334639847278595, 0.11337825804948806, 0.11259005218744278, 0.1132530140189024, 0.11349432509053838, 0.11420532487905942, 0.11321643342574438, 0.11278338150845633, 0.11438939273357392, 0.11336896816889445, 0.11243665094176929, 0.11234124046232966, 0.11272418851915159, 0.11313021332025527, 0.11420376226305962, 0.1132909981533885, 0.11336936289444566, 0.1133848528067271, 0.11219001401747976, 0.1133047379553318, 0.11321116852409699, 0.11344700613442589, 0.1145173768912043, 0.11323176771402359, 0.11418645509651729, 0.11361939683556557, 0.11335057904943824, 0.11344932983903323, 0.11427653843865675, 0.11308457007010778, 0.1139968139204112, 0.11428910866379738, 0.11300965968300314, 0.11322205407278878, 0.11294875095287958, 0.11374893859028816, 0.11366036948230532, 0.1123972821694154, 0.1130401037633419, 0.11271025782281702, 0.11365873292088509, 0.11316460777412761, 0.11346998885273933, 0.11417461136976878, 0.11342994943261146, 0.11396658773484983, 0.11337561160326004, 0.11460494791919534, 0.1140804501871268, 0.1131814457476139, 0.11332635753429852, 0.11316311592236161, 0.113117848833402, 0.11334942057728767, 0.11308039032987185, 0.11241989447311922, 0.1133448131955587, 0.11378239840269089, 0.11430220206578573, 0.11274047466841611, 0.11330898173830727, 0.11384143341671336, 0.11391752047671212, 0.11280760169029236, 0.11265808343887329, 0.11262306074301402, 0.11315201262110158, 0.11238378472626209, 0.11216622929681432, 0.11495552808046341, 0.11140330582857132, 0.1133033608396848, 0.11431627869606018, 0.11402530494061383, 0.11295986243269661, 0.11217644500235717, 0.11273951232433319, 0.11342353373765945, 0.11332761267056832, 0.11328362886394773, 0.11369905844330788, 0.11337081410668114, 0.11322454735636711, 0.1136879579109304, 0.11413990259170533, 0.11371429556089899, 0.11373073533177376, 0.11423869679371516, 0.11392153948545455, 0.11366036732991537, 0.11327983553592975, 0.11291939516862233, 0.1128157302737236, 0.11325920472542444, 0.11354709463194013, 0.11265516777833302, 0.11360522495074706, 0.1131585605442524, 0.11295425494511922, 0.11402398290542456, 0.11260849769626345, 0.11415350369431755, 0.11355767611946378, 0.1139044187963009, 0.11438109576702118, 0.11167375817894935, 0.1130277616056529, 0.11258268830451099, 0.11272838277121384, 0.11230082981861554, 0.11336412951350212, 0.11356415667317131, 0.1142059658964475, 0.11302777901291847, 0.11339680552482605, 0.11294461512251903, 0.11389627041561264, 0.1135564155199311, 0.11252681640061465, 0.11322396993637085, 0.11356830596923828, 0.11277133742204079, 0.11304827508601276, 0.11278681863437999, 0.11308268581827481, 0.11354552321135998, 0.1138753741979599, 0.11316768653117694, 0.1131451814012094, 0.11288359512885411, 0.11429300680756568, 0.11284093214915349, 0.11381175311712119, 0.11309817662605873, 0.11386284753680229, 0.11291762379308541, 0.1132390983402729, 0.11383929676734485, 0.11203425513072447, 0.11406849635144074, 0.11301421684523423, 0.11290493722145374, 0.11420347765088082, 0.11350408527586195, 0.11446591128002513, 0.11302581652998925, 0.1136105785315687, 0.11268316818909212, 0.11296141147613525, 0.11329717598855496, 0.11288385296409781, 0.11482380674435543, 0.11398144997656345, 0.1133316953976949, 0.11350138414473761, 0.1138820981278139, 0.11436868011951447, 0.1127831369638443, 0.11372157493058373, 0.11325548175308439, 0.11386695802211762, 0.11359099999946706, 0.11300507028188024, 0.11360499481944476, 0.11238471004698011, 0.11445884938750948, 0.11342353001236916, 0.113040658334891, 0.11341143456789163, 0.11261971890926362, 0.11347716218895382, 0.11345397394437057, 0.11351335392548488, 0.11261425099589607, 0.11415249481797218, 0.11322666469373201, 0.11280550062656403, 0.11399494168850091, 0.11309376731514931, 0.11348322778940201, 0.11376333634058634, 0.11276129782199859, 0.113119588047266, 0.1126953125, 0.11267929683838572, 0.11424560762113994, 0.1141800969839096, 0.11350680210373619, 0.1130042319948023, 0.11279453846969102, 0.11356535822153091, 0.11259415298700333, 0.11338926174423912, 0.11414162235127555, 0.11394667185165665, 0.11299388923428276, 0.11428155079483986, 0.11372524456066244, 0.1132532674819231, 0.11357973109592091, 0.114570668588082, 0.11410616586605708, 0.11360586235920588, 0.11374473683536053, 0.1137298122048378, 0.11311124339699745, 0.11434823561173219, 0.11297360574826598, 0.11380235158971377, 0.11372573595297963, 0.11266865847366196, 0.11242784708738326, 0.11450856882664892, 0.11219419768223396, 0.11454259604215622, 0.11204765278559464, 0.11354154782990615, 0.11321738430044868, 0.11353530057451942, 0.11289237663149834, 0.11365738052588242, 0.11353800942500432, 0.11281794371704261, 0.11272228550579813, 0.11345772620509653, 0.11230956627563997, 0.11281424335071019, 0.11261910732303347, 0.11186738312244415, 0.11298807933926583, 0.11308703431859612, 0.1121501718958219, 0.11294918383161227, 0.11372517794370651, 0.11323886116345723, 0.11292207688093185, 0.1126290992833674, 0.11396736651659012, 0.11278641223907471, 0.11304866295793782, 0.11288006380200385, 0.11248838653167088, 0.11298369119564693, 0.11341029405593872, 0.11403469102723258, 0.11347362846136093, 0.1141967624425888, 0.1124918217008764, 0.11403002876501817, 0.1125306785106659, 0.11284673884510994, 0.11361265853047371, 0.11324793174862861, 0.11262886340801533, 0.11387559995055199, 0.1126663622756799, 0.11370713512102763, 0.11296652629971504, 0.1135940274054354, 0.11389358955271103, 0.11366267409175634, 0.11348361475393176, 0.11355699300765991, 0.11358619600534439, 0.11364709103808683, 0.11476727371866052, 0.11299233544956554, 0.11358257085084915, 0.11384568764613225, 0.11425007358193398, 0.11338310564557712, 0.11423995904624462, 0.11370089682547943, 0.11257106065750122, 0.11328475127617518, 0.11427861738663453, 0.11325819293657939, 0.11251788586378098, 0.11394246880497251, 0.11318695816126736, 0.11287175640463828, 0.11334867603503741, 0.11323685944080353, 0.11401367322965102, 0.11337981440804222, 0.11285728482263428, 0.11292473429983313, 0.11400292388030461, 0.11417244374752045, 0.11306132918054407, 0.11226636618375778, 0.11307863625032562, 0.11360300400040367, 0.113343784077601, 0.11315652579069138, 0.11298859899952299, 0.11280647665262222, 0.1141222968697548, 0.11497029364109039, 0.11335919238626957, 0.11296994824494634, 0.11341650635004044, 0.11342545143432087, 0.11335580796003342, 0.11328411409083534, 0.11410394534468651, 0.11311992257833481, 0.11411079178963389, 0.11314800178462808, 0.11306639601077352, 0.11309870953361194, 0.11456815492023122, 0.11577287832131752, 0.11248618695471022, 0.1138511411845684, 0.11255432771784919, 0.11362025969558293, 0.11351355368440802, 0.1130937407059329, 0.11405799005712781, 0.11234836131334305, 0.11339383025964102, 0.11428511074998161, 0.11314407587051392, 0.11353639347685708, 0.11293017566204071, 0.11428034380078315, 0.11431629732251167, 0.11341340914368629, 0.11329944890279037, 0.11307109085222085, 0.11343499432717051, 0.11377603709697723, 0.11383868753910065, 0.11302260160446168, 0.11308595366202868, 0.11268991082906724, 0.11162774115800858, 0.1129817698489536, 0.11307272924618288, 0.11365782469511032, 0.11365741416811943, 0.11448906476681049, 0.11366399716247212, 0.11387619599699975, 0.11410104762762785, 0.11282130944378235, 0.11370321972803636, 0.11265337123320653, 0.11384851187467575, 0.11397274312647906, 0.1137907827893893, 0.11387547602256139, 0.11355770150056252, 0.11386052862955974, 0.11292066735525925, 0.11246069094964437, 0.11385239397778231, 0.11326492130756378, 0.11530510634183884, 0.11358787572902182, 0.11342980035326698, 0.11293220348083056, 0.11330667743459344, 0.11464314609766006, 0.11254355514591391, 0.11265291025241216, 0.11375830757121246, 0.11458090469241142, 0.11375604487127727, 0.11377728256312283, 0.11343411645955509, 0.11400375608354807, 0.11214242875576019, 0.11377292592078447, 0.1136868807176749, 0.11357010287397049, 0.11373346298933029, 0.11318548619747162, 0.11400072005662051, 0.11338913046261843, 0.11364129247764747, 0.11370317488908768, 0.112973318900913, 0.11395186260342598, 0.114720879630609, 0.11317954415624792, 0.1133012358437885, 0.11256691387721471, 0.11399067464199933, 0.11282756999135017, 0.1138932691379027, 0.11277932939784867, 0.11354161528023807, 0.11396860224860055, 0.1134280152618885, 0.11419409919868816, 0.11291399142808384, 0.11308467813900538, 0.113071109354496, 0.11333907395601273, 0.11450537145137787, 0.11347910931164568, 0.11309779981772104, 0.11298868763777944, 0.1130206361413002, 0.11244616458813349, 0.11230660907246849, 0.11379251815378666, 0.11320165097713471, 0.11377936262976039, 0.11316023849778706, 0.11329836398363113, 0.11299226318414395, 0.11364488899707795, 0.11342556571418588, 0.11363358361025651, 0.1139806941151619, 0.11308303741472107, 0.11374610364437103, 0.11345183636460986, 0.11320638991892337, 0.11355725365380447, 0.1134910136461258, 0.11267677508294582, 0.11217408403754234, 0.113448865711689, 0.11339786953546784, 0.11354796960949898, 0.11297100431778852, 0.11420182103202456, 0.1148843461026748, 0.11322072690183466, 0.11446286216378213, 0.11366538107395172, 0.11297894716262817, 0.11407247974592097, 0.11484556334714095, 0.11383556649088859, 0.11403736946257678, 0.11403530463576317, 0.11358921354015668, 0.11310360815964247, 0.11227093487977982, 0.11310191239629473, 0.11235913431102579, 0.1132086083292961, 0.11296138229469459, 0.11336663839491931, 0.11322376802563668, 0.11367489621043206, 0.11347868256270885, 0.11357696297077033, 0.11297567271524006, 0.11282787472009659, 0.11258812807500362, 0.1139150791698032, 0.11331069635020362, 0.11504695812861125, 0.11296749816221349, 0.1125888297191033, 0.11430043950676919, 0.11351408988237381, 0.11342929179469745, 0.11348954702799137, 0.11371227779558726, 0.11364364251494408, 0.1143046454526484, 0.11323103394645911, 0.11289653306206067, 0.11436107754707336, 0.11474244371056556, 0.11359654739499092, 0.11276065896857869, 0.11306291818618774, 0.11446860209107398, 0.11240671168674123, 0.11271561765008503, 0.1130621666709582, 0.11287714954879549, 0.11330655310302973, 0.11327873766422272, 0.11304728280414235, 0.11356638439676979, 0.11348519208175796, 0.11238734559579329, 0.11366787138912413, 0.1136314444243908, 0.11261085894974796, 0.11225972473621368, 0.11358085771401723, 0.11292613297700882, 0.11299903690814972, 0.11388571477598614, 0.11434471557537715, 0.11362534885605176, 0.1135768120487531, 0.11366429179906845, 0.11388212069869041, 0.11355927735567092, 0.11378736570477485, 0.1121694128960371, 0.1143360536383546, 0.11298163777047937, 0.11311222772513117, 0.1135414337946309, 0.1136094977458318, 0.11319376714527607, 0.11470630223100836, 0.11334011664516047, 0.11347380243241786, 0.11413660272955894, 0.11417301405559886, 0.11310397494922984, 0.11226962382594745, 0.11399091556668281, 0.11432434680561225, 0.11282780881111439, 0.11264201924204827, 0.11328260824084282, 0.11461235848920685, 0.11252434365451336, 0.11340869921776983, 0.11282603293657303, 0.1136677164052214, 0.11335153356194497, 0.11360652638333184, 0.11433882836033316, 0.11177625965613586, 0.1137121973389929, 0.11335426631073157, 0.11264272468785445, 0.112758469581604, 0.11304899851481119, 0.11280028894543648, 0.1136038951575756, 0.11316881775856018, 0.1130888658491048, 0.11365988776087761, 0.1133688564101855, 0.11337680866320927, 0.11334608495235443, 0.11342857678731283, 0.11383653432130814, 0.11410161649638956, 0.11352777928113937, 0.11156463126341502, 0.11396817030275569, 0.11419812589883804, 0.11403426304459571, 0.11393398484762977, 0.11322189122438431, 0.11369868503375487, 0.11302913352847099, 0.11333086672756407, 0.11329452151601965, 0.11392210453748702, 0.11181511729955673, 0.11330957545174493, 0.11319034267216921, 0.11367405034028567, 0.11417693995377597, 0.11360192485153675, 0.11382806375622749, 0.1136045701801777, 0.11251123834933553, 0.11429266184568405, 0.11342765390872955, 0.11309786438941956, 0.11304258497861716, 0.11450226108233134, 0.11319190805608575, 0.11315119452774525, 0.11287094503641129, 0.11369154080748559, 0.11353181438012556, 0.11330528780817986, 0.11428032740950585, 0.11336054363184506, 0.11334874480962753, 0.11339195749976418, 0.11332642573576707, 0.11324002428187264, 0.11401999038126734, 0.11366505362093449, 0.11325610826412837, 0.11260397596792741, 0.11362477466464042, 0.11318865099123546, 0.11247701868414879, 0.11237235963344575, 0.11435385522517291, 0.11427441285923123, 0.11368680894374847, 0.11341998048804024, 0.11399222050721829, 0.11332593790509483, 0.11365045346319676, 0.1128635416428248, 0.11324357017874717, 0.11394761353731156, 0.11399737062553565, 0.11378433108329773, 0.11305826604366302, 0.11379944682121276, 0.11292361170053482, 0.11265376284718513, 0.11370856480465995, 0.11263436389466126, 0.11285231315663882, 0.11328219283710826, 0.11456023529171944, 0.11289832478060442, 0.11419771565124393, 0.11348714381456375, 0.11213125153021379, 0.11421837508678437, 0.11332912918399363, 0.11261179188595098, 0.11305144293741747, 0.11377932131290436, 0.11376420476219871, 0.11356846574279997, 0.11222713192303975, 0.11311752572655678, 0.11339532434940339, 0.11318512793098177, 0.11348979982237022, 0.11281236261129379, 0.11402987795216697, 0.11333538740873336, 0.11314848237312757, 0.1126162399138723, 0.11325775161385536, 0.11378954981382076, 0.11228605583310128, 0.11302818472568806, 0.1134983402277742, 0.11348444489496094, 0.11447961522000176, 0.11368178650736808, 0.11298702084101163, 0.11413673540720573, 0.11372548652191956, 0.11392941211278622, 0.11419139569625258, 0.11355445235967636, 0.11339513088266055, 0.11222589761018753, 0.11350471749901772, 0.11296659409999847, 0.1129941615191373, 0.11244990974664688, 0.11310460837557912, 0.11381374895572663, 0.11376547534018755, 0.11273281134310223, 0.11307094778333392, 0.11288840120488947, 0.11346385289322246, 0.11382449737616948, 0.11281914015611012, 0.11390699765511922, 0.1138404905796051, 0.11357895980278651, 0.11396967348727313, 0.11367868090217764, 0.11300683819821902, 0.11330457106232643, 0.11525175273418427, 0.11349909173117743, 0.11419686004519462, 0.11276219311085614, 0.11445363548894723, 0.11236205222931775, 0.11358377603547913, 0.11310299880364362, 0.11256400353851773, 0.11350909354431289, 0.11383478567004204, 0.11313539329502317, 0.11480164155364037, 0.11478974670171738, 0.11246787607669831, 0.11299556195735931, 0.11317587209244569, 0.11458484402724675, 0.1141958050429821, 0.11407093480229377, 0.11309248469769954, 0.1134408230964954, 0.11372680999338627, 0.11295583979649977, 0.11279967020858418, 0.1140184427301089, 0.1125459261238575, 0.11532688614996997, 0.11292653530836105, 0.1137117939916524, 0.11312943058354515, 0.11432677168737758, 0.11362272820302419, 0.11364192060298389, 0.1135577611052073, 0.11310871758244255, 0.11313202805244006, 0.11402202329852364, 0.11373528773369997, 0.1127218549901789, 0.11271577667106282, 0.11298563684287824, 0.11250951005653902, 0.11255801198157397, 0.11310941651463509, 0.11273201406002045, 0.11309877410531044, 0.113590598727266, 0.11469070687890053, 0.11274131884177525, 0.11357638307593086, 0.1129844927539428, 0.11339045595377684, 0.11267222464084625, 0.11267716331141335, 0.11368006219466527, 0.11397440110643704, 0.11388296261429787, 0.1135982796549797, 0.11419128626585007, 0.11432874575257301]}