('OC-FakeDect1 (Trained on AVG Dataset) \nTested on AVG CDFv2 Dataset \nRunning Average Evaluation', 'OC-FakeDect1_AVG', 'AVG', 'OC-FakeDect1_AVG_raeonAVG')
auroc=0.5138483305036785
f1=0.6506787330316741
prec=0.9159235668789809
recall=0.5045614035087719

fpr=[0.0, 0.5045614035087719, 1.0]

tpr=[0.0, 0.532258064516129, 1.0]

y_true=[0, 0, 0, 0, 0, 0, 0, 0, 0, 0, 0, 0, 0, 0, 0, 0, 0, 0, 0, 0, 0, 0, 0, 0, 0, 0, 0, 0, 0, 0, 0, 0, 0, 0, 0, 0, 0, 0, 0, 0, 0, 0, 0, 0, 0, 0, 0, 0, 0, 0, 0, 0, 0, 0, 0, 0, 0, 0, 0, 0, 0, 0, 0, 0, 0, 0, 0, 0, 0, 0, 0, 0, 0, 0, 0, 0, 0, 0, 0, 0, 0, 0, 0, 0, 0, 0, 0, 0, 0, 0, 0, 0, 0, 0, 0, 0, 0, 0, 0, 0, 0, 0, 0, 0, 0, 0, 0, 0, 0, 0, 0, 0, 0, 0, 0, 0, 0, 0, 0, 0, 0, 0, 0, 0, 1, 1, 1, 1, 1, 1, 1, 1, 1, 1, 1, 1, 1, 1, 1, 1, 1, 1, 1, 1, 1, 1, 1, 1, 1, 1, 1, 1, 1, 1, 1, 1, 1, 1, 1, 1, 1, 1, 1, 1, 1, 1, 1, 1, 1, 1, 1, 1, 1, 1, 1, 1, 1, 1, 1, 1, 1, 1, 1, 1, 1, 1, 1, 1, 1, 1, 1, 1, 1, 1, 1, 1, 1, 1, 1, 1, 1, 1, 1, 1, 1, 1, 1, 1, 1, 1, 1, 1, 1, 1, 1, 1, 1, 1, 1, 1, 1, 1, 1, 1, 1, 1, 1, 1, 1, 1, 1, 1, 1, 1, 1, 1, 1, 1, 1, 1, 1, 1, 1, 1, 1, 1, 1, 1, 1, 1, 1, 1, 1, 1, 1, 1, 1, 1, 1, 1, 1, 1, 1, 1, 1, 1, 1, 1, 1, 1, 1, 1, 1, 1, 1, 1, 1, 1, 1, 1, 1, 1, 1, 1, 1, 1, 1, 1, 1, 1, 1, 1, 1, 1, 1, 1, 1, 1, 1, 1, 1, 1, 1, 1, 1, 1, 1, 1, 1, 1, 1, 1, 1, 1, 1, 1, 1, 1, 1, 1, 1, 1, 1, 1, 1, 1, 1, 1, 1, 1, 1, 1, 1, 1, 1, 1, 1, 1, 1, 1, 1, 1, 1, 1, 1, 1, 1, 1, 1, 1, 1, 1, 1, 1, 1, 1, 1, 1, 1, 1, 1, 1, 1, 1, 1, 1, 1, 1, 1, 1, 1, 1, 1, 1, 1, 1, 1, 1, 1, 1, 1, 1, 1, 1, 1, 1, 1, 1, 1, 1, 1, 1, 1, 1, 1, 1, 1, 1, 1, 1, 1, 1, 1, 1, 1, 1, 1, 1, 1, 1, 1, 1, 1, 1, 1, 1, 1, 1, 1, 1, 1, 1, 1, 1, 1, 1, 1, 1, 1, 1, 1, 1, 1, 1, 1, 1, 1, 1, 1, 1, 1, 1, 1, 1, 1, 1, 1, 1, 1, 1, 1, 1, 1, 1, 1, 1, 1, 1, 1, 1, 1, 1, 1, 1, 1, 1, 1, 1, 1, 1, 1, 1, 1, 1, 1, 1, 1, 1, 1, 1, 1, 1, 1, 1, 1, 1, 1, 1, 1, 1, 1, 1, 1, 1, 1, 1, 1, 1, 1, 1, 1, 1, 1, 1, 1, 1, 1, 1, 1, 1, 1, 1, 1, 1, 1, 1, 1, 1, 1, 1, 1, 1, 1, 1, 1, 1, 1, 1, 1, 1, 1, 1, 1, 1, 1, 1, 1, 1, 1, 1, 1, 1, 1, 1, 1, 1, 1, 1, 1, 1, 1, 1, 1, 1, 1, 1, 1, 1, 1, 1, 1, 1, 1, 1, 1, 1, 1, 1, 1, 1, 1, 1, 1, 1, 1, 1, 1, 1, 1, 1, 1, 1, 1, 1, 1, 1, 1, 1, 1, 1, 1, 1, 1, 1, 1, 1, 1, 1, 1, 1, 1, 1, 1, 1, 1, 1, 1, 1, 1, 1, 1, 1, 1, 1, 1, 1, 1, 1, 1, 1, 1, 1, 1, 1, 1, 1, 1, 1, 1, 1, 1, 1, 1, 1, 1, 1, 1, 1, 1, 1, 1, 1, 1, 1, 1, 1, 1, 1, 1, 1, 1, 1, 1, 1, 1, 1, 1, 1, 1, 1, 1, 1, 1, 1, 1, 1, 1, 1, 1, 1, 1, 1, 1, 1, 1, 1, 1, 1, 1, 1, 1, 1, 1, 1, 1, 1, 1, 1, 1, 1, 1, 1, 1, 1, 1, 1, 1, 1, 1, 1, 1, 1, 1, 1, 1, 1, 1, 1, 1, 1, 1, 1, 1, 1, 1, 1, 1, 1, 1, 1, 1, 1, 1, 1, 1, 1, 1, 1, 1, 1, 1, 1, 1, 1, 1, 1, 1, 1, 1, 1, 1, 1, 1, 1, 1, 1, 1, 1, 1, 1, 1, 1, 1, 1, 1, 1, 1, 1, 1, 1, 1, 1, 1, 1, 1, 1, 1, 1, 1, 1, 1, 1, 1, 1, 1, 1, 1, 1, 1, 1, 1, 1, 1, 1, 1, 1, 1, 1, 1, 1, 1, 1, 1, 1, 1, 1, 1, 1, 1, 1, 1, 1, 1, 1, 1, 1, 1, 1, 1, 1, 1, 1, 1, 1, 1, 1, 1, 1, 1, 1, 1, 1, 1, 1, 1, 1, 1, 1, 1, 1, 1, 1, 1, 1, 1, 1, 1, 1, 1, 1, 1, 1, 1, 1, 1, 1, 1, 1, 1, 1, 1, 1, 1, 1, 1, 1, 1, 1, 1, 1, 1, 1, 1, 1, 1, 1, 1, 1, 1, 1, 1, 1, 1, 1, 1, 1, 1, 1, 1, 1, 1, 1, 1, 1, 1, 1, 1, 1, 1, 1, 1, 1, 1, 1, 1, 1, 1, 1, 1, 1, 1, 1, 1, 1, 1, 1, 1, 1, 1, 1, 1, 1, 1, 1, 1, 1, 1, 1, 1, 1, 1, 1, 1, 1, 1, 1, 1, 1, 1, 1, 1, 1, 1, 1, 1, 1, 1, 1, 1, 1, 1, 1, 1, 1, 1, 1, 1, 1, 1, 1, 1, 1, 1, 1, 1, 1, 1, 1, 1, 1, 1, 1, 1, 1, 1, 1, 1, 1, 1, 1, 1, 1, 1, 1, 1, 1, 1, 1, 1, 1, 1, 1, 1, 1, 1, 1, 1, 1, 1, 1, 1, 1, 1, 1, 1, 1, 1, 1, 1, 1, 1, 1, 1, 1, 1, 1, 1, 1, 1, 1, 1, 1, 1, 1, 1, 1, 1, 1, 1, 1, 1, 1, 1, 1, 1, 1, 1, 1, 1, 1, 1, 1, 1, 1, 1, 1, 1, 1, 1, 1, 1, 1, 1, 1, 1, 1, 1, 1, 1, 1, 1, 1, 1, 1, 1, 1, 1, 1, 1, 1, 1, 1, 1, 1, 1, 1, 1, 1, 1, 1, 1, 1, 1, 1, 1, 1, 1, 1, 1, 1, 1, 1, 1, 1, 1, 1, 1, 1, 1, 1, 1, 1, 1, 1, 1, 1, 1, 1, 1, 1, 1, 1, 1, 1, 1, 1, 1, 1, 1, 1, 1, 1, 1, 1, 1, 1, 1, 1, 1, 1, 1, 1, 1, 1, 1, 1, 1, 1, 1, 1, 1, 1, 1, 1, 1, 1, 1, 1, 1, 1, 1, 1, 1, 1, 1, 1, 1, 1, 1, 1, 1, 1, 1, 1, 1, 1, 1, 1, 1, 1, 1, 1, 1, 1, 1, 1, 1, 1, 1, 1, 1, 1, 1, 1, 1, 1, 1, 1, 1, 1, 1, 1, 1, 1, 1, 1, 1, 1, 1, 1, 1, 1, 1, 1, 1, 1, 1, 1, 1, 1, 1, 1, 1, 1, 1, 1, 1, 1, 1, 1, 1, 1, 1, 1, 1, 1, 1, 1, 1, 1, 1, 1, 1, 1, 1, 1, 1, 1, 1, 1, 1, 1, 1, 1, 1, 1, 1, 1, 1, 1, 1, 1, 1, 1, 1, 1, 1, 1, 1, 1, 1, 1, 1, 1, 1, 1, 1, 1, 1, 1, 1, 1, 1, 1, 1, 1, 1, 1, 1, 1, 1, 1, 1, 1, 1, 1, 1, 1, 1, 1, 1, 1, 1, 1, 1, 1, 1, 1, 1, 1, 1, 1, 1, 1, 1, 1, 1, 1, 1, 1, 1, 1, 1, 1, 1, 1, 1, 1, 1, 1, 1, 1, 1, 1, 1, 1, 1, 1, 1, 1, 1, 1, 1, 1, 1, 1, 1, 1, 1, 1, 1, 1, 1, 1, 1, 1, 1, 1, 1, 1, 1, 1, 1, 1, 1, 1, 1, 1, 1, 1, 1, 1, 1, 1, 1, 1, 1, 1, 1, 1, 1, 1, 1, 1, 1, 1, 1, 1, 1, 1, 1, 1, 1, 1, 1, 1, 1, 1, 1, 1, 1, 1, 1, 1, 1, 1, 1, 1, 1, 1, 1, 1, 1, 1, 1, 1, 1, 1, 1, 1, 1, 1, 1, 1, 1, 1, 1, 1, 1, 1, 1, 1, 1, 1, 1, 1, 1, 1, 1, 1, 1, 1, 1, 1, 1, 1, 1, 1, 1, 1, 1, 1, 1, 1, 1, 1, 1, 1, 1, 1, 1, 1, 1, 1, 1, 1, 1, 1, 1, 1, 1, 1, 1, 1, 1, 1, 1, 1, 1, 1, 1, 1, 1, 1, 1, 1, 1, 1, 1, 1, 1, 1, 1, 1, 1, 1, 1, 1, 1, 1, 1, 1, 1, 1, 1, 1, 1, 1, 1, 1, 1, 1, 1, 1, 1, 1, 1, 1, 1, 1, 1, 1, 1, 1, 1, 1, 1, 1, 1, 1, 1, 1, 1, 1, 1, 1, 1, 1, 1, 1, 1, 1, 1, 1, 1, 1, 1, 1, 1, 1, 1, 1, 1, 1, 1, 1, 1, 1, 1, 1, 1, 1, 1, 1, 1, 1, 1, 1, 1]

y_pred=[0.0, 0.0, 1.0, 1.0, 1.0, 1.0, 0.0, 0.0, 0.0, 1.0, 1.0, 1.0, 1.0, 1.0, 1.0, 1.0, 1.0, 0.0, 1.0, 0.0, 0.0, 0.0, 1.0, 0.0, 1.0, 1.0, 1.0, 1.0, 1.0, 0.0, 1.0, 1.0, 0.0, 1.0, 0.0, 1.0, 1.0, 0.0, 0.0, 0.0, 0.0, 0.0, 0.0, 0.0, 0.0, 1.0, 1.0, 1.0, 0.0, 1.0, 1.0, 0.0, 1.0, 1.0, 1.0, 1.0, 0.0, 0.0, 0.0, 1.0, 0.0, 0.0, 1.0, 0.0, 1.0, 0.0, 0.0, 1.0, 0.0, 1.0, 1.0, 1.0, 0.0, 1.0, 0.0, 0.0, 0.0, 0.0, 1.0, 1.0, 0.0, 0.0, 1.0, 0.0, 1.0, 0.0, 0.0, 1.0, 1.0, 1.0, 0.0, 0.0, 0.0, 0.0, 0.0, 1.0, 1.0, 1.0, 1.0, 0.0, 1.0, 0.0, 0.0, 0.0, 1.0, 1.0, 0.0, 0.0, 0.0, 1.0, 0.0, 0.0, 0.0, 0.0, 0.0, 0.0, 1.0, 0.0, 0.0, 0.0, 0.0, 0.0, 1.0, 0.0, 1.0, 0.0, 1.0, 0.0, 0.0, 0.0, 0.0, 0.0, 1.0, 0.0, 0.0, 0.0, 0.0, 1.0, 0.0, 0.0, 0.0, 0.0, 1.0, 1.0, 1.0, 1.0, 1.0, 0.0, 0.0, 1.0, 1.0, 1.0, 1.0, 1.0, 0.0, 0.0, 1.0, 0.0, 0.0, 0.0, 0.0, 1.0, 1.0, 1.0, 1.0, 1.0, 1.0, 1.0, 0.0, 0.0, 0.0, 1.0, 0.0, 0.0, 1.0, 1.0, 0.0, 0.0, 0.0, 0.0, 1.0, 1.0, 0.0, 0.0, 1.0, 1.0, 0.0, 1.0, 1.0, 1.0, 0.0, 0.0, 1.0, 1.0, 0.0, 0.0, 1.0, 1.0, 0.0, 1.0, 0.0, 0.0, 1.0, 1.0, 0.0, 0.0, 1.0, 1.0, 1.0, 0.0, 1.0, 0.0, 1.0, 0.0, 0.0, 0.0, 1.0, 0.0, 0.0, 1.0, 0.0, 0.0, 1.0, 0.0, 0.0, 1.0, 1.0, 1.0, 1.0, 1.0, 0.0, 0.0, 0.0, 1.0, 0.0, 0.0, 1.0, 0.0, 1.0, 0.0, 0.0, 0.0, 0.0, 0.0, 0.0, 1.0, 1.0, 0.0, 1.0, 1.0, 1.0, 1.0, 1.0, 1.0, 0.0, 0.0, 0.0, 1.0, 1.0, 0.0, 1.0, 1.0, 0.0, 0.0, 0.0, 0.0, 0.0, 0.0, 0.0, 1.0, 0.0, 0.0, 0.0, 0.0, 0.0, 1.0, 0.0, 0.0, 0.0, 1.0, 0.0, 0.0, 1.0, 1.0, 1.0, 1.0, 1.0, 1.0, 1.0, 1.0, 0.0, 1.0, 1.0, 0.0, 1.0, 1.0, 0.0, 1.0, 1.0, 0.0, 1.0, 0.0, 0.0, 1.0, 0.0, 1.0, 1.0, 0.0, 0.0, 0.0, 0.0, 0.0, 1.0, 0.0, 0.0, 1.0, 0.0, 0.0, 1.0, 1.0, 0.0, 1.0, 0.0, 1.0, 1.0, 0.0, 1.0, 0.0, 0.0, 0.0, 1.0, 0.0, 0.0, 0.0, 0.0, 0.0, 0.0, 1.0, 1.0, 0.0, 1.0, 1.0, 0.0, 0.0, 1.0, 1.0, 1.0, 0.0, 1.0, 0.0, 1.0, 0.0, 1.0, 0.0, 0.0, 1.0, 1.0, 1.0, 1.0, 1.0, 0.0, 1.0, 0.0, 0.0, 1.0, 1.0, 0.0, 1.0, 1.0, 1.0, 1.0, 0.0, 0.0, 0.0, 0.0, 0.0, 0.0, 0.0, 1.0, 0.0, 1.0, 0.0, 0.0, 1.0, 0.0, 1.0, 0.0, 0.0, 1.0, 0.0, 1.0, 0.0, 0.0, 0.0, 0.0, 1.0, 1.0, 0.0, 1.0, 1.0, 0.0, 1.0, 0.0, 0.0, 0.0, 0.0, 1.0, 0.0, 0.0, 1.0, 1.0, 0.0, 0.0, 0.0, 0.0, 0.0, 1.0, 1.0, 1.0, 0.0, 1.0, 1.0, 0.0, 0.0, 1.0, 0.0, 1.0, 1.0, 1.0, 1.0, 0.0, 1.0, 0.0, 0.0, 1.0, 1.0, 0.0, 0.0, 0.0, 0.0, 1.0, 1.0, 0.0, 1.0, 1.0, 0.0, 1.0, 1.0, 0.0, 0.0, 1.0, 0.0, 0.0, 1.0, 0.0, 0.0, 1.0, 1.0, 0.0, 0.0, 0.0, 0.0, 1.0, 0.0, 0.0, 1.0, 1.0, 0.0, 0.0, 0.0, 0.0, 0.0, 0.0, 1.0, 0.0, 0.0, 0.0, 1.0, 0.0, 0.0, 1.0, 0.0, 0.0, 1.0, 1.0, 1.0, 0.0, 0.0, 1.0, 1.0, 1.0, 0.0, 1.0, 0.0, 1.0, 1.0, 0.0, 1.0, 1.0, 0.0, 0.0, 1.0, 1.0, 1.0, 0.0, 1.0, 0.0, 0.0, 1.0, 0.0, 0.0, 0.0, 0.0, 0.0, 1.0, 0.0, 1.0, 1.0, 0.0, 0.0, 0.0, 1.0, 1.0, 0.0, 1.0, 1.0, 1.0, 1.0, 0.0, 0.0, 0.0, 0.0, 1.0, 1.0, 0.0, 0.0, 0.0, 1.0, 0.0, 0.0, 1.0, 1.0, 1.0, 1.0, 1.0, 1.0, 0.0, 1.0, 0.0, 1.0, 1.0, 1.0, 0.0, 0.0, 1.0, 1.0, 1.0, 0.0, 0.0, 0.0, 1.0, 1.0, 1.0, 0.0, 0.0, 1.0, 1.0, 0.0, 0.0, 1.0, 0.0, 0.0, 1.0, 1.0, 1.0, 1.0, 1.0, 1.0, 1.0, 0.0, 1.0, 1.0, 0.0, 1.0, 1.0, 1.0, 0.0, 1.0, 0.0, 1.0, 0.0, 0.0, 0.0, 1.0, 0.0, 0.0, 1.0, 0.0, 1.0, 0.0, 1.0, 0.0, 1.0, 0.0, 1.0, 0.0, 0.0, 0.0, 1.0, 0.0, 1.0, 1.0, 0.0, 1.0, 1.0, 1.0, 1.0, 1.0, 1.0, 1.0, 1.0, 1.0, 1.0, 1.0, 0.0, 0.0, 0.0, 0.0, 1.0, 1.0, 1.0, 0.0, 1.0, 1.0, 0.0, 1.0, 1.0, 1.0, 1.0, 0.0, 0.0, 1.0, 0.0, 0.0, 0.0, 1.0, 0.0, 1.0, 1.0, 0.0, 1.0, 0.0, 1.0, 0.0, 1.0, 1.0, 1.0, 1.0, 0.0, 0.0, 0.0, 0.0, 1.0, 0.0, 0.0, 1.0, 1.0, 1.0, 1.0, 1.0, 0.0, 1.0, 0.0, 0.0, 1.0, 0.0, 0.0, 0.0, 0.0, 1.0, 1.0, 0.0, 1.0, 0.0, 0.0, 0.0, 0.0, 0.0, 0.0, 0.0, 0.0, 1.0, 0.0, 0.0, 1.0, 1.0, 1.0, 0.0, 1.0, 1.0, 1.0, 1.0, 1.0, 0.0, 0.0, 1.0, 1.0, 1.0, 0.0, 1.0, 1.0, 1.0, 1.0, 0.0, 0.0, 1.0, 1.0, 0.0, 1.0, 1.0, 1.0, 0.0, 0.0, 0.0, 1.0, 0.0, 1.0, 1.0, 1.0, 0.0, 0.0, 0.0, 0.0, 1.0, 1.0, 0.0, 0.0, 0.0, 0.0, 1.0, 0.0, 1.0, 0.0, 0.0, 0.0, 1.0, 1.0, 1.0, 1.0, 1.0, 0.0, 1.0, 1.0, 1.0, 1.0, 1.0, 1.0, 0.0, 0.0, 1.0, 1.0, 0.0, 0.0, 1.0, 0.0, 0.0, 0.0, 1.0, 0.0, 0.0, 1.0, 0.0, 1.0, 0.0, 0.0, 0.0, 1.0, 0.0, 0.0, 1.0, 0.0, 1.0, 0.0, 1.0, 0.0, 1.0, 1.0, 1.0, 1.0, 0.0, 0.0, 0.0, 0.0, 0.0, 0.0, 1.0, 0.0, 0.0, 1.0, 1.0, 0.0, 1.0, 1.0, 1.0, 0.0, 0.0, 1.0, 1.0, 1.0, 0.0, 1.0, 0.0, 0.0, 1.0, 0.0, 1.0, 1.0, 1.0, 1.0, 1.0, 0.0, 1.0, 0.0, 0.0, 1.0, 0.0, 1.0, 0.0, 0.0, 1.0, 1.0, 0.0, 1.0, 1.0, 1.0, 1.0, 1.0, 0.0, 1.0, 0.0, 1.0, 1.0, 1.0, 1.0, 0.0, 0.0, 1.0, 0.0, 0.0, 1.0, 0.0, 0.0, 1.0, 1.0, 0.0, 0.0, 0.0, 1.0, 0.0, 1.0, 0.0, 0.0, 0.0, 1.0, 1.0, 0.0, 0.0, 1.0, 1.0, 0.0, 1.0, 1.0, 0.0, 1.0, 0.0, 1.0, 1.0, 0.0, 0.0, 1.0, 1.0, 1.0, 0.0, 0.0, 0.0, 1.0, 1.0, 0.0, 1.0, 0.0, 1.0, 1.0, 0.0, 0.0, 1.0, 1.0, 1.0, 1.0, 1.0, 0.0, 1.0, 1.0, 1.0, 0.0, 1.0, 1.0, 0.0, 0.0, 1.0, 1.0, 1.0, 1.0, 1.0, 1.0, 0.0, 0.0, 0.0, 1.0, 0.0, 0.0, 1.0, 1.0, 1.0, 1.0, 0.0, 0.0, 1.0, 0.0, 0.0, 1.0, 0.0, 1.0, 0.0, 0.0, 1.0, 0.0, 1.0, 1.0, 1.0, 1.0, 0.0, 1.0, 0.0, 0.0, 1.0, 0.0, 1.0, 0.0, 0.0, 1.0, 0.0, 1.0, 1.0, 0.0, 0.0, 1.0, 0.0, 0.0, 1.0, 0.0, 1.0, 0.0, 0.0, 0.0, 0.0, 1.0, 0.0, 0.0, 0.0, 0.0, 1.0, 0.0, 0.0, 0.0, 0.0, 0.0, 1.0, 1.0, 0.0, 1.0, 0.0, 0.0, 1.0, 0.0, 0.0, 0.0, 1.0, 0.0, 0.0, 1.0, 1.0, 1.0, 1.0, 1.0, 0.0, 1.0, 1.0, 1.0, 0.0, 1.0, 1.0, 0.0, 0.0, 1.0, 1.0, 0.0, 1.0, 0.0, 1.0, 1.0, 0.0, 1.0, 0.0, 0.0, 0.0, 1.0, 0.0, 1.0, 0.0, 1.0, 0.0, 1.0, 1.0, 0.0, 1.0, 0.0, 1.0, 1.0, 0.0, 0.0, 0.0, 1.0, 0.0, 0.0, 0.0, 1.0, 1.0, 1.0, 0.0, 0.0, 0.0, 0.0, 1.0, 1.0, 1.0, 0.0, 0.0, 0.0, 1.0, 0.0, 1.0, 1.0, 1.0, 0.0, 1.0, 1.0, 1.0, 1.0, 1.0, 0.0, 1.0, 0.0, 1.0, 1.0, 0.0, 0.0, 0.0, 1.0, 0.0, 0.0, 1.0, 0.0, 1.0, 0.0, 1.0, 0.0, 1.0, 1.0, 0.0, 1.0, 0.0, 1.0, 1.0, 0.0, 0.0, 1.0, 0.0, 0.0, 0.0, 1.0, 1.0, 0.0, 1.0, 1.0, 1.0, 0.0, 1.0, 0.0, 1.0, 1.0, 1.0, 0.0, 1.0, 0.0, 1.0, 1.0, 1.0, 1.0, 1.0, 1.0, 0.0, 0.0, 0.0, 1.0, 1.0, 1.0, 1.0, 0.0, 1.0, 0.0, 1.0, 0.0, 0.0, 0.0, 0.0, 0.0, 1.0, 1.0, 1.0, 0.0, 0.0, 0.0, 1.0, 0.0, 0.0, 0.0, 0.0, 1.0, 0.0, 1.0, 0.0, 1.0, 1.0, 0.0, 1.0, 1.0, 0.0, 0.0, 0.0, 0.0, 0.0, 0.0, 0.0, 0.0, 0.0, 1.0, 0.0, 1.0, 0.0, 0.0, 1.0, 0.0, 0.0, 1.0, 0.0, 1.0, 0.0, 1.0, 0.0, 1.0, 1.0, 1.0, 1.0, 0.0, 1.0, 0.0, 1.0, 1.0, 1.0, 0.0, 1.0, 1.0, 0.0, 0.0, 0.0, 0.0, 1.0, 0.0, 1.0, 0.0, 0.0, 0.0, 0.0, 1.0, 1.0, 0.0, 0.0, 0.0, 1.0, 1.0, 0.0, 1.0, 1.0, 1.0, 0.0, 0.0, 1.0, 1.0, 0.0, 1.0, 1.0, 0.0, 1.0, 0.0, 1.0, 0.0, 1.0, 0.0, 1.0, 0.0, 1.0, 0.0, 0.0, 0.0, 0.0, 1.0, 0.0, 1.0, 1.0, 0.0, 0.0, 0.0, 0.0, 0.0, 0.0, 1.0, 0.0, 0.0, 1.0, 0.0, 1.0, 0.0, 0.0, 1.0, 0.0, 1.0, 0.0, 1.0, 0.0, 1.0, 1.0, 1.0, 0.0, 0.0, 1.0, 0.0, 0.0, 1.0, 0.0, 1.0, 0.0, 1.0, 0.0, 0.0, 0.0, 1.0, 0.0, 1.0, 0.0, 0.0, 0.0, 1.0, 0.0, 1.0, 1.0, 1.0, 1.0, 1.0, 0.0, 0.0, 0.0, 0.0, 1.0, 0.0, 1.0, 0.0, 1.0, 1.0, 0.0, 0.0, 0.0, 0.0, 1.0, 0.0, 1.0, 1.0, 0.0, 0.0, 0.0, 1.0, 0.0, 1.0, 0.0, 1.0, 0.0, 1.0, 1.0, 1.0, 0.0, 0.0, 1.0, 1.0, 0.0, 1.0, 1.0, 0.0, 0.0, 1.0, 1.0, 1.0, 1.0, 1.0, 0.0, 1.0, 1.0, 0.0, 1.0, 1.0, 0.0, 0.0, 1.0, 0.0, 1.0, 1.0, 0.0, 1.0, 1.0, 0.0, 1.0, 0.0, 0.0, 0.0, 1.0, 0.0, 1.0, 1.0, 0.0, 1.0, 1.0, 1.0, 1.0, 1.0, 0.0, 1.0, 1.0, 0.0, 0.0, 1.0, 1.0, 1.0, 0.0, 0.0, 0.0, 1.0, 0.0, 1.0, 1.0, 0.0, 0.0, 1.0, 0.0, 1.0, 0.0, 1.0, 0.0, 0.0, 1.0, 1.0, 0.0, 0.0, 0.0, 1.0, 0.0, 1.0, 0.0, 1.0, 0.0, 1.0, 0.0, 0.0, 0.0, 0.0, 1.0, 0.0, 0.0, 0.0, 0.0, 1.0, 1.0, 0.0, 1.0, 1.0, 1.0, 1.0, 1.0, 0.0, 1.0, 1.0, 1.0, 0.0, 0.0, 1.0, 1.0, 0.0, 1.0, 0.0, 0.0, 1.0, 0.0, 0.0, 1.0, 0.0, 0.0, 0.0, 1.0, 1.0, 0.0, 0.0, 1.0, 0.0, 0.0, 1.0, 0.0, 0.0, 0.0, 0.0, 0.0, 0.0, 0.0, 1.0, 1.0, 1.0, 0.0, 0.0, 1.0, 1.0, 0.0, 1.0, 1.0, 1.0, 0.0, 1.0, 1.0, 0.0, 0.0, 0.0, 1.0, 0.0, 1.0, 1.0, 0.0, 0.0, 1.0, 1.0, 1.0, 1.0, 0.0, 1.0, 0.0, 1.0, 1.0, 0.0, 0.0, 1.0, 0.0, 0.0, 1.0, 1.0, 0.0, 0.0, 0.0, 0.0, 1.0, 1.0, 1.0, 1.0, 1.0, 1.0, 0.0, 1.0, 0.0, 1.0, 1.0, 0.0, 1.0, 1.0, 0.0, 0.0, 1.0, 1.0, 0.0, 0.0, 0.0, 1.0, 1.0, 1.0, 0.0, 0.0, 1.0, 1.0, 0.0, 0.0, 1.0, 1.0, 1.0, 0.0, 0.0, 0.0, 0.0, 1.0, 0.0, 0.0, 1.0, 0.0, 0.0, 0.0, 1.0, 1.0, 1.0, 0.0, 1.0, 0.0, 1.0, 0.0, 0.0, 0.0, 1.0, 0.0, 1.0, 1.0, 1.0, 0.0, 0.0, 1.0, 1.0, 1.0, 0.0, 1.0, 1.0]
\score={0: [0.15997103207251606, 0.1592921813329061, 0.16058133755411422, 0.16074989934762318, 0.16051273420453072, 0.16129746437072753, 0.159870196133852, 0.15980470329523086, 0.15990930944681167, 0.16083988845348357, 0.16155272283974817, 0.16051845550537108, 0.1611070282319013, 0.1608433909714222, 0.16023271437734365, 0.16102731674909593, 0.1620451996723811, 0.15949945275982222, 0.1608332484960556, 0.1597819266950383, 0.15983389776486617, 0.15968453685442607, 0.16038328951055353, 0.1588579292098681, 0.1612872900441289, 0.16025718450546264, 0.16179878678586748, 0.16089795529842377, 0.16030790905157724, 0.1586457553009192, 0.16113264858722687, 0.16029399484395981, 0.1593364357948303, 0.16015319438541636, 0.16001787869369283, 0.16137084258454187, 0.16043441133065658, 0.15975375920534135, 0.15884451965490978, 0.1595652963106449, 0.15844076002637544, 0.16011917889118193, 0.15966842610102433, 0.1600491636329227, 0.15908978382746378, 0.1607623815536499, 0.16056899513517106, 0.1603002600810107, 0.15961536765098572, 0.16133032739162445, 0.16114017460495234, 0.1598464295268059, 0.16071561723947525, 0.1610313445329666, 0.1601707760025473, 0.16105456898609796, 0.1601140284910798, 0.16002257089865835, 0.15962131520112355, 0.16087030137286468, 0.15969914899152868, 0.1599461002783342, 0.16130436956882477, 0.1597544252872467, 0.1604771688580513, 0.15997513383626938, 0.15976018210252127, 0.160282207859887, 0.15795762034562918, 0.16070057451725006, 0.16040002405643464, 0.16056783311069012, 0.15946725361487446, 0.16098253428936005, 0.15859124522942764, 0.1600592624057423, 0.15984303057193755, 0.1600993736223741, 0.16088702529668808, 0.16035540799299877, 0.15959451496601104, 0.1594588512724096, 0.16067927181720734, 0.1598773606513676, 0.16044497191905976, 0.15937731862068177, 0.15910388827323912, 0.16093193367123604, 0.16055266771997725, 0.16027891500429672, 0.15917949005961418, 0.1600422574715181, 0.15984380866090456, 0.15893380343914032, 0.15843806077133527, 0.16131922726829848, 0.16034660807677678, 0.1612655073404312, 0.1603053001066049, 0.15971520046393076, 0.16090643033385277, 0.1600510761141777, 0.15950062591582537, 0.15936828056971233, 0.16017019404814795, 0.1611153529240535, 0.15985671750136785, 0.16001626955611364, 0.15958063517298018, 0.16017913015989158, 0.1587358835068616, 0.16010788530111314, 0.16007270514965058, 0.15947089195251465, 0.1592374203296808, 0.16005692724138498, 0.160624448210001, 0.1593130413028929, 0.1594814440378776, 0.15891959346257722, 0.15868839621543884, 0.15906452174697602, 0.16025261680285136, 0.160087488591671], 1: [0.16064471875627837, 0.15897157043218613, 0.1606697833963803, 0.15928302017542031, 0.1593945026397705, 0.15977352485060692, 0.1599736640850703, 0.1595787972211838, 0.1622433215379715, 0.16000673068421228, 0.16001491248607635, 0.15979337245225905, 0.15952102152200845, 0.16073108315467835, 0.15967098971207935, 0.15894647349010815, 0.15886925480195455, 0.15928944945335388, 0.16147363434235254, 0.1605232601816004, 0.16033072024583817, 0.16076569631695747, 0.16035002740946683, 0.15926055411497753, 0.15851573795080184, 0.16098395884037017, 0.16209422796964645, 0.16085063952666062, 0.1605386125544707, 0.1603694036602974, 0.15959291718900204, 0.15957443043589592, 0.16124361455440522, 0.15987534821033478, 0.1597699075937271, 0.16013246029615402, 0.15955956280231476, 0.16042247116565705, 0.16050760746002196, 0.16032962501049042, 0.1604089303450151, 0.16099101006984712, 0.16055091917514802, 0.16036440630753834, 0.1590531885623932, 0.15977469235658645, 0.15827888151009878, 0.1604663012549281, 0.15940607764891215, 0.15960178810816544, 0.16094480007886885, 0.16077601164579391, 0.15915210651499884, 0.1599922150373459, 0.15965277949968973, 0.1595060961941878, 0.1609804004430771, 0.16059952353437743, 0.15944961245570863, 0.15962261259555816, 0.16192089300602674, 0.1608075824650851, 0.16013943701982497, 0.16015901267528534, 0.16058149188756943, 0.1605150666501787, 0.15915919442971546, 0.15981333483667934, 0.16145497891638014, 0.1604672698304057, 0.15976862410704296, 0.15917681343853474, 0.1608813213450568, 0.16141074001789094, 0.1600763350725174, 0.16133654738465944, 0.15890719095865885, 0.15829792618751526, 0.16125085949897766, 0.16074100583791734, 0.1599737463089136, 0.15980606526136398, 0.16081268446786062, 0.16033899890525, 0.16104527655988932, 0.15893611311912537, 0.1610255181789398, 0.15824101865291595, 0.161125648021698, 0.15877554193139076, 0.15907003662802957, 0.15949827879667283, 0.16081076631179222, 0.15916636266878673, 0.15968161182744162, 0.16032364343603453, 0.15999063973625502, 0.15959530621767043, 0.16225602083346424, 0.15730930052020334, 0.15789886862039565, 0.16121681034564972, 0.16031807512044907, 0.16072789827982584, 0.1625237300992012, 0.161422098384184, 0.16000326815992594, 0.15992451583345732, 0.1593397418037057, 0.16018364628156026, 0.15864182843102348, 0.15866809040308, 0.16100600659847258, 0.15897088804665735, 0.16048153963955966, 0.15869285265604655, 0.15975567927727333, 0.1599387362599373, 0.15856815448829106, 0.15993639826774597, 0.15928044063704355, 0.16069689492384592, 0.1624448373913765, 0.15898320078849792, 0.1616585346368643, 0.1611350581049919, 0.16139165163040162, 0.1603907346725464, 0.1608359307050705, 0.16131618432700634, 0.1598270581318782, 0.15918686613440514, 0.1581750750541687, 0.16131702810525894, 0.16096424932281175, 0.15975089371204376, 0.16059848368167878, 0.16036446889241537, 0.15982159674167634, 0.1597832292318344, 0.16014748405326495, 0.16002980768680572, 0.15886349976062775, 0.15847993517915407, 0.15963212457986978, 0.16036337175790003, 0.1594498036429286, 0.15924528427422047, 0.15904314517974855, 0.1585673008646284, 0.16003872361034155, 0.16020766244484827, 0.1597473218160517, 0.16002315195167766, 0.1591734758445195, 0.1604132858606485, 0.15881991237401963, 0.1594899609684944, 0.16156010991997188, 0.16062628428141276, 0.16071460396051407, 0.16155157703906298, 0.16044663809812987, 0.1605450242757797, 0.1627983119752672, 0.16068245023488997, 0.1600967374714938, 0.16040621548891068, 0.16090041697025298, 0.15909600704908372, 0.16109565035863357, 0.16076831817626952, 0.15896541625261307, 0.16099324145100333, 0.16056937667039725, 0.15944712360699972, 0.16035841634640327, 0.16004291389669692, 0.1588878367955868, 0.16103556454181672, 0.15872570425271987, 0.16073480397462844, 0.16024352610111237, 0.15998008102178574, 0.16013085735695703, 0.15868128538131715, 0.1598759100717657, 0.1595088131725788, 0.16167611522333963, 0.15981204509735109, 0.15942616973604476, 0.16036258105720794, 0.15945614129304886, 0.15926706615616293, 0.1605456795762567, 0.16098618904749554, 0.16006371999780336, 0.16034716814756395, 0.15940198573199185, 0.16038566529750825, 0.1613967613531993, 0.15792017579078674, 0.1604170948266983, 0.15913788080215455, 0.1595894224368609, 0.159394103102386, 0.16149812042713166, 0.15919751425584158, 0.1587887689471245, 0.1592751947733072, 0.15966798861821493, 0.15919416211545467, 0.15787258446216584, 0.16040018821756044, 0.16071308851242067, 0.15943271418412527, 0.1609727069735527, 0.1601952686905861, 0.1598075575688306, 0.1591961072249846, 0.16037117938200632, 0.16026740578504708, 0.16090306181174058, 0.1596941515803337, 0.16082773605982462, 0.1598702392407826, 0.1602694380741853, 0.15992227289825678, 0.1616803022722403, 0.15815340117974716, 0.1584993712604046, 0.16070438673098883, 0.160220538576444, 0.1614834060271581, 0.16088967472314836, 0.16121986806392669, 0.1586852471033732, 0.16063531637191772, 0.15973981966574988, 0.1600134881834189, 0.16077108085155487, 0.1624246284365654, 0.15906631350517272, 0.16077124178409577, 0.16172514855861664, 0.1604852539797624, 0.1602803347632289, 0.15921472178565133, 0.15969001377622286, 0.16012417227029802, 0.15816542162345007, 0.15999077260494232, 0.15940358582884073, 0.15951960440725088, 0.16145553439855576, 0.15861517993303445, 0.16350862170968736, 0.15933839852611223, 0.15995432321841901, 0.16031446823706993, 0.15978173505176196, 0.16075443625450134, 0.1597342068950335, 0.15915082643429437, 0.1606755256652832, 0.1590767204761505, 0.16061804741621016, 0.15874634558955827, 0.15938947393613703, 0.15993959605693817, 0.15981612460953848, 0.16186469793319702, 0.160751836001873, 0.15932160751386124, 0.16089476893345514, 0.16054324209690093, 0.15978430360555648, 0.16045775264501572, 0.15949558715025583, 0.15998046845197678, 0.15978548924128214, 0.1599565585454305, 0.16033087556178754, 0.1588973067700863, 0.15960542993112045, 0.16083439971719468, 0.16038649380207062, 0.1594950035214424, 0.15967796055170205, 0.16008857637643814, 0.1592721939086914, 0.15904945676976984, 0.16186022460460664, 0.1603467452029387, 0.16081892379692622, 0.15994754019710752, 0.1608780052732019, 0.16047298411528269, 0.15952293925425587, 0.1600479945540428, 0.16066481643601468, 0.16010375941793123, 0.16021773053540123, 0.16122858077287675, 0.16085178032517433, 0.1608580139776071, 0.15813395839471084, 0.16095274388790132, 0.159918206743896, 0.1588591250280539, 0.16217916831374168, 0.16033495524350336, 0.15998163260519505, 0.16005382736523946, 0.15999024668160608, 0.16013063192367555, 0.16078802645206453, 0.16062147170305252, 0.1598963554088886, 0.16048926802781913, 0.16220290213823318, 0.159914526869269, 0.16023887055260794, 0.16019418686628342, 0.15969094137350717, 0.16000709469829286, 0.1619155393405394, 0.15962414567669234, 0.1599940015719487, 0.1604243889451027, 0.1599679172039032, 0.15973317126433054, 0.16094707250595092, 0.16212383310000103, 0.15942908264696598, 0.15975274021426836, 0.1592619096239408, 0.15915930958894584, 0.16086132675409318, 0.15916146337985992, 0.1597968469063441, 0.1603386513888836, 0.16127215723196667, 0.15999057430487412, 0.15955787599086763, 0.15996053367853164, 0.15968464544186226, 0.16007989976141188, 0.15993682933705194, 0.1604041876271367, 0.15988198774201529, 0.15897987668330854, 0.15831445157527924, 0.16213998943567276, 0.15975205699602762, 0.15997458426725297, 0.16049999436911414, 0.15946479035275324, 0.1592685878276825, 0.1623318096001943, 0.16177451809247334, 0.16072688677481242, 0.15975620466120102, 0.15985760986804962, 0.16207375956906211, 0.16017119772732258, 0.16125871054828167, 0.1600814958413442, 0.16035709223326514, 0.1592976318465339, 0.16152648627758026, 0.16139944791793823, 0.15962576188824393, 0.16083110719919205, 0.16063803037007648, 0.15958962990687445, 0.16006848812103272, 0.1609961986541748, 0.16037246043031866, 0.16076113627507135, 0.15929692884286245, 0.16041046380996704, 0.1592390224337578, 0.15926431382403655, 0.16054642852395773, 0.16001023758541455, 0.15893380095561346, 0.1595155676205953, 0.1588723510503769, 0.15943525731563568, 0.16112726400880253, 0.1598944127559662, 0.160329207777977, 0.16099822521209717, 0.15935398240884144, 0.1591066469748815, 0.16003494088848433, 0.1615968942642212, 0.16094181984663009, 0.15940278539290795, 0.1613479048013687, 0.16088347136974335, 0.16097678542137145, 0.1618923956857008, 0.16008684039115906, 0.1595459824258631, 0.1591884732246399, 0.15997258057961097, 0.16020033061504363, 0.1604471057653427, 0.15987548670347998, 0.1596879329946306, 0.1594130270756208, 0.16108935665000568, 0.15835761794677147, 0.15990241492787996, 0.1620566820104917, 0.1602516050140063, 0.16073776367637846, 0.16128549937691009, 0.16153883121230386, 0.16042777448892592, 0.15871808068318802, 0.16063665801828558, 0.16000151092355902, 0.16202575239268216, 0.1607523001730442, 0.16086433548480272, 0.15910382121801375, 0.15985512286424636, 0.16027916967868805, 0.16029311610119684, 0.16038144423681147, 0.1597841650247574, 0.1594919047572396, 0.15985095771876248, 0.1606201688448588, 0.1608576312661171, 0.16101687277356783, 0.15939025953412056, 0.159689998626709, 0.1610813001791636, 0.1607813169558843, 0.16006022691726685, 0.15811962717109257, 0.16016459912061692, 0.1596883088350296, 0.15937745869159697, 0.16039510443806648, 0.16111644729971886, 0.16110696891943613, 0.16121132572491964, 0.16050222963094712, 0.16039255385597548, 0.16066970626513163, 0.1597914199034373, 0.16176769456693105, 0.16080543169608483, 0.15902667289430444, 0.161784827709198, 0.16063033696264029, 0.1610667288303375, 0.15848991554230452, 0.16039483745892844, 0.15912151709198952, 0.1601785883307457, 0.16014370943109194, 0.1599319176031993, 0.15889601294810957, 0.1605188167757458, 0.15970135778188704, 0.15942890303475515, 0.1616185690675463, 0.15998398512601852, 0.16094569712877274, 0.15897175390273333, 0.1613931195302443, 0.1589725228647391, 0.1602462003628413, 0.16014736983925104, 0.16052236557006835, 0.1599655792117119, 0.15946157574653624, 0.15968392044305801, 0.1609185921649138, 0.15977150648832322, 0.16041836887598038, 0.16017495095729828, 0.1594792338354247, 0.16057105511426925, 0.1608917683362961, 0.16131254228261802, 0.1617579787969589, 0.16064720451831818, 0.16015559832255047, 0.1604405947857433, 0.1602140019337336, 0.1621198058128357, 0.16036015398362102, 0.16027044930628367, 0.15980822118845853, 0.15897121796241173, 0.15900186391977164, 0.15895707446795243, 0.16022155185540518, 0.16024776344949548, 0.16144058257341384, 0.159409236907959, 0.1607610523700714, 0.16052662928899128, 0.1601481153206392, 0.16132161468267442, 0.16107055659477526, 0.1611980155110359, 0.16036850214004517, 0.15907084792852402, 0.1599009366972106, 0.16052772448613092, 0.1597345769405365, 0.1601005971431732, 0.15906120836734772, 0.16132513185342154, 0.15968631704648337, 0.16082323274829172, 0.16017479236636842, 0.16003569588065147, 0.16070600802248175, 0.1588179146250089, 0.1611851617693901, 0.16009978453318277, 0.161493219435215, 0.1605157752831777, 0.16048949758211772, 0.16091605027516684, 0.16005183458328248, 0.16013891696929933, 0.1590663062201606, 0.1580695424761091, 0.16044511198997496, 0.15972512836257616, 0.15953679233789445, 0.16130979572023665, 0.16169885959890154, 0.16063314782721655, 0.1606072153036411, 0.16084682941436768, 0.1595755914847056, 0.160713757787432, 0.15943415462970734, 0.15972498456637066, 0.16054286807775497, 0.15900565518273246, 0.15991645356019338, 0.1584163331068479, 0.1599530989632887, 0.16125145678718886, 0.16111382469534874, 0.15907705468790873, 0.16155571016398343, 0.15950583134378707, 0.1591843900581201, 0.15918772021929423, 0.1595489094654719, 0.15993315945653355, 0.15978079868687523, 0.1601042886575063, 0.15983852744102478, 0.1603750318288803, 0.15903989397562468, 0.16011735672752062, 0.1609030157327652, 0.1603691577911377, 0.16137485007445018, 0.1583102671429515, 0.16100840717554094, 0.16069231430689493, 0.16195659935474396, 0.1608521580696106, 0.1602086243884904, 0.15971282223860422, 0.16006935387849808, 0.16052149732907614, 0.16046442985534667, 0.16183114051818848, 0.15924018025398254, 0.16154022744068733, 0.16087867071231207, 0.16154246628284455, 0.16084494814276695, 0.15924737751483917, 0.15992505635534013, 0.16025042640311377, 0.1603643979345049, 0.15907475623217496, 0.16077139228582382, 0.1602994625767072, 0.16033203800519308, 0.15948241032086885, 0.15929012319871358, 0.15929336845874786, 0.16086669862270356, 0.15979831013828516, 0.16061595508030482, 0.16061424676861083, 0.1603791005909443, 0.16010592877864838, 0.16013598839441937, 0.1592844914306294, 0.15969362730781236, 0.16100314259529114, 0.16145497262477876, 0.1592188598588109, 0.15858176882777894, 0.1586403650672812, 0.1591832831501961, 0.16103572274247804, 0.15988631890370295, 0.16054998735586803, 0.15973105891184372, 0.15978976587454477, 0.15993608427899225, 0.16106229523817697, 0.1603632519642512, 0.16119449517943643, 0.16089644531408945, 0.16036607474088668, 0.15876714140176773, 0.16045950849850973, 0.16186601370573045, 0.16026671772653406, 0.16157858353108168, 0.16140688061714173, 0.1605525639924136, 0.15950218791311438, 0.15878516894120437, 0.16037678505693162, 0.1602732479572296, 0.1595268016681075, 0.15956849306821824, 0.16166694164276124, 0.15890992879867555, 0.1593049868941307, 0.15948320801059404, 0.1605288183147257, 0.15837019331314983, 0.1601272848519412, 0.16099209586779276, 0.15953688323497772, 0.16141578211234167, 0.16000421047210694, 0.15943209826946259, 0.15957967489957808, 0.1603864080139569, 0.1596648395061493, 0.15943300182169134, 0.16160168126225471, 0.1601002886891365, 0.1604280540576348, 0.1599325773616632, 0.16163764081218027, 0.15957372710108758, 0.16063380241394043, 0.161197791993618, 0.16155599306027094, 0.16069584339857101, 0.15943729064681314, 0.15985035437804002, 0.16003069380919138, 0.15938179194927216, 0.15962953567504884, 0.1593957580626011, 0.1612190082669258, 0.16008529762427012, 0.1594913899898529, 0.16100666754775578, 0.16130897131833163, 0.15940357092767954, 0.1604468733072281, 0.16114997565746308, 0.1604430079460144, 0.15933180153369902, 0.15975564030500558, 0.16094321633378664, 0.1603526716169558, 0.16255184262990952, 0.1577495920161406, 0.16059622019529343, 0.15927930582653393, 0.1597023718059063, 0.16089378992716472, 0.15968348955114683, 0.1604159465059638, 0.1605317159132524, 0.16166280210018158, 0.16098926464716592, 0.16035281465603754, 0.1590059014658133, 0.1609632960137199, 0.15977509319782257, 0.16001290269196033, 0.1607919471959273, 0.15991152922312418, 0.1609660845536452, 0.15996673901875813, 0.1598149652664478, 0.1605719936390718, 0.16109871988495192, 0.15966729181153433, 0.16127670804659525, 0.16065284609794617, 0.16043481975793839, 0.16021853405982256, 0.16072265338152647, 0.15928172320127487, 0.1603203835812482, 0.15876093407471975, 0.16135708491007486, 0.16169985731442768, 0.16094378314234994, 0.16018785536289215, 0.15933140714963276, 0.1600791464249293, 0.16050944328308106, 0.1599916395815936, 0.15991563070565462, 0.16214910447597503, 0.1599325343966484, 0.1593462859208767, 0.16023255785306295, 0.16047243686283336, 0.15950950731833777, 0.15971970787415138, 0.15986881361288183, 0.1609600305557251, 0.1586770291129748, 0.1609939619898796, 0.15921702168204568, 0.15904064724842706, 0.16013961604663304, 0.16144622633090386, 0.16036727918045862, 0.15984585011998811, 0.1598045527935028, 0.16046901047229767, 0.16044709980487823, 0.1595198344439268, 0.16021186411380767, 0.16046383281548818, 0.1595558226108551, 0.1601881356909871, 0.15903434256712595, 0.16126777444567, 0.160179336865743, 0.15990422945469618, 0.16007205708460373, 0.1615792065858841, 0.16137405037879943, 0.16031054854393006, 0.15880278646945953, 0.15790068606535593, 0.16013595549499288, 0.16064708999225072, 0.1603943645954132, 0.1599262148141861, 0.16026027959126693, 0.16001800505014566, 0.16045407503843306, 0.16052893549203873, 0.15936328222354254, 0.15939553432604847, 0.16126831024885177, 0.16053870506584644, 0.1607449601093928, 0.16080800718382784, 0.16048026084899902, 0.15983370404977065, 0.16055158124520227, 0.16214097610541753, 0.16104540725549063, 0.16008038322130838, 0.16039879818757374, 0.1608086278041204, 0.16002196967601776, 0.15980546325445175, 0.16092893381913503, 0.1612542043129603, 0.161538142297003, 0.16080405116081237, 0.16081332734652928, 0.16170786652300093, 0.1597734938065211, 0.15977000594139099, 0.1599051942427953, 0.16029238402843476, 0.1591061670333147, 0.15931021635021483, 0.16056696946422258, 0.1610614305192774, 0.1609637038782239, 0.16103341380755107, 0.1596437143161893, 0.1596399825066328, 0.16052526060272665, 0.15989316875735918, 0.15975520129387194, 0.16094682315985362, 0.1589888251490063, 0.1617188115011562, 0.16006364623705546, 0.15956975175784185, 0.16038069874048233, 0.1595987698861531, 0.16053453526076147, 0.16022864449769258, 0.16099647948375115, 0.16086432763508388, 0.1597462813059489, 0.16176330422361693, 0.15957962224880853, 0.1599151909351349, 0.1612211634715398, 0.15919523934523264, 0.16120679413571076, 0.15978895748655, 0.15966582149267197, 0.16056397820220275, 0.15963845252990722, 0.16171542351896112, 0.1610722303390503, 0.15880701690912247, 0.15865011513233185, 0.1601818480661937, 0.15946194902062416, 0.15801148513952892, 0.16240394281016457, 0.15923496049184066, 0.16019247472286224, 0.157383826871713, 0.15959770480791727, 0.15920144899023903, 0.16013530322483607, 0.16042486627896627, 0.15956398318795598, 0.16011521907953116, 0.1588478134228633, 0.15912934988737107, 0.16075503826141357, 0.15991001228491467, 0.15940486852611815, 0.16008546948432922, 0.15964210530122122, 0.1601217773399855, 0.16094253957271576, 0.16108247339725495, 0.15845468789339065, 0.16019961331039667, 0.15973149346453802, 0.1600073923667272, 0.16066214617560892, 0.15978023409843445, 0.15964855750401816, 0.15960570971171062, 0.16023645301659903, 0.16006464617592947, 0.15928298681974412, 0.16207551658153535, 0.1605833038687706, 0.1609439913715635, 0.16185784935951233, 0.16066085050503412, 0.15893548975388208, 0.16105667352676392, 0.16090434193611144, 0.16082094808419545, 0.15753184854984284, 0.16093551060732672, 0.16066092451413472, 0.15943839188132966, 0.15860992018133402, 0.16021736524999142, 0.16080752114454905, 0.159195462507861, 0.16213022768497468, 0.15976934581995011, 0.1610108487881147, 0.16041801080984228, 0.15992331824132375, 0.1603944773475329, 0.15945369463700515, 0.1593409702181816, 0.15898538927237194, 0.16113950541386238, 0.1589564589353708, 0.16057247072458267, 0.1593699316183726, 0.16077178716659546, 0.1591846738010645, 0.1606519838174184, 0.16083638505502182, 0.1596527725458145, 0.16030522622168064, 0.15996586481730143, 0.16051699022452037, 0.16043334702650705, 0.1600455125172933, 0.1594301977982888, 0.15974310288826624, 0.16076694875955583, 0.15989152789115907, 0.1585289344191551, 0.15954648072902972, 0.16090667578909132, 0.16068014316260815, 0.1626161053776741, 0.16013292648962565, 0.15937929848829904, 0.15841340124607087, 0.159568440169096, 0.16098373532295226, 0.16095491024580869, 0.16208701887551477, 0.15972332060337066, 0.15832225446190154, 0.1599387228488922, 0.1605445258319378, 0.1598801463842392, 0.16021082211624493, 0.16113879183928173, 0.16043717752803455, 0.16009607762098313, 0.16065913687149683, 0.16077477782964705, 0.16028257608413696, 0.1612883726755778, 0.16016529938753912, 0.15948293209075928, 0.1621128199622035, 0.1599927857518196, 0.16094797518518236, 0.16044775024056435, 0.15882391730944315, 0.16010218262672424, 0.16008708905428648, 0.1610357700025334, 0.16001053992658854, 0.16002847598149225, 0.16206641793251036, 0.15938855494771684, 0.1612183574367972, 0.15986775755882263, 0.1605427460028575, 0.15742903016507626, 0.16041998267173768, 0.16026082262396812, 0.15989894767602283, 0.16021654903888702, 0.15975776563088098, 0.1616195724769072, 0.1609174215367862, 0.15942663912262237, 0.15808237140828912, 0.16045700013637543, 0.15829460322856903, 0.15977339790417597, 0.16010247703109468, 0.16059989035129546, 0.16071577370166779, 0.15886873684146188, 0.1602449968457222, 0.1601683422923088, 0.1618474539783266, 0.15965990349650383, 0.16170187294483185, 0.1598827221563884, 0.1602191124111414, 0.16099940985441208, 0.16040390817558065, 0.15988688866297404, 0.16018420904874803, 0.15936322808265685, 0.16124832729498545, 0.16110869646072387, 0.16062888130545616, 0.1610934945444266, 0.1610469646178759, 0.1603946402668953, 0.15902676433324814, 0.15913982987403869, 0.15943181044177004, 0.16150796115398408, 0.16155024550177835, 0.16033979157606762, 0.16052077379491594, 0.15973636383811632, 0.16042745610078177, 0.15857005566358567, 0.1604733788050138, 0.1599055714905262, 0.16000993798176447, 0.15777172297239303, 0.15831106305122375, 0.1596219023068746, 0.16060883204142254, 0.16106523759663105, 0.1612367724830454, 0.15948909250172702, 0.1597731038928032, 0.15948754847049712, 0.16050329357385634, 0.15943391422430675, 0.15912111848592758, 0.15889282822608947, 0.159418365607659, 0.1603169526372637, 0.15843115895986556, 0.16065769518415132, 0.15990795989831288, 0.16030119015620306, 0.16117830723524093, 0.15964370163587424, 0.1606108406010796, 0.16016688247521718, 0.16006091088056565, 0.15998609066009523, 0.1598199321465059, 0.15959778924783072, 0.1582108369240394, 0.15975494782129923, 0.1595166142170246, 0.1591451553006967, 0.15995714707033976, 0.16027131776014963, 0.15995207748242787, 0.16028852689833867, 0.16014446504414082, 0.1599301521976789, 0.16033739410340786, 0.1598813235759735, 0.15955148211547307, 0.1611540478009444, 0.15941790789365767, 0.1630161213023322, 0.1600424309571584, 0.1609710855409503, 0.15791589447430202, 0.16089216123024622, 0.16087837889790535, 0.16098736524581908, 0.16026198988159499, 0.15944344699382781, 0.1604638382792473, 0.1596626579761505, 0.16056796031839707, 0.1608577991525332, 0.16136959940195084, 0.15911473582188287, 0.1602188547452291, 0.16064570397138594, 0.1593842072920366, 0.15969073679298162, 0.15982126394907634, 0.15933098169890317, 0.16100375468914324, 0.15914919475714365, 0.16101247755189738, 0.15910220593214036, 0.16013005822896959, 0.15944421663880348, 0.15952673107385634, 0.16037816038498512, 0.16080532409250736, 0.15887389611452818, 0.1599370837211609, 0.16014577273060293, 0.16014916996161144, 0.160723786462437, 0.15951793640851974, 0.16121642788251242, 0.16089088221391043, 0.16120212592861868, 0.15946376025676728, 0.15933278109878302, 0.1607335763318198, 0.16160017102956772, 0.15932248269810395, 0.16077800591786703, 0.16035776413404024, 0.1598185793711589, 0.16111638955771923, 0.159413857119424, 0.16190436035394667, 0.15967918187379837, 0.16053090645716742, 0.1601227657361464, 0.16065538630766027, 0.16000590566545725, 0.16062001486619312, 0.15960750646061367, 0.15960293412208557, 0.15981036105326243, 0.15916631796530314, 0.16017682384699583, 0.15973213840933406, 0.16043472290039062, 0.16113591832774027, 0.15938265000780424, 0.15810865784684816, 0.15939940015474954, 0.15944395462671915, 0.15953961587869203, 0.15960967143376667, 0.16083797978030312, 0.15954907834529877, 0.15985912610502803, 0.16019870979445322, 0.15930426741639772, 0.16076112886269886, 0.15967637399832407, 0.15962257583936054, 0.16017366403883154, 0.1589271691110399, 0.16130761926372847, 0.15956313576963213, 0.16084766238927842, 0.15989541883269945, 0.1603351111213366, 0.16198517009615898, 0.16120313910337594, 0.1601362570243723, 0.15985650196671486, 0.16021290286020798, 0.15874336361885072, 0.15874805053075156, 0.1609787859699943, 0.1600769360860189, 0.1604989215731621, 0.16007011979818345, 0.1604085611179471, 0.15942003446466782, 0.15932595623391016, 0.1590183444998481, 0.16107374586557088, 0.1595018684864044, 0.16117446009929365, 0.1592382746083396, 0.15895919637246567, 0.16012493477148168, 0.1613954375187556, 0.15908324519793193, 0.16087468465169272, 0.16021031737327576, 0.16096630096435546, 0.16115467343479395, 0.1612240473429362, 0.16010714769363404, 0.1577213853597641, 0.1589795361672129, 0.1596757359802723, 0.1607442076007525, 0.15966074168682098, 0.16061316033204395, 0.1587722972035408, 0.1613129290441672, 0.16016748696565627, 0.15968735728945052, 0.15909660160541533, 0.15885184027931906, 0.15945820581345332, 0.16047346591949463, 0.15767058823257685, 0.16196755319833755, 0.16029972285032273, 0.15980829894542695, 0.15996642907460532, 0.1599160639139322, 0.16053854127724965, 0.15845417777697246, 0.16079171137376266, 0.15982424840331078, 0.16140255704522133, 0.15981458659682954, 0.16030927960361754, 0.16115033626556396, 0.16052121153244606, 0.15867692728837332, 0.15997155436447688, 0.16120268404483795, 0.16206820202725275, 0.1593354006608327, 0.16132480718872763, 0.16017934381961824, 0.158970844745636, 0.15937226584979466, 0.1606053113937378, 0.1613915945802416, 0.16100051999092102, 0.1606258600950241, 0.16094431467354298, 0.1601104587316513, 0.1604034796357155, 0.16091742673340967, 0.15954911135710204, 0.16100845634937286, 0.16210090219974518, 0.15844624533372767, 0.1599204421043396, 0.16054962426424027, 0.15980919916182756, 0.16024151295423508, 0.1607714369893074, 0.15999790529410043, 0.1610864805323737, 0.16021194824805626, 0.15885037725622003, 0.1603854871713198, 0.15894126991430918, 0.1590333003550768, 0.15973153710365295, 0.16068471098939577, 0.15978683630625407, 0.1602309780816237, 0.16071580350399017, 0.1599632878052561, 0.1608061283826828, 0.16025518253445625, 0.16029950529336928, 0.16044882560769716, 0.16036948164304096, 0.15973153511683147, 0.16044185062249502, 0.1608935311436653, 0.1600672329465548, 0.15979843238989513, 0.16036822646856308, 0.1603795826435089, 0.16054816941420239, 0.15954778343439102, 0.15775096789002419, 0.16000278971411966, 0.16033880324924693, 0.1600185720359578, 0.16042169369757175, 0.16057921675118533, 0.1594573477904002, 0.15979751613405016, 0.160227937830819, 0.15991454869508742, 0.16070837900042534, 0.15954459210236868, 0.16080144748968236, 0.15962871660788855, 0.15913677215576172, 0.16104201351602873, 0.16060490806897482, 0.15999682899564505, 0.159085376188159, 0.15916078072041273, 0.1602951963742574, 0.16011169999837876, 0.1621863827109337, 0.15904307812452317, 0.16044361357178008, 0.15925003737211227, 0.1604516496260961, 0.1598000109195709, 0.15993535021940866, 0.15930295396934857, 0.15919989049434663, 0.1608237584431966, 0.15988928265869617, 0.1598742887377739, 0.15937297211753, 0.1599568852356502, 0.1604508939716551, 0.16062003267662867, 0.16002546846866608, 0.16024278104305267, 0.16044403488437334, 0.16086343030134836, 0.16079504042863846, 0.16115960776805877, 0.15944041737488338, 0.16033568863685316, 0.16104982522400943, 0.16098120156675577, 0.15969915688037872, 0.15966356669863066, 0.1607297733426094, 0.16050549149513244, 0.15978343039751053, 0.16045288617412248, 0.15920025010903677, 0.1593315564095974, 0.1605735868215561, 0.15903429314494133, 0.15911428901282224, 0.16030256325999895, 0.15804980198542276, 0.1589480514327685, 0.15910484343767167, 0.16091766125626034, 0.1603505803006036, 0.15989025185505548, 0.15693334738413492, 0.1607144521549344, 0.1597413584589958, 0.1590592548251152, 0.1611341346393932, 0.15931632501237533, 0.15997609434028467, 0.15974198188632727, 0.15995055086472454, 0.16005059225218637, 0.1593116548131494, 0.15933008704866683, 0.16056789457798004, 0.16047695378462473, 0.16032071296985334, 0.1598726491133372, 0.1588906814654668, 0.16084743663668633, 0.1603858157992363, 0.15943911969661712, 0.16064104636510212, 0.16015913089116415, 0.16029353352154002, 0.15870400624615805, 0.16026130867631813, 0.16071234237064014, 0.160003705881536, 0.16013886630535126, 0.15889663994312286, 0.16084071191457602, 0.16000590473413467, 0.16038434579968452, 0.16109578870236874, 0.15935855209827424, 0.16008440192256654, 0.16061981717745463, 0.16046883331404793, 0.16145364319284758, 0.16147334347752965, 0.159689299762249, 0.16073117554187774, 0.16009998321533203, 0.16067317128181458, 0.16136211156845093, 0.15873392990657262, 0.15986299216747285, 0.1609006387492021, 0.1592309003074964, 0.15953622923956978, 0.16086758077144622, 0.1607534618754136, 0.1596684753894806, 0.1599563080817461, 0.16011436879634858, 0.15977453192075095, 0.160211885204682, 0.16060423851013184, 0.1602750246723493, 0.1602529532143048, 0.16038031237465994, 0.1606602152188619, 0.1592583954334259, 0.16117852181196213, 0.1598024782207277, 0.16021144191424053, 0.16021590729554494, 0.15939544141292572, 0.16176024675369263, 0.16178509692351023, 0.16011437667267664, 0.15815823124005243, 0.16063811630010605, 0.16055086702108384, 0.15953502975977385, 0.16001289058476686, 0.16003187522292137, 0.16094667613506317, 0.16029085516929625, 0.16098366677761078, 0.16012845670475678, 0.1593912827471892, 0.1605732431014379, 0.16088345646858215, 0.15991403063138326, 0.15974949300289154, 0.16046416635314623, 0.16033352315425872, 0.16053494016329448, 0.15904804522340948, 0.15986834665139515, 0.1587487103847357, 0.15971374387542406, 0.16031556044306075, 0.15955877439542251, 0.1590618859319126, 0.16024694964289665, 0.15995581448078156, 0.15947257524186914, 0.15926464833319187, 0.16021734103560448, 0.16043095886707306, 0.16030384600162506, 0.15916286110877992, 0.16108645778149366, 0.15909654274582863, 0.16072872281074524, 0.15805504471063614, 0.15921120984213694, 0.15975640578703446, 0.16177193634212017, 0.1591580074567061, 0.16106911110026495, 0.16060825150746566, 0.1608063050291755, 0.15963870286941528, 0.1596301229936736, 0.1610941007733345, 0.16099106452681802, 0.16201981008052826, 0.1594112515449524, 0.16145983090003332, 0.16021224179051138]}