('OC-FakeDect1 (Trained on DFDB Dataset)  \nTested on RND Face2Face Dataset  \nRunning Average Evaluation', 'OC-FakeDect1_DFDB', 'DFDB', 'OC-FakeDect1_DFDB_raeonF2Frnd')
auroc=0.5007185568786361
f1=0.46494798733604703
prec=0.4237427864798021
recall=0.5150300601202404

fpr=[0.0, 0.5135929463629684, 1.0]

tpr=[0.0, 0.5150300601202404, 1.0]

y_true=[0, 0, 0, 0, 0, 0, 0, 0, 0, 0, 0, 0, 0, 0, 0, 0, 0, 0, 0, 0, 0, 0, 0, 0, 0, 0, 0, 0, 0, 0, 0, 0, 0, 0, 0, 0, 0, 0, 0, 0, 0, 0, 0, 0, 0, 0, 0, 0, 0, 0, 0, 0, 0, 0, 0, 0, 0, 0, 0, 0, 0, 0, 0, 0, 0, 0, 0, 0, 0, 0, 0, 0, 0, 0, 0, 0, 0, 0, 0, 0, 0, 0, 0, 0, 0, 0, 0, 0, 0, 0, 0, 0, 0, 0, 0, 0, 0, 0, 0, 0, 0, 0, 0, 0, 0, 0, 0, 0, 0, 0, 0, 0, 0, 0, 0, 0, 0, 0, 0, 0, 0, 0, 0, 0, 0, 0, 0, 0, 0, 0, 0, 0, 0, 0, 0, 0, 0, 0, 0, 0, 0, 0, 0, 0, 0, 0, 0, 0, 0, 0, 0, 0, 0, 0, 0, 0, 0, 0, 0, 0, 0, 0, 0, 0, 0, 0, 0, 0, 0, 0, 0, 0, 0, 0, 0, 0, 0, 0, 0, 0, 0, 0, 0, 0, 0, 0, 0, 0, 0, 0, 0, 0, 0, 0, 0, 0, 0, 0, 0, 0, 0, 0, 0, 0, 0, 0, 0, 0, 0, 0, 0, 0, 0, 0, 0, 0, 0, 0, 0, 0, 0, 0, 0, 0, 0, 0, 0, 0, 0, 0, 0, 0, 0, 0, 0, 0, 0, 0, 0, 0, 0, 0, 0, 0, 0, 0, 0, 0, 0, 0, 0, 0, 0, 0, 0, 0, 0, 0, 0, 0, 0, 0, 0, 0, 0, 0, 0, 0, 0, 0, 0, 0, 0, 0, 0, 0, 0, 0, 0, 0, 0, 0, 0, 0, 0, 0, 0, 0, 0, 0, 0, 0, 0, 0, 0, 0, 0, 0, 0, 0, 0, 0, 0, 0, 0, 0, 0, 0, 0, 0, 0, 0, 0, 0, 0, 0, 0, 0, 0, 0, 0, 0, 0, 0, 0, 0, 0, 0, 0, 0, 0, 0, 0, 0, 0, 0, 0, 0, 0, 0, 0, 0, 0, 0, 0, 0, 0, 0, 0, 0, 0, 0, 0, 0, 0, 0, 0, 0, 0, 0, 0, 0, 0, 0, 0, 0, 0, 0, 0, 0, 0, 0, 0, 0, 0, 0, 0, 0, 0, 0, 0, 0, 0, 0, 0, 0, 0, 0, 0, 0, 0, 0, 0, 0, 0, 0, 0, 0, 0, 0, 0, 0, 0, 0, 0, 0, 0, 0, 0, 0, 0, 0, 0, 0, 0, 0, 0, 0, 0, 0, 0, 0, 0, 0, 0, 0, 0, 0, 0, 0, 0, 0, 0, 0, 0, 0, 0, 0, 0, 0, 0, 0, 0, 0, 0, 0, 0, 0, 0, 0, 0, 0, 0, 0, 0, 0, 0, 0, 0, 0, 0, 0, 0, 0, 0, 0, 0, 0, 0, 0, 0, 0, 0, 0, 0, 0, 0, 0, 0, 0, 0, 0, 0, 0, 0, 0, 0, 0, 0, 0, 0, 0, 0, 0, 0, 0, 0, 0, 0, 0, 0, 0, 0, 0, 0, 0, 0, 0, 0, 0, 0, 0, 0, 0, 0, 0, 0, 0, 0, 0, 0, 0, 0, 0, 0, 0, 0, 0, 0, 0, 0, 0, 0, 0, 0, 0, 0, 0, 0, 0, 0, 0, 0, 0, 0, 0, 0, 0, 0, 0, 0, 0, 0, 0, 0, 0, 0, 0, 0, 0, 0, 0, 0, 0, 0, 0, 0, 0, 0, 0, 0, 0, 0, 0, 0, 0, 0, 0, 0, 0, 0, 0, 0, 0, 0, 0, 0, 0, 0, 0, 0, 0, 0, 0, 0, 0, 0, 0, 0, 0, 0, 0, 0, 0, 0, 0, 0, 0, 0, 0, 0, 0, 0, 0, 0, 0, 0, 0, 0, 0, 0, 0, 0, 0, 0, 0, 0, 0, 0, 0, 0, 0, 0, 0, 0, 0, 0, 0, 0, 0, 0, 0, 0, 0, 0, 0, 0, 0, 0, 0, 0, 0, 0, 0, 0, 0, 0, 0, 0, 0, 0, 0, 0, 0, 0, 0, 0, 0, 0, 0, 0, 0, 0, 0, 0, 0, 0, 0, 0, 0, 0, 0, 0, 0, 0, 0, 0, 0, 0, 0, 0, 0, 0, 0, 0, 0, 0, 0, 0, 0, 0, 0, 0, 0, 0, 0, 0, 0, 0, 0, 0, 0, 0, 0, 0, 0, 0, 0, 0, 0, 0, 0, 0, 0, 0, 0, 0, 0, 0, 0, 0, 0, 0, 0, 0, 0, 0, 0, 0, 0, 0, 0, 0, 0, 0, 0, 0, 0, 0, 0, 0, 0, 0, 0, 0, 0, 0, 0, 0, 0, 0, 0, 0, 0, 0, 0, 0, 0, 0, 0, 0, 0, 0, 0, 0, 0, 0, 0, 0, 0, 0, 0, 0, 0, 0, 0, 0, 0, 0, 0, 0, 0, 0, 0, 0, 0, 0, 0, 0, 0, 0, 0, 0, 0, 0, 0, 0, 0, 0, 0, 0, 0, 0, 0, 0, 0, 0, 0, 0, 0, 0, 0, 0, 0, 0, 0, 0, 0, 0, 0, 0, 0, 0, 0, 0, 0, 0, 0, 0, 0, 0, 0, 0, 0, 0, 0, 0, 0, 0, 0, 0, 0, 0, 0, 0, 0, 0, 0, 0, 0, 0, 0, 0, 0, 0, 0, 0, 0, 0, 0, 0, 0, 0, 0, 0, 0, 0, 0, 0, 0, 0, 0, 0, 0, 0, 0, 0, 0, 0, 0, 0, 0, 0, 0, 0, 0, 0, 0, 0, 0, 0, 0, 0, 0, 0, 0, 0, 0, 0, 0, 0, 0, 0, 0, 0, 0, 0, 0, 0, 0, 0, 0, 0, 0, 0, 0, 0, 0, 0, 0, 0, 0, 0, 0, 0, 0, 0, 0, 0, 0, 0, 0, 0, 0, 0, 0, 0, 0, 0, 0, 0, 0, 0, 0, 0, 0, 0, 0, 0, 0, 0, 0, 0, 0, 0, 0, 0, 0, 0, 0, 0, 0, 0, 0, 0, 0, 0, 0, 0, 0, 0, 0, 0, 0, 0, 0, 0, 0, 0, 0, 0, 0, 0, 0, 0, 0, 0, 0, 0, 0, 0, 0, 0, 0, 0, 0, 0, 0, 0, 0, 0, 0, 0, 0, 0, 0, 0, 0, 0, 0, 0, 0, 0, 0, 0, 0, 0, 0, 0, 0, 0, 0, 0, 0, 0, 0, 0, 0, 0, 0, 0, 0, 0, 0, 0, 0, 0, 0, 0, 0, 0, 0, 0, 0, 0, 0, 0, 0, 0, 0, 0, 0, 0, 0, 0, 0, 0, 0, 0, 0, 0, 0, 0, 0, 0, 0, 0, 0, 0, 0, 0, 0, 0, 0, 0, 0, 0, 0, 0, 0, 0, 0, 0, 0, 0, 0, 0, 0, 0, 0, 0, 0, 0, 0, 0, 0, 0, 0, 0, 0, 0, 0, 0, 0, 0, 0, 0, 0, 0, 0, 0, 0, 0, 0, 0, 0, 0, 0, 0, 0, 0, 0, 0, 0, 0, 0, 0, 0, 0, 0, 0, 0, 0, 0, 0, 0, 0, 0, 0, 0, 0, 0, 0, 0, 0, 0, 0, 0, 0, 0, 0, 0, 0, 0, 0, 0, 0, 0, 0, 0, 0, 0, 0, 0, 0, 0, 0, 0, 0, 0, 0, 0, 0, 0, 0, 0, 0, 0, 0, 0, 0, 0, 0, 0, 0, 0, 0, 0, 0, 0, 0, 0, 0, 0, 0, 0, 0, 0, 0, 0, 0, 0, 0, 0, 0, 0, 0, 0, 0, 0, 0, 0, 0, 0, 0, 0, 0, 0, 0, 0, 0, 0, 0, 0, 0, 0, 0, 0, 0, 0, 0, 0, 0, 0, 0, 0, 0, 0, 0, 0, 0, 0, 0, 0, 0, 0, 0, 0, 0, 0, 0, 0, 0, 0, 0, 0, 0, 0, 0, 0, 0, 0, 0, 0, 0, 0, 0, 0, 0, 0, 0, 0, 0, 0, 0, 0, 0, 0, 0, 0, 0, 0, 0, 0, 0, 0, 0, 0, 0, 0, 0, 0, 0, 0, 0, 0, 0, 0, 0, 0, 0, 0, 0, 0, 0, 0, 0, 0, 0, 0, 0, 0, 0, 0, 0, 0, 0, 0, 0, 0, 0, 0, 0, 0, 0, 0, 0, 0, 0, 0, 0, 0, 0, 0, 0, 0, 0, 0, 0, 0, 0, 0, 0, 0, 0, 0, 0, 0, 0, 0, 0, 1, 1, 1, 1, 1, 1, 1, 1, 1, 1, 1, 1, 1, 1, 1, 1, 1, 1, 1, 1, 1, 1, 1, 1, 1, 1, 1, 1, 1, 1, 1, 1, 1, 1, 1, 1, 1, 1, 1, 1, 1, 1, 1, 1, 1, 1, 1, 1, 1, 1, 1, 1, 1, 1, 1, 1, 1, 1, 1, 1, 1, 1, 1, 1, 1, 1, 1, 1, 1, 1, 1, 1, 1, 1, 1, 1, 1, 1, 1, 1, 1, 1, 1, 1, 1, 1, 1, 1, 1, 1, 1, 1, 1, 1, 1, 1, 1, 1, 1, 1, 1, 1, 1, 1, 1, 1, 1, 1, 1, 1, 1, 1, 1, 1, 1, 1, 1, 1, 1, 1, 1, 1, 1, 1, 1, 1, 1, 1, 1, 1, 1, 1, 1, 1, 1, 1, 1, 1, 1, 1, 1, 1, 1, 1, 1, 1, 1, 1, 1, 1, 1, 1, 1, 1, 1, 1, 1, 1, 1, 1, 1, 1, 1, 1, 1, 1, 1, 1, 1, 1, 1, 1, 1, 1, 1, 1, 1, 1, 1, 1, 1, 1, 1, 1, 1, 1, 1, 1, 1, 1, 1, 1, 1, 1, 1, 1, 1, 1, 1, 1, 1, 1, 1, 1, 1, 1, 1, 1, 1, 1, 1, 1, 1, 1, 1, 1, 1, 1, 1, 1, 1, 1, 1, 1, 1, 1, 1, 1, 1, 1, 1, 1, 1, 1, 1, 1, 1, 1, 1, 1, 1, 1, 1, 1, 1, 1, 1, 1, 1, 1, 1, 1, 1, 1, 1, 1, 1, 1, 1, 1, 1, 1, 1, 1, 1, 1, 1, 1, 1, 1, 1, 1, 1, 1, 1, 1, 1, 1, 1, 1, 1, 1, 1, 1, 1, 1, 1, 1, 1, 1, 1, 1, 1, 1, 1, 1, 1, 1, 1, 1, 1, 1, 1, 1, 1, 1, 1, 1, 1, 1, 1, 1, 1, 1, 1, 1, 1, 1, 1, 1, 1, 1, 1, 1, 1, 1, 1, 1, 1, 1, 1, 1, 1, 1, 1, 1, 1, 1, 1, 1, 1, 1, 1, 1, 1, 1, 1, 1, 1, 1, 1, 1, 1, 1, 1, 1, 1, 1, 1, 1, 1, 1, 1, 1, 1, 1, 1, 1, 1, 1, 1, 1, 1, 1, 1, 1, 1, 1, 1, 1, 1, 1, 1, 1, 1, 1, 1, 1, 1, 1, 1, 1, 1, 1, 1, 1, 1, 1, 1, 1, 1, 1, 1, 1, 1, 1, 1, 1, 1, 1, 1, 1, 1, 1, 1, 1, 1, 1, 1, 1, 1, 1, 1, 1, 1, 1, 1, 1, 1, 1, 1, 1, 1, 1, 1, 1, 1, 1, 1, 1, 1, 1, 1, 1, 1, 1, 1, 1, 1, 1, 1, 1, 1, 1, 1, 1, 1, 1, 1, 1, 1, 1, 1, 1, 1, 1, 1, 1, 1, 1, 1, 1, 1, 1, 1, 1, 1, 1, 1, 1, 1, 1, 1, 1, 1, 1, 1, 1, 1, 1, 1, 1, 1, 1, 1, 1, 1, 1, 1, 1, 1, 1, 1, 1, 1, 1, 1, 1, 1, 1, 1, 1, 1, 1, 1, 1, 1, 1, 1, 1, 1, 1, 1, 1, 1, 1, 1, 1, 1, 1, 1, 1, 1, 1, 1, 1, 1, 1, 1, 1, 1, 1, 1, 1, 1, 1, 1, 1, 1, 1, 1, 1, 1, 1, 1, 1, 1, 1, 1, 1, 1, 1, 1, 1, 1, 1, 1, 1, 1, 1, 1, 1, 1, 1, 1, 1, 1, 1, 1, 1, 1, 1, 1, 1, 1, 1, 1, 1, 1, 1, 1, 1, 1, 1, 1, 1, 1, 1, 1, 1, 1, 1, 1, 1, 1, 1, 1, 1, 1, 1, 1, 1, 1, 1, 1, 1, 1, 1, 1, 1, 1, 1, 1, 1, 1, 1, 1, 1, 1, 1, 1, 1, 1, 1, 1, 1, 1, 1, 1, 1, 1, 1, 1, 1, 1, 1, 1, 1, 1, 1, 1, 1, 1, 1, 1, 1, 1, 1, 1, 1, 1, 1, 1, 1, 1, 1, 1, 1, 1, 1, 1, 1, 1, 1, 1, 1, 1, 1, 1, 1, 1, 1, 1, 1, 1, 1, 1, 1, 1, 1, 1, 1, 1, 1, 1, 1, 1, 1, 1, 1, 1, 1, 1, 1, 1, 1, 1, 1, 1, 1, 1, 1, 1, 1, 1, 1, 1, 1, 1, 1, 1, 1, 1, 1, 1, 1, 1, 1, 1, 1, 1, 1, 1, 1, 1, 1, 1, 1, 1, 1, 1, 1, 1, 1, 1, 1, 1, 1, 1, 1, 1, 1, 1, 1, 1, 1, 1, 1, 1, 1, 1, 1, 1, 1, 1, 1, 1, 1, 1, 1, 1, 1, 1, 1, 1, 1, 1, 1, 1, 1, 1, 1, 1, 1, 1, 1, 1, 1, 1, 1, 1, 1, 1, 1, 1, 1, 1, 1, 1, 1, 1, 1, 1, 1, 1, 1, 1, 1, 1, 1, 1, 1, 1, 1, 1, 1, 1, 1, 1, 1, 1, 1, 1, 1, 1, 1, 1, 1, 1, 1, 1, 1, 1, 1, 1, 1, 1, 1, 1, 1, 1, 1, 1, 1, 1, 1, 1, 1, 1, 1, 1, 1, 1, 1, 1, 1, 1, 1, 1, 1, 1, 1, 1, 1, 1, 1, 1, 1, 1, 1, 1, 1, 1, 1, 1, 1, 1, 1, 1, 1, 1, 1, 1, 1, 1, 1, 1, 1, 1, 1, 1, 1, 1, 1, 1, 1, 1, 1, 1, 1, 1, 1, 1, 1, 1, 1, 1, 1, 1, 1, 1, 1, 1, 1, 1, 1, 1, 1, 1, 1, 1, 1, 1, 1, 1, 1, 1, 1, 1, 1, 1, 1, 1, 1, 1, 1, 1, 1, 1, 1, 1, 1, 1, 1, 1, 1, 1, 1, 1, 1, 1, 1, 1, 1, 1, 1, 1, 1, 1, 1, 1, 1, 1, 1, 1, 1, 1, 1, 1, 1, 1, 1, 1, 1, 1, 1, 1, 1, 1, 1, 1, 1, 1, 1, 1, 1, 1, 1, 1, 1, 1, 1, 1, 1, 1, 1, 1, 1]

y_pred=[1.0, 0.0, 1.0, 1.0, 0.0, 1.0, 0.0, 0.0, 0.0, 1.0, 0.0, 1.0, 1.0, 1.0, 1.0, 1.0, 0.0, 1.0, 1.0, 0.0, 1.0, 0.0, 0.0, 0.0, 1.0, 0.0, 1.0, 0.0, 1.0, 1.0, 0.0, 1.0, 1.0, 1.0, 0.0, 1.0, 0.0, 0.0, 0.0, 1.0, 0.0, 1.0, 1.0, 1.0, 0.0, 0.0, 0.0, 0.0, 1.0, 0.0, 0.0, 1.0, 0.0, 1.0, 1.0, 0.0, 0.0, 1.0, 0.0, 0.0, 0.0, 0.0, 1.0, 0.0, 0.0, 0.0, 0.0, 1.0, 0.0, 0.0, 0.0, 1.0, 1.0, 0.0, 1.0, 1.0, 1.0, 1.0, 0.0, 1.0, 1.0, 0.0, 0.0, 1.0, 1.0, 1.0, 1.0, 0.0, 0.0, 0.0, 0.0, 1.0, 1.0, 0.0, 1.0, 1.0, 1.0, 0.0, 1.0, 1.0, 0.0, 0.0, 1.0, 1.0, 1.0, 0.0, 0.0, 0.0, 0.0, 0.0, 0.0, 0.0, 0.0, 1.0, 0.0, 0.0, 1.0, 0.0, 1.0, 1.0, 1.0, 1.0, 1.0, 1.0, 1.0, 1.0, 1.0, 1.0, 0.0, 1.0, 1.0, 0.0, 0.0, 1.0, 0.0, 1.0, 0.0, 1.0, 1.0, 1.0, 1.0, 1.0, 0.0, 0.0, 0.0, 0.0, 0.0, 0.0, 1.0, 1.0, 1.0, 0.0, 1.0, 0.0, 0.0, 1.0, 1.0, 1.0, 0.0, 0.0, 0.0, 1.0, 1.0, 1.0, 1.0, 0.0, 1.0, 0.0, 1.0, 1.0, 0.0, 0.0, 1.0, 1.0, 1.0, 0.0, 1.0, 0.0, 1.0, 1.0, 0.0, 0.0, 1.0, 1.0, 0.0, 1.0, 1.0, 0.0, 1.0, 0.0, 1.0, 1.0, 0.0, 0.0, 0.0, 0.0, 0.0, 0.0, 1.0, 0.0, 1.0, 1.0, 1.0, 0.0, 0.0, 0.0, 1.0, 1.0, 1.0, 0.0, 0.0, 0.0, 1.0, 1.0, 0.0, 0.0, 0.0, 0.0, 1.0, 0.0, 1.0, 1.0, 0.0, 0.0, 0.0, 0.0, 1.0, 0.0, 0.0, 1.0, 0.0, 0.0, 1.0, 0.0, 1.0, 1.0, 0.0, 0.0, 0.0, 1.0, 1.0, 0.0, 0.0, 0.0, 0.0, 0.0, 0.0, 1.0, 0.0, 0.0, 1.0, 0.0, 0.0, 0.0, 1.0, 1.0, 0.0, 1.0, 0.0, 0.0, 1.0, 1.0, 0.0, 1.0, 0.0, 0.0, 0.0, 0.0, 0.0, 1.0, 1.0, 1.0, 0.0, 0.0, 1.0, 1.0, 1.0, 1.0, 0.0, 0.0, 1.0, 0.0, 0.0, 0.0, 0.0, 1.0, 0.0, 1.0, 1.0, 0.0, 0.0, 0.0, 1.0, 0.0, 0.0, 1.0, 0.0, 0.0, 1.0, 0.0, 1.0, 0.0, 1.0, 0.0, 1.0, 1.0, 1.0, 1.0, 0.0, 1.0, 1.0, 1.0, 1.0, 1.0, 1.0, 1.0, 0.0, 0.0, 1.0, 0.0, 0.0, 1.0, 0.0, 1.0, 0.0, 1.0, 1.0, 1.0, 1.0, 0.0, 0.0, 1.0, 1.0, 1.0, 0.0, 0.0, 1.0, 1.0, 0.0, 1.0, 0.0, 1.0, 0.0, 0.0, 1.0, 0.0, 0.0, 1.0, 0.0, 1.0, 0.0, 1.0, 0.0, 0.0, 1.0, 1.0, 1.0, 0.0, 1.0, 1.0, 0.0, 1.0, 1.0, 0.0, 0.0, 0.0, 0.0, 0.0, 0.0, 1.0, 0.0, 1.0, 1.0, 1.0, 0.0, 1.0, 0.0, 1.0, 1.0, 1.0, 1.0, 0.0, 1.0, 1.0, 0.0, 1.0, 1.0, 0.0, 0.0, 0.0, 1.0, 1.0, 0.0, 1.0, 0.0, 0.0, 0.0, 0.0, 1.0, 1.0, 1.0, 0.0, 1.0, 1.0, 0.0, 0.0, 1.0, 0.0, 0.0, 0.0, 0.0, 1.0, 0.0, 0.0, 0.0, 0.0, 0.0, 1.0, 1.0, 1.0, 0.0, 1.0, 0.0, 0.0, 1.0, 0.0, 1.0, 0.0, 0.0, 0.0, 0.0, 0.0, 1.0, 0.0, 0.0, 0.0, 0.0, 1.0, 0.0, 0.0, 1.0, 1.0, 1.0, 0.0, 0.0, 1.0, 0.0, 1.0, 0.0, 0.0, 0.0, 1.0, 0.0, 0.0, 0.0, 1.0, 1.0, 0.0, 0.0, 1.0, 1.0, 0.0, 1.0, 0.0, 0.0, 1.0, 0.0, 1.0, 1.0, 1.0, 0.0, 1.0, 1.0, 1.0, 0.0, 1.0, 0.0, 0.0, 1.0, 1.0, 0.0, 0.0, 0.0, 0.0, 1.0, 0.0, 1.0, 1.0, 1.0, 1.0, 0.0, 0.0, 0.0, 0.0, 1.0, 0.0, 1.0, 0.0, 1.0, 0.0, 1.0, 0.0, 1.0, 1.0, 0.0, 1.0, 1.0, 0.0, 0.0, 1.0, 0.0, 1.0, 1.0, 1.0, 1.0, 1.0, 1.0, 1.0, 0.0, 1.0, 1.0, 1.0, 0.0, 1.0, 1.0, 0.0, 1.0, 0.0, 0.0, 1.0, 1.0, 1.0, 0.0, 0.0, 1.0, 0.0, 1.0, 1.0, 0.0, 0.0, 1.0, 0.0, 1.0, 1.0, 1.0, 1.0, 0.0, 1.0, 1.0, 0.0, 0.0, 0.0, 1.0, 1.0, 0.0, 1.0, 1.0, 0.0, 0.0, 1.0, 0.0, 0.0, 0.0, 0.0, 1.0, 0.0, 1.0, 1.0, 1.0, 0.0, 0.0, 1.0, 0.0, 1.0, 1.0, 1.0, 1.0, 0.0, 1.0, 0.0, 0.0, 1.0, 1.0, 0.0, 0.0, 0.0, 1.0, 1.0, 1.0, 1.0, 1.0, 1.0, 0.0, 1.0, 0.0, 0.0, 0.0, 1.0, 0.0, 1.0, 0.0, 1.0, 1.0, 0.0, 1.0, 1.0, 1.0, 0.0, 0.0, 1.0, 1.0, 1.0, 1.0, 0.0, 1.0, 0.0, 0.0, 1.0, 0.0, 1.0, 1.0, 0.0, 1.0, 0.0, 1.0, 0.0, 0.0, 0.0, 1.0, 1.0, 1.0, 0.0, 0.0, 0.0, 0.0, 0.0, 0.0, 0.0, 0.0, 1.0, 1.0, 1.0, 1.0, 1.0, 1.0, 0.0, 1.0, 1.0, 1.0, 1.0, 0.0, 0.0, 0.0, 0.0, 0.0, 1.0, 1.0, 0.0, 1.0, 1.0, 1.0, 1.0, 1.0, 1.0, 1.0, 1.0, 1.0, 0.0, 0.0, 0.0, 1.0, 1.0, 1.0, 0.0, 1.0, 0.0, 1.0, 0.0, 1.0, 0.0, 1.0, 1.0, 1.0, 0.0, 1.0, 0.0, 1.0, 0.0, 1.0, 1.0, 0.0, 1.0, 0.0, 1.0, 1.0, 1.0, 0.0, 1.0, 0.0, 0.0, 1.0, 0.0, 0.0, 1.0, 0.0, 1.0, 1.0, 0.0, 1.0, 0.0, 0.0, 0.0, 1.0, 1.0, 1.0, 1.0, 0.0, 0.0, 1.0, 0.0, 1.0, 0.0, 1.0, 0.0, 0.0, 0.0, 1.0, 1.0, 1.0, 0.0, 1.0, 1.0, 1.0, 1.0, 0.0, 0.0, 1.0, 0.0, 0.0, 0.0, 1.0, 0.0, 1.0, 0.0, 1.0, 0.0, 0.0, 0.0, 1.0, 1.0, 1.0, 1.0, 1.0, 0.0, 1.0, 1.0, 1.0, 0.0, 1.0, 1.0, 1.0, 0.0, 1.0, 0.0, 0.0, 0.0, 1.0, 0.0, 1.0, 0.0, 1.0, 1.0, 0.0, 1.0, 1.0, 0.0, 0.0, 0.0, 0.0, 1.0, 0.0, 0.0, 1.0, 0.0, 1.0, 0.0, 1.0, 0.0, 0.0, 1.0, 0.0, 1.0, 0.0, 1.0, 0.0, 1.0, 0.0, 1.0, 0.0, 0.0, 0.0, 1.0, 0.0, 1.0, 0.0, 0.0, 0.0, 0.0, 1.0, 1.0, 1.0, 1.0, 0.0, 1.0, 0.0, 1.0, 1.0, 0.0, 0.0, 0.0, 1.0, 0.0, 0.0, 0.0, 0.0, 1.0, 0.0, 1.0, 0.0, 0.0, 1.0, 0.0, 1.0, 1.0, 0.0, 0.0, 0.0, 0.0, 1.0, 0.0, 1.0, 1.0, 1.0, 1.0, 0.0, 0.0, 0.0, 0.0, 0.0, 1.0, 0.0, 1.0, 1.0, 0.0, 1.0, 1.0, 1.0, 0.0, 1.0, 0.0, 0.0, 1.0, 0.0, 1.0, 1.0, 1.0, 0.0, 0.0, 1.0, 0.0, 0.0, 1.0, 1.0, 1.0, 0.0, 1.0, 0.0, 1.0, 1.0, 0.0, 1.0, 1.0, 1.0, 0.0, 0.0, 0.0, 1.0, 1.0, 1.0, 1.0, 0.0, 1.0, 1.0, 1.0, 0.0, 1.0, 0.0, 1.0, 1.0, 0.0, 0.0, 1.0, 0.0, 1.0, 1.0, 1.0, 1.0, 1.0, 1.0, 1.0, 0.0, 0.0, 1.0, 0.0, 1.0, 0.0, 1.0, 0.0, 0.0, 0.0, 0.0, 0.0, 1.0, 0.0, 0.0, 0.0, 0.0, 1.0, 0.0, 1.0, 1.0, 0.0, 1.0, 0.0, 1.0, 0.0, 1.0, 1.0, 1.0, 0.0, 0.0, 1.0, 0.0, 0.0, 0.0, 1.0, 1.0, 1.0, 1.0, 0.0, 1.0, 1.0, 0.0, 1.0, 0.0, 1.0, 0.0, 0.0, 0.0, 0.0, 0.0, 1.0, 1.0, 0.0, 0.0, 0.0, 1.0, 0.0, 0.0, 1.0, 0.0, 1.0, 1.0, 0.0, 1.0, 0.0, 1.0, 0.0, 0.0, 1.0, 1.0, 1.0, 1.0, 1.0, 1.0, 1.0, 0.0, 0.0, 0.0, 1.0, 0.0, 1.0, 0.0, 1.0, 1.0, 1.0, 1.0, 1.0, 0.0, 0.0, 1.0, 1.0, 0.0, 1.0, 0.0, 1.0, 0.0, 0.0, 0.0, 1.0, 1.0, 0.0, 1.0, 1.0, 1.0, 0.0, 0.0, 0.0, 0.0, 1.0, 1.0, 1.0, 1.0, 1.0, 1.0, 0.0, 0.0, 1.0, 0.0, 0.0, 0.0, 1.0, 0.0, 0.0, 0.0, 0.0, 1.0, 0.0, 0.0, 1.0, 1.0, 0.0, 1.0, 0.0, 0.0, 1.0, 1.0, 0.0, 0.0, 0.0, 0.0, 0.0, 0.0, 0.0, 1.0, 1.0, 1.0, 0.0, 1.0, 1.0, 1.0, 1.0, 0.0, 1.0, 0.0, 1.0, 0.0, 1.0, 1.0, 0.0, 0.0, 0.0, 0.0, 1.0, 0.0, 0.0, 1.0, 0.0, 1.0, 1.0, 0.0, 0.0, 1.0, 0.0, 1.0, 0.0, 1.0, 1.0, 0.0, 1.0, 0.0, 0.0, 1.0, 0.0, 0.0, 0.0, 0.0, 1.0, 0.0, 1.0, 1.0, 0.0, 0.0, 1.0, 0.0, 1.0, 0.0, 0.0, 0.0, 1.0, 0.0, 0.0, 1.0, 1.0, 1.0, 0.0, 0.0, 1.0, 1.0, 1.0, 0.0, 1.0, 0.0, 0.0, 0.0, 1.0, 1.0, 0.0, 1.0, 0.0, 0.0, 1.0, 1.0, 1.0, 0.0, 1.0, 1.0, 0.0, 1.0, 0.0, 0.0, 0.0, 1.0, 1.0, 1.0, 1.0, 1.0, 0.0, 0.0, 1.0, 0.0, 0.0, 0.0, 0.0, 1.0, 1.0, 1.0, 1.0, 1.0, 0.0, 1.0, 0.0, 0.0, 1.0, 0.0, 1.0, 0.0, 0.0, 1.0, 0.0, 1.0, 1.0, 0.0, 1.0, 1.0, 0.0, 0.0, 1.0, 1.0, 1.0, 0.0, 0.0, 1.0, 1.0, 1.0, 1.0, 1.0, 0.0, 0.0, 1.0, 0.0, 1.0, 0.0, 1.0, 0.0, 0.0, 0.0, 1.0, 1.0, 1.0, 1.0, 1.0, 1.0, 1.0, 0.0, 1.0, 0.0, 0.0, 1.0, 1.0, 0.0, 0.0, 1.0, 1.0, 0.0, 1.0, 1.0, 0.0, 1.0, 1.0, 1.0, 1.0, 0.0, 0.0, 1.0, 0.0, 0.0, 1.0, 0.0, 0.0, 1.0, 1.0, 0.0, 0.0, 1.0, 1.0, 1.0, 1.0, 0.0, 1.0, 1.0, 0.0, 1.0, 1.0, 1.0, 0.0, 1.0, 0.0, 1.0, 1.0, 1.0, 1.0, 1.0, 1.0, 0.0, 1.0, 1.0, 0.0, 0.0, 1.0, 0.0, 1.0, 0.0, 1.0, 1.0, 0.0, 0.0, 0.0, 0.0, 1.0, 0.0, 0.0, 0.0, 1.0, 0.0, 0.0, 0.0, 0.0, 0.0, 1.0, 1.0, 1.0, 0.0, 1.0, 1.0, 0.0, 0.0, 0.0, 0.0, 1.0, 1.0, 1.0, 0.0, 0.0, 1.0, 0.0, 1.0, 0.0, 0.0, 0.0, 0.0, 1.0, 1.0, 1.0, 1.0, 1.0, 1.0, 0.0, 0.0, 1.0, 0.0, 1.0, 1.0, 1.0, 1.0, 0.0, 1.0, 1.0, 1.0, 0.0, 0.0, 1.0, 1.0, 0.0, 1.0, 1.0, 1.0, 0.0, 1.0, 1.0, 1.0, 0.0, 0.0, 0.0, 0.0, 1.0, 1.0, 1.0, 1.0, 1.0, 1.0, 1.0, 1.0, 0.0, 1.0, 1.0, 0.0, 0.0, 0.0, 0.0, 0.0, 0.0, 1.0, 0.0, 0.0, 1.0, 1.0, 1.0, 1.0, 1.0, 1.0, 1.0, 0.0, 1.0, 1.0, 1.0, 0.0, 1.0, 0.0, 1.0, 1.0, 0.0, 1.0, 1.0, 0.0, 0.0, 0.0, 0.0, 1.0, 0.0, 0.0, 0.0, 0.0, 1.0, 1.0, 1.0, 0.0, 1.0, 0.0, 1.0, 0.0, 0.0, 1.0, 1.0, 0.0, 0.0, 0.0, 0.0, 1.0, 0.0, 1.0, 0.0, 0.0, 0.0, 1.0, 1.0, 1.0, 1.0, 1.0, 1.0, 0.0, 1.0, 1.0, 0.0, 1.0, 1.0, 1.0, 0.0, 1.0, 1.0, 0.0, 1.0, 1.0, 0.0, 0.0, 0.0, 1.0, 1.0, 1.0, 0.0, 0.0, 1.0, 0.0, 0.0, 1.0, 1.0, 0.0, 0.0, 0.0, 0.0, 0.0, 1.0, 1.0, 1.0, 1.0, 0.0, 0.0, 0.0, 1.0, 1.0, 1.0, 0.0, 0.0, 1.0, 0.0, 1.0, 1.0, 0.0, 1.0, 0.0, 0.0, 0.0, 0.0, 1.0, 1.0, 0.0, 0.0, 0.0, 0.0, 1.0, 1.0, 0.0, 1.0, 0.0, 0.0, 0.0, 0.0, 0.0, 1.0, 1.0, 1.0, 1.0, 1.0, 1.0, 0.0, 0.0, 0.0, 0.0, 1.0, 0.0, 1.0, 1.0, 0.0, 1.0, 0.0, 0.0, 0.0, 0.0, 0.0, 1.0, 0.0, 1.0, 1.0, 1.0, 1.0, 1.0, 1.0, 0.0, 1.0, 1.0, 1.0, 1.0, 1.0, 1.0, 1.0, 0.0, 1.0, 0.0, 1.0, 0.0, 0.0, 0.0, 0.0, 0.0, 1.0, 0.0, 1.0, 0.0, 1.0, 0.0, 0.0, 1.0, 0.0, 0.0, 0.0, 1.0, 1.0, 1.0, 0.0, 0.0, 0.0, 1.0, 0.0, 0.0, 1.0, 1.0, 1.0, 1.0, 1.0, 0.0, 1.0, 0.0, 1.0, 0.0, 0.0, 1.0, 0.0, 1.0, 1.0, 1.0, 1.0, 0.0, 1.0, 1.0, 0.0, 0.0, 1.0, 1.0, 0.0, 1.0, 0.0, 0.0, 1.0, 0.0, 0.0, 0.0, 1.0, 0.0, 0.0, 1.0, 1.0, 0.0, 0.0, 1.0, 0.0, 0.0, 0.0, 1.0, 1.0, 0.0, 0.0, 0.0, 0.0, 1.0, 0.0, 0.0, 1.0, 1.0, 1.0, 1.0, 1.0, 1.0, 0.0, 0.0, 0.0, 1.0, 0.0, 1.0, 0.0, 0.0, 1.0, 0.0, 1.0, 0.0, 1.0, 1.0, 0.0, 1.0, 1.0, 0.0, 1.0, 1.0, 1.0, 1.0, 0.0, 1.0, 1.0, 0.0, 0.0, 0.0, 0.0, 1.0, 1.0, 0.0, 1.0, 0.0, 0.0, 1.0, 1.0, 1.0, 1.0, 0.0, 0.0, 1.0, 0.0, 1.0, 1.0, 1.0, 0.0, 1.0, 1.0, 0.0, 0.0, 1.0, 0.0, 1.0, 0.0, 0.0, 0.0, 0.0, 0.0, 0.0, 0.0, 0.0, 1.0, 1.0, 0.0, 0.0, 1.0, 1.0, 1.0, 0.0, 0.0, 0.0, 1.0, 1.0, 0.0, 1.0, 0.0, 1.0, 1.0, 0.0, 0.0, 1.0, 0.0, 1.0, 0.0, 0.0, 0.0, 0.0, 1.0, 0.0, 1.0, 0.0, 1.0, 1.0, 0.0, 1.0, 0.0, 1.0, 0.0, 1.0, 0.0, 1.0, 1.0, 0.0, 0.0, 1.0, 0.0, 0.0, 0.0, 0.0, 0.0, 0.0, 1.0, 1.0, 0.0, 1.0, 0.0, 0.0, 0.0, 0.0, 0.0, 0.0, 0.0, 1.0, 0.0, 1.0, 1.0, 0.0, 1.0, 1.0, 0.0, 1.0, 0.0, 1.0, 0.0, 0.0, 0.0, 1.0, 1.0, 0.0, 1.0, 0.0, 0.0, 0.0, 1.0, 0.0, 1.0, 0.0, 1.0, 0.0, 0.0, 1.0, 1.0, 0.0, 0.0, 1.0, 0.0, 0.0, 0.0, 0.0, 1.0, 0.0, 0.0, 0.0, 0.0, 0.0, 0.0, 0.0, 0.0, 1.0, 1.0, 1.0, 1.0, 0.0, 1.0, 1.0, 0.0, 0.0, 0.0, 1.0, 1.0, 1.0, 0.0, 0.0, 1.0, 0.0, 1.0, 0.0, 1.0, 0.0, 0.0, 1.0, 1.0, 1.0, 1.0, 1.0, 0.0, 1.0, 0.0, 0.0, 1.0, 1.0, 1.0, 0.0, 0.0, 1.0, 1.0, 0.0, 1.0, 0.0, 0.0, 0.0, 1.0, 0.0, 0.0, 0.0, 0.0, 0.0, 1.0, 0.0, 1.0, 0.0, 0.0, 1.0, 1.0, 1.0, 1.0, 0.0, 0.0, 0.0, 1.0, 1.0, 1.0, 1.0, 1.0, 0.0, 1.0, 1.0, 0.0, 1.0, 1.0, 0.0, 1.0, 1.0, 1.0, 0.0, 1.0, 1.0, 1.0, 0.0, 0.0, 1.0, 1.0, 0.0, 1.0, 1.0, 1.0, 0.0, 1.0, 1.0, 0.0, 0.0, 0.0, 0.0, 1.0, 1.0, 1.0, 1.0, 0.0, 1.0, 0.0, 1.0, 1.0, 0.0, 1.0, 0.0, 1.0, 1.0, 0.0, 1.0, 0.0, 1.0, 0.0, 1.0, 1.0, 0.0, 1.0, 0.0, 0.0, 0.0, 0.0, 1.0, 0.0, 1.0, 1.0, 1.0, 1.0, 0.0, 0.0, 1.0, 0.0, 0.0, 1.0, 1.0, 1.0, 1.0, 0.0, 1.0, 1.0, 1.0, 0.0, 1.0, 0.0, 0.0, 0.0, 0.0, 1.0, 0.0, 0.0, 1.0, 1.0, 0.0, 0.0, 0.0, 0.0, 0.0, 1.0, 1.0, 1.0, 1.0, 1.0, 1.0, 1.0, 0.0, 1.0, 0.0, 1.0, 1.0, 1.0, 1.0, 0.0, 0.0, 1.0, 0.0, 1.0, 1.0, 1.0, 0.0, 0.0, 1.0, 1.0, 1.0, 0.0, 0.0, 1.0, 1.0, 0.0, 0.0, 0.0, 0.0, 1.0, 0.0, 0.0, 1.0, 1.0, 1.0, 1.0, 0.0, 0.0, 1.0, 0.0, 1.0, 0.0, 1.0, 1.0, 1.0, 1.0, 0.0, 0.0, 1.0, 1.0, 0.0, 1.0, 1.0, 0.0, 0.0, 1.0, 1.0, 1.0, 0.0, 0.0, 0.0, 1.0, 1.0, 0.0, 1.0, 0.0, 1.0, 1.0, 0.0, 0.0, 0.0, 1.0, 1.0, 1.0, 0.0, 0.0, 1.0, 1.0, 1.0, 1.0, 0.0, 1.0, 1.0, 0.0, 1.0, 0.0, 1.0, 0.0, 1.0, 0.0, 1.0, 0.0, 0.0, 0.0, 0.0, 1.0, 0.0, 1.0, 1.0, 1.0, 1.0, 0.0, 1.0, 1.0, 1.0, 1.0, 1.0, 1.0, 1.0, 1.0, 0.0, 0.0, 1.0, 0.0, 1.0, 0.0, 0.0, 0.0, 1.0, 0.0, 0.0, 1.0, 0.0, 0.0, 1.0, 1.0, 0.0, 1.0, 1.0, 0.0, 1.0, 1.0, 0.0, 1.0, 1.0, 1.0, 1.0, 0.0, 0.0, 0.0, 1.0, 1.0, 0.0, 1.0, 1.0, 1.0, 0.0, 0.0, 1.0, 1.0, 0.0, 0.0, 0.0, 0.0, 0.0, 0.0, 0.0, 1.0, 1.0, 0.0, 0.0, 1.0, 1.0, 0.0, 1.0, 1.0, 1.0, 0.0, 0.0, 0.0, 1.0, 0.0, 0.0, 1.0, 1.0, 1.0, 0.0, 1.0, 1.0, 0.0, 1.0, 0.0, 1.0, 1.0, 1.0, 1.0, 0.0, 1.0, 0.0, 1.0, 0.0, 0.0, 1.0, 0.0, 0.0, 0.0, 0.0, 0.0, 0.0, 0.0, 0.0, 0.0, 1.0, 1.0, 1.0, 1.0, 1.0, 0.0, 1.0, 0.0, 0.0, 1.0, 0.0, 1.0, 0.0, 1.0, 1.0, 1.0, 1.0, 1.0, 1.0, 1.0, 0.0, 0.0, 0.0, 1.0, 0.0, 0.0, 1.0, 1.0, 1.0, 1.0, 1.0, 0.0, 1.0, 1.0, 0.0, 1.0, 0.0, 1.0, 1.0, 1.0, 0.0, 0.0, 1.0, 1.0, 1.0, 1.0, 1.0, 0.0, 1.0, 1.0, 0.0, 0.0, 1.0, 0.0, 0.0, 1.0, 0.0, 0.0, 1.0, 0.0, 0.0, 0.0, 0.0, 0.0, 1.0, 1.0, 1.0, 0.0, 1.0, 0.0, 0.0, 0.0, 1.0, 1.0, 1.0, 1.0, 0.0, 0.0, 1.0, 1.0, 0.0, 0.0, 1.0, 1.0, 0.0, 1.0, 0.0, 1.0, 1.0, 0.0, 1.0, 0.0, 1.0, 0.0, 1.0, 0.0, 0.0, 0.0, 1.0, 0.0, 0.0, 1.0, 1.0, 0.0, 1.0, 1.0, 1.0, 0.0, 0.0, 1.0, 0.0, 0.0, 1.0, 0.0, 1.0, 0.0, 1.0, 1.0, 1.0, 1.0, 1.0, 1.0, 1.0, 1.0, 1.0, 1.0, 1.0, 1.0, 0.0, 0.0, 0.0, 1.0, 1.0, 1.0, 1.0, 1.0, 0.0, 0.0, 0.0, 1.0, 1.0, 1.0, 1.0, 0.0, 0.0, 0.0, 1.0, 0.0, 0.0, 0.0, 1.0, 1.0, 1.0, 0.0, 1.0, 0.0, 1.0, 1.0, 1.0, 0.0, 1.0, 1.0, 0.0, 0.0, 0.0, 1.0, 0.0, 0.0, 1.0, 1.0, 1.0, 0.0, 1.0, 0.0, 0.0, 0.0, 1.0, 0.0, 0.0, 1.0, 0.0, 1.0, 0.0, 0.0, 1.0, 1.0, 1.0, 1.0, 0.0, 0.0, 1.0, 0.0, 1.0, 0.0, 0.0, 1.0, 1.0, 1.0, 0.0, 0.0, 1.0, 0.0, 1.0, 0.0, 1.0, 0.0, 0.0, 1.0, 0.0, 1.0, 0.0, 0.0, 0.0, 1.0, 0.0, 1.0, 1.0, 1.0, 1.0, 1.0, 1.0, 1.0, 0.0, 0.0]
\score={0: [0.1269925832748413, 0.127593497219293, 0.12702024186199362, 0.1274219219883283, 0.1280404284596443, 0.12599900902973282, 0.12812857041435857, 0.1284225921218212, 0.1277020894761743, 0.12723891933759054, 0.1283141900511349, 0.1273949802853167, 0.12713340456996644, 0.12725172576404387, 0.1267714947462082, 0.12675763869827444, 0.12773527606175497, 0.12689881704070352, 0.12729391679167748, 0.12761606614698062, 0.12737087905406952, 0.12766825917520022, 0.128456708509475, 0.12758536135055581, 0.1272659569978714, 0.1279812842193577, 0.12731588022275406, 0.1279032708456119, 0.12657030811533332, 0.1273794018973907, 0.12782833304094232, 0.12699606915314993, 0.12725365064714267, 0.1272760500962084, 0.12786145927384496, 0.12741359323263168, 0.12766656196779674, 0.12830489439268908, 0.12867974625392395, 0.1275079806645711, 0.12765826657414436, 0.12755543198436498, 0.12737038046927066, 0.12749252437303463, 0.1279408989304846, 0.1284963662425677, 0.12827426981594828, 0.12756574473210744, 0.12739360172833716, 0.1278942000025358, 0.12783647621316568, 0.12724145129323006, 0.12816094607114792, 0.12671786857148012, 0.12718006808842933, 0.12820817132790882, 0.128276873041283, 0.12677059007378724, 0.1275860485434532, 0.12825428297122318, 0.12786250794306397, 0.12852541191710365, 0.12703412943161452, 0.12782335078174417, 0.1279343855049875, 0.12772345566941845, 0.12805644313202186, 0.12718210816383363, 0.12793717857288278, 0.12807352237758182, 0.12765148861540687, 0.1273542401091806, 0.12710391052744605, 0.12757507201872373, 0.1274561741474, 0.12680541287208424, 0.12690649231274923, 0.1263678496082624, 0.12765594280284384, 0.12730701950689158, 0.12754863438506922, 0.1283405659829869, 0.12762030370925603, 0.1268369977672895, 0.12728538973764938, 0.1258783226921445, 0.1274207642544871, 0.12814034663495563, 0.12797523628581653, 0.12783263502072315, 0.12811219319701195, 0.1269932178890004, 0.1272391424729274, 0.1282688520848751, 0.12687309966845947, 0.12704405821859838, 0.12691534978562388, 0.12825575028546154, 0.1265080361203714, 0.12662506550550462, 0.1280587576329708, 0.12769730182157624, 0.1275192440851875, 0.12741297773189014, 0.12722493708133698, 0.12864106744527817, 0.12773940215508142, 0.1277978934702419, 0.12845725227486005, 0.1281373087655414, 0.1275621945819547, 0.12756320337454477, 0.12800724158684412, 0.12737649106062376, 0.127928945071557, 0.12774661976483562, 0.12591513767838478, 0.12810849916675818, 0.12679552856613607, 0.12713453095210225, 0.12667801490296487, 0.1266493655741215, 0.12705173426204258, 0.1272534355521202, 0.12720724711051354, 0.1273139559974273, 0.12744905551274618, 0.1273637154827947, 0.12836174347570964, 0.1269236190451516, 0.12610328603874554, 0.12800445514065878, 0.1281904750926928, 0.12649626185496649, 0.12780414628131048, 0.12729438161477447, 0.12761045048634212, 0.1274048491166188, 0.12709001849095028, 0.12713042003187267, 0.12644865144701564, 0.12741942572243073, 0.12776339799165726, 0.1280596761599831, 0.12798131895916803, 0.12763384646839565, 0.12847107648849487, 0.12765151113271714, 0.12504230439662933, 0.12678657844662666, 0.1273652955889702, 0.12834987145933238, 0.12725138096582322, 0.12805021554231644, 0.12818573678241058, 0.12662289028658585, 0.12737488597631455, 0.1273190810492164, 0.1277524526230991, 0.12807980014218223, 0.1290157369591973, 0.12738438171369057, 0.1270257825963199, 0.12735342855254808, 0.12706617609812662, 0.1277652888425759, 0.12729419448546, 0.12836958542466165, 0.12694372112552324, 0.12744451739958354, 0.12802496789531273, 0.12778914764975058, 0.1270523810138305, 0.12710254213639668, 0.12624262060437882, 0.12824671529233456, 0.12686235143950111, 0.12903565487691335, 0.12751850884939944, 0.12665948690846562, 0.1283336341381073, 0.12770152327261472, 0.12697883397340776, 0.12736292905879742, 0.1281151595440778, 0.12718209048563783, 0.12753156185150147, 0.12763113018713498, 0.12715498196042102, 0.12878600042313337, 0.12753701210021973, 0.12607239239982196, 0.1279678104015497, 0.1278245421126485, 0.12844737153500319, 0.12770430892705917, 0.12792129244874506, 0.12766103446483612, 0.12725046846796484, 0.12774083204567432, 0.12702437921574242, 0.1272854126161999, 0.127145154774189, 0.12821991612081943, 0.1280178828881337, 0.12850285378786233, 0.12590524382316148, 0.12462150305509567, 0.12726405071360725, 0.12786226651885294, 0.12971456224719682, 0.12851449698209763, 0.1272368507925421, 0.12688161562318387, 0.12771270324786504, 0.12767645567655564, 0.12784469987337405, 0.12837820534001698, 0.1273109329243501, 0.1275947093963623, 0.12592925876379013, 0.12721118634497677, 0.12787450464635058, 0.1283503919839859, 0.12767160970431107, 0.12787178407112756, 0.1271886212321428, 0.12773020565509796, 0.12784436992976977, 0.12704197317361832, 0.1278116089660068, 0.12823353165929968, 0.12636829402885938, 0.12824549250028752, 0.12698211343515486, 0.1271143241421036, 0.12828523218631743, 0.12811923126379648, 0.12807760520705155, 0.12732533117135367, 0.12561233341693878, 0.12809648774564267, 0.12790750619024038, 0.12801864901275345, 0.12804152958449863, 0.12756535861381266, 0.12763924217399428, 0.12688465856693007, 0.1279329179148925, 0.12756144614131362, 0.12715902462087827, 0.12771388031542302, 0.1284574419260025, 0.12841835990548134, 0.12730452110027446, 0.12684059664607047, 0.12807626596518926, 0.12729079253040254, 0.127728586671529, 0.1297215923666954, 0.1268975449835553, 0.12660302221775055, 0.12758414695660272, 0.1275058537721634, 0.12790377903729677, 0.12758798226714135, 0.1280475990338759, 0.127738096696489, 0.12767555937170982, 0.12753306962549688, 0.12710442559586632, 0.1274949910385268, 0.12790251416819437, 0.12786243635195274, 0.1274214006960392, 0.12655418179929256, 0.12729119022305196, 0.12708360784583622, 0.12783418203655042, 0.12820898688265256, 0.1273162343328999, 0.12772537342139653, 0.12803390373786291, 0.1287151195786216, 0.12769544035196304, 0.12731745690107346, 0.12776301801204681, 0.1270027793943882, 0.1273409128189087, 0.12797153289570953, 0.12773527248817332, 0.12838118726556952, 0.12630095138497974, 0.12822615318000316, 0.12786855300267538, 0.1274715219106939, 0.12862025573849678, 0.12756063318566271, 0.1271998186906179, 0.12762263996733558, 0.12704055214470084, 0.12766595012866533, 0.12723108667593735, 0.12776478086457108, 0.12688047112897038, 0.1273890657252387, 0.1271543715368299, 0.12741774117404764, 0.1276767166412395, 0.1270577821880579, 0.12713361779848734, 0.1266069969534874, 0.12717358653361982, 0.1267061842715039, 0.1272755494713783, 0.1263871170580387, 0.12774716110693085, 0.12772885809342066, 0.12755474505516198, 0.12762600996277548, 0.12846605714998746, 0.1274516461860566, 0.12788486173924277, 0.12711837928037387, 0.12817143201828002, 0.12731435149908066, 0.12715474209364722, 0.12686234898865223, 0.12720374361826822, 0.1278419267386198, 0.12797287343577904, 0.12740761414170265, 0.1273088229354471, 0.1271220535478171, 0.12815630739485775, 0.12797220870852472, 0.12744677697236723, 0.12736775130033492, 0.1279057660036617, 0.12646457959305157, 0.12759311869740486, 0.12661237225813024, 0.12809516718754402, 0.12796577159315348, 0.12599077655209434, 0.12795088262785048, 0.1289369508624077, 0.12712188779066005, 0.1289759517780372, 0.12740420967340468, 0.12791252949021079, 0.12536217868328095, 0.1283733262680471, 0.12812388605541652, 0.12730363508065543, 0.12686192811954589, 0.12740181386470795, 0.12784880585968494, 0.12749323348204294, 0.12711368971749357, 0.1286371565527386, 0.12741048295389523, 0.12755670990137494, 0.12771279974417252, 0.1276523551593224, 0.12767593264579774, 0.1277369478574166, 0.1284796063389097, 0.12866068021817642, 0.12725536972284318, 0.12798127780357996, 0.12717370490233104, 0.12560084760189055, 0.1266510667545455, 0.1277584634721279, 0.12626468963347948, 0.12793361768126488, 0.1270739898085594, 0.1271163409247118, 0.1273762903043202, 0.1273532658815384, 0.12825510382652283, 0.12740886317832129, 0.12649797042831779, 0.1275931014014142, 0.12743287968138853, 0.1272871807731431, 0.12811259409556022, 0.12779918536543847, 0.12757093321394036, 0.1272760865588983, 0.12733761221170425, 0.12776302414781907, 0.1269756590529364, 0.128155190211076, 0.12851804122328758, 0.12823925505984912, 0.12825171942157404, 0.12729036870102087, 0.12737597631556646, 0.12704620696604252, 0.12757192626595498, 0.1273654835919539, 0.1274994043143172, 0.12778983414173126, 0.12826873196495903, 0.12746581564778867, 0.12778073300917944, 0.1277627061520304, 0.1288568615913391, 0.12833999706940216, 0.12655917182564735, 0.12801686748862268, 0.12757550392832076, 0.12830119109467455, 0.12818162143230438, 0.12758490119291388, 0.12730431854724883, 0.12706628361263791, 0.12664249911904335, 0.1278244410367573, 0.1275001304845015, 0.12801689265862756, 0.12757452328999838, 0.12716417420994153, 0.12769015001900055, 0.12737259878353638, 0.12801924844582876, 0.12813283117680713, 0.12777096840242544, 0.12805606673161188, 0.12781513566997918, 0.12722491612657905, 0.12830690132535022, 0.12789101484749052, 0.12781981825828553, 0.1277710124850273, 0.1265829741023481, 0.12819393896139586, 0.12860487941010246, 0.12742680981755256, 0.1273813218706184, 0.12657369254156947, 0.1281212026422674, 0.12879216174284616, 0.1271817716769874, 0.12800860786583365, 0.12702113212574095, 0.12878312998347813, 0.1277952606861408, 0.1282779797911644, 0.12715031302744342, 0.12798862565647473, 0.1281313207000494, 0.12891937357683977, 0.12713964382807413, 0.12692801704009374, 0.12816735620007796, 0.1281228106882837, 0.12719702483578163, 0.12669281718822625, 0.12785795856924617, 0.12716997849444547, 0.1285777274105284, 0.12766278038422266, 0.12748152762651443, 0.12860864400863647, 0.12702156690990224, 0.12674385930101076, 0.12669909406792035, 0.12770726829767226, 0.12653260626669588, 0.12753651291131973, 0.12720602005720139, 0.1279870852828026, 0.12733930349349976, 0.12805262058973313, 0.12765390042102698, 0.12665671110153198, 0.1267868739209677, 0.12775581089719648, 0.12832024496267824, 0.12838815569001086, 0.12768563032150268, 0.12752365673843183, 0.12820136754049194, 0.12677006470039487, 0.12739339470863342, 0.12679478377103806, 0.12729580735051355, 0.1277626845985651, 0.12756631233625942, 0.12791179567575456, 0.12792046833783388, 0.1267342045903206, 0.12785881757736206, 0.1271982438241442, 0.12783524588398312, 0.12702837586402893, 0.1276668542996049, 0.12721424959599972, 0.12781603758533797, 0.1270543258441122, 0.12733910824446118, 0.12762535104285117, 0.12729937982346332, 0.1267024361424976, 0.12796552013605833, 0.1275633617359049, 0.1268068794970927, 0.1283588246865706, 0.12600421024994415, 0.12748384475708008, 0.12690951027300046, 0.12718401923775674, 0.1265192346816713, 0.12709613293409347, 0.12690140036019412, 0.12804780569341448, 0.12745095899811498, 0.12713081664160678, 0.1264744373885068, 0.12768793557035296, 0.12687631405708266, 0.12721533747389913, 0.12768685184419154, 0.1274679742993847, 0.12919422388076782, 0.12786407470703126, 0.12727626552805305, 0.12691610306501389, 0.12744968655434522, 0.12827752018347383, 0.12768735337470258, 0.12703046649694444, 0.1277438449588689, 0.12736479031878548, 0.12751602083444596, 0.12829557806253433, 0.1278512194752693, 0.12737743463367224, 0.12774269796650986, 0.12717498038653974, 0.12730124592781067, 0.12697019875049592, 0.12721592613628932, 0.1277901642024517, 0.12736924844128744, 0.12747756923948014, 0.12761216569277975, 0.1277122155509212, 0.12785503128543496, 0.1273779344299565, 0.12699259171883265, 0.12781804551680884, 0.12724511542667946, 0.12645092159509658, 0.12795258973326, 0.12756894356929338, 0.12747612836606362, 0.1286421292103254, 0.12803686009003565, 0.12823560043717874, 0.12791499661074746, 0.1259216323494911, 0.12832824823757014, 0.12722158093344083, 0.12720500135963614, 0.12754070133932174, 0.12760847144656712, 0.1283056065440178, 0.12653272555154912, 0.12974601984024048, 0.12722960418584395, 0.12747273614837062, 0.127188037861796, 0.12753772425154844, 0.12814309489395884, 0.12719753123819827, 0.1277451644341151, 0.1282913319089196, 0.12751324276129405, 0.1267124994293503, 0.1276488664249579, 0.12808328441211156, 0.12812294868322519, 0.12696403389175734, 0.12622924826361917, 0.12728165228057792, 0.12700907554891375, 0.12714983001351357, 0.12679822902594293, 0.128932309421626, 0.12754870667344048, 0.12899839878082275, 0.12758656334260415, 0.12765015250649944, 0.12688783854246138, 0.1278421800583601, 0.12737539038062096, 0.12838338853584397, 0.12701690776480568, 0.1273570383588473, 0.12815502751618624, 0.12683018354269174, 0.126315847504884, 0.1267585785765397, 0.12850992610821357, 0.12767129529405524, 0.12755315005779266, 0.1275465812894606, 0.12752734636887908, 0.127089385357168, 0.12810434968698592, 0.126952249970701, 0.12799477067432904, 0.12783430042591962, 0.12703690752387048, 0.12839023768901825, 0.1270817071199417, 0.1272888258099556, 0.12824456354505137, 0.12744135486668554, 0.12814794833722867, 0.12750148669713074, 0.1276741766116836, 0.12798580527305603, 0.12771140411496162, 0.1271585507525338, 0.12680065631866455, 0.126432416588068, 0.12787054479122162, 0.12828244810754602, 0.12803669316428049, 0.12833726219832897, 0.12873181085223737, 0.12756278501315552, 0.12860882729291917, 0.12757142037153243, 0.1270074537023902, 0.12655726075172424, 0.12724923918193037, 0.1262053352381502, 0.1270316646054939, 0.12720128955940405, 0.1282596195737521, 0.12674957864424763, 0.12753122597932814, 0.12712496461776587, 0.12641004348794618, 0.1279027943427746, 0.12781135411933064, 0.12851314395666122, 0.1276685318042492, 0.12793268925613827, 0.12670017266646028, 0.12676572451988857, 0.12813464395309748, 0.1267986111342907, 0.127121239900589, 0.12721082881877296, 0.12735575661063195, 0.12647055231389545, 0.1271971237091791, 0.1268826516138183, 0.12751723527908326, 0.127336361868815, 0.1278187506224798, 0.12778960168361664, 0.1277351792042072, 0.12705472037196158, 0.1265221605343478, 0.1274547783864869, 0.12799998505247964, 0.1268891545633475, 0.12808291870169342, 0.12681690702835718, 0.1276533231139183, 0.12654940783977509, 0.12773293604453403, 0.12743587588722055, 0.12667169719934462, 0.1273028248300155, 0.12756262297431628, 0.12749575891278006, 0.12756529524922372, 0.12687011001010737, 0.12763163795073826, 0.1273579632397741, 0.12738414796499106, 0.1282058134675026, 0.126309411092238, 0.1288703814148903, 0.127011320911921, 0.12653305288404226, 0.12684523941654907, 0.12757861763238906, 0.12705371105993116, 0.12812391947954893, 0.1281070357019251, 0.12701984097560245, 0.12760354379812877, 0.1276096946001053, 0.12743097412235596, 0.12872156907211652, 0.12725598240892091, 0.12702978868037462, 0.1279328865930438, 0.126833479023642, 0.12852088920772076, 0.12827170093854268, 0.1278688240618933, 0.12742680141871626, 0.12719216592171612, 0.12610734924674033, 0.1274550977078351, 0.1279933682896874, 0.12779813930392264, 0.12497181445360184, 0.12770350873470307, 0.1273451480600569, 0.12781135110478653, 0.12705666944384575, 0.12786048402388892, 0.12874108323684105, 0.12769664600491523, 0.12716225375022208, 0.12734193789462248, 0.12680866776241195, 0.12788950693276194, 0.12701803560440356, 0.12733634332051644, 0.1271332586184144, 0.1262144156628185, 0.12815266238017517, 0.12882686778903008, 0.12716779361168543, 0.12765410427863783, 0.1283358366539081, 0.12787187581553178, 0.12693006144120142, 0.12872807184855142, 0.12728849479130336, 0.1287165271739165, 0.12700275384954043, 0.12782620792758875, 0.12891687154769899, 0.1282985257250922, 0.12708964596192043, 0.12703368306159973, 0.12625813980897269, 0.1267543906966845, 0.1273464725205773, 0.12769057229161263, 0.12727985937486996, 0.1275459609925747, 0.12672924090709006, 0.12813728980042718, 0.1273344722059038, 0.1270519005400794, 0.127505362033844, 0.1280001975272013, 0.12675105851320995, 0.12877941690385342, 0.1276853219851067, 0.12824818970901625, 0.1269822676073421, 0.1279202987524596, 0.12717419117689133, 0.12835606435934702, 0.12703981301907835, 0.12755460944026709, 0.1282154619693756, 0.12639620353778203, 0.12725683372645152, 0.12761305458843708, 0.12759847763706655, 0.12838716059923172, 0.1275937750258229, 0.1270994328790241, 0.12810746543109416, 0.12769651069090918, 0.12696108628403058, 0.12824239085117975, 0.12733427124718824, 0.12773207761347294, 0.12743542053633267, 0.12782562417643412, 0.12817828221754593, 0.12634104271145427, 0.12819222991283125, 0.12658438831567764, 0.12847938239574433, 0.1265379318169185, 0.12862467616796494, 0.12721348324647316, 0.12771720243127724, 0.12696772475134244, 0.1280397352847186, 0.12872994939486185, 0.12757258895370696, 0.12711109114544733, 0.1276543147184632, 0.12700483202934265, 0.12817606776952745, 0.12762063798996118, 0.12766605133519454, 0.12785724401474, 0.12753738024655512, 0.12746335131426653, 0.12754707137743632, 0.12725156173110008, 0.12812892347574234, 0.12651388347148895, 0.127943966537714, 0.1272567446742739, 0.12748976029893933, 0.12803385645151139, 0.12811265818097375, 0.12773045610923034, 0.1265247186852826, 0.12792404741048813, 0.1281092459956805, 0.12897207181562076, 0.12883535027503967, 0.12584451012886488, 0.12763651879504323, 0.1275346577167511, 0.12901401655240494, 0.12779076702215456, 0.12721488028764724, 0.12786447451166486, 0.12744447713096937, 0.12690445983951743, 0.1276209537278522, 0.127644250026116, 0.12790025398135185, 0.12775737047195435, 0.12681366875767708, 0.12870819717645646, 0.12734218165278435, 0.12653005744020143, 0.12731100667430006, 0.12631328791379928, 0.12757633980363609, 0.12806521888290132, 0.12757092985239896, 0.12791923806071281, 0.129159990284178, 0.12712222933769227, 0.12825531512498856, 0.12749766930937767, 0.1274752298539335, 0.12779620124234092, 0.1274092197418213, 0.1269081240253789, 0.12725661744674047, 0.1275734973364863, 0.12716559875518718, 0.12781521386426428, 0.1278152589996656, 0.12724341664995467, 0.12772359745576978, 0.1275317887465159, 0.12752965379219788, 0.12712025865912438, 0.12794484545787174, 0.1276248995872105, 0.12737223171982273, 0.12871142394012874, 0.12839459048377144, 0.1274704970419407, 0.12596807019277054, 0.126586722379381, 0.12795538229472708, 0.1275555357336998, 0.12832084894180298, 0.1266650477130162, 0.12711057563622793, 0.12878143110058524, 0.12719485950138834, 0.12715033968774284, 0.12750121815638107, 0.12806257147055405, 0.12860608994960784, 0.12769645545631647, 0.12742046209482047, 0.12743656958142915, 0.12749413515512759, 0.12649505171510908, 0.12775024730298254, 0.12707762606441975, 0.12752651510869756, 0.1274255680089647, 0.12789946340996286, 0.12694922428239475, 0.12761686369776726, 0.12732363335396113, 0.12741048180538675, 0.12783289949099222, 0.12775565909091816, 0.1272766049141469, 0.12858303189277648, 0.1275029621190495, 0.12751755697859657, 0.1272824029579307, 0.12747074373894268, 0.12698676508097423, 0.12737374982008567, 0.12636474230223232, 0.1278405860066414, 0.12863011383696607, 0.12751880635817844, 0.12811422241585596, 0.12738235980272294, 0.12858331389725208, 0.1274289870262146, 0.1287574401056325, 0.1284072791536649, 0.1276847179979086, 0.12768881588146605, 0.12813054919242858, 0.12717868423178083, 0.12893745845014398, 0.1280202634100403, 0.1276898148159186, 0.1279952722516927, 0.12707329293092093, 0.1286756220189008, 0.12567799016833306, 0.12718035440359796, 0.12756001038683784, 0.12700931947020924, 0.12785339020192624, 0.12662898500760397, 0.12848194860495055, 0.12736589101881818, 0.1274385777386752, 0.12663912314635056, 0.12778771668672562, 0.12762664430416548, 0.12747481535188854, 0.12769403249025346, 0.12778348922729493, 0.12786570563912392, 0.12709875740110874, 0.12746371430429546, 0.1275069353481134, 0.12728689968585968, 0.12797483719057506, 0.1274368784257344, 0.12691964134573935, 0.12776224315166473, 0.12689694513877234, 0.12775690244002777, 0.12674800475889986, 0.1278987777504054, 0.12774716927246613, 0.12763525040021964, 0.1279318894331272, 0.12850300655249627, 0.1253100298345089, 0.12730449736118316, 0.12943504899740219, 0.1277065301934878, 0.12818617559969425, 0.12744328007102013, 0.12780723401478358, 0.12759746015071868, 0.12740464393909162, 0.1277602700626149, 0.12701287442767942, 0.1270078308880329, 0.12813473279987062, 0.12718766354597533, 0.12808221164676878, 0.1271692196528117, 0.12833629195627413, 0.12787133322230407, 0.12739781689430987, 0.12706098442568498, 0.12719513807031843, 0.12624997918804487, 0.12711518704891206, 0.12727265506982804, 0.12727652580449075, 0.12840887034932771, 0.127972318066491, 0.12786814841357144, 0.12733192947404137, 0.12875155806541444, 0.12670991756021976, 0.12812076083251409, 0.12733846189493828, 0.12752945539919106, 0.12728502839803696, 0.12720994340876737, 0.12688978554473984, 0.12787199268738428, 0.12774764622251192, 0.1273578777909279, 0.12717411729196706, 0.1282449918133872, 0.12592964991927147, 0.12810635815064111, 0.1260927373712713, 0.1281245411546142, 0.12780552357435226, 0.12812019923799917, 0.12663314762440595, 0.1272351223009604, 0.12775234878063202, 0.12675171780089536, 0.12665366221751487, 0.12733084676058395, 0.1285760745406151, 0.12783820953752315, 0.12783819593881307, 0.1277650729925544, 0.12637297726339763, 0.1271024034358561, 0.12645447328686715, 0.1263045459985733, 0.12730823287909682, 0.12713120748167453, 0.1279517603309258, 0.1287106520989362, 0.12703444940202377, 0.12968008518218993, 0.12798379877438912, 0.12827264921118817, 0.12663328337172666, 0.12810289952903986, 0.12806997182113783, 0.12829910880989498, 0.128738883882761, 0.1272841441360387, 0.1278525506456693, 0.12838737852871418, 0.12755365744233133, 0.12664525800695023, 0.12765762582421303, 0.12661146000027657, 0.12767549684005125, 0.12839778931811452, 0.12755244699391452, 0.12727430587013563, 0.12774180496732393, 0.12805579882115126, 0.12764223493062532, 0.12825819104909897, 0.1283811650385982, 0.12816845854887596, 0.12811993754335813, 0.12671796025501358, 0.12744744308292866, 0.1263593543659557, 0.12792136811691782, 0.12744986380522066, 0.1269009734193484, 0.12688931822776794, 0.1259835809469223, 0.12840409683329718, 0.12752571826179823, 0.1280945857104502, 0.12747577126873166, 0.12822786775919107, 0.12695297226309776, 0.12663889811797577, 0.1281619244920356, 0.12819663661977518, 0.12780308895386183, 0.12808612148676599, 0.12711414402084692, 0.128270142353498, 0.12832145480548635, 0.12723088736335436, 0.12778362206050328, 0.1275021920601527, 0.1273285935030264, 0.12811152768485687, 0.1276474092155695, 0.1275465041399002, 0.12825905630985895, 0.12685201466083526, 0.12770675671728035, 0.12676269188523293, 0.12693311795592307, 0.12864069947425058, 0.1269378676300957, 0.12763323475207602, 0.1283895330209481, 0.12753985524177552, 0.12828069999814035, 0.1277901589870453, 0.12826026901602744, 0.12846417166292667, 0.12706805088303305, 0.12782054096460344, 0.12634881619702687, 0.12746442258358, 0.1275838604196906, 0.12766838683323425, 0.12667091377079487, 0.12828179917953633, 0.12740365167458853, 0.12793996334075927, 0.12800829315727408, 0.12774052247405052, 0.12749715894460678, 0.12782590700821442, 0.12768701783248357, 0.12664391762680477, 0.12685658942375863, 0.12703508313964396, 0.12764332070946693, 0.12781850420511687, 0.12750670611858367, 0.12751458771526814, 0.12691835234207766, 0.12920203127644278, 0.12751115761373355, 0.1278794635877465, 0.12791786165464492, 0.1278844639658928, 0.12629656824800703, 0.1265130117535591, 0.1284536011517048, 0.12747792154550552, 0.12825058152278265, 0.1280052839563443, 0.12724400013685228, 0.12715665772557258, 0.12670940190553664, 0.12801564677107719, 0.1273480028306183, 0.12722504859970463, 0.12763436138629913, 0.12735394862565128, 0.12778124106781824, 0.1276948187838901, 0.12798329104076733, 0.12642393335700036, 0.12749132384424625, 0.12739681117236615, 0.12755930565652393, 0.12672261769572893, 0.12870950882251447, 0.1288395201166471, 0.12660530904928843, 0.1282417976430484, 0.12765483345304215, 0.12826546087213184, 0.12787201616071886, 0.1269091090985707, 0.12754535327355068, 0.1275179690935395, 0.1275315892792517, 0.12678197352215648, 0.1289437010884285, 0.12655526829453614, 0.12800757627229434, 0.12762744219175406, 0.12658384814858437, 0.12864483892917633, 0.12736693822911807, 0.127961912088924, 0.12784720265439578, 0.12734772575398287, 0.12819977443326602, 0.1271957325247618, 0.1261167012155056, 0.12771301592389742, 0.12740157002752478, 0.12660167614618936, 0.12764388223489126, 0.12792599201202393, 0.12607254494320264, 0.1273379088802771, 0.127532018458142, 0.12777650753657024, 0.12758446671068668, 0.12620330601930618, 0.12703747153282166, 0.12744680288083413, 0.12663954636082053, 0.12719990922646088, 0.1276841089129448, 0.12790127911350943, 0.12676666464124406, 0.12778301052749158, 0.127263227943331, 0.12846226883786066, 0.12690104357898235, 0.12831677579217488, 0.12909208779985254, 0.1276685195043683, 0.12668151259422303, 0.12694232687354087, 0.1273953063556781, 0.1273716429869334, 0.12652945704758167, 0.12750179141759874, 0.12724169284105302, 0.128367213675609, 0.12714610055640893, 0.12788118670384088, 0.12786711820147253, 0.12700278162956238, 0.12663625478744506, 0.12790025770664215, 0.12796048571666083, 0.126876305302848, 0.12687244180303353, 0.12775995364276374, 0.12722893857530185, 0.12736589275300503, 0.12778481882479456, 0.1257483915736278, 0.1270841294351746, 0.12731590523169592, 0.12701323063209138, 0.12775642934598422, 0.12849010030428568, 0.127370919745702, 0.1280425558798015, 0.1277728271396721, 0.1262880240021081, 0.12799952117105326, 0.12771966425996079, 0.1269256900186124, 0.12683265114372427, 0.12760021977803923, 0.12861348539590836, 0.12751806104505384, 0.1263125056498929, 0.12740345887447657, 0.12743786918489555, 0.12787990615918085, 0.12754981875419616, 0.12749427078025682, 0.12810400500893593, 0.1271073983775245, 0.12707918509840965, 0.12695899462470642, 0.12837065011262894, 0.12694011302664876, 0.12769531630552733, 0.12735728242180563, 0.12597505511208015, 0.12705969843599532, 0.12695465580775186, 0.12661685980856419, 0.1269857442149749, 0.12776479140875188, 0.12750255689024925, 0.12667970210313798, 0.12806498225439678, 0.12888111067669733, 0.12701865732669831, 0.12826374421517053, 0.12754612267017365, 0.12813407724553888, 0.12725402868312338, 0.12738267332315445, 0.12785769389434296, 0.12786648498895842, 0.12804980518726203, 0.12896337969736618, 0.1274336052161676, 0.12763538161913554, 0.1283537915183438, 0.12815675415374614, 0.1272898992523551, 0.1277703218575981, 0.12762111444503832, 0.127905238706332, 0.12793736878250325, 0.12838946626736567, 0.12749118677207402, 0.12700354691707727, 0.12698699980974198, 0.128548650579019, 0.12680294906551187, 0.12741449061367247, 0.12815680863653742, 0.12787154655564914, 0.12769143283367157, 0.12846024870872497, 0.12727242092723431, 0.1273829677984828, 0.12637527473270893, 0.12807837980134146, 0.12867448429266612, 0.12701177534957728, 0.12784024998545646, 0.12366636097431183, 0.1279395902529359, 0.13044563184181848, 0.1276619260509809, 0.12791111387989737, 0.12754686273358487, 0.12683652713894844, 0.12740674912929534, 0.12714940096650804, 0.12656353861093522, 0.12753670336678624, 0.12814977739391656, 0.12838325111402404, 0.12720734838928496, 0.12770066880866102, 0.12732044756412506, 0.12673268616199493, 0.1272541588315597, 0.12721861526370049, 0.12805764526128768, 0.12726120948791503, 0.12754577619058113, 0.1271221750613415, 0.1277194879949093, 0.12865677662193775, 0.12750961975409433, 0.12625346265055917, 0.1278505611878175, 0.12712210359481665, 0.12733954936265945, 0.12594322280751336, 0.1275814419819249, 0.12668368685990572, 0.12731199758127332, 0.12652570123855883, 0.12811631796991124, 0.12819555070665148, 0.1280105747282505, 0.12764852959662676, 0.12755526070083892, 0.12723131191272002, 0.12675615535541015, 0.12750449776649475, 0.12685592951519148, 0.1268012558943347, 0.12676822083691755, 0.12634961922531543, 0.1284819731005916, 0.12743081676739235, 0.12722020047275642, 0.12784868020277756, 0.12791288524866104, 0.12801718448891358, 0.1285398597518603, 0.12782266907967055, 0.12847231527169545, 0.12692598560277155, 0.1293652057647705, 0.1276615060865879, 0.12714241377331995, 0.12731259828433394, 0.12729117938795606, 0.12728240868697563, 0.1270913127809763, 0.12731133130463687], 1: [0.12674737572669983, 0.12820011066893736, 0.126648158300668, 0.12731469839811324, 0.127366803586483, 0.12798183858394624, 0.12729028443043883, 0.12838527510563533, 0.12713150538149334, 0.12682800516486167, 0.12862718229492506, 0.12691916608148152, 0.1272001261157649, 0.12847974781806654, 0.1281099667151769, 0.12814018577337266, 0.12801021128892898, 0.12703883488263404, 0.12854316532611848, 0.12763835625215011, 0.12815861810337414, 0.12819526818665591, 0.12618820369243622, 0.12685285210609437, 0.1270310567183928, 0.1284260805696249, 0.12752848519728735, 0.12815627455711365, 0.12738574492303947, 0.12789093166589738, 0.12812117859721184, 0.12739703245460987, 0.12739005547605062, 0.12767446868949467, 0.12764374713102977, 0.1277616284787655, 0.12825930813948314, 0.1269626346501437, 0.12787811044189665, 0.1275060480603805, 0.12757371709896967, 0.12846937504681674, 0.12766302078962327, 0.12737255319952964, 0.1270863302052021, 0.1265888223424554, 0.12674541500481692, 0.1265575092818056, 0.1265189081430435, 0.1275600349673858, 0.1274487848083178, 0.12628875042383486, 0.12895777477667883, 0.1275411363928876, 0.12721294686198234, 0.12712399486233206, 0.12762750037338422, 0.12622233006087216, 0.1267992785343757, 0.12870525320370993, 0.12737966109724605, 0.1273894033261708, 0.12801107058399602, 0.12758494629746392, 0.12781425938010216, 0.1273439075383875, 0.12643889751699236, 0.12753711128607392, 0.12821542471647263, 0.12854122230783105, 0.12655391606191793, 0.12863157968968153, 0.12831568904221058, 0.12728876886623247, 0.12752891285344958, 0.1276974222726292, 0.12822217436937186, 0.12768244966864586, 0.12778510372428334, 0.12839399842601834, 0.1275126631061236, 0.12703252894183, 0.1268013935713541, 0.1274445684005817, 0.128396674990654, 0.12833804823458195, 0.12770080100744963, 0.12715543173253535, 0.12727954441850836, 0.12748402569975173, 0.1277277237839169, 0.12846232624724507, 0.1260991835823426, 0.12776778340339662, 0.12740660707155863, 0.12748726973166832, 0.12812727757475592, 0.12724445932186568, 0.12831903384490448, 0.128773652455386, 0.12768620190521082, 0.12780553764767116, 0.12736342900565692, 0.12723926454782486, 0.12783950368563335, 0.12775409817695618, 0.12957210838794708, 0.1288236528635025, 0.12729258152345815, 0.12739089429378508, 0.1284360055412565, 0.12703922788302105, 0.12783939437940717, 0.12811249411768383, 0.12846642856796583, 0.12776991991060122, 0.1285931525322107, 0.12597042918205262, 0.127371041902474, 0.12706936457577875, 0.1274672600751122, 0.12705476383368175, 0.1270823632225846, 0.12783609926700593, 0.1285311336318652, 0.1284525529904799, 0.1276227002342542, 0.12719721761014727, 0.127593494951725, 0.12732572064680212, 0.12752634549842162, 0.12804490514099598, 0.12717131639902407, 0.12848146446049213, 0.12815702259540557, 0.1284231200814247, 0.12825880142358634, 0.12780912965536118, 0.12726162456803852, 0.12783880489213126, 0.12730152987771565, 0.1274424094487639, 0.1274254975671118, 0.12699266929518094, 0.1273166909813881, 0.12736770096752378, 0.1278523735702038, 0.12752797614250863, 0.1273852527141571, 0.1267173679975363, 0.12742538253466287, 0.12648653499782087, 0.12714395970106124, 0.12687980383634567, 0.12822755053639412, 0.1268881597753727, 0.12779919844534662, 0.1272406960527102, 0.12761238855975016, 0.12839520587162537, 0.12870855019851166, 0.12801088434126642, 0.12808424317174488, 0.1262624990195036, 0.12774879214438525, 0.1274217104782229, 0.12847440452738243, 0.12747268751263618, 0.12777601792053742, 0.127938495705957, 0.12669816513856252, 0.12789904698729515, 0.12883116444572806, 0.12778658730288348, 0.1263028708371249, 0.12733114485939342, 0.12538219136851175, 0.1276481697956721, 0.1280864104628563, 0.12776505771805258, 0.12730010811771666, 0.12913177609443666, 0.1275970173569826, 0.126966469866388, 0.12701082912584147, 0.12754578994853155, 0.12670657996620452, 0.12710639217804218, 0.12805283476005902, 0.1271659755571322, 0.12800613707966274, 0.12681278884410857, 0.12793519172598333, 0.12779605823258558, 0.1275228758653005, 0.12765495543894562, 0.12743737362325191, 0.12675011970780112, 0.12726139551714846, 0.1274878814816475, 0.1280912095680833, 0.12643890561802046, 0.12718848437070845, 0.12815401330590248, 0.12829067856073378, 0.12702641487121583, 0.12721426133066416, 0.12772191315889359, 0.12724569380283357, 0.12766568305400702, 0.1279623122377829, 0.12741903169080615, 0.12841204553842545, 0.12832500785589218, 0.1278567627856606, 0.1275472953915596, 0.1276014879345894, 0.12757523755232494, 0.12723922052166678, 0.12723575627956635, 0.12859270518476312, 0.12793780180315176, 0.12708918922222578, 0.12777172096750952, 0.12773190094874456, 0.128026381844566, 0.126729789925249, 0.12734807517967725, 0.12873571664094924, 0.12772923572496933, 0.12790656724461802, 0.12803600033124288, 0.12738842882063925, 0.1279615511496862, 0.1277088314294815, 0.12733222767710686, 0.12679999731481076, 0.1271915795171962, 0.12702713432637128, 0.1274308211825512, 0.127448769614977, 0.12787862122058868, 0.12783856976490754, 0.12827682743469873, 0.1263735342025757, 0.1277762349281046, 0.12713594049215315, 0.12865191050197766, 0.12759210541844368, 0.12752713809410732, 0.12778390919969929, 0.12713784182613547, 0.12806343825327027, 0.12690068984573538, 0.12674674711057118, 0.12800677277539907, 0.12680902779102327, 0.1275124355004384, 0.12756947427988052, 0.12726410508155822, 0.12664085527261099, 0.12716905772686005, 0.12678836368852192, 0.12778750682870546, 0.12720845097845251, 0.12704471326791322, 0.12835024229504846, 0.1275849972779934, 0.12758986042304474, 0.12801476438408313, 0.12744305655360222, 0.12717751210386102, 0.1293309127742594, 0.12671496978272562, 0.1282430805620693, 0.1284705407240174, 0.1266052191456159, 0.12631150024632612, 0.12632297426462175, 0.12623126478865743, 0.1285039708018303, 0.12889164090156555, 0.12687568217515946, 0.12789884768426418, 0.12675379713376364, 0.1269733489436262, 0.1274813748896122, 0.12783995717763902, 0.127498160302639, 0.12668646905909886, 0.12777717178687453, 0.12831770579020182, 0.12710051238536835, 0.12825563693275818, 0.12660876555102213, 0.1284916231036186, 0.12882523238658905, 0.1277308262884617, 0.1277449583368642, 0.1277243739792279, 0.12786747687138045, 0.12757923724976453, 0.12796949194027826, 0.12730052393107189, 0.12753727783759436, 0.12794242203235626, 0.12765043122427805, 0.1271343246102333, 0.1268406830728054, 0.1259295016527176, 0.12801325456662613, 0.1277836263179779, 0.1276900961995125, 0.1273789256811142, 0.12691079142192999, 0.12759372753941495, 0.1272281339764595, 0.12800664569322878, 0.1272270868931498, 0.12675695021947225, 0.12762765925038944, 0.12765542417764664, 0.12670095535841855, 0.12771358134018052, 0.12749021276831626, 0.12820913145939508, 0.12760460026123943, 0.12836978761922746, 0.12807142531329935, 0.12732258833506527, 0.12859668334325156, 0.1267208400018075, 0.12787835001945497, 0.12713616244170978, 0.12733412018189064, 0.12858500045079452, 0.12676216236182622, 0.1285211959710488, 0.127190036965268, 0.12761845557313217, 0.12722287597981366, 0.1277393437922001, 0.12720771592396957, 0.12655693558709963, 0.12852164561098273, 0.12773502139108522, 0.1263571544127031, 0.12786262346939606, 0.127886351197958, 0.12779427262452933, 0.12831563130021095, 0.12791982851922512, 0.12809523398225958, 0.12675516617794833, 0.12639863789081573, 0.12835672400567844, 0.12754435713092485, 0.12856495346535335, 0.12802866559762222, 0.12807788886129856, 0.12822449244558812, 0.12771768750328766, 0.1277243286371231, 0.12810901395584406, 0.1268603079020977, 0.1278039092818896, 0.12673939102225834, 0.12626146123959467, 0.1281925330036565, 0.12735317088663578, 0.12719531916081905, 0.12777386067642105, 0.12742666482925416, 0.12788208954188288, 0.12670867492755253, 0.12800242213739288, 0.12837207367022832, 0.12758918851613998, 0.1271337802553999, 0.12723874896764756, 0.12883123606443406, 0.1271333396434784, 0.12896849140524863, 0.12771920238931975, 0.12863328456878662, 0.12669684241215387, 0.12758504328402606, 0.12755071744322777, 0.12782928076657382, 0.12655985881300533, 0.1280954425985163, 0.1280274626154166, 0.12621622958353587, 0.12726884199814362, 0.1279381619145473, 0.12771114842458206, 0.12705065235495566, 0.12777542150937593, 0.12802684389882618, 0.12929869294166565, 0.12788123590871692, 0.12567287385463716, 0.12805567880471547, 0.12877383662594688, 0.1284683381809908, 0.12813942294035638, 0.12794670052826404, 0.12920303962060384, 0.12802128817724145, 0.1283014675504283, 0.12713431815306345, 0.1273882971568541, 0.127434069024665, 0.12706047208870158, 0.12813376355916262, 0.1272158377936908, 0.12743061437056616, 0.12894367213760102, 0.12782877651245697, 0.12829580754041672, 0.1267170576672805, 0.12718300318176096, 0.1275388454752309, 0.12852389410589682, 0.12848081575198608, 0.1274902889771121, 0.12824705839157105, 0.126960848354631, 0.12778497487306595, 0.1261279694736004, 0.12778521163596046, 0.12763376940380444, 0.12710819263821063, 0.1265237091316117, 0.1272046480860029, 0.12719054462818, 0.12670458806678653, 0.1279207942160693, 0.12740051267402513, 0.12798869535326957, 0.12856491180983456, 0.1270869276063009, 0.12677406602435642, 0.1275548761089643, 0.12815702706575394, 0.12824633866548538, 0.12714556977152824, 0.12709267756768636, 0.1277876506958689, 0.12715098758538565, 0.12808484733104705, 0.12824361132723944, 0.12769077345728874, 0.1269639678299427, 0.12789678126573562, 0.12851732969284058, 0.12775205282701385, 0.12775306950012844, 0.1281323328614235, 0.12695922081669173, 0.12796881794929504, 0.1269225083836695, 0.12814572872594, 0.1278542705156185, 0.12754457692305246, 0.12658608555793763, 0.12731411010026933, 0.12746437033638358, 0.12793044885620475, 0.12939489550060695, 0.1278291827067733, 0.12653249215621215, 0.1273940505666865, 0.12715894728899002, 0.12733546396096548, 0.1268342465162277, 0.1279508970104731, 0.12727351442855947, 0.12739465774401373, 0.12787237703800203, 0.12650971983869871, 0.1267089064825665, 0.12835288358231386, 0.12718509225284352, 0.12684582298000655, 0.12685086578130722, 0.12780069862492383, 0.12569062583721602, 0.12675139804681143, 0.12752242551909554, 0.1276784285902977, 0.12765325605869293, 0.12751465803012252, 0.12668714265931735, 0.12869614227251572, 0.1265556402504444, 0.12690348969772458, 0.1273081709941228, 0.12949278293287053, 0.12681830538944763, 0.12693935598839412, 0.12757880625224882, 0.12816321337595582, 0.12766615361780734, 0.12782694958150387, 0.12673606524864833, 0.12751706689596176, 0.12734758392685935, 0.12669438868761063, 0.1282672332599759, 0.1272843130506002, 0.12829483962721294, 0.12746874905294842, 0.12716089295489447, 0.12790037798030035, 0.12678497284650803, 0.12771575758233666, 0.1272124783559279, 0.12754323035478593, 0.12783511645264095, 0.1274306239450679, 0.12756490125320852, 0.12729961688027663, 0.1277809977531433, 0.1274201549589634, 0.12693007875766074, 0.12836395407264883, 0.1270904249765656, 0.12811119583520023, 0.1281447678127072, 0.12813966364964194, 0.12762701122657114, 0.12752606570720673, 0.12777661562574152, 0.12642357219010592, 0.12682810922463736, 0.12595295963379052, 0.12707814371043985, 0.12864922483762106, 0.12849142470143057, 0.12746751423065478, 0.12775232241703913, 0.1278280814488729, 0.1273047484457493, 0.12632054319748512, 0.12741963228871744, 0.1272443946112286, 0.12817697169689032, 0.12691208032461312, 0.1269916093349457, 0.12688217270705435, 0.12765037268400192, 0.127504258283547, 0.12774135198976314, 0.12861224561929702, 0.1283127710223198, 0.1286070576080909, 0.12742741468052068, 0.127877629827708, 0.1277467355132103, 0.1273167721927166, 0.12681967358697543, 0.12768862148125967, 0.1281351023694364, 0.12795426117049324, 0.1282109899016527, 0.12786903149551815, 0.1270043500340902, 0.12708596845990733, 0.12734492389219149, 0.12676165412579263, 0.12724648912747702, 0.12696250900626183, 0.12658646516501904, 0.12776660732924938, 0.1274945620033476, 0.12781026628282335, 0.12733521312475204, 0.12732274812169192, 0.12723144739866257, 0.12704536467790603, 0.12837199435422295, 0.1282519969073209, 0.12720735108151154, 0.12777937250211835, 0.126541672150294, 0.1275474415584044, 0.1266682079205146, 0.12849897823550485, 0.12796857478943738, 0.1261767918864886, 0.1274599116295576, 0.1274820076007592, 0.12777615103282428, 0.12797267064452172, 0.127066888846457, 0.12682678156039295, 0.1277212716246906, 0.12801370237554824, 0.12790036108344793, 0.12803211394283506, 0.1274407038092613, 0.12775785358328567, 0.1287128080924352, 0.12745435815304518, 0.12747493162751197, 0.12740121129900217, 0.12688540369272233, 0.12772275578408016, 0.1281699308504661, 0.12722052730943845, 0.1283812248148024, 0.12748039066791533, 0.12855608947575092, 0.126797812183698, 0.1272213632861773, 0.12729541560014088, 0.12637473046779632, 0.12798974256623874, 0.12777735739946366, 0.12648992612957954, 0.12664544209837914, 0.12774229663259842, 0.12735172999756678, 0.12754582478241486, 0.12759592086076738, 0.12833314659920605, 0.12692329459465468, 0.1272872231508556, 0.12710445175568263, 0.12763328956706183, 0.1278980294099221, 0.1276676564624435, 0.1266278475522995, 0.12714450770900362, 0.12849507828553516, 0.12689669197425246, 0.12780926066140333, 0.12716672610905436, 0.12671585334464908, 0.1282446411039148, 0.1281583539464257, 0.1286655827002092, 0.12739746471246083, 0.1274485893547535, 0.12706566805189307, 0.12832466111733362, 0.12804647386074067, 0.12715818484624228, 0.12711815246277386, 0.1269599813222885, 0.12724523867170015, 0.1289004787802696, 0.12707543671131133, 0.127287295460701, 0.12773976136337628, 0.1269914353123078, 0.12781909636912808, 0.12680081315338612, 0.12888761088252068, 0.12638667225837708, 0.12819071859121323, 0.12703932780358526, 0.128812538087368, 0.12805268963178, 0.12830143364576194, 0.12790566744903722, 0.12694143317639828, 0.1277465486320956, 0.12733341132601103, 0.1273327578197826, 0.12664405595172534, 0.12746432698086688, 0.1278489219645659, 0.12674451822584326, 0.12730056109527746, 0.1271864686048392, 0.1268170978873968, 0.1272269053892656, 0.12685908491794878, 0.1268839377909899, 0.12752740581830344, 0.1279466211795807, 0.12786602353056273, 0.1273230016231537, 0.12771472732226055, 0.12652821466326714, 0.12767351283268494, 0.12882009521126747, 0.12761018238961697, 0.12686067142269827, 0.12927590081324944, 0.12829716962117416, 0.12718271017074584, 0.12777354642748834, 0.12772602105841918, 0.1263115145266056, 0.12705935372246635, 0.12809851486235857, 0.1265881650149822, 0.12655663415789603, 0.12814181877507103, 0.12717952623086817, 0.1266748271882534, 0.12788977880369534, 0.12690245200480735, 0.12719884887337685, 0.12694311514496803, 0.12700153049081564, 0.1278389892540872, 0.12763921295603117, 0.12883616442030127, 0.12721070221492223, 0.12705740048771813, 0.12785799757522695, 0.12630150307502067, 0.12741245648690633, 0.12698236243291336, 0.12817183385292688, 0.12806136459112166, 0.1274202674627304, 0.12709424910800798, 0.1283233096557004, 0.12878076493740082, 0.12781135514378547, 0.12861800640821458, 0.12878088653087616, 0.12764662450977735, 0.12835835019747416, 0.1274500313130292, 0.12576392157511276, 0.12789958609001978, 0.12796277410927273, 0.12736906046452728, 0.12708508155562662, 0.12834457755088807, 0.12689189488689104, 0.12718199778880393, 0.1270833168592718, 0.12898800468870572, 0.12771600134232464, 0.12830547392368316, 0.12691270834521243, 0.12829497862945904, 0.12893722844975336, 0.12743687464131248, 0.126735470443964, 0.12728698639308705, 0.12805608759323756, 0.12736546620726585, 0.12655293503228357, 0.12806422721881133, 0.12643125429749488, 0.12864306683723742, 0.12737159348196453, 0.12748144331731295, 0.1274228678906665, 0.12743393890559673, 0.12854347610846162, 0.1274352324636359, 0.12838710248470306, 0.12727256799521652, 0.12761343494057656, 0.12827460264617746, 0.12684244797988373, 0.12845211144950655, 0.12860670778900385, 0.12790154417355856, 0.12759684799955442, 0.12814439684152604, 0.12768904782003826, 0.12759053632616996, 0.12823979130813054, 0.1281131406625112, 0.12631439966590782, 0.1266438333938519, 0.12672301335260272, 0.12716722823679447, 0.12605779550292276, 0.12768457404204778, 0.12703516547169005, 0.12759334656099477, 0.12793015895618332, 0.12706168461591005, 0.1281653486869552, 0.12739817425608635, 0.12766359373927116, 0.12663255984845914, 0.12746287529405795, 0.12698959077105804, 0.12714771531960545, 0.12732226362353877, 0.12746737971901895, 0.12741450264173396, 0.12867530084708156, 0.12799616605043412, 0.12867464000980058, 0.12699809819459915, 0.12762888427823782, 0.12779039338878964, 0.12711868435144424, 0.12711209499023177, 0.12733100230495134, 0.12740719386122443, 0.12669715329128153, 0.12847175002098082, 0.12738912871905736, 0.12562132775783538, 0.12958714095028964, 0.1272201530243221, 0.1291272969622361, 0.1272348551587625, 0.12744245740274587, 0.12731328809803183, 0.12798000323145012, 0.12756505072116853, 0.12746185390278697, 0.1266455931419676, 0.12635810329363897, 0.12713631242513657, 0.12720472503591468, 0.12782759815454484, 0.12754570578153318, 0.12698064148426055, 0.12827842732270558, 0.12759517949251903, 0.12735547125339508, 0.12802451802417636, 0.1283357615272204, 0.1270203242699305, 0.12777011096477509, 0.1277566071599722, 0.12726848013699055, 0.12801300695067958, 0.12809626426961687, 0.12841141521930693, 0.12800766403476396, 0.12775292620062828, 0.12688887332166945, 0.12748586013913155, 0.12704855617549685, 0.12794373650103807, 0.12727047502994537, 0.12770883391300838, 0.12827501280440223, 0.1284800065415246, 0.12705693461678244, 0.12689348459243774, 0.1268978486103671, 0.12739449896310506, 0.12857426880371003, 0.1282347392823015, 0.12678356130014767, 0.127115107451876, 0.12938322298801863, 0.12797923615345588, 0.12744404610834623, 0.1271608006209135, 0.12817654826424338, 0.12712939083576202, 0.1279439963400364, 0.1274585250765085, 0.12672101499305832, 0.127839859861594, 0.1272667208686471, 0.12799423130658957, 0.12718517432610194, 0.1278074857863513, 0.12695977017283439, 0.12777797763164228, 0.12756388448178768, 0.12758253801327485, 0.1275051513622547, 0.13027833153804144, 0.12835983861060368, 0.12694025561213493, 0.12749247294333246, 0.12833767722953449, 0.12670757994055748, 0.12708333817621073, 0.12709843788457953, 0.12762875648008454, 0.1281012770804492, 0.1269287657406595, 0.12811087667942048, 0.12775583126965692, 0.1275340436861433, 0.12791447838147482, 0.12725996620514812, 0.12779983917349264, 0.12681364309456614, 0.1268420578802333, 0.12694293940844742, 0.12745733825223787, 0.12659468076058797, 0.12646652339026332, 0.1271076344630935, 0.1275483803315596, 0.1274237320536659, 0.12658857414498925, 0.12732772454619407, 0.12754655567308268, 0.12801207398826425, 0.12808879486778202, 0.1278897254831261, 0.12717237933115524, 0.1269228576372067, 0.127368931658566, 0.12647295594215394, 0.1266654214511315, 0.12767844753605978, 0.127761173248291, 0.12773669362068177, 0.12647321224212646, 0.12739166101584068, 0.12727515242601695, 0.12730671954341233, 0.12867563692006198, 0.1283129406246272, 0.12796823809976163, 0.12736855819821358, 0.12773116735311654, 0.12791103254193845, 0.1284334398806095, 0.1275475016898579, 0.12749540196223694, 0.12747967938582103, 0.12761932390707512, 0.1266409077992042, 0.1281418346545913, 0.12724366039037704, 0.12734513282775878, 0.12717770346823862, 0.12768982412914434, 0.12677810882980173, 0.12749382480978966, 0.12765131601028973, 0.12857594341039658, 0.12775491178035736, 0.1272558524556782, 0.12788409559891142, 0.1276051433136066, 0.12704588341362336, 0.1274886696288983, 0.1273653187922069, 0.12803095733297282, 0.12700058945587703, 0.12781325230995813, 0.12820714488625526, 0.12784877866506578, 0.12671668380498885, 0.12789358295824216, 0.1275873895395886, 0.12732496068758123, 0.12766022682189943, 0.12729021087288855, 0.12756025269627572, 0.12834713432718725, 0.12745727635920048, 0.1273737964220345, 0.1272578090429306, 0.12755724905352844, 0.12789738833904266, 0.12853252361802495, 0.12654466753204663, 0.12823735349453413, 0.1272043702857835, 0.12880275001128513, 0.12767630247842698, 0.1274943075635854, 0.12753606587648392, 0.1266631152142178, 0.12862215665253726, 0.1275652139669373, 0.12678534661730131, 0.12868188206966108, 0.12732846240202586, 0.12923633679747581, 0.12739372490481896, 0.12863333026568094, 0.1275637298822403, 0.12713510605196157, 0.1278617646959093, 0.12715728900262288, 0.12771185372884458, 0.1280345254961182, 0.12828052043914795, 0.12609841115772724, 0.12798189222812653, 0.12652445305138826, 0.12661461193453183, 0.12668223679065704, 0.127428066272002, 0.12746754607983998, 0.12702332437038422, 0.1273876250618034, 0.12772190065256186, 0.12809412764466327]}