('OC-FakeDect1 (Trained on RND Dataset)  \nTested on AVG NeuralTextures Dataset  \nRunning Average Evaluation', 'OC-FakeDect1_RND', 'RND', 'OC-FakeDect1_RND_raeonNTavg')
auroc=0.5031067070009024
f1=0.45962159667743424
prec=0.4263698630136986
recall=0.4984984984984985

fpr=[0.0, 0.4922850844966936, 1.0]

tpr=[0.0, 0.4984984984984985, 1.0]

y_true=[0, 0, 0, 0, 0, 0, 0, 0, 0, 0, 0, 0, 0, 0, 0, 0, 0, 0, 0, 0, 0, 0, 0, 0, 0, 0, 0, 0, 0, 0, 0, 0, 0, 0, 0, 0, 0, 0, 0, 0, 0, 0, 0, 0, 0, 0, 0, 0, 0, 0, 0, 0, 0, 0, 0, 0, 0, 0, 0, 0, 0, 0, 0, 0, 0, 0, 0, 0, 0, 0, 0, 0, 0, 0, 0, 0, 0, 0, 0, 0, 0, 0, 0, 0, 0, 0, 0, 0, 0, 0, 0, 0, 0, 0, 0, 0, 0, 0, 0, 0, 0, 0, 0, 0, 0, 0, 0, 0, 0, 0, 0, 0, 0, 0, 0, 0, 0, 0, 0, 0, 0, 0, 0, 0, 0, 0, 0, 0, 0, 0, 0, 0, 0, 0, 0, 0, 0, 0, 0, 0, 0, 0, 0, 0, 0, 0, 0, 0, 0, 0, 0, 0, 0, 0, 0, 0, 0, 0, 0, 0, 0, 0, 0, 0, 0, 0, 0, 0, 0, 0, 0, 0, 0, 0, 0, 0, 0, 0, 0, 0, 0, 0, 0, 0, 0, 0, 0, 0, 0, 0, 0, 0, 0, 0, 0, 0, 0, 0, 0, 0, 0, 0, 0, 0, 0, 0, 0, 0, 0, 0, 0, 0, 0, 0, 0, 0, 0, 0, 0, 0, 0, 0, 0, 0, 0, 0, 0, 0, 0, 0, 0, 0, 0, 0, 0, 0, 0, 0, 0, 0, 0, 0, 0, 0, 0, 0, 0, 0, 0, 0, 0, 0, 0, 0, 0, 0, 0, 0, 0, 0, 0, 0, 0, 0, 0, 0, 0, 0, 0, 0, 0, 0, 0, 0, 0, 0, 0, 0, 0, 0, 0, 0, 0, 0, 0, 0, 0, 0, 0, 0, 0, 0, 0, 0, 0, 0, 0, 0, 0, 0, 0, 0, 0, 0, 0, 0, 0, 0, 0, 0, 0, 0, 0, 0, 0, 0, 0, 0, 0, 0, 0, 0, 0, 0, 0, 0, 0, 0, 0, 0, 0, 0, 0, 0, 0, 0, 0, 0, 0, 0, 0, 0, 0, 0, 0, 0, 0, 0, 0, 0, 0, 0, 0, 0, 0, 0, 0, 0, 0, 0, 0, 0, 0, 0, 0, 0, 0, 0, 0, 0, 0, 0, 0, 0, 0, 0, 0, 0, 0, 0, 0, 0, 0, 0, 0, 0, 0, 0, 0, 0, 0, 0, 0, 0, 0, 0, 0, 0, 0, 0, 0, 0, 0, 0, 0, 0, 0, 0, 0, 0, 0, 0, 0, 0, 0, 0, 0, 0, 0, 0, 0, 0, 0, 0, 0, 0, 0, 0, 0, 0, 0, 0, 0, 0, 0, 0, 0, 0, 0, 0, 0, 0, 0, 0, 0, 0, 0, 0, 0, 0, 0, 0, 0, 0, 0, 0, 0, 0, 0, 0, 0, 0, 0, 0, 0, 0, 0, 0, 0, 0, 0, 0, 0, 0, 0, 0, 0, 0, 0, 0, 0, 0, 0, 0, 0, 0, 0, 0, 0, 0, 0, 0, 0, 0, 0, 0, 0, 0, 0, 0, 0, 0, 0, 0, 0, 0, 0, 0, 0, 0, 0, 0, 0, 0, 0, 0, 0, 0, 0, 0, 0, 0, 0, 0, 0, 0, 0, 0, 0, 0, 0, 0, 0, 0, 0, 0, 0, 0, 0, 0, 0, 0, 0, 0, 0, 0, 0, 0, 0, 0, 0, 0, 0, 0, 0, 0, 0, 0, 0, 0, 0, 0, 0, 0, 0, 0, 0, 0, 0, 0, 0, 0, 0, 0, 0, 0, 0, 0, 0, 0, 0, 0, 0, 0, 0, 0, 0, 0, 0, 0, 0, 0, 0, 0, 0, 0, 0, 0, 0, 0, 0, 0, 0, 0, 0, 0, 0, 0, 0, 0, 0, 0, 0, 0, 0, 0, 0, 0, 0, 0, 0, 0, 0, 0, 0, 0, 0, 0, 0, 0, 0, 0, 0, 0, 0, 0, 0, 0, 0, 0, 0, 0, 0, 0, 0, 0, 0, 0, 0, 0, 0, 0, 0, 0, 0, 0, 0, 0, 0, 0, 0, 0, 0, 0, 0, 0, 0, 0, 0, 0, 0, 0, 0, 0, 0, 0, 0, 0, 0, 0, 0, 0, 0, 0, 0, 0, 0, 0, 0, 0, 0, 0, 0, 0, 0, 0, 0, 0, 0, 0, 0, 0, 0, 0, 0, 0, 0, 0, 0, 0, 0, 0, 0, 0, 0, 0, 0, 0, 0, 0, 0, 0, 0, 0, 0, 0, 0, 0, 0, 0, 0, 0, 0, 0, 0, 0, 0, 0, 0, 0, 0, 0, 0, 0, 0, 0, 0, 0, 0, 0, 0, 0, 0, 0, 0, 0, 0, 0, 0, 0, 0, 0, 0, 0, 0, 0, 0, 0, 0, 0, 0, 0, 0, 0, 0, 0, 0, 0, 0, 0, 0, 0, 0, 0, 0, 0, 0, 0, 0, 0, 0, 0, 0, 0, 0, 0, 0, 0, 0, 0, 0, 0, 0, 0, 0, 0, 0, 0, 0, 0, 0, 0, 0, 0, 0, 0, 0, 0, 0, 0, 0, 0, 0, 0, 0, 0, 0, 0, 0, 0, 0, 0, 0, 0, 0, 0, 0, 0, 0, 0, 0, 0, 0, 0, 0, 0, 0, 0, 0, 0, 0, 0, 0, 0, 0, 0, 0, 0, 0, 0, 0, 0, 0, 0, 0, 0, 0, 0, 0, 0, 0, 0, 0, 0, 0, 0, 0, 0, 0, 0, 0, 0, 0, 0, 0, 0, 0, 0, 0, 0, 0, 0, 0, 0, 0, 0, 0, 0, 0, 0, 0, 0, 0, 0, 0, 0, 0, 0, 0, 0, 0, 0, 0, 0, 0, 0, 0, 0, 0, 0, 0, 0, 0, 0, 0, 0, 0, 0, 0, 0, 0, 0, 0, 0, 0, 0, 0, 0, 0, 0, 0, 0, 0, 0, 0, 0, 0, 0, 0, 0, 0, 0, 0, 0, 0, 0, 0, 0, 0, 0, 0, 0, 0, 0, 0, 0, 0, 0, 0, 0, 0, 0, 0, 0, 0, 0, 0, 0, 0, 0, 0, 0, 0, 0, 0, 0, 0, 0, 0, 0, 0, 0, 0, 0, 0, 0, 0, 0, 0, 0, 0, 0, 0, 0, 0, 0, 0, 0, 0, 0, 0, 0, 0, 0, 0, 0, 0, 0, 0, 0, 0, 0, 0, 0, 0, 0, 0, 0, 0, 0, 0, 0, 0, 0, 0, 0, 0, 0, 0, 0, 0, 0, 0, 0, 0, 0, 0, 0, 0, 0, 0, 0, 0, 0, 0, 0, 0, 0, 0, 0, 0, 0, 0, 0, 0, 0, 0, 0, 0, 0, 0, 0, 0, 0, 0, 0, 0, 0, 0, 0, 0, 0, 0, 0, 0, 0, 0, 0, 0, 0, 0, 0, 0, 0, 0, 0, 0, 0, 0, 0, 0, 0, 0, 0, 0, 0, 0, 0, 0, 0, 0, 0, 0, 0, 0, 0, 0, 0, 0, 0, 0, 0, 0, 0, 0, 0, 0, 0, 0, 0, 0, 0, 0, 0, 0, 0, 0, 0, 0, 0, 0, 0, 0, 0, 0, 0, 0, 0, 0, 0, 0, 0, 0, 0, 0, 0, 0, 0, 0, 0, 0, 0, 0, 0, 0, 0, 0, 0, 0, 0, 0, 0, 0, 0, 0, 0, 0, 0, 0, 0, 0, 0, 0, 0, 0, 0, 0, 0, 0, 0, 0, 0, 0, 0, 0, 0, 0, 0, 0, 0, 0, 0, 0, 0, 0, 0, 0, 0, 0, 0, 0, 0, 0, 0, 0, 0, 0, 0, 0, 0, 0, 0, 0, 0, 0, 0, 0, 0, 0, 0, 0, 0, 0, 0, 0, 0, 0, 0, 0, 0, 0, 0, 0, 0, 0, 0, 0, 0, 0, 0, 0, 0, 0, 0, 0, 0, 0, 0, 0, 0, 0, 0, 0, 0, 0, 0, 0, 0, 0, 0, 0, 0, 0, 0, 0, 0, 0, 0, 0, 0, 0, 0, 0, 0, 0, 0, 0, 0, 0, 0, 0, 0, 0, 0, 0, 0, 0, 0, 0, 0, 0, 0, 0, 0, 0, 0, 0, 0, 0, 0, 0, 0, 0, 0, 0, 0, 0, 0, 0, 0, 0, 0, 0, 0, 0, 0, 0, 0, 0, 0, 0, 0, 0, 0, 0, 0, 0, 0, 0, 0, 0, 0, 0, 0, 0, 0, 0, 0, 0, 0, 0, 0, 0, 0, 0, 0, 0, 0, 0, 0, 0, 1, 1, 1, 1, 1, 1, 1, 1, 1, 1, 1, 1, 1, 1, 1, 1, 1, 1, 1, 1, 1, 1, 1, 1, 1, 1, 1, 1, 1, 1, 1, 1, 1, 1, 1, 1, 1, 1, 1, 1, 1, 1, 1, 1, 1, 1, 1, 1, 1, 1, 1, 1, 1, 1, 1, 1, 1, 1, 1, 1, 1, 1, 1, 1, 1, 1, 1, 1, 1, 1, 1, 1, 1, 1, 1, 1, 1, 1, 1, 1, 1, 1, 1, 1, 1, 1, 1, 1, 1, 1, 1, 1, 1, 1, 1, 1, 1, 1, 1, 1, 1, 1, 1, 1, 1, 1, 1, 1, 1, 1, 1, 1, 1, 1, 1, 1, 1, 1, 1, 1, 1, 1, 1, 1, 1, 1, 1, 1, 1, 1, 1, 1, 1, 1, 1, 1, 1, 1, 1, 1, 1, 1, 1, 1, 1, 1, 1, 1, 1, 1, 1, 1, 1, 1, 1, 1, 1, 1, 1, 1, 1, 1, 1, 1, 1, 1, 1, 1, 1, 1, 1, 1, 1, 1, 1, 1, 1, 1, 1, 1, 1, 1, 1, 1, 1, 1, 1, 1, 1, 1, 1, 1, 1, 1, 1, 1, 1, 1, 1, 1, 1, 1, 1, 1, 1, 1, 1, 1, 1, 1, 1, 1, 1, 1, 1, 1, 1, 1, 1, 1, 1, 1, 1, 1, 1, 1, 1, 1, 1, 1, 1, 1, 1, 1, 1, 1, 1, 1, 1, 1, 1, 1, 1, 1, 1, 1, 1, 1, 1, 1, 1, 1, 1, 1, 1, 1, 1, 1, 1, 1, 1, 1, 1, 1, 1, 1, 1, 1, 1, 1, 1, 1, 1, 1, 1, 1, 1, 1, 1, 1, 1, 1, 1, 1, 1, 1, 1, 1, 1, 1, 1, 1, 1, 1, 1, 1, 1, 1, 1, 1, 1, 1, 1, 1, 1, 1, 1, 1, 1, 1, 1, 1, 1, 1, 1, 1, 1, 1, 1, 1, 1, 1, 1, 1, 1, 1, 1, 1, 1, 1, 1, 1, 1, 1, 1, 1, 1, 1, 1, 1, 1, 1, 1, 1, 1, 1, 1, 1, 1, 1, 1, 1, 1, 1, 1, 1, 1, 1, 1, 1, 1, 1, 1, 1, 1, 1, 1, 1, 1, 1, 1, 1, 1, 1, 1, 1, 1, 1, 1, 1, 1, 1, 1, 1, 1, 1, 1, 1, 1, 1, 1, 1, 1, 1, 1, 1, 1, 1, 1, 1, 1, 1, 1, 1, 1, 1, 1, 1, 1, 1, 1, 1, 1, 1, 1, 1, 1, 1, 1, 1, 1, 1, 1, 1, 1, 1, 1, 1, 1, 1, 1, 1, 1, 1, 1, 1, 1, 1, 1, 1, 1, 1, 1, 1, 1, 1, 1, 1, 1, 1, 1, 1, 1, 1, 1, 1, 1, 1, 1, 1, 1, 1, 1, 1, 1, 1, 1, 1, 1, 1, 1, 1, 1, 1, 1, 1, 1, 1, 1, 1, 1, 1, 1, 1, 1, 1, 1, 1, 1, 1, 1, 1, 1, 1, 1, 1, 1, 1, 1, 1, 1, 1, 1, 1, 1, 1, 1, 1, 1, 1, 1, 1, 1, 1, 1, 1, 1, 1, 1, 1, 1, 1, 1, 1, 1, 1, 1, 1, 1, 1, 1, 1, 1, 1, 1, 1, 1, 1, 1, 1, 1, 1, 1, 1, 1, 1, 1, 1, 1, 1, 1, 1, 1, 1, 1, 1, 1, 1, 1, 1, 1, 1, 1, 1, 1, 1, 1, 1, 1, 1, 1, 1, 1, 1, 1, 1, 1, 1, 1, 1, 1, 1, 1, 1, 1, 1, 1, 1, 1, 1, 1, 1, 1, 1, 1, 1, 1, 1, 1, 1, 1, 1, 1, 1, 1, 1, 1, 1, 1, 1, 1, 1, 1, 1, 1, 1, 1, 1, 1, 1, 1, 1, 1, 1, 1, 1, 1, 1, 1, 1, 1, 1, 1, 1, 1, 1, 1, 1, 1, 1, 1, 1, 1, 1, 1, 1, 1, 1, 1, 1, 1, 1, 1, 1, 1, 1, 1, 1, 1, 1, 1, 1, 1, 1, 1, 1, 1, 1, 1, 1, 1, 1, 1, 1, 1, 1, 1, 1, 1, 1, 1, 1, 1, 1, 1, 1, 1, 1, 1, 1, 1, 1, 1, 1, 1, 1, 1, 1, 1, 1, 1, 1, 1, 1, 1, 1, 1, 1, 1, 1, 1, 1, 1, 1, 1, 1, 1, 1, 1, 1, 1, 1, 1, 1, 1, 1, 1, 1, 1, 1, 1, 1, 1, 1, 1, 1, 1, 1, 1, 1, 1, 1, 1, 1, 1, 1, 1, 1, 1, 1, 1, 1, 1, 1, 1, 1, 1, 1, 1, 1, 1, 1, 1, 1, 1, 1, 1, 1, 1, 1, 1, 1, 1, 1, 1, 1, 1, 1, 1, 1, 1, 1, 1, 1, 1, 1, 1, 1, 1, 1, 1, 1, 1, 1, 1, 1, 1, 1, 1, 1, 1, 1, 1, 1, 1, 1, 1, 1, 1, 1, 1, 1, 1, 1, 1, 1, 1, 1, 1, 1, 1, 1, 1, 1, 1, 1, 1, 1, 1, 1, 1, 1, 1, 1, 1, 1, 1, 1, 1, 1, 1, 1, 1, 1, 1, 1, 1, 1, 1, 1, 1, 1, 1, 1, 1, 1, 1, 1, 1, 1, 1, 1, 1, 1, 1, 1, 1, 1, 1, 1, 1, 1, 1, 1, 1, 1, 1, 1, 1, 1, 1, 1, 1, 1, 1, 1, 1, 1, 1, 1, 1, 1, 1, 1, 1, 1, 1, 1, 1, 1, 1, 1, 1, 1, 1, 1, 1, 1, 1, 1, 1, 1, 1, 1, 1, 1, 1, 1, 1, 1, 1, 1, 1, 1, 1, 1, 1, 1, 1, 1, 1, 1, 1, 1, 1, 1, 1, 1, 1, 1, 1, 1, 1, 1, 1, 1, 1, 1, 1, 1, 1, 1, 1, 1, 1, 1, 1, 1, 1, 1, 1, 1, 1, 1, 1, 1, 1, 1, 1, 1, 1, 1, 1, 1, 1, 1, 1, 1, 1, 1, 1, 1, 1, 1, 1, 1, 1, 1, 1, 1, 1, 1, 1, 1, 1, 1, 1, 1, 1]

y_pred=[1.0, 0.0, 1.0, 0.0, 0.0, 0.0, 1.0, 1.0, 0.0, 0.0, 1.0, 0.0, 1.0, 1.0, 1.0, 0.0, 1.0, 1.0, 1.0, 1.0, 0.0, 0.0, 1.0, 1.0, 0.0, 1.0, 1.0, 0.0, 1.0, 1.0, 0.0, 1.0, 0.0, 1.0, 0.0, 0.0, 1.0, 0.0, 0.0, 0.0, 0.0, 0.0, 0.0, 0.0, 0.0, 1.0, 1.0, 1.0, 1.0, 1.0, 1.0, 1.0, 0.0, 1.0, 0.0, 1.0, 0.0, 1.0, 0.0, 0.0, 0.0, 1.0, 0.0, 0.0, 1.0, 0.0, 1.0, 1.0, 1.0, 0.0, 0.0, 1.0, 1.0, 1.0, 1.0, 1.0, 0.0, 1.0, 1.0, 1.0, 0.0, 1.0, 1.0, 0.0, 0.0, 0.0, 1.0, 0.0, 0.0, 0.0, 1.0, 0.0, 0.0, 1.0, 0.0, 0.0, 0.0, 1.0, 0.0, 0.0, 1.0, 1.0, 0.0, 1.0, 1.0, 1.0, 0.0, 1.0, 0.0, 1.0, 0.0, 1.0, 1.0, 0.0, 1.0, 0.0, 0.0, 0.0, 1.0, 0.0, 0.0, 1.0, 1.0, 1.0, 1.0, 0.0, 0.0, 0.0, 1.0, 0.0, 1.0, 0.0, 0.0, 0.0, 1.0, 0.0, 0.0, 1.0, 1.0, 0.0, 1.0, 0.0, 1.0, 1.0, 0.0, 0.0, 1.0, 1.0, 0.0, 1.0, 0.0, 1.0, 1.0, 1.0, 0.0, 1.0, 0.0, 1.0, 1.0, 1.0, 1.0, 0.0, 0.0, 0.0, 0.0, 1.0, 0.0, 1.0, 0.0, 1.0, 1.0, 0.0, 1.0, 0.0, 0.0, 0.0, 0.0, 0.0, 1.0, 0.0, 0.0, 0.0, 0.0, 0.0, 0.0, 1.0, 0.0, 0.0, 0.0, 1.0, 1.0, 1.0, 0.0, 1.0, 1.0, 1.0, 1.0, 1.0, 1.0, 0.0, 1.0, 0.0, 1.0, 0.0, 1.0, 1.0, 1.0, 0.0, 0.0, 1.0, 0.0, 1.0, 1.0, 1.0, 1.0, 1.0, 0.0, 1.0, 1.0, 0.0, 0.0, 0.0, 1.0, 0.0, 1.0, 1.0, 0.0, 0.0, 0.0, 0.0, 0.0, 1.0, 1.0, 1.0, 0.0, 1.0, 1.0, 1.0, 1.0, 1.0, 1.0, 0.0, 1.0, 1.0, 1.0, 0.0, 1.0, 0.0, 1.0, 0.0, 0.0, 0.0, 0.0, 0.0, 0.0, 1.0, 0.0, 1.0, 0.0, 0.0, 1.0, 0.0, 0.0, 1.0, 0.0, 0.0, 0.0, 0.0, 0.0, 1.0, 0.0, 1.0, 1.0, 1.0, 0.0, 1.0, 0.0, 1.0, 0.0, 1.0, 0.0, 0.0, 0.0, 0.0, 1.0, 1.0, 1.0, 1.0, 0.0, 0.0, 0.0, 0.0, 1.0, 0.0, 0.0, 1.0, 0.0, 1.0, 0.0, 1.0, 0.0, 0.0, 0.0, 0.0, 0.0, 1.0, 0.0, 0.0, 1.0, 1.0, 0.0, 1.0, 0.0, 0.0, 1.0, 1.0, 0.0, 1.0, 1.0, 1.0, 0.0, 1.0, 0.0, 1.0, 1.0, 1.0, 0.0, 1.0, 0.0, 0.0, 0.0, 0.0, 1.0, 1.0, 0.0, 0.0, 0.0, 0.0, 1.0, 1.0, 1.0, 1.0, 0.0, 1.0, 1.0, 1.0, 1.0, 0.0, 1.0, 1.0, 0.0, 0.0, 0.0, 1.0, 1.0, 0.0, 0.0, 0.0, 1.0, 1.0, 1.0, 0.0, 0.0, 0.0, 0.0, 0.0, 0.0, 1.0, 0.0, 1.0, 1.0, 0.0, 1.0, 1.0, 0.0, 1.0, 0.0, 0.0, 0.0, 1.0, 0.0, 0.0, 1.0, 0.0, 0.0, 0.0, 1.0, 1.0, 0.0, 0.0, 0.0, 1.0, 1.0, 1.0, 0.0, 0.0, 0.0, 1.0, 1.0, 1.0, 1.0, 0.0, 1.0, 1.0, 0.0, 0.0, 0.0, 0.0, 0.0, 0.0, 0.0, 1.0, 0.0, 1.0, 1.0, 1.0, 0.0, 1.0, 0.0, 1.0, 0.0, 1.0, 1.0, 0.0, 1.0, 1.0, 0.0, 0.0, 0.0, 1.0, 0.0, 0.0, 0.0, 1.0, 1.0, 1.0, 1.0, 1.0, 1.0, 0.0, 1.0, 1.0, 0.0, 1.0, 0.0, 1.0, 1.0, 1.0, 0.0, 0.0, 0.0, 1.0, 1.0, 0.0, 1.0, 0.0, 0.0, 0.0, 1.0, 1.0, 0.0, 1.0, 0.0, 1.0, 0.0, 1.0, 0.0, 0.0, 1.0, 0.0, 1.0, 0.0, 1.0, 0.0, 1.0, 0.0, 0.0, 1.0, 1.0, 1.0, 0.0, 1.0, 0.0, 0.0, 0.0, 1.0, 1.0, 0.0, 1.0, 1.0, 1.0, 0.0, 0.0, 0.0, 0.0, 0.0, 1.0, 1.0, 0.0, 1.0, 0.0, 1.0, 1.0, 0.0, 1.0, 1.0, 1.0, 1.0, 0.0, 0.0, 0.0, 0.0, 1.0, 1.0, 1.0, 1.0, 1.0, 0.0, 1.0, 1.0, 1.0, 0.0, 0.0, 1.0, 1.0, 1.0, 1.0, 0.0, 1.0, 1.0, 1.0, 1.0, 0.0, 0.0, 1.0, 0.0, 0.0, 0.0, 0.0, 1.0, 0.0, 0.0, 1.0, 1.0, 1.0, 1.0, 1.0, 0.0, 0.0, 0.0, 1.0, 0.0, 0.0, 1.0, 1.0, 0.0, 0.0, 0.0, 0.0, 0.0, 0.0, 1.0, 0.0, 0.0, 0.0, 0.0, 0.0, 1.0, 0.0, 1.0, 1.0, 1.0, 1.0, 0.0, 0.0, 1.0, 0.0, 0.0, 0.0, 0.0, 0.0, 1.0, 0.0, 1.0, 1.0, 0.0, 0.0, 1.0, 1.0, 0.0, 0.0, 1.0, 0.0, 1.0, 1.0, 0.0, 0.0, 0.0, 1.0, 1.0, 0.0, 0.0, 0.0, 0.0, 0.0, 0.0, 0.0, 0.0, 0.0, 0.0, 1.0, 0.0, 0.0, 0.0, 0.0, 1.0, 0.0, 0.0, 1.0, 0.0, 1.0, 0.0, 1.0, 0.0, 0.0, 0.0, 1.0, 0.0, 1.0, 1.0, 0.0, 0.0, 1.0, 0.0, 0.0, 0.0, 0.0, 1.0, 0.0, 1.0, 1.0, 1.0, 0.0, 0.0, 1.0, 1.0, 0.0, 1.0, 1.0, 1.0, 1.0, 1.0, 0.0, 0.0, 0.0, 1.0, 0.0, 0.0, 1.0, 0.0, 0.0, 0.0, 1.0, 0.0, 0.0, 1.0, 0.0, 0.0, 1.0, 1.0, 1.0, 0.0, 1.0, 1.0, 1.0, 1.0, 0.0, 1.0, 0.0, 1.0, 0.0, 1.0, 1.0, 1.0, 1.0, 0.0, 1.0, 0.0, 1.0, 0.0, 0.0, 0.0, 0.0, 1.0, 1.0, 1.0, 0.0, 0.0, 1.0, 0.0, 1.0, 0.0, 0.0, 1.0, 0.0, 0.0, 0.0, 1.0, 0.0, 1.0, 0.0, 0.0, 1.0, 1.0, 1.0, 0.0, 1.0, 0.0, 1.0, 1.0, 1.0, 1.0, 1.0, 1.0, 1.0, 1.0, 0.0, 0.0, 1.0, 0.0, 0.0, 0.0, 0.0, 1.0, 1.0, 1.0, 1.0, 1.0, 0.0, 1.0, 1.0, 1.0, 1.0, 0.0, 0.0, 0.0, 0.0, 1.0, 0.0, 1.0, 0.0, 0.0, 0.0, 0.0, 0.0, 0.0, 0.0, 1.0, 0.0, 0.0, 0.0, 1.0, 0.0, 1.0, 1.0, 1.0, 1.0, 0.0, 0.0, 1.0, 0.0, 0.0, 1.0, 1.0, 1.0, 1.0, 1.0, 1.0, 1.0, 0.0, 1.0, 0.0, 0.0, 1.0, 0.0, 1.0, 0.0, 1.0, 1.0, 0.0, 0.0, 1.0, 0.0, 1.0, 1.0, 0.0, 1.0, 0.0, 0.0, 1.0, 1.0, 1.0, 0.0, 0.0, 0.0, 1.0, 0.0, 0.0, 0.0, 0.0, 1.0, 1.0, 0.0, 1.0, 1.0, 1.0, 1.0, 1.0, 0.0, 1.0, 0.0, 0.0, 0.0, 0.0, 0.0, 0.0, 1.0, 1.0, 0.0, 0.0, 0.0, 1.0, 0.0, 0.0, 1.0, 0.0, 0.0, 1.0, 1.0, 0.0, 1.0, 0.0, 0.0, 1.0, 0.0, 0.0, 1.0, 1.0, 1.0, 0.0, 1.0, 0.0, 0.0, 0.0, 1.0, 1.0, 1.0, 0.0, 0.0, 0.0, 1.0, 1.0, 0.0, 0.0, 0.0, 1.0, 1.0, 1.0, 1.0, 0.0, 0.0, 1.0, 1.0, 1.0, 0.0, 1.0, 0.0, 1.0, 1.0, 1.0, 0.0, 1.0, 1.0, 0.0, 0.0, 0.0, 0.0, 0.0, 0.0, 1.0, 1.0, 1.0, 1.0, 1.0, 0.0, 0.0, 0.0, 0.0, 1.0, 0.0, 1.0, 0.0, 1.0, 0.0, 1.0, 1.0, 0.0, 0.0, 0.0, 1.0, 0.0, 1.0, 0.0, 0.0, 0.0, 1.0, 1.0, 0.0, 0.0, 0.0, 0.0, 0.0, 1.0, 1.0, 1.0, 1.0, 1.0, 0.0, 1.0, 0.0, 1.0, 1.0, 1.0, 1.0, 0.0, 1.0, 1.0, 1.0, 1.0, 0.0, 0.0, 0.0, 1.0, 1.0, 0.0, 0.0, 1.0, 0.0, 0.0, 0.0, 0.0, 1.0, 1.0, 1.0, 1.0, 1.0, 0.0, 1.0, 1.0, 1.0, 0.0, 0.0, 1.0, 0.0, 1.0, 1.0, 1.0, 0.0, 1.0, 0.0, 0.0, 1.0, 1.0, 0.0, 1.0, 1.0, 1.0, 0.0, 1.0, 1.0, 1.0, 0.0, 1.0, 0.0, 1.0, 0.0, 0.0, 0.0, 1.0, 0.0, 0.0, 0.0, 1.0, 0.0, 1.0, 1.0, 0.0, 0.0, 0.0, 1.0, 0.0, 1.0, 0.0, 1.0, 1.0, 0.0, 0.0, 0.0, 0.0, 1.0, 1.0, 1.0, 0.0, 0.0, 0.0, 1.0, 0.0, 1.0, 1.0, 0.0, 1.0, 0.0, 0.0, 1.0, 0.0, 0.0, 1.0, 0.0, 1.0, 1.0, 1.0, 0.0, 1.0, 0.0, 0.0, 1.0, 1.0, 1.0, 0.0, 0.0, 1.0, 1.0, 0.0, 0.0, 1.0, 1.0, 1.0, 1.0, 1.0, 1.0, 1.0, 0.0, 0.0, 1.0, 0.0, 1.0, 1.0, 0.0, 0.0, 0.0, 0.0, 1.0, 0.0, 1.0, 0.0, 0.0, 1.0, 0.0, 1.0, 0.0, 0.0, 0.0, 0.0, 1.0, 1.0, 1.0, 0.0, 1.0, 0.0, 0.0, 0.0, 1.0, 0.0, 0.0, 0.0, 1.0, 0.0, 0.0, 1.0, 1.0, 1.0, 1.0, 1.0, 0.0, 0.0, 1.0, 0.0, 1.0, 0.0, 1.0, 1.0, 1.0, 1.0, 1.0, 0.0, 1.0, 1.0, 1.0, 1.0, 1.0, 0.0, 0.0, 0.0, 0.0, 1.0, 0.0, 0.0, 1.0, 1.0, 1.0, 1.0, 0.0, 0.0, 0.0, 1.0, 1.0, 1.0, 1.0, 1.0, 0.0, 1.0, 1.0, 0.0, 0.0, 0.0, 0.0, 1.0, 0.0, 0.0, 1.0, 0.0, 0.0, 0.0, 1.0, 0.0, 0.0, 0.0, 1.0, 1.0, 0.0, 1.0, 0.0, 0.0, 0.0, 1.0, 1.0, 1.0, 0.0, 1.0, 1.0, 1.0, 0.0, 0.0, 1.0, 1.0, 1.0, 0.0, 1.0, 1.0, 1.0, 0.0, 1.0, 0.0, 1.0, 0.0, 0.0, 1.0, 0.0, 1.0, 0.0, 0.0, 0.0, 1.0, 1.0, 1.0, 0.0, 1.0, 1.0, 1.0, 0.0, 0.0, 1.0, 1.0, 1.0, 1.0, 1.0, 0.0, 0.0, 1.0, 0.0, 1.0, 0.0, 1.0, 0.0, 1.0, 0.0, 0.0, 1.0, 0.0, 1.0, 1.0, 1.0, 1.0, 1.0, 0.0, 0.0, 1.0, 0.0, 0.0, 0.0, 1.0, 0.0, 1.0, 1.0, 1.0, 0.0, 0.0, 1.0, 0.0, 0.0, 0.0, 1.0, 0.0, 0.0, 1.0, 0.0, 1.0, 1.0, 0.0, 1.0, 0.0, 0.0, 0.0, 1.0, 1.0, 1.0, 0.0, 0.0, 1.0, 1.0, 1.0, 1.0, 0.0, 1.0, 0.0, 0.0, 1.0, 1.0, 0.0, 1.0, 0.0, 1.0, 0.0, 0.0, 0.0, 1.0, 0.0, 0.0, 1.0, 1.0, 1.0, 0.0, 0.0, 1.0, 0.0, 0.0, 0.0, 1.0, 1.0, 1.0, 1.0, 0.0, 0.0, 0.0, 1.0, 0.0, 0.0, 0.0, 1.0, 1.0, 1.0, 1.0, 0.0, 0.0, 0.0, 1.0, 0.0, 0.0, 0.0, 0.0, 1.0, 1.0, 1.0, 0.0, 0.0, 0.0, 1.0, 0.0, 0.0, 0.0, 1.0, 0.0, 0.0, 1.0, 1.0, 0.0, 0.0, 1.0, 1.0, 0.0, 0.0, 1.0, 0.0, 1.0, 0.0, 1.0, 0.0, 1.0, 1.0, 0.0, 1.0, 1.0, 0.0, 0.0, 1.0, 1.0, 0.0, 0.0, 1.0, 1.0, 0.0, 1.0, 1.0, 1.0, 0.0, 0.0, 0.0, 0.0, 0.0, 0.0, 1.0, 1.0, 1.0, 0.0, 1.0, 0.0, 0.0, 1.0, 1.0, 0.0, 0.0, 1.0, 0.0, 1.0, 1.0, 1.0, 0.0, 0.0, 1.0, 1.0, 0.0, 1.0, 1.0, 0.0, 0.0, 0.0, 1.0, 1.0, 1.0, 1.0, 1.0, 1.0, 1.0, 1.0, 1.0, 0.0, 0.0, 0.0, 1.0, 0.0, 1.0, 0.0, 1.0, 0.0, 0.0, 0.0, 1.0, 1.0, 0.0, 0.0, 1.0, 1.0, 0.0, 0.0, 1.0, 0.0, 1.0, 1.0, 0.0, 0.0, 0.0, 1.0, 0.0, 1.0, 1.0, 1.0, 1.0, 0.0, 1.0, 0.0, 0.0, 1.0, 1.0, 0.0, 1.0, 1.0, 0.0, 0.0, 0.0, 0.0, 1.0, 0.0, 0.0, 1.0, 0.0, 1.0, 1.0, 1.0, 1.0, 0.0, 1.0, 0.0, 1.0, 1.0, 1.0, 0.0, 0.0, 1.0, 1.0, 1.0, 1.0, 1.0, 0.0, 1.0, 1.0, 1.0, 1.0, 1.0, 1.0, 1.0, 1.0, 0.0, 0.0, 0.0, 1.0, 1.0, 0.0, 0.0, 1.0, 0.0, 0.0, 0.0, 1.0, 1.0, 0.0, 1.0, 1.0, 0.0, 0.0, 1.0, 0.0, 0.0, 0.0, 1.0, 0.0, 1.0, 0.0, 1.0, 0.0, 1.0, 0.0, 0.0, 0.0, 0.0, 0.0, 1.0, 0.0, 1.0, 1.0, 1.0, 1.0, 1.0, 1.0, 1.0, 0.0, 1.0, 0.0, 0.0, 0.0, 1.0, 0.0, 0.0, 0.0, 1.0, 1.0, 1.0, 0.0, 1.0, 1.0, 0.0, 0.0, 0.0, 1.0, 1.0, 1.0, 0.0, 0.0, 0.0, 1.0, 0.0, 0.0, 0.0, 0.0, 1.0, 0.0, 1.0, 0.0, 1.0, 0.0, 0.0, 1.0, 0.0, 1.0, 0.0, 0.0, 1.0, 0.0, 0.0, 1.0, 0.0, 0.0, 1.0, 0.0, 1.0, 0.0, 1.0, 0.0, 1.0, 0.0, 0.0, 0.0, 1.0, 0.0, 0.0, 0.0, 0.0, 1.0, 1.0, 1.0, 1.0, 0.0, 0.0, 1.0, 1.0, 0.0, 1.0, 1.0, 0.0, 1.0, 1.0, 1.0, 1.0, 0.0, 1.0, 0.0, 1.0, 0.0, 1.0, 0.0, 0.0, 0.0, 1.0, 0.0, 0.0, 1.0, 1.0, 1.0, 1.0, 0.0, 0.0, 0.0, 1.0, 0.0, 0.0, 1.0, 1.0, 1.0, 0.0, 1.0, 0.0, 1.0, 1.0, 1.0, 1.0, 1.0, 0.0, 1.0, 0.0, 1.0, 1.0, 1.0, 0.0, 1.0, 1.0, 0.0, 1.0, 1.0, 1.0, 1.0, 1.0, 1.0, 0.0, 0.0, 1.0, 0.0, 1.0, 1.0, 0.0, 0.0, 1.0, 0.0, 0.0, 1.0, 0.0, 1.0, 1.0, 1.0, 1.0, 1.0, 1.0, 0.0, 1.0, 0.0, 1.0, 1.0, 0.0, 1.0, 0.0, 1.0, 0.0, 1.0, 0.0, 0.0, 1.0, 1.0, 0.0, 1.0, 0.0, 1.0, 1.0, 0.0, 1.0, 0.0, 1.0, 1.0, 1.0, 0.0, 0.0, 0.0, 0.0, 1.0, 0.0, 0.0, 0.0, 0.0, 1.0, 1.0, 0.0, 1.0, 1.0, 0.0, 0.0, 0.0, 0.0, 0.0, 1.0, 0.0, 0.0, 1.0, 0.0, 0.0, 0.0, 1.0, 1.0, 0.0, 0.0, 1.0, 1.0, 0.0, 1.0, 1.0, 0.0, 0.0, 0.0, 1.0, 0.0, 0.0, 1.0, 0.0, 1.0, 1.0, 1.0, 1.0, 1.0, 0.0, 0.0, 0.0, 1.0, 0.0, 0.0, 0.0, 0.0, 1.0, 1.0, 1.0, 0.0, 0.0, 1.0, 1.0, 1.0, 0.0, 0.0, 0.0, 0.0, 0.0, 0.0, 0.0, 0.0, 1.0, 0.0, 1.0, 1.0, 1.0, 1.0, 1.0, 0.0, 0.0, 1.0, 0.0, 1.0, 1.0, 1.0, 1.0, 0.0, 1.0, 0.0, 0.0, 1.0, 1.0, 1.0, 0.0, 0.0, 1.0, 1.0, 0.0, 1.0, 0.0, 1.0, 1.0, 1.0, 0.0, 0.0, 0.0, 0.0, 0.0, 1.0, 1.0, 1.0, 1.0, 1.0, 1.0, 0.0, 0.0, 1.0, 0.0, 0.0, 1.0, 0.0, 0.0, 0.0, 0.0, 0.0, 0.0, 0.0, 1.0, 1.0, 0.0, 1.0, 1.0, 0.0, 0.0, 1.0, 1.0, 1.0, 1.0, 0.0, 0.0, 0.0, 0.0, 0.0, 0.0, 1.0, 0.0, 0.0, 1.0, 1.0, 0.0, 0.0, 0.0, 1.0, 0.0, 1.0, 0.0, 1.0, 1.0, 1.0, 1.0, 1.0, 1.0, 1.0, 0.0, 1.0, 0.0, 0.0, 1.0, 1.0, 1.0, 0.0, 0.0, 1.0, 0.0, 0.0, 1.0, 1.0, 1.0, 0.0, 1.0, 0.0, 1.0, 1.0, 1.0, 1.0, 1.0, 0.0, 0.0, 1.0, 1.0, 1.0, 0.0, 1.0, 0.0, 0.0, 1.0, 0.0, 0.0, 0.0, 1.0, 1.0, 0.0, 1.0, 1.0, 1.0, 1.0, 0.0, 0.0, 1.0, 1.0, 1.0, 0.0, 1.0, 1.0, 1.0, 1.0, 1.0, 0.0, 0.0, 0.0, 1.0, 1.0, 0.0, 0.0, 0.0, 0.0, 0.0, 0.0, 1.0, 1.0, 1.0, 0.0, 0.0, 1.0, 1.0, 1.0, 1.0, 1.0, 1.0, 1.0, 0.0, 1.0, 0.0, 1.0, 1.0, 1.0, 0.0, 1.0, 1.0, 0.0, 1.0, 0.0, 0.0, 0.0, 1.0, 0.0, 1.0, 0.0, 0.0, 1.0, 1.0, 1.0, 0.0, 0.0, 1.0, 0.0, 0.0, 0.0, 1.0, 0.0, 0.0, 1.0, 0.0, 0.0, 1.0, 1.0, 0.0, 1.0, 1.0, 1.0, 0.0, 0.0, 0.0, 0.0, 0.0, 1.0, 0.0, 0.0, 1.0, 0.0, 1.0, 1.0, 0.0, 0.0, 0.0, 1.0, 0.0, 1.0, 0.0, 0.0, 1.0, 1.0, 1.0, 0.0, 0.0, 0.0, 0.0, 0.0, 0.0, 0.0, 0.0, 0.0, 0.0, 0.0, 0.0, 0.0, 0.0, 1.0, 0.0, 0.0, 0.0, 0.0, 0.0, 1.0, 0.0, 1.0, 0.0, 1.0, 0.0, 0.0, 1.0, 1.0, 1.0, 1.0, 0.0, 1.0, 0.0, 0.0, 1.0, 1.0, 0.0, 1.0, 0.0, 1.0, 1.0, 1.0, 1.0, 1.0, 1.0, 0.0, 1.0, 1.0, 0.0, 0.0, 0.0, 0.0, 1.0, 1.0, 1.0, 1.0, 0.0, 1.0, 1.0, 1.0, 1.0, 1.0, 1.0, 1.0, 1.0, 0.0, 0.0, 1.0, 1.0, 1.0, 1.0, 1.0, 0.0, 0.0, 0.0, 1.0, 1.0, 1.0, 0.0, 1.0, 0.0, 0.0, 1.0, 0.0, 1.0, 1.0, 0.0, 1.0, 1.0, 0.0, 0.0, 0.0, 1.0, 1.0, 0.0, 0.0, 0.0, 1.0, 0.0, 1.0, 0.0, 0.0, 0.0, 0.0, 0.0, 0.0, 1.0, 0.0, 0.0, 0.0, 1.0, 1.0, 1.0, 1.0, 1.0, 1.0, 0.0, 0.0, 1.0, 0.0, 1.0, 1.0, 0.0, 1.0, 0.0, 1.0, 0.0, 1.0, 1.0, 1.0, 1.0, 0.0, 1.0, 1.0, 0.0, 1.0, 1.0, 1.0, 1.0, 0.0, 0.0, 1.0, 1.0, 0.0, 1.0, 0.0, 1.0, 0.0, 1.0, 0.0, 0.0, 0.0, 0.0, 0.0, 0.0, 0.0, 1.0, 1.0, 0.0, 0.0, 1.0, 0.0, 1.0, 1.0, 0.0, 1.0, 0.0, 0.0, 1.0, 0.0, 0.0, 0.0, 1.0, 0.0, 1.0, 1.0, 0.0, 1.0, 1.0, 1.0, 0.0, 0.0, 0.0, 1.0, 1.0, 1.0, 1.0, 0.0, 0.0, 1.0, 1.0, 1.0, 1.0, 0.0, 0.0, 0.0, 1.0, 1.0, 0.0, 0.0, 0.0, 0.0, 0.0, 1.0, 1.0, 0.0, 1.0, 1.0, 0.0, 0.0, 1.0, 0.0, 0.0, 1.0, 0.0, 1.0, 1.0, 1.0, 0.0, 0.0, 0.0, 0.0, 0.0, 0.0, 0.0, 0.0, 1.0, 1.0, 0.0, 1.0, 0.0, 0.0, 1.0, 1.0, 1.0, 0.0, 0.0, 0.0, 1.0, 1.0, 1.0, 0.0, 1.0, 1.0, 1.0, 0.0, 0.0, 1.0, 1.0, 0.0, 0.0, 1.0, 0.0, 0.0, 0.0, 1.0, 1.0, 0.0, 0.0, 0.0, 0.0, 1.0, 0.0, 1.0, 1.0, 1.0, 0.0, 1.0, 0.0, 1.0, 1.0, 1.0, 1.0, 0.0, 1.0, 0.0, 0.0, 0.0, 1.0, 0.0, 1.0, 0.0, 0.0, 1.0, 1.0, 0.0, 1.0, 1.0, 0.0, 0.0, 0.0, 0.0, 1.0, 0.0, 1.0, 0.0, 0.0, 0.0, 0.0, 0.0, 0.0, 0.0, 0.0, 0.0, 1.0, 0.0, 1.0, 0.0, 1.0, 1.0, 0.0, 1.0, 1.0, 1.0, 0.0, 1.0, 1.0, 0.0, 1.0, 0.0, 1.0, 0.0, 0.0, 0.0, 0.0, 0.0, 0.0, 1.0, 0.0, 0.0, 1.0, 1.0, 0.0, 0.0, 0.0, 0.0, 0.0, 0.0, 0.0, 0.0, 0.0, 1.0, 0.0, 1.0, 0.0, 0.0, 1.0, 1.0, 0.0, 1.0, 1.0, 0.0, 1.0, 1.0, 1.0, 1.0, 0.0, 0.0, 0.0, 1.0, 0.0, 1.0, 1.0, 0.0, 0.0, 1.0, 1.0, 1.0, 0.0, 0.0, 0.0, 0.0, 0.0, 1.0, 1.0, 0.0, 0.0, 0.0, 1.0]
\score={0: [0.13951201985279718, 0.1396693146477143, 0.13871345136846816, 0.1399102264216968, 0.13995089679956435, 0.14029447840792791, 0.13914791012511535, 0.13954575766216626, 0.14051170568717153, 0.1399967991388761, 0.13895332706826075, 0.13983403937891126, 0.13946344635703348, 0.13954184353351592, 0.13888679173859683, 0.14033671766519545, 0.13918823096901178, 0.13920089974999428, 0.13818036968057806, 0.13958218470215797, 0.1399844797948996, 0.1398671418428421, 0.13955573316501535, 0.13935856627566473, 0.13977142026027042, 0.13922111690044403, 0.13942071422934532, 0.13979587058226267, 0.1394214378669858, 0.13936765148089483, 0.1398668293005381, 0.13933897362305567, 0.13975465510572707, 0.1394032880663872, 0.13992498815059662, 0.13985238774963046, 0.1392512023448944, 0.13978977714266097, 0.13959181401878595, 0.14001573705010945, 0.14010923728346825, 0.13996965131338904, 0.13985364635785422, 0.13962315929972607, 0.13982341786225636, 0.1391336609919866, 0.13948512491252688, 0.13957139281999498, 0.13887245953083038, 0.1389634271985606, 0.1395026697562291, 0.13936976769140788, 0.14017951759425076, 0.1390666514635086, 0.13984784483909607, 0.1391687976277393, 0.14005133935383388, 0.13908415453301537, 0.14021251797676088, 0.14005316297213236, 0.1399109661579132, 0.139018248895119, 0.14158844202756882, 0.14019667506217956, 0.13952501538472298, 0.14035189524292946, 0.13947968521425802, 0.1389173467954, 0.13957882672548294, 0.13999016989361157, 0.13969164341688156, 0.13946759242277879, 0.13933207508590487, 0.1394426981608073, 0.13925574602265106, 0.13924257999116724, 0.14004163444042206, 0.13950875664458556, 0.13838439096104016, 0.1391880674795671, 0.14006203683939847, 0.1389857663048638, 0.13952644695253932, 0.13974930271506308, 0.13973017293831397, 0.1398519828915596, 0.1392512172460556, 0.13998801857233048, 0.13963933695446362, 0.13972276896238328, 0.13938206285238267, 0.139760513197292, 0.14033317069212595, 0.13895465433597565, 0.1398368154106469, 0.1403127383244665, 0.14007588393158382, 0.13958004241188368, 0.1400471114450031, 0.14078258872032165, 0.13938883710198285, 0.139421325765158, 0.13975297808647155, 0.1394847577268427, 0.13941561467945576, 0.13938669666000034, 0.1396833974123001, 0.13936312934931586, 0.1402905598282814, 0.13946230014165242, 0.13965570812041944, 0.1392770985493789, 0.13951473073525864, 0.13964668504501643, 0.13944517993010008, 0.1402376356224219, 0.14002547909816107, 0.1397494673728943, 0.13920978118072858, 0.1399510777913607, 0.13975654116698674, 0.13919349789619445, 0.13944201092970998, 0.1395619284165533, 0.13923601912600653, 0.13991664812482638, 0.14002714359334537, 0.1396038867533207, 0.1394136579413163, 0.14132245562293314, 0.13943910677182048, 0.13968396328744434, 0.1399526474652467, 0.13998166674917395, 0.13957968023088244, 0.13988700185133063, 0.13961507334853662, 0.13940355116906372, 0.1394600175321102, 0.13978322542139462, 0.13936205804347992, 0.1397846546024084, 0.13942512556126244, 0.13943804665045303, 0.13974821109038132, 0.13970270114285605, 0.13912090808153152, 0.13900275799361142, 0.13988786393945868, 0.13952973771553773, 0.1402328982949257, 0.13954350527595072, 0.13929507732391358, 0.13911136686801912, 0.13986405730247498, 0.1392459198832512, 0.13971527200192213, 0.1389707543633201, 0.13950469899684825, 0.1395394243299961, 0.13886298487583795, 0.14003062155097723, 0.14017931620279947, 0.1401566009108837, 0.13970317656085604, 0.13947438386579356, 0.1402572825551033, 0.13921080988187057, 0.13959886955803838, 0.13923268185721505, 0.13912858664989472, 0.1396182971921834, 0.13914436519145965, 0.13973337908585867, 0.1399767557779948, 0.13967992803629706, 0.13963890346613797, 0.1395941525697708, 0.13911173906591204, 0.13976980162703473, 0.13996876180171966, 0.13959240913391113, 0.13988753159840903, 0.13986968712226763, 0.14078614711761475, 0.13942558415558026, 0.1396315193602017, 0.14028543854753175, 0.13963763788342476, 0.1395034659089464, 0.1393962235827195, 0.13946700282394886, 0.13970343539348015, 0.13924591456140792, 0.13895800511042278, 0.13930993371231612, 0.13924943606058757, 0.13921056985855101, 0.13894093578512018, 0.1397628454225404, 0.13945957738906145, 0.13984435525807468, 0.13946772047451564, 0.13997533511031757, 0.13943321257829666, 0.13957736765344939, 0.1395792689706598, 0.13961251037461417, 0.13970501457943635, 0.13913187446693578, 0.1400371277704835, 0.1393135123211762, 0.13953119665384292, 0.139516931027174, 0.13904077043900123, 0.13817974627017976, 0.13987104793389638, 0.1394406876393727, 0.13896684348583221, 0.13981359472145904, 0.1396611491839091, 0.13971303155024847, 0.13957855463027954, 0.13972082056782462, 0.13932080715894699, 0.13940283780296645, 0.14057066887617112, 0.13970552146434784, 0.13985579879954457, 0.1397972680055178, 0.13971832990646363, 0.1394552875023622, 0.13936829467614492, 0.13904962294241963, 0.1398396963874499, 0.13865538056080157, 0.1392642772373031, 0.13897722959518433, 0.13925982740792361, 0.13945376127958298, 0.13958412408828735, 0.14033327996730804, 0.13903460177508267, 0.13877916038036348, 0.1389196303155687, 0.1397925204244153, 0.13946627974510192, 0.13964880739941316, 0.1395148013560277, 0.1403348594903946, 0.1398101528485616, 0.14016537037160662, 0.13965226709842682, 0.139968987215649, 0.14001246238196338, 0.13953501358628273, 0.13999842042508331, 0.13949281722307205, 0.13973322245809766, 0.13963559558314662, 0.13946548104286194, 0.13986389338970184, 0.13960914396577412, 0.13937167552384463, 0.1399709749402422, 0.1397738199342381, 0.13987957934538522, 0.13964367471635342, 0.13998852757846608, 0.13946430992197106, 0.1396371009759605, 0.13945447736316258, 0.13920345809310675, 0.1391916518148623, 0.14019094136628238, 0.13947106897830963, 0.14002784873758042, 0.13878680169582366, 0.13979058441790668, 0.13939342954579523, 0.13987277333553022, 0.13965915249926703, 0.13977791368961334, 0.14069805507149016, 0.13947079816590185, 0.13954519079281733, 0.13891309996445975, 0.13937143007150063, 0.13966306895017624, 0.1398457275195555, 0.13964706799015403, 0.14036225595257498, 0.13917235285043716, 0.14025519262341893, 0.13963850090901056, 0.13956521451473236, 0.1396918413894517, 0.13889176845550538, 0.14042499413092932, 0.13898739502543495, 0.14027699942772204, 0.13998679518699647, 0.1398201435804367, 0.1398730037940873, 0.13971774144606156, 0.1392423152923584, 0.1399379314287849, 0.13964288509809053, 0.13890959978103637, 0.13903500688703438, 0.13981103856821317, 0.1391306659206748, 0.13986632947264047, 0.14005088806152344, 0.1392799128185619, 0.13890290260314941, 0.1400562007637585, 0.13911797919056632, 0.1395147442817688, 0.13921845351394854, 0.139674361795187, 0.13943502374670722, 0.13984347608956424, 0.13867850372424492, 0.13951121533618255, 0.13945707407864658, 0.13992117531597614, 0.13937918956463152, 0.13972394665082297, 0.1398191067079703, 0.139669854607847, 0.13970044735939272, 0.13948125557767022, 0.13944107620045543, 0.13972797735435208, 0.14019782841205597, 0.14031105169228145, 0.1399805040823089, 0.13911810368299485, 0.13883091050844926, 0.1393821860353152, 0.13954947739839554, 0.140140394680202, 0.13867582843221468, 0.13890667259693146, 0.13890793770551682, 0.1389023944735527, 0.13995211288846773, 0.1382298618555069, 0.13899759406393225, 0.13970604704486, 0.1398105008734597, 0.13964971701304119, 0.13914613060805262, 0.13929437207324163, 0.13990597494623877, 0.13974090133394515, 0.13964485997955003, 0.13903882404168447, 0.13954289009173712, 0.13954287767410278, 0.1396217793226242, 0.1397533342242241, 0.13977055665519503, 0.13983614444732667, 0.13972807923952738, 0.13958853696073806, 0.1395664034145219, 0.1398627758026123, 0.13903053229053816, 0.13949062302708626, 0.1406542994081974, 0.13924901716170773, 0.1393756613135338, 0.13997533199963746, 0.13873451352119445, 0.1399180916222659, 0.13978801667690277, 0.1396066481652467, 0.1395271143151654, 0.13992483913898468, 0.1396350030388151, 0.13900585938245058, 0.13982350617013078, 0.1398652920435215, 0.1400013259228538, 0.139094542998534, 0.13945801556110382, 0.13965687384972206, 0.13971665998299918, 0.13991143080321225, 0.13856110940961278, 0.13911498947577042, 0.1391162768006325, 0.14069301635026932, 0.14010386168956757, 0.13966731117530304, 0.13934901853402457, 0.13835574835538864, 0.13953063975680957, 0.13919510560877182, 0.13977345694666324, 0.13915075610081354, 0.13899267411657742, 0.1401601147193175, 0.13985107981023334, 0.13974520705995105, 0.1399780958890915, 0.13970400448198672, 0.13986756611201498, 0.13970878449353305, 0.13920317557122971, 0.1397253627126867, 0.13912046927472818, 0.13899541015808398, 0.13883970479170482, 0.1398000934949288, 0.13956660156448683, 0.13992213138512202, 0.1391536267819228, 0.1398591811840351, 0.1394107003469725, 0.13911009806653726, 0.14002073420719666, 0.1384981061731066, 0.13922516163438559, 0.1397940546274185, 0.1396894320845604, 0.13981380584565076, 0.13948598278291297, 0.13982957551876704, 0.13991657768686613, 0.14014330506324768, 0.1392435053220162, 0.13899931187431017, 0.13938524745977843, 0.13932682302865115, 0.13931189477443695, 0.1390552967786789, 0.1396816880614669, 0.13894783244246528, 0.13915200680494308, 0.13963180929422378, 0.1392077694873552, 0.14040246334942905, 0.13946865778416395, 0.13929398506879806, 0.13902662629666535, 0.1408233940601349, 0.14009235257452185, 0.1400122118573035, 0.13935786272798265, 0.1395052507519722, 0.13962880860675464, 0.13944808579981327, 0.13964654727185027, 0.13959563192394045, 0.13988251984119415, 0.13914385586977004, 0.139521760325278, 0.13995436672121286, 0.13944981895063235, 0.13961440324783325, 0.13935100490396674, 0.13979245142804253, 0.1394047563945925, 0.13977130976590244, 0.1397435935214162, 0.13946938266356787, 0.13998259638631066, 0.1392355196330012, 0.14051459431648256, 0.13852607905864717, 0.13968687666499097, 0.139551233677637, 0.14013782218098642, 0.14007870311086829, 0.1394422587595488, 0.13943084136203485, 0.13946610147302801, 0.1396638251402799, 0.13938921524418724, 0.1395946896888993, 0.139999787012736, 0.14002291560173036, 0.1391612042983373, 0.13955615914386252, 0.13981128359834352, 0.1383911892771721, 0.1393991361061732, 0.1386578569809596, 0.13964766670357098, 0.13963478058576584, 0.14068482274358923, 0.13963250552906709, 0.14083506498071882, 0.13898920095883882, 0.13952505588531494, 0.13992919944799864, 0.13954090972741445, 0.13978171783188978, 0.13934819591351044, 0.13950184845563138, 0.1409130979042787, 0.1388326780154155, 0.13938589819840022, 0.13909626627961794, 0.1394390571448538, 0.1398728373977873, 0.14015860855579376, 0.13994940916697185, 0.14036983251571655, 0.1394521456498366, 0.1392541942851884, 0.13922104239463806, 0.13916920596047452, 0.13930991840989967, 0.13963797688484192, 0.1389087662100792, 0.13950790121005133, 0.13918296992778778, 0.13984211362325227, 0.13987761668183588, 0.13949759886032198, 0.13892027735710144, 0.13927472796705034, 0.13866140896623785, 0.14003736774126688, 0.1391552381572269, 0.13866373896598816, 0.1391292672072138, 0.1394802460616285, 0.14034591615200043, 0.1398826728264491, 0.1389529268656458, 0.13978310078382492, 0.13964989632368088, 0.13986107133902037, 0.1406189584069782, 0.13941275995028646, 0.13988614082336426, 0.1400340950489044, 0.13947725709941652, 0.13878568130380967, 0.13933109265306723, 0.13950744988741698, 0.13938539144065645, 0.14020828753709794, 0.13973533329756363, 0.14044601420561473, 0.1395184275778857, 0.13980282450977125, 0.13999919493993124, 0.1393105903497109, 0.13933772526004098, 0.1400690992673238, 0.14028623345352353, 0.13987536504864692, 0.14050469615242697, 0.14009474342068037, 0.14004472439939325, 0.1390105001628399, 0.13979859948158263, 0.1405148282647133, 0.139641676236082, 0.13963512870772132, 0.13970442116260529, 0.13958321740994087, 0.13983293920755385, 0.13946378585838137, 0.13939350005239248, 0.1394700062545863, 0.13950454350560904, 0.13972177356481552, 0.13981102494632497, 0.13953282237052916, 0.13972076624631882, 0.13978806200126806, 0.1396426424384117, 0.13982069721588722, 0.1400758261265962, 0.13920056469300213, 0.1396922193467617, 0.1386568807065487, 0.13932709395885468, 0.13989928790501185, 0.13971951752901077, 0.13874477297067642, 0.1388470164754174, 0.13999117556072416, 0.13970456927111655, 0.13956613838672638, 0.13981796130537988, 0.13929961125055948, 0.1391303471543572, 0.14030831364484933, 0.14013754863005418, 0.14019041451124045, 0.13877413339085048, 0.13953069411218166, 0.1398017423020469, 0.13985759019851685, 0.13995728120207787, 0.13972708842028742, 0.14005357647935548, 0.13975285632269724, 0.13974458781572488, 0.13965162138144174, 0.1405695490539074, 0.13985414532097903, 0.13932000207049505, 0.1399034849471516, 0.13972059513131777, 0.14021985729535422, 0.13999624435718244, 0.13950852663428695, 0.13968696743249892, 0.13988280445337295, 0.13919794062773386, 0.13994453623890876, 0.1391895959774653, 0.14000134608324835, 0.13935856865002558, 0.139729341087134, 0.13976389530933264, 0.13968893960118295, 0.1388374256051105, 0.13963904862220472, 0.1393541635738479, 0.13931071133382858, 0.14084096103906632, 0.14042052741234118, 0.1389673911035061, 0.1399398148059845, 0.1401474646159581, 0.13960101207097372, 0.14017801412514277, 0.13905939757823943, 0.1399848484992981, 0.13957295268774034, 0.1389056771993637, 0.13909790326248517, 0.14042374677956104, 0.13993449807167052, 0.13951278246682267, 0.139169298685514, 0.13958690563837686, 0.1395376088415704, 0.13887813025050694, 0.13921290040016174, 0.1394619065172532, 0.13930585384368896, 0.14051088194052377, 0.14047967423410976, 0.13963795052124903, 0.139175893444764, 0.1399427205324173, 0.13970660542448363, 0.13933899501959482, 0.1399430694679419, 0.13961731348976944, 0.13976438183869636, 0.13914529166438364, 0.13975785300135612, 0.13965781778097153, 0.1395173312297889, 0.13985195135076842, 0.1398968030181196, 0.13925092777720205, 0.13924432595570882, 0.13929680734872818, 0.1399168346239173, 0.13889188319444656, 0.13918024739798376, 0.13910267569802023, 0.13954731963929676, 0.1402892299272396, 0.13928017185793984, 0.13990243467000815, 0.1394028975204988, 0.13983891691480363, 0.1393229793156347, 0.1392330533784369, 0.13899921093668258, 0.13934486582875252, 0.13982832183440527, 0.13911333266231748, 0.1396971195936203, 0.13900032192468642, 0.13958596624433994, 0.14002168980928567, 0.1402163847729012, 0.13994739001447504, 0.13886625319719315, 0.1386991511372959, 0.1393258948075144, 0.140256281528208, 0.13967875799825114, 0.13855073899030684, 0.14000716308752695, 0.13941968232393265, 0.13974589635344112, 0.14016917577156654, 0.1395066355665525, 0.14010458013841084, 0.1398248171264475, 0.14010035892327627, 0.13909028470516205, 0.1396536614213671, 0.1393883928656578, 0.13980435621407297, 0.14052715748548508, 0.1395095388094584, 0.13902590423822403, 0.13957348465919495, 0.13987743854522705, 0.1392334376772245, 0.13988836192422444, 0.13885160712968736, 0.1390646594135385, 0.13916694786813524, 0.13909646442958287, 0.13910548090934755, 0.13900199647133166, 0.13893696831332314, 0.13956644237041474, 0.13980244514014986, 0.13999093572298685, 0.13837415724992752, 0.14014895395799118, 0.14060051573647392, 0.1396863872096652, 0.13999604019853804, 0.1391625851392746, 0.13924598611063427, 0.13858098847170672, 0.138939069211483, 0.13887889590114355, 0.13985141579593932, 0.13929220475256443, 0.13880505114793779, 0.1393010024638737, 0.13930876470274395, 0.14021350985223596, 0.14012905061244965, 0.13959290484587353, 0.1399639422694842, 0.13945061002265324, 0.13995237549146017, 0.13945910215377808, 0.14000333845615387, 0.13965340302540705, 0.13975816071033478, 0.13968638181686402, 0.1402752587900442, 0.1399525035830105, 0.13964322209358215, 0.13918149554067188, 0.14038156121969222, 0.13963233323200888, 0.13971235901117324, 0.1393597424030304, 0.13971411711291262, 0.13902182470668445, 0.13952785443801147, 0.139029149865282, 0.1394346440966065, 0.13996295481920243, 0.13999138084741738, 0.13957930505275726, 0.1397279274204503, 0.13960982420865228, 0.13872687289348015, 0.13900602360566458, 0.13957062860329947, 0.1392677091062069, 0.13948257407173514, 0.13953733356559977, 0.13924328684806825, 0.1396442966328727, 0.1392804245863642, 0.14021260397774832, 0.1402865962849723, 0.1395597982665767, 0.14039556682109833, 0.13958183337341656, 0.14022542010335362, 0.13943461328744888, 0.1393672525882721, 0.14032485915554893, 0.13981028920725772, 0.13953320461290855, 0.1396373212337494, 0.13936440008027212, 0.1395597051957558, 0.14013267211292102, 0.1394183486700058, 0.14007671674092612, 0.1397931009531021, 0.13917440831661224, 0.13927312370608835, 0.13943649362772703, 0.13989696516232056, 0.1397181281021663, 0.1406073346734047, 0.13949156138632032, 0.13963213935494423, 0.1401817790336079, 0.13964027715356728, 0.13978258301230037, 0.13931684020687551, 0.13927934132516384, 0.13981701636856253, 0.1393070425838232, 0.13943667088945708, 0.13939918306740848, 0.1393967116701192, 0.1392692770808935, 0.14058929567153639, 0.13900576212576457, 0.13974384317795435, 0.13970456606355205, 0.13980261428015572, 0.1402188166975975, 0.13989112726071987, 0.14009206121166548, 0.13933850105466514, 0.13897795712246613, 0.13964265678077936, 0.14032267332077025, 0.14047727982203165, 0.13922190134014403, 0.14028960466384888, 0.13980810344219208, 0.13926881849765776, 0.13974593027874274, 0.13959923014044762, 0.1395136686888608, 0.13938065284285053, 0.1396386670438867, 0.13922103742758432, 0.14003175071307591, 0.13986866520001337, 0.1394680208630032, 0.1397496915998913, 0.13971184028519523, 0.1395381884649396, 0.13892468810081482, 0.13942497579947763, 0.13961317332891318, 0.13921680567520006, 0.13962828332469576, 0.13959499299526215, 0.13991414349187503, 0.13934859136740366, 0.1387176811695099, 0.138563368250342, 0.13972618227655237, 0.14001763534956965, 0.14044643342494964, 0.1382904350757599, 0.13957096407046685, 0.14014505435313498, 0.13968235813081264, 0.13986663669347763, 0.13906402238037274, 0.13856994467122213, 0.13925699029977506, 0.13927153415150112, 0.14020220004022121, 0.13997261288265386, 0.13953856785189023, 0.1386352952788858, 0.1390322856605053, 0.13958911504596472, 0.13929360906283061, 0.13962503360665363, 0.13951479575850748, 0.13955982107865184, 0.13912501103348202, 0.13989295065402985, 0.13945483565330505, 0.13931092755361038, 0.1400618620894172, 0.13974245637655258, 0.13981056213378906, 0.13978463812516287, 0.14016926123036277, 0.14009051742377104, 0.13943306636065245, 0.13890040516853333, 0.139322529733181, 0.1392126750004919, 0.13958380032669415, 0.1395889915087644, 0.13998723030090332, 0.14010419510304928, 0.13963558035237447, 0.13925262074917555, 0.13988217826072985, 0.1386440321803093, 0.13993746759714903, 0.13876947462558747, 0.14004249183031228, 0.1394562549315966, 0.139502947529157, 0.13989050686359406, 0.13971749227494001, 0.13994822278618813, 0.13953547179698944, 0.13979047727890503, 0.1392151489853859, 0.1398010124762853, 0.13984486939651625, 0.13988517575404225, 0.13957131436715522, 0.13929433482033865, 0.1397978240116076, 0.1397138237953186, 0.13970105137143815, 0.1396591936548551, 0.13958955962549557, 0.13919379148218367, 0.13942401359478632, 0.13949330813354915, 0.13879531515496119, 0.13919986997331893, 0.13997785041206762, 0.1390112340450287, 0.14006444718688726, 0.13923674821853638, 0.1395164396081652, 0.13944080550419657, 0.13941511346234214, 0.14062957059253345, 0.1392741178472837, 0.1393177644772963, 0.13956102073192597, 0.139004043170384, 0.13998412066384366, 0.14016361747469222, 0.13962660233179727, 0.1392945038235706, 0.1395400056372518, 0.1405632206135326, 0.13977081372457392, 0.13934356651522897, 0.14035388112068176, 0.14003121717409653, 0.1402344313951639, 0.14031548738479616, 0.13957718759775162, 0.13921032023840937, 0.13952942471951246, 0.1392200200685433, 0.13944150081702641, 0.1399287164211273, 0.13951968883766847, 0.13929690420627594, 0.13948759474815467, 0.13981925834108283, 0.13968742787837982, 0.1387618211182681, 0.13968109774092832, 0.13956214547157286, 0.139220167696476, 0.139097411185503, 0.13975867342490417, 0.13940454744978956, 0.13960369676351547, 0.1397979435595599, 0.13827992975711823, 0.1391076970845461, 0.14037695605503886, 0.13909150660037994, 0.13922318536788225, 0.13883910395882346, 0.1398001334496907, 0.1393440781455291, 0.13927789245332992, 0.13957329438282892, 0.13983696947495142, 0.13946010569731396, 0.13994788165603364, 0.13918098348837632, 0.1395870383296694, 0.13966334172908, 0.1399573783079783, 0.1393790158132712, 0.1401673988862471, 0.1407684480602091, 0.1399921047336915, 0.13904722149555498, 0.13988276273012162, 0.1391007507389242, 0.13691867142915726, 0.1398502692580223, 0.1397860034515983, 0.14056998032789964, 0.13926410768181086, 0.14013049472123384, 0.138848094890515, 0.13975264745600083, 0.13927354365587236, 0.1392691665225559, 0.13964619073602888, 0.14009666722267866, 0.1399111126859983, 0.1396368658170104, 0.13890459537506103, 0.13943981780455664, 0.13898731395602226, 0.13976446670644424, 0.13959238204089078, 0.14002064532703823, 0.13913154537263123, 0.139702836672465, 0.13944913622211008, 0.13950889185070992, 0.13990346218148866, 0.13950122679982865, 0.14008373580873013, 0.14031283656756083, 0.13924750536680222, 0.14025548877923386, 0.14089791476726532, 0.1393702601393064, 0.1403289149914469, 0.13938857335597277, 0.13947500182049616, 0.13942114412784576, 0.13964490592479706, 0.13903117626905442, 0.14030805230140686, 0.13966911066980922, 0.13895280200701493, 0.1393013338247935, 0.1390076382802083, 0.13968124505012267, 0.1401331838100187, 0.13922013342380524, 0.1393284946680069, 0.14005484580993652, 0.13998980884966644, 0.13899308318893114, 0.13932975828647615, 0.13926383974600812, 0.13952227343212475, 0.13951075650178468, 0.1391909798341138, 0.13915876530367752, 0.13997800541775568, 0.13968098163604736, 0.13938996195793152, 0.14012076502496545, 0.1393206591407458, 0.13955097844203312, 0.13988531827926637, 0.139793848618865, 0.14017728773447183, 0.1396335352744375, 0.13942487686872482, 0.14019703090190888, 0.13884861767292023, 0.13964218956728777, 0.13961036751667658, 0.1384003981947899, 0.14033667628581709, 0.13940071364243825, 0.13961214050650597, 0.13984499465335498, 0.14089762502246433, 0.14052427684267363, 0.13913897871971131, 0.1393656407793363, 0.13926372152787667, 0.13977220732914775, 0.13883473972479501, 0.14006848053799736, 0.14007828287456348, 0.1399189442396164, 0.13946079806639597, 0.13966994058518184, 0.1405225055558341, 0.13986166939139366, 0.13881670385599137, 0.13973842019384558, 0.13972433656454086, 0.13941458761692047, 0.13950498567687142, 0.13934287712687538, 0.139166829486688, 0.13937277346849442, 0.13973463808788972, 0.13975349339571866, 0.13933927159417758, 0.1396633925346228, 0.13915241807699202, 0.13991839878938414, 0.13940586691552942, 0.1394358409399336, 0.1394666351377964, 0.1394053896268209, 0.13889019191265106, 0.1395948986554968, 0.13937236262219294, 0.13924774875243504, 0.1391308143734932, 0.13916269336876116, 0.1393328756093979, 0.14035166537060456, 0.13962529026545012, 0.13966904282569886, 0.13981319417556126, 0.13947099979434693, 0.1400659404695034, 0.13980675620191238, 0.1395129408029949, 0.13910428033425257, 0.1390247426249764, 0.13928101039849794, 0.1399754598027184, 0.13985752016305925, 0.1396194130182266, 0.13888136354776529, 0.13947139059503874, 0.1391551564137141, 0.13904068991541862, 0.13949595673664197, 0.13977584950625896, 0.1393102150071751, 0.1390374368056655, 0.14030147411606528, 0.13986476759115854, 0.13987451562514672, 0.14006384859482449, 0.13931679725646973, 0.1401410230568477, 0.13964792747389188, 0.13859184221787887, 0.1396311559847423, 0.14024343767336436, 0.13976248062175253, 0.13882111432030797, 0.139668179055055, 0.13983653172066338, 0.14038132462236616, 0.13949218094348909, 0.1392481056973338, 0.14024403393268586, 0.13906757637511852, 0.14041575240461449, 0.13975787961057254, 0.1397601177295049, 0.1395225910977884, 0.1394923039172825, 0.13945967828234038, 0.139725919192036, 0.1391558861359954, 0.13894218923868956, 0.13942241966724395, 0.1398243393611025, 0.13988063763827085, 0.13875026844049754, 0.1393336120404695, 0.13937674276530743, 0.13970209658145905, 0.13950477093458175, 0.13939414421717325, 0.1394099310040474, 0.14026880115270615, 0.13918583715955415, 0.13977807760238647, 0.13920092353454003, 0.13972681211797813, 0.1398022887962205, 0.13911990821361542, 0.1396402146886377, 0.13915968500077724, 0.13970547616481782, 0.14003661440478432, 0.13963735580444336, 0.13947918017705283, 0.13842761516571045, 0.13929327726364135, 0.13964869465146745, 0.1395349172609193, 0.1391062597433726, 0.13857748969034714, 0.13979908185345785, 0.1399312269474779, 0.13922526439030966, 0.13868387242158253, 0.13952928392783456, 0.13918868384578012, 0.13918910324573516, 0.13996950115846551, 0.14001000622908275, 0.13946701405626355, 0.1399328245928413, 0.1388676850234761, 0.13985423095848248, 0.1395485818386078, 0.139941512890484, 0.13945855259895323, 0.13961007513783194, 0.1398133643799358, 0.13930223767574018, 0.13985353941097856, 0.13867832869291305, 0.13956344478270588, 0.13877859102054077, 0.13891351819038392, 0.13901569545269013, 0.13959996443655756, 0.13961442165515003, 0.1395313831215555, 0.1396858642498652, 0.13987224519252778, 0.13960110694169997, 0.139445862657315, 0.13976915320381522, 0.13957602122137625, 0.1395775849620501, 0.13868619749943414, 0.1401276019486514, 0.13974650139394013, 0.1394027077489429, 0.13991025586922964, 0.1398851081728935, 0.13983588884858525, 0.13926119289614938, 0.14018394518643618, 0.1398476321588863, 0.13946036643841686, 0.13969870191067457, 0.1392840485681187, 0.13898312598466872, 0.1399794061978658, 0.1381964928337506, 0.1398364951213201, 0.14015404830376307, 0.1397072987424003, 0.13921508531678806, 0.1393805891275406, 0.13944331915290267, 0.13982142408688863, 0.13998354375362396, 0.13898393240841952, 0.1387353166937828, 0.13940954953432083, 0.1394943878764198, 0.1400702659572874, 0.13928496688604355, 0.139873429256327, 0.1397479755036971, 0.139417188167572, 0.13950729526971517, 0.14030176929889188, 0.13897241353988649, 0.1399166496663258, 0.13846018504012714, 0.14004920547207197, 0.1404574206646751, 0.1398437924683094, 0.1389488144354387, 0.1396175975149328, 0.13963600315830924, 0.1392520614541494, 0.13932372050152886, 0.1390578818541986, 0.14001867060477918, 0.14040687556068102, 0.13947131484746933, 0.13995754304859373, 0.13973618133200538, 0.1398833328485489, 0.13921890242232215, 0.13889201527292078, 0.13897563020388284, 0.13906130648177603, 0.1399843001907522, 0.13991479778831656, 0.14021259546279907, 0.13935764832422137, 0.13986921429634094, 0.140702423453331, 0.13984652680735435, 0.13941257571180662, 0.13937229343823024, 0.1393691599369049, 0.13935368094179365, 0.1398237044441289, 0.14007973472277324, 0.1402685652886118, 0.13935438096523284, 0.13974994683966918, 0.14036419029746736, 0.13968209301431975, 0.13978158562414109, 0.1392648249864578, 0.1390974149107933, 0.13912469055503607, 0.1402716940641403, 0.13988204896450043, 0.13993043764944998, 0.13917485058307646, 0.139609308405356, 0.13970104853312174, 0.13978092620770136, 0.1391967816485299, 0.13970474845596723, 0.14022666811943055, 0.1388985514640808, 0.1389950229363008, 0.13994873153126758, 0.1398175170024236, 0.1387656405568123, 0.1390529288487001, 0.13969690962271256, 0.13987394878941198, 0.13932758693893751, 0.1396145989065585, 0.13944079379240673, 0.13967599843939146, 0.13926938507292005, 0.13972397836355063, 0.13924825191497803, 0.1390583024305456, 0.13980022403928968, 0.1391113953930991, 0.13957143161031935, 0.14018883307774863, 0.1398466778428931, 0.1392156400463798, 0.13928298996045038, 0.14002531308394212, 0.13981527941567556, 0.13905743975192308, 0.13912442184629895, 0.14029863476753235, 0.13952952050245726, 0.13856954798102378, 0.1394938400079464, 0.13990186527371407, 0.13973760078935063, 0.13999123175938924, 0.13992936743630302, 0.13966363931403442, 0.13979320973157883, 0.13931652119285182, 0.1394882006080527, 0.1392113281921907, 0.13963065727760918, 0.13953554178729202, 0.13966171328838056, 0.13988334075971084, 0.13956221317251524, 0.13922472049792609, 0.1400966323339022, 0.1404483069976171], 1: [0.13897247860829035, 0.13972793344189138, 0.1395331472158432, 0.13915637582540513, 0.1393314737540025, 0.13959273248910903, 0.13999982002903433, 0.13923760790091294, 0.1394900164820931, 0.13975796103477478, 0.13857560232281685, 0.13958152466350132, 0.13974584639072418, 0.13968361701284135, 0.1403489735993472, 0.13910704255104064, 0.1390694437118677, 0.13921288604086096, 0.13944712902108827, 0.13929262600447, 0.13954550675723865, 0.13925313080350557, 0.13947551548480988, 0.13933402597904204, 0.13972111619435823, 0.1398965299129486, 0.13986434434589587, 0.13932065207224625, 0.13982179512580237, 0.13940453103610448, 0.14012502133846283, 0.13901407917340597, 0.14030451451738676, 0.13997069075703622, 0.14015281200408936, 0.13929347097873687, 0.13915548639165032, 0.1399157808886634, 0.1400691385452564, 0.1393836185336113, 0.139370658993721, 0.14011691386500993, 0.1399196520447731, 0.1387352482839064, 0.13974355657895407, 0.13941374172767004, 0.13885972987521777, 0.13964022820194563, 0.13970687687397004, 0.13988793045282363, 0.13926111599978278, 0.13966635827507293, 0.1394884891808033, 0.13946425318717956, 0.1393732120593389, 0.1389072767712853, 0.1399855746163262, 0.13943538649214637, 0.14039800688624382, 0.14023525267839432, 0.13938761020407958, 0.13920895077965476, 0.13997818071108598, 0.1392220827666196, 0.1388777562163093, 0.13997782495888797, 0.1397565075984368, 0.1397131085395813, 0.13966226484626532, 0.13938602507114412, 0.13970652222633362, 0.13990730391098902, 0.1394362598657608, 0.14001270180398767, 0.13932763383938715, 0.1391578885641965, 0.13885371387004852, 0.13914047994396903, 0.13989118859171867, 0.13945807615915934, 0.1403269569079081, 0.13876184076070786, 0.1395264504586949, 0.1389562115073204, 0.13980898956457774, 0.13986183404922486, 0.13948330904046694, 0.13930772157276378, 0.13914812190665138, 0.13945217518245473, 0.13890288770198822, 0.14057740122079848, 0.13949649035930634, 0.1388553800908002, 0.13940172585157248, 0.13903580208619434, 0.13893533923796245, 0.1391123394880976, 0.13945449888706207, 0.13915081728588452, 0.139883101814323, 0.13975927829742432, 0.14011763713576578, 0.13956542313098907, 0.13883304744958877, 0.13964669948274439, 0.13988088071346283, 0.13945603867371878, 0.1401219286701896, 0.1397606593867143, 0.1404549852013588, 0.1395306231883856, 0.1391178086400032, 0.1399048026651144, 0.13936385970849258, 0.13867160975933074, 0.14003833784506872, 0.1398977056145668, 0.139581013056967, 0.13981964737176894, 0.14085581627759067, 0.14027861844409595, 0.13942797482013702, 0.14013624597679486, 0.13954085324491775, 0.14031250178813934, 0.13924948498606682, 0.13965331966226752, 0.13896549967202274, 0.1397390684911183, 0.13978968262672425, 0.13972822669893503, 0.14019163901155646, 0.13987418894584364, 0.13901823461055757, 0.14103817774189842, 0.13888140643636385, 0.13867272436618805, 0.1393133130940524, 0.13948327532181373, 0.13943703066218982, 0.13882797211408615, 0.13952998952432114, 0.14010927826166153, 0.13919773468604454, 0.1404910602352836, 0.1401250075835448, 0.14027784358371387, 0.1395242539319125, 0.1397629365324974, 0.13965798204853422, 0.14005680233240128, 0.139374284280671, 0.1394987665116787, 0.13917818069458007, 0.1397731453180313, 0.13885418153726137, 0.13937341868877412, 0.14048848383956486, 0.139780550130776, 0.14001063108444214, 0.139027738571167, 0.13930113116900125, 0.1391603872179985, 0.13978037486473718, 0.1406589925289154, 0.14034390449523926, 0.13949268920855087, 0.1400758154117144, 0.1400547966361046, 0.13972283086993478, 0.1396651089191437, 0.13894229450009085, 0.13975682990117508, 0.1388222724199295, 0.14080773981717917, 0.13894363289529627, 0.1396055966615677, 0.13980524648319592, 0.13927950710058212, 0.13985537961125374, 0.13932310417294502, 0.13961491154299843, 0.1398712477900765, 0.13934668650229773, 0.13981114979833364, 0.1396512880921364, 0.13939687311649324, 0.13959457115693527, 0.14065817637102945, 0.13948850147426128, 0.14054673639210788, 0.13939600505612113, 0.13979850167577917, 0.13945228084921837, 0.13970763522845048, 0.1393800833645989, 0.14040853977203369, 0.13991787582635878, 0.13993782103061675, 0.1392481356859207, 0.1397873502638605, 0.13987072971132067, 0.1407180294394493, 0.1396007930690592, 0.13917192274873907, 0.139160285393397, 0.13944284617900848, 0.13948761026064554, 0.13984083294868468, 0.13998305598894756, 0.1395675852894783, 0.1394080479036678, 0.1401960253715515, 0.1392497420310974, 0.13910142183303834, 0.14055619686841964, 0.13875704201368186, 0.139480168169195, 0.13844625651836395, 0.13934976476080277, 0.13967598850528398, 0.13922477265199026, 0.140018197397391, 0.1392645128071308, 0.14006455522030592, 0.13929567486047745, 0.14048530658086142, 0.13997251327548707, 0.1400019427140554, 0.13952798609222686, 0.13993413746356964, 0.1399859661857287, 0.13891280442476273, 0.13932510217030844, 0.1392651155591011, 0.13956182662929809, 0.14003089329470758, 0.1398155689239502, 0.14015722952105783, 0.13892098516225815, 0.14023860224655696, 0.13995544891804457, 0.13885471522808074, 0.13956874310970308, 0.13930901459285192, 0.1398755664175207, 0.13928335160017014, 0.13963714329635396, 0.13939158916473388, 0.13958097100257874, 0.13938890610422408, 0.13954864327724165, 0.13936788439750672, 0.13963783284028372, 0.13895048052072526, 0.14014487845056198, 0.13956237137317656, 0.1392982117831707, 0.1392496685896601, 0.14023923724889756, 0.13914906978607178, 0.1389099046587944, 0.13998693393336403, 0.13895103335380554, 0.13951941511847757, 0.1392908589914441, 0.13948196172714233, 0.13952594896157583, 0.13840809145144053, 0.1401517643378331, 0.13969509055217108, 0.1395747110247612, 0.14034869025150934, 0.1392088681459427, 0.13946369952625698, 0.14006414690188, 0.13989235626326668, 0.13934371372063956, 0.13965992256999016, 0.13982072046824864, 0.13919832047663236, 0.1396943690876166, 0.13952823890292126, 0.1386166587471962, 0.13948486920665293, 0.13903240994973617, 0.13916834511540152, 0.1394934274933555, 0.13982190284878016, 0.13940030909501588, 0.13973491164770993, 0.13937631100416184, 0.13913240757855502, 0.13979769994815192, 0.13923810919125876, 0.13998922841115433, 0.13954989984631538, 0.13977021276950835, 0.13880104639313437, 0.1396372896783492, 0.13989178174071842, 0.13936707721306726, 0.13927279819141736, 0.139603761335214, 0.13940543979406356, 0.13994016924074718, 0.1385874181985855, 0.13946963515546587, 0.13994798590155208, 0.13934333042965996, 0.13961202800273895, 0.1393801090972764, 0.13947457075119019, 0.13830934911966325, 0.14022422432899476, 0.1399813493092855, 0.14006819762289524, 0.14031424659949082, 0.13954903535983143, 0.13992219475599435, 0.1399175158955834, 0.1407123083869616, 0.1402183943673184, 0.13954296301711688, 0.13909709950288138, 0.13970150970495665, 0.1388426110858009, 0.13916655350476503, 0.13961573893373663, 0.14019466108745998, 0.14110666811466216, 0.13993452116847038, 0.13975767542918524, 0.13876795917749404, 0.14017693996429442, 0.13975428280077482, 0.13923659175634384, 0.14004254937171937, 0.13988756471210056, 0.1403851012388865, 0.13891408305901748, 0.13867530822753907, 0.13961994796991348, 0.14032648205757142, 0.1388816902270684, 0.13834392186254263, 0.14000478115948764, 0.13950740844011306, 0.13887584647711584, 0.14003942608833314, 0.13961610943078995, 0.1398917097936977, 0.13877606242895127, 0.1398982380827268, 0.13969680915276209, 0.13953432362330587, 0.14028858074120112, 0.1389543679025438, 0.1384494682917228, 0.13907921428863818, 0.13898189663887023, 0.13907598646787497, 0.13999770446257156, 0.14015367201396398, 0.1399550274014473, 0.13889846056699753, 0.1397151809472304, 0.14007933224950517, 0.1402250731533224, 0.13974932953715324, 0.13952055871486663, 0.1392722298701604, 0.13895623271281904, 0.13978526989618936, 0.13982361058394113, 0.13940207784374556, 0.13850107342004775, 0.13911403119564056, 0.1401401348412037, 0.13962262570858003, 0.1398798543959856, 0.1398554891347885, 0.1401039630174637, 0.1397784024477005, 0.13984770221369608, 0.13989864885807038, 0.13893017917871475, 0.13982360590906703, 0.139007413929159, 0.1395776867866516, 0.13947746008634568, 0.13882147807341355, 0.13953689187765123, 0.1399257816374302, 0.14239799976348877, 0.13933793869283465, 0.1399854657550653, 0.13905910551548004, 0.13900326813260713, 0.13934468158653804, 0.13937640562653542, 0.13978400230407714, 0.13953454047441483, 0.14024404684702554, 0.13983856389919916, 0.13813941478729247, 0.1389228914465223, 0.13882963088425723, 0.13997539336031134, 0.14042446543188655, 0.13904449045658113, 0.13929596692323684, 0.13973296102550295, 0.1381860294125297, 0.14046534576586314, 0.1386761118968328, 0.13908347351984543, 0.13892227990759742, 0.1396320328116417, 0.1397331843773524, 0.14006221294403076, 0.13974900437252863, 0.1403536250193914, 0.13903366029262543, 0.13915368914604187, 0.13925135000185532, 0.13954888013276187, 0.139365769094891, 0.13940719801646012, 0.14036046916788275, 0.14011272341012954, 0.1386055905710567, 0.140296670794487, 0.13961555063724518, 0.13926656273278323, 0.13963983633688518, 0.1399741902947426, 0.13982382145794955, 0.14026952162384987, 0.1403275511481545, 0.14002310281450098, 0.13973384689201007, 0.13925694425900778, 0.13919438943266868, 0.13959225160734995, 0.13926843139860365, 0.1394154131412506, 0.1395856996377309, 0.14005829890569052, 0.13955696754985386, 0.13935860494772592, 0.13892889122168223, 0.13911526203155516, 0.140341617166996, 0.13997593657536941, 0.1397302970290184, 0.13960035443305968, 0.14004990375704235, 0.14019259722793803, 0.13952877659064072, 0.13997626091752732, 0.13994739160818212, 0.13907649947537315, 0.1393669775941155, 0.13962197800477347, 0.13963015242056412, 0.13968159529295834, 0.13931780511682684, 0.14018926490098238, 0.13933758717030287, 0.13993130748470625, 0.13885082533726326, 0.1395549459589852, 0.13910995423793793, 0.1389959463301827, 0.13937187514134816, 0.13926668614149093, 0.13948160760542927, 0.14022503942251205, 0.13895241767168046, 0.13979317098855973, 0.13963782361575536, 0.13937295973300934, 0.1391900357874957, 0.13893804748853048, 0.14029278673908926, 0.13959328681230546, 0.13937849551439285, 0.13963431119918823, 0.13996677845716476, 0.13872022249481894, 0.13886718650658925, 0.13928351923823357, 0.13989986032247542, 0.13935364444147458, 0.1397598147392273, 0.13925118247667947, 0.13936781883239746, 0.13939098517100015, 0.13919469863176345, 0.1389825034600038, 0.13968859719378607, 0.1396235484968532, 0.13931129659925187, 0.1391079306602478, 0.13946305100734419, 0.13993347312013307, 0.13832574254936642, 0.13960645298163096, 0.1397705145857551, 0.13901624480883282, 0.14121326605478923, 0.1400628952043397, 0.13982650637626648, 0.1392579632146018, 0.13899159729480742, 0.13990878110582178, 0.13910204443064603, 0.1389005571603775, 0.1393427774310112, 0.13941761319126403, 0.1396831213073297, 0.1404840499162674, 0.13876507729291915, 0.1391207440332933, 0.13901187917765448, 0.14002302785714468, 0.1388079658150673, 0.13882667273283006, 0.13843717674414316, 0.13889611884951591, 0.1392915165051818, 0.14007252603769302, 0.14013974666595458, 0.13975564103860122, 0.13957542926073074, 0.13934445194900036, 0.14016198201311958, 0.1401419874868895, 0.14004787653684617, 0.14006695286794144, 0.13961267272631328, 0.14082088951881117, 0.1390295960009098, 0.13914030293623605, 0.13929658952881308, 0.1401468187570572, 0.13999791714278134, 0.13878825577822598, 0.13947969675064087, 0.1389624521136284, 0.13881274685263634, 0.1395492830446788, 0.1392959448007437, 0.1393650859594345, 0.13999545822540918, 0.13943723142147063, 0.1401031812032064, 0.13955257534980775, 0.13953730339805284, 0.13898375279763164, 0.13958756519215448, 0.13897174100081125, 0.13845465941862625, 0.13993424709354127, 0.13953770697116852, 0.139728703919579, 0.14011256098747255, 0.14050949215888978, 0.13895048733268464, 0.1403564304113388, 0.13823209404945375, 0.13983555800384945, 0.13964320719242096, 0.13863832950592042, 0.13886426091194154, 0.1394434074560801, 0.13974752751263705, 0.13970548998225818, 0.1393892576297124, 0.13984313309192659, 0.1398581564426422, 0.14003003835678102, 0.13921201867716654, 0.1404847353696823, 0.14007694341919638, 0.13952354628306168, 0.1397632950773606, 0.1397157486747293, 0.13894759946399265, 0.13944640424516466, 0.13978407755494118, 0.13878155779093504, 0.13954741200980017, 0.13949764240533113, 0.13962588012218474, 0.13968960515090398, 0.14024292068047958, 0.1396224983036518, 0.13974806335237291, 0.13927595814069113, 0.1397349312901497, 0.13976161859252237, 0.13948381423950196, 0.139603514881695, 0.1391218602657318, 0.13915656134486198, 0.1400497779250145, 0.1398059603842822, 0.13968593776226043, 0.1394414688859667, 0.13983857333660127, 0.13947481413682303, 0.13977352446979946, 0.13972539855883673, 0.13836987217267355, 0.13937932352224985, 0.13953962922096252, 0.14032665342092515, 0.14047344372822687, 0.13971039454142253, 0.13962613897664206, 0.1404826059937477, 0.1400898884643208, 0.13961140269582922, 0.13991724203030267, 0.13980439636442396, 0.13972982238320744, 0.13980540294538846, 0.13970641940832138, 0.13993379244437584, 0.13959802389144899, 0.1395579766143452, 0.13978424544135729, 0.13976552188396454, 0.13983034003864636, 0.1403618178197316, 0.14004288216431934, 0.13914493132721295, 0.13987109065055847, 0.13915141969919204, 0.1401617407798767, 0.13931471556425096, 0.13993820335183824, 0.14074631608449495, 0.13944869674742222, 0.13926041051745414, 0.13808403106836173, 0.13903948217630385, 0.13982872452054704, 0.1392307931726629, 0.13969982266426087, 0.1400580644607544, 0.13954439081928946, 0.1395441691080729, 0.13962365090847015, 0.13902323817213377, 0.13997806857029596, 0.1386400988468757, 0.13931730618843666, 0.13914721662347967, 0.1392390633171255, 0.13940600156784058, 0.13817187398672104, 0.14037927289803823, 0.1392325907945633, 0.13956724107265472, 0.13999351994557815, 0.14005050914628164, 0.14058454483747482, 0.14039546872178713, 0.13943665567785501, 0.138700869679451, 0.13915050144378954, 0.13935057818889618, 0.13968088420537803, 0.13918786782484788, 0.13810559836300937, 0.13954646637042364, 0.13920556821606375, 0.13866625726222992, 0.13883179095056322, 0.13951728425242685, 0.1393199975673969, 0.13987987140814465, 0.13981918706780389, 0.13917931616306306, 0.13942955036958057, 0.1390522321065267, 0.1392933303117752, 0.13911395037875457, 0.14013673500581222, 0.13965938849882645, 0.1399947851896286, 0.13882013191195094, 0.13869358599185944, 0.1391901671886444, 0.13979682953734146, 0.13907526114157268, 0.13980297515025505, 0.1398456570777026, 0.1392417970825644, 0.1398875889453021, 0.13957571904910238, 0.1395008683204651, 0.14009068770842117, 0.13916595031817755, 0.13915230333805084, 0.13972527337701698, 0.1399350533882777, 0.1396727204322815, 0.1393324558933576, 0.13926595449447632, 0.1397498949714329, 0.13976340120037398, 0.13991325795650483, 0.1392499047976274, 0.1401252344250679, 0.1391167864203453, 0.13971621610901572, 0.1396633588215884, 0.13968072906136514, 0.1400324563894953, 0.13966046770413718, 0.13964105058800091, 0.13892192939917247, 0.13995430561212394, 0.13990466594696044, 0.14030785623349643, 0.1393233754418113, 0.1395155597816814, 0.13947265914508275, 0.13932509507451737, 0.13930052518844604, 0.13882657246930258, 0.13978486582636834, 0.13965060087767514, 0.13888170197606087, 0.13973301305220678, 0.13954074409875003, 0.13954725648675645, 0.14015728078390421, 0.13918946062525114, 0.14046313464641572, 0.13889853060245513, 0.14008649066090584, 0.13934142887592316, 0.13947842220465342, 0.13916114451629774, 0.13924803979256573, 0.14049316528770658, 0.13914470103653995, 0.13891129046678544, 0.13980981707572937, 0.13927748401959736, 0.1393409791317853, 0.13911622356284747, 0.13920403733139947, 0.1398061841726303, 0.13991131239077625, 0.13957382887601852, 0.1392031079158187, 0.13978098730246227, 0.13954574521631002, 0.13963534344326367, 0.139526604115963, 0.14050442576408387, 0.13910327355066934, 0.13985927132042972, 0.13966594710946084, 0.13966445887790008, 0.14060471206903458, 0.13984892918513372, 0.13980312943458556, 0.1400995733482497, 0.1390909105539322, 0.13863183930516243, 0.14046527296304703, 0.13996657729148865, 0.1384960873560472, 0.1400953233242035, 0.13926094663994654, 0.1389217903980842, 0.14024074748158455, 0.13942535909322593, 0.13965913767998034, 0.13979562289184994, 0.13957980848275697, 0.1402874385768717, 0.14002483934164048, 0.13981903261608547, 0.13905679310361543, 0.13983941972255706, 0.13920178562402724, 0.13910098498066267, 0.13973934860790477, 0.13889951868490738, 0.13923805410211737, 0.13923436552286148, 0.1398905279005275, 0.1401442980224436, 0.1396951657884261, 0.13933762742413414, 0.13906302734425194, 0.13930012037356695, 0.13864462822675705, 0.1399309283920697, 0.14011791944503785, 0.13942208073355936, 0.139478862285614, 0.13917917907238006, 0.13917017660357736, 0.14059870541095734, 0.14026443064212799, 0.13983366744858877, 0.13950962745226347, 0.13951096257993154, 0.140111280977726, 0.13976782773222243, 0.1401913326520186, 0.1399360356422571, 0.13991582508270556, 0.13886658019489712, 0.13949715197086335, 0.14007045328617096, 0.13942579399136937, 0.13953414105850717, 0.13963103683098502, 0.13972990810871125, 0.13928095748027167, 0.1398631160457929, 0.13981342586604031, 0.1393337601965124, 0.14010320603847504, 0.13936634361743927, 0.1392712787939952, 0.1391906887292862, 0.14059104770421982, 0.13984442204236985, 0.14022535773424002, 0.14054319924778408, 0.14043908633969046, 0.1401507779955864, 0.13996038247238507, 0.1399320595794254, 0.1394382081925869, 0.13911710307002068, 0.13960607647895812, 0.13938454488913218, 0.1397222861647606, 0.13992682844400406, 0.13926695829088037, 0.1386441563566526, 0.13858117908239365, 0.139995382300445, 0.139881051722027, 0.13961038490136465, 0.1391917626772608, 0.13954951961835224, 0.13927000388503075, 0.1396737601608038, 0.1393619030714035, 0.13950907152432662, 0.1390445137565786, 0.13962934166193008, 0.13981799483299256, 0.13937874351228988, 0.13958063916019772, 0.13965538516640663, 0.1399839547547427, 0.13940173685550689, 0.13983378452914103, 0.13969006687402724, 0.1396425418994006, 0.13927813122669855, 0.1389684403936068, 0.14008297895391783, 0.1395922303199768, 0.14107800357871586, 0.14046679650034224, 0.13955573595705487, 0.14023034410043198, 0.13919948447834363, 0.1391476405163606, 0.13870348393917084, 0.1404167205095291, 0.1388384128610293, 0.13973225322034624, 0.1394737051291899, 0.139064156015714, 0.13953497558832167, 0.139059916138649, 0.13993099488710103, 0.13801769465208052, 0.13966284150427039, 0.13987490087747573, 0.14051266842418247, 0.13922985177487135, 0.14010179539521536, 0.13947412371635437, 0.14011427760124207, 0.1401856260167228, 0.1393202230334282, 0.13844620529562235, 0.14020399252573648, 0.13901755772531033, 0.1393870770931244, 0.1402079147451064, 0.1396245298286279, 0.14014567881822587, 0.13998354343991531, 0.13905764584030425, 0.14013779092402684, 0.1395549896885367, 0.1404082694878945, 0.14021862712171343, 0.14014976872847631, 0.1397794864394448, 0.14031724259257317, 0.1397580087184906, 0.1397795392708345, 0.13961677428554087, 0.13974138597647348, 0.13919004797935486, 0.14002444256435742, 0.1394804447889328, 0.13964131386841044, 0.1394884929060936, 0.13956063985824585, 0.13991074805909937, 0.13911573886871337, 0.1390410378575325, 0.13896441583832106, 0.1396913700982144, 0.13945039808750154, 0.13888108730316162, 0.14073877307501706, 0.13956131413578987, 0.14067140966653824, 0.1393176946375105, 0.13973016234544608, 0.1399720094420693, 0.13999035085241, 0.13977070649464926, 0.1405774544585835, 0.1396367157047445, 0.13872157782316208, 0.14067931324243546, 0.14054649932817978, 0.1391910333186388, 0.13928186744451523, 0.14046592116355897, 0.14016291664706337, 0.139763006567955, 0.14014460444450377, 0.1404080998439055, 0.13976663053035737, 0.13969001770019532, 0.13995715975761414, 0.13966318432773864, 0.13889570699797738, 0.14035201700110184, 0.13896420191634784, 0.1397418041120876, 0.1397847205400467, 0.1393074631690979, 0.13921701163053513, 0.13985334187746049, 0.1391741693019867, 0.13911045681346546, 0.13965540592159545, 0.1391688771545887, 0.13955372869968413, 0.13922053078810373, 0.13877973126040566, 0.1405250499645869, 0.13982184065712822, 0.1397154044646483, 0.13902511244470422, 0.14004328846931458, 0.13934972996895129, 0.13887415329615274, 0.13972811102867128, 0.13963233596748775, 0.13899836173424354, 0.1384574378078634, 0.13910634409297595, 0.1400215487395014, 0.14109207689762115, 0.14021000117063523, 0.14003426378423517, 0.14007027943929037, 0.13941058651967483, 0.1385921361771497, 0.13982284707682474, 0.14052556455135345, 0.13991439640522002, 0.1395475814739863]}