('OC-FakeDect1 (Trained on RND Dataset)  \nTested on AVG FaceShifter Dataset  \nRunning Average Evaluation', 'OC-FakeDect1_RND', 'RND', 'OC-FakeDect1_RND_raeonFSHFTavg')
auroc=0.5140442530910462
f1=0.4448512585812357
prec=0.409435551811289
recall=0.48697394789579157

fpr=[0.0, 0.48697394789579157, 1.0]

tpr=[0.0, 0.5150624540778839, 1.0]

y_true=[0, 0, 0, 0, 0, 0, 0, 0, 0, 0, 0, 0, 0, 0, 0, 0, 0, 0, 0, 0, 0, 0, 0, 0, 0, 0, 0, 0, 0, 0, 0, 0, 0, 0, 0, 0, 0, 0, 0, 0, 0, 0, 0, 0, 0, 0, 0, 0, 0, 0, 0, 0, 0, 0, 0, 0, 0, 0, 0, 0, 0, 0, 0, 0, 0, 0, 0, 0, 0, 0, 0, 0, 0, 0, 0, 0, 0, 0, 0, 0, 0, 0, 0, 0, 0, 0, 0, 0, 0, 0, 0, 0, 0, 0, 0, 0, 0, 0, 0, 0, 0, 0, 0, 0, 0, 0, 0, 0, 0, 0, 0, 0, 0, 0, 0, 0, 0, 0, 0, 0, 0, 0, 0, 0, 0, 0, 0, 0, 0, 0, 0, 0, 0, 0, 0, 0, 0, 0, 0, 0, 0, 0, 0, 0, 0, 0, 0, 0, 0, 0, 0, 0, 0, 0, 0, 0, 0, 0, 0, 0, 0, 0, 0, 0, 0, 0, 0, 0, 0, 0, 0, 0, 0, 0, 0, 0, 0, 0, 0, 0, 0, 0, 0, 0, 0, 0, 0, 0, 0, 0, 0, 0, 0, 0, 0, 0, 0, 0, 0, 0, 0, 0, 0, 0, 0, 0, 0, 0, 0, 0, 0, 0, 0, 0, 0, 0, 0, 0, 0, 0, 0, 0, 0, 0, 0, 0, 0, 0, 0, 0, 0, 0, 0, 0, 0, 0, 0, 0, 0, 0, 0, 0, 0, 0, 0, 0, 0, 0, 0, 0, 0, 0, 0, 0, 0, 0, 0, 0, 0, 0, 0, 0, 0, 0, 0, 0, 0, 0, 0, 0, 0, 0, 0, 0, 0, 0, 0, 0, 0, 0, 0, 0, 0, 0, 0, 0, 0, 0, 0, 0, 0, 0, 0, 0, 0, 0, 0, 0, 0, 0, 0, 0, 0, 0, 0, 0, 0, 0, 0, 0, 0, 0, 0, 0, 0, 0, 0, 0, 0, 0, 0, 0, 0, 0, 0, 0, 0, 0, 0, 0, 0, 0, 0, 0, 0, 0, 0, 0, 0, 0, 0, 0, 0, 0, 0, 0, 0, 0, 0, 0, 0, 0, 0, 0, 0, 0, 0, 0, 0, 0, 0, 0, 0, 0, 0, 0, 0, 0, 0, 0, 0, 0, 0, 0, 0, 0, 0, 0, 0, 0, 0, 0, 0, 0, 0, 0, 0, 0, 0, 0, 0, 0, 0, 0, 0, 0, 0, 0, 0, 0, 0, 0, 0, 0, 0, 0, 0, 0, 0, 0, 0, 0, 0, 0, 0, 0, 0, 0, 0, 0, 0, 0, 0, 0, 0, 0, 0, 0, 0, 0, 0, 0, 0, 0, 0, 0, 0, 0, 0, 0, 0, 0, 0, 0, 0, 0, 0, 0, 0, 0, 0, 0, 0, 0, 0, 0, 0, 0, 0, 0, 0, 0, 0, 0, 0, 0, 0, 0, 0, 0, 0, 0, 0, 0, 0, 0, 0, 0, 0, 0, 0, 0, 0, 0, 0, 0, 0, 0, 0, 0, 0, 0, 0, 0, 0, 0, 0, 0, 0, 0, 0, 0, 0, 0, 0, 0, 0, 0, 0, 0, 0, 0, 0, 0, 0, 0, 0, 0, 0, 0, 0, 0, 0, 0, 0, 0, 0, 0, 0, 0, 0, 0, 0, 0, 0, 0, 0, 0, 0, 0, 0, 0, 0, 0, 0, 0, 0, 0, 0, 0, 0, 0, 0, 0, 0, 0, 0, 0, 0, 0, 0, 0, 0, 0, 0, 0, 0, 0, 0, 0, 0, 0, 0, 0, 0, 0, 0, 0, 0, 0, 0, 0, 0, 0, 0, 0, 0, 0, 0, 0, 0, 0, 0, 0, 0, 0, 0, 0, 0, 0, 0, 0, 0, 0, 0, 0, 0, 0, 0, 0, 0, 0, 0, 0, 0, 0, 0, 0, 0, 0, 0, 0, 0, 0, 0, 0, 0, 0, 0, 0, 0, 0, 0, 0, 0, 0, 0, 0, 0, 0, 0, 0, 0, 0, 0, 0, 0, 0, 0, 0, 0, 0, 0, 0, 0, 0, 0, 0, 0, 0, 0, 0, 0, 0, 0, 0, 0, 0, 0, 0, 0, 0, 0, 0, 0, 0, 0, 0, 0, 0, 0, 0, 0, 0, 0, 0, 0, 0, 0, 0, 0, 0, 0, 0, 0, 0, 0, 0, 0, 0, 0, 0, 0, 0, 0, 0, 0, 0, 0, 0, 0, 0, 0, 0, 0, 0, 0, 0, 0, 0, 0, 0, 0, 0, 0, 0, 0, 0, 0, 0, 0, 0, 0, 0, 0, 0, 0, 0, 0, 0, 0, 0, 0, 0, 0, 0, 0, 0, 0, 0, 0, 0, 0, 0, 0, 0, 0, 0, 0, 0, 0, 0, 0, 0, 0, 0, 0, 0, 0, 0, 0, 0, 0, 0, 0, 0, 0, 0, 0, 0, 0, 0, 0, 0, 0, 0, 0, 0, 0, 0, 0, 0, 0, 0, 0, 0, 0, 0, 0, 0, 0, 0, 0, 0, 0, 0, 0, 0, 0, 0, 0, 0, 0, 0, 0, 0, 0, 0, 0, 0, 0, 0, 0, 0, 0, 0, 0, 0, 0, 0, 0, 0, 0, 0, 0, 0, 0, 0, 0, 0, 0, 0, 0, 0, 0, 0, 0, 0, 0, 0, 0, 0, 0, 0, 0, 0, 0, 0, 0, 0, 0, 0, 0, 0, 0, 0, 0, 0, 0, 0, 0, 0, 0, 0, 0, 0, 0, 0, 0, 0, 0, 0, 0, 0, 0, 0, 0, 0, 0, 0, 0, 0, 0, 0, 0, 0, 0, 0, 0, 0, 0, 0, 0, 0, 0, 0, 0, 0, 0, 0, 0, 0, 0, 0, 0, 0, 0, 0, 0, 0, 0, 0, 0, 0, 0, 0, 0, 0, 0, 0, 0, 0, 0, 0, 0, 0, 0, 0, 0, 0, 0, 0, 0, 0, 0, 0, 0, 0, 0, 0, 0, 0, 0, 0, 0, 0, 0, 0, 0, 0, 0, 0, 0, 0, 0, 0, 0, 0, 0, 0, 0, 0, 0, 0, 0, 0, 0, 0, 0, 0, 0, 0, 0, 0, 0, 0, 0, 0, 0, 0, 0, 0, 0, 0, 0, 0, 0, 0, 0, 0, 0, 0, 0, 0, 0, 0, 0, 0, 0, 0, 0, 0, 0, 0, 0, 0, 0, 0, 0, 0, 0, 0, 0, 0, 0, 0, 0, 0, 0, 0, 0, 0, 0, 0, 0, 0, 0, 0, 0, 0, 0, 0, 0, 0, 0, 0, 0, 0, 0, 0, 0, 0, 0, 0, 0, 0, 0, 0, 0, 0, 0, 0, 0, 0, 0, 0, 0, 0, 0, 0, 0, 0, 0, 0, 0, 0, 0, 0, 0, 0, 0, 0, 0, 0, 0, 0, 0, 0, 0, 0, 0, 0, 0, 0, 0, 0, 0, 0, 0, 0, 0, 0, 0, 0, 0, 0, 0, 0, 0, 0, 0, 0, 0, 0, 0, 0, 0, 0, 0, 0, 0, 0, 0, 0, 0, 0, 0, 0, 0, 0, 0, 0, 0, 0, 0, 0, 0, 0, 0, 0, 0, 0, 0, 0, 0, 0, 0, 0, 0, 0, 0, 0, 0, 0, 0, 0, 0, 0, 0, 0, 0, 0, 0, 0, 0, 0, 0, 0, 0, 0, 0, 0, 0, 0, 0, 0, 0, 0, 0, 0, 0, 0, 0, 0, 0, 0, 0, 0, 0, 0, 0, 0, 0, 0, 0, 0, 0, 0, 0, 0, 0, 0, 0, 0, 0, 0, 0, 0, 0, 0, 0, 0, 0, 0, 0, 0, 0, 0, 0, 0, 0, 0, 0, 0, 0, 0, 0, 0, 0, 0, 0, 0, 0, 0, 0, 0, 0, 0, 0, 0, 0, 0, 0, 0, 0, 0, 0, 0, 0, 0, 0, 0, 0, 0, 0, 0, 0, 0, 0, 0, 0, 0, 0, 0, 0, 0, 0, 0, 0, 0, 0, 0, 0, 0, 0, 0, 0, 0, 0, 0, 0, 0, 0, 0, 0, 0, 0, 0, 0, 0, 0, 0, 0, 0, 0, 0, 0, 0, 0, 0, 0, 0, 0, 0, 0, 0, 0, 0, 0, 0, 0, 0, 0, 0, 0, 0, 0, 0, 0, 0, 0, 0, 0, 0, 0, 0, 0, 0, 0, 0, 0, 0, 0, 0, 0, 0, 0, 0, 0, 0, 0, 0, 0, 0, 0, 0, 0, 0, 0, 0, 0, 0, 0, 0, 0, 0, 0, 0, 0, 0, 0, 1, 1, 1, 1, 1, 1, 1, 1, 1, 1, 1, 1, 1, 1, 1, 1, 1, 1, 1, 1, 1, 1, 1, 1, 1, 1, 1, 1, 1, 1, 1, 1, 1, 1, 1, 1, 1, 1, 1, 1, 1, 1, 1, 1, 1, 1, 1, 1, 1, 1, 1, 1, 1, 1, 1, 1, 1, 1, 1, 1, 1, 1, 1, 1, 1, 1, 1, 1, 1, 1, 1, 1, 1, 1, 1, 1, 1, 1, 1, 1, 1, 1, 1, 1, 1, 1, 1, 1, 1, 1, 1, 1, 1, 1, 1, 1, 1, 1, 1, 1, 1, 1, 1, 1, 1, 1, 1, 1, 1, 1, 1, 1, 1, 1, 1, 1, 1, 1, 1, 1, 1, 1, 1, 1, 1, 1, 1, 1, 1, 1, 1, 1, 1, 1, 1, 1, 1, 1, 1, 1, 1, 1, 1, 1, 1, 1, 1, 1, 1, 1, 1, 1, 1, 1, 1, 1, 1, 1, 1, 1, 1, 1, 1, 1, 1, 1, 1, 1, 1, 1, 1, 1, 1, 1, 1, 1, 1, 1, 1, 1, 1, 1, 1, 1, 1, 1, 1, 1, 1, 1, 1, 1, 1, 1, 1, 1, 1, 1, 1, 1, 1, 1, 1, 1, 1, 1, 1, 1, 1, 1, 1, 1, 1, 1, 1, 1, 1, 1, 1, 1, 1, 1, 1, 1, 1, 1, 1, 1, 1, 1, 1, 1, 1, 1, 1, 1, 1, 1, 1, 1, 1, 1, 1, 1, 1, 1, 1, 1, 1, 1, 1, 1, 1, 1, 1, 1, 1, 1, 1, 1, 1, 1, 1, 1, 1, 1, 1, 1, 1, 1, 1, 1, 1, 1, 1, 1, 1, 1, 1, 1, 1, 1, 1, 1, 1, 1, 1, 1, 1, 1, 1, 1, 1, 1, 1, 1, 1, 1, 1, 1, 1, 1, 1, 1, 1, 1, 1, 1, 1, 1, 1, 1, 1, 1, 1, 1, 1, 1, 1, 1, 1, 1, 1, 1, 1, 1, 1, 1, 1, 1, 1, 1, 1, 1, 1, 1, 1, 1, 1, 1, 1, 1, 1, 1, 1, 1, 1, 1, 1, 1, 1, 1, 1, 1, 1, 1, 1, 1, 1, 1, 1, 1, 1, 1, 1, 1, 1, 1, 1, 1, 1, 1, 1, 1, 1, 1, 1, 1, 1, 1, 1, 1, 1, 1, 1, 1, 1, 1, 1, 1, 1, 1, 1, 1, 1, 1, 1, 1, 1, 1, 1, 1, 1, 1, 1, 1, 1, 1, 1, 1, 1, 1, 1, 1, 1, 1, 1, 1, 1, 1, 1, 1, 1, 1, 1, 1, 1, 1, 1, 1, 1, 1, 1, 1, 1, 1, 1, 1, 1, 1, 1, 1, 1, 1, 1, 1, 1, 1, 1, 1, 1, 1, 1, 1, 1, 1, 1, 1, 1, 1, 1, 1, 1, 1, 1, 1, 1, 1, 1, 1, 1, 1, 1, 1, 1, 1, 1, 1, 1, 1, 1, 1, 1, 1, 1, 1, 1, 1, 1, 1, 1, 1, 1, 1, 1, 1, 1, 1, 1, 1, 1, 1, 1, 1, 1, 1, 1, 1, 1, 1, 1, 1, 1, 1, 1, 1, 1, 1, 1, 1, 1, 1, 1, 1, 1, 1, 1, 1, 1, 1, 1, 1, 1, 1, 1, 1, 1, 1, 1, 1, 1, 1, 1, 1, 1, 1, 1, 1, 1, 1, 1, 1, 1, 1, 1, 1, 1, 1, 1, 1, 1, 1, 1, 1, 1, 1, 1, 1, 1, 1, 1, 1, 1, 1, 1, 1, 1, 1, 1, 1, 1, 1, 1, 1, 1, 1, 1, 1, 1, 1, 1, 1, 1, 1, 1, 1, 1, 1, 1, 1, 1, 1, 1, 1, 1, 1, 1, 1, 1, 1, 1, 1, 1, 1, 1, 1, 1, 1, 1, 1, 1, 1, 1, 1, 1, 1, 1, 1, 1, 1, 1, 1, 1, 1, 1, 1, 1, 1, 1, 1, 1, 1, 1, 1, 1, 1, 1, 1, 1, 1, 1, 1, 1, 1, 1, 1, 1, 1, 1, 1, 1, 1, 1, 1, 1, 1, 1, 1, 1, 1, 1, 1, 1, 1, 1, 1, 1, 1, 1, 1, 1, 1, 1, 1, 1, 1, 1, 1, 1, 1, 1, 1, 1, 1, 1, 1, 1, 1, 1, 1, 1, 1, 1, 1, 1, 1, 1, 1, 1, 1, 1, 1, 1, 1, 1, 1, 1, 1, 1, 1, 1, 1, 1, 1, 1, 1, 1, 1, 1, 1, 1, 1, 1, 1, 1, 1, 1, 1, 1, 1, 1, 1, 1, 1, 1, 1, 1, 1, 1, 1, 1, 1, 1, 1, 1, 1, 1, 1, 1, 1, 1, 1, 1, 1, 1, 1, 1, 1, 1, 1, 1, 1, 1, 1, 1, 1, 1, 1, 1, 1, 1, 1, 1, 1, 1, 1, 1, 1, 1, 1, 1, 1, 1, 1, 1, 1, 1, 1, 1, 1, 1, 1, 1, 1, 1, 1, 1, 1, 1, 1, 1, 1, 1, 1, 1, 1, 1, 1, 1, 1, 1, 1, 1, 1, 1, 1, 1, 1, 1, 1, 1, 1, 1, 1, 1, 1, 1, 1, 1, 1, 1, 1, 1, 1, 1, 1, 1, 1, 1, 1, 1, 1, 1, 1, 1, 1, 1, 1, 1, 1, 1, 1, 1, 1, 1, 1, 1, 1, 1, 1, 1, 1, 1, 1, 1, 1, 1, 1, 1, 1, 1, 1, 1, 1, 1, 1, 1, 1, 1, 1, 1, 1, 1, 1, 1, 1, 1, 1, 1, 1, 1, 1, 1, 1, 1, 1, 1, 1, 1, 1, 1, 1, 1, 1, 1, 1, 1, 1, 1, 1, 1, 1, 1, 1, 1, 1, 1, 1, 1, 1, 1, 1, 1, 1, 1, 1, 1, 1, 1, 1, 1, 1, 1, 1, 1, 1, 1, 1, 1, 1, 1, 1, 1, 1, 1, 1, 1, 1, 1, 1, 1, 1, 1, 1, 1, 1, 1, 1, 1, 1, 1, 1, 1, 1, 1, 1, 1, 1, 1, 1, 1, 1, 1, 1, 1, 1, 1, 1, 1, 1, 1, 1, 1, 1, 1, 1, 1, 1]

y_pred=[1.0, 1.0, 1.0, 0.0, 1.0, 0.0, 0.0, 1.0, 1.0, 0.0, 0.0, 1.0, 0.0, 0.0, 0.0, 0.0, 1.0, 1.0, 0.0, 1.0, 0.0, 1.0, 0.0, 1.0, 1.0, 0.0, 0.0, 1.0, 1.0, 1.0, 0.0, 0.0, 0.0, 0.0, 1.0, 1.0, 1.0, 0.0, 0.0, 0.0, 0.0, 0.0, 0.0, 1.0, 0.0, 1.0, 0.0, 1.0, 0.0, 1.0, 1.0, 0.0, 0.0, 1.0, 1.0, 0.0, 0.0, 0.0, 1.0, 0.0, 0.0, 0.0, 1.0, 0.0, 1.0, 0.0, 1.0, 1.0, 1.0, 1.0, 1.0, 1.0, 0.0, 1.0, 1.0, 1.0, 0.0, 1.0, 0.0, 0.0, 0.0, 1.0, 1.0, 0.0, 0.0, 1.0, 0.0, 1.0, 0.0, 0.0, 1.0, 0.0, 1.0, 1.0, 1.0, 0.0, 0.0, 1.0, 0.0, 0.0, 1.0, 0.0, 1.0, 1.0, 0.0, 1.0, 0.0, 0.0, 1.0, 0.0, 1.0, 0.0, 0.0, 1.0, 1.0, 0.0, 0.0, 1.0, 0.0, 0.0, 0.0, 1.0, 1.0, 0.0, 0.0, 1.0, 0.0, 0.0, 1.0, 1.0, 1.0, 0.0, 0.0, 0.0, 0.0, 0.0, 1.0, 0.0, 1.0, 1.0, 0.0, 0.0, 0.0, 0.0, 0.0, 1.0, 0.0, 0.0, 0.0, 1.0, 1.0, 1.0, 0.0, 0.0, 1.0, 1.0, 1.0, 1.0, 0.0, 1.0, 0.0, 1.0, 1.0, 1.0, 1.0, 0.0, 0.0, 1.0, 1.0, 1.0, 1.0, 1.0, 1.0, 0.0, 0.0, 1.0, 0.0, 0.0, 0.0, 0.0, 1.0, 0.0, 0.0, 0.0, 1.0, 0.0, 1.0, 0.0, 1.0, 1.0, 0.0, 0.0, 1.0, 0.0, 0.0, 1.0, 0.0, 0.0, 0.0, 1.0, 0.0, 0.0, 0.0, 1.0, 1.0, 0.0, 1.0, 0.0, 1.0, 1.0, 1.0, 1.0, 1.0, 1.0, 0.0, 0.0, 0.0, 0.0, 0.0, 1.0, 0.0, 0.0, 0.0, 0.0, 0.0, 0.0, 0.0, 1.0, 0.0, 0.0, 0.0, 0.0, 1.0, 0.0, 0.0, 0.0, 1.0, 0.0, 0.0, 1.0, 0.0, 0.0, 0.0, 0.0, 0.0, 0.0, 0.0, 0.0, 0.0, 0.0, 0.0, 1.0, 1.0, 1.0, 0.0, 1.0, 1.0, 0.0, 0.0, 1.0, 1.0, 0.0, 0.0, 1.0, 1.0, 0.0, 0.0, 1.0, 1.0, 1.0, 0.0, 0.0, 1.0, 0.0, 1.0, 0.0, 1.0, 1.0, 0.0, 0.0, 0.0, 1.0, 0.0, 0.0, 1.0, 1.0, 0.0, 1.0, 0.0, 0.0, 1.0, 0.0, 0.0, 1.0, 1.0, 0.0, 1.0, 0.0, 1.0, 1.0, 1.0, 0.0, 0.0, 0.0, 1.0, 0.0, 0.0, 0.0, 1.0, 0.0, 1.0, 0.0, 1.0, 1.0, 1.0, 1.0, 0.0, 0.0, 0.0, 0.0, 1.0, 0.0, 1.0, 1.0, 1.0, 1.0, 0.0, 1.0, 0.0, 0.0, 1.0, 0.0, 0.0, 0.0, 0.0, 0.0, 0.0, 0.0, 0.0, 0.0, 1.0, 1.0, 1.0, 0.0, 0.0, 1.0, 1.0, 0.0, 1.0, 0.0, 1.0, 0.0, 1.0, 0.0, 0.0, 1.0, 0.0, 1.0, 1.0, 1.0, 0.0, 1.0, 0.0, 0.0, 1.0, 0.0, 1.0, 0.0, 1.0, 1.0, 1.0, 0.0, 0.0, 1.0, 0.0, 1.0, 0.0, 1.0, 0.0, 1.0, 0.0, 1.0, 0.0, 0.0, 1.0, 0.0, 1.0, 0.0, 0.0, 0.0, 1.0, 0.0, 0.0, 1.0, 1.0, 0.0, 1.0, 0.0, 1.0, 1.0, 0.0, 1.0, 0.0, 0.0, 1.0, 1.0, 0.0, 0.0, 0.0, 1.0, 1.0, 1.0, 1.0, 0.0, 1.0, 1.0, 0.0, 0.0, 0.0, 1.0, 0.0, 1.0, 0.0, 1.0, 0.0, 0.0, 0.0, 1.0, 1.0, 1.0, 0.0, 1.0, 0.0, 1.0, 0.0, 0.0, 0.0, 1.0, 1.0, 0.0, 1.0, 1.0, 1.0, 0.0, 0.0, 0.0, 1.0, 1.0, 1.0, 0.0, 1.0, 1.0, 0.0, 1.0, 1.0, 0.0, 0.0, 0.0, 0.0, 1.0, 1.0, 0.0, 1.0, 0.0, 1.0, 0.0, 0.0, 0.0, 0.0, 1.0, 0.0, 0.0, 1.0, 0.0, 0.0, 1.0, 0.0, 1.0, 0.0, 1.0, 0.0, 1.0, 0.0, 1.0, 1.0, 0.0, 0.0, 1.0, 0.0, 1.0, 0.0, 1.0, 1.0, 1.0, 1.0, 0.0, 1.0, 1.0, 1.0, 0.0, 0.0, 1.0, 1.0, 1.0, 1.0, 0.0, 1.0, 0.0, 0.0, 1.0, 0.0, 0.0, 0.0, 0.0, 1.0, 0.0, 1.0, 1.0, 1.0, 0.0, 1.0, 0.0, 1.0, 0.0, 0.0, 0.0, 0.0, 0.0, 0.0, 0.0, 1.0, 1.0, 0.0, 0.0, 0.0, 1.0, 0.0, 0.0, 1.0, 1.0, 0.0, 0.0, 1.0, 0.0, 1.0, 1.0, 0.0, 0.0, 0.0, 1.0, 1.0, 0.0, 0.0, 0.0, 1.0, 0.0, 1.0, 1.0, 1.0, 1.0, 0.0, 0.0, 1.0, 1.0, 0.0, 1.0, 1.0, 0.0, 0.0, 0.0, 0.0, 0.0, 0.0, 1.0, 0.0, 0.0, 0.0, 1.0, 1.0, 1.0, 0.0, 1.0, 0.0, 1.0, 0.0, 1.0, 1.0, 0.0, 1.0, 1.0, 1.0, 1.0, 1.0, 0.0, 0.0, 0.0, 0.0, 1.0, 1.0, 0.0, 1.0, 0.0, 0.0, 0.0, 1.0, 0.0, 1.0, 0.0, 1.0, 1.0, 1.0, 0.0, 1.0, 1.0, 0.0, 0.0, 1.0, 0.0, 1.0, 1.0, 0.0, 0.0, 1.0, 0.0, 1.0, 0.0, 0.0, 0.0, 0.0, 1.0, 0.0, 0.0, 1.0, 0.0, 0.0, 0.0, 1.0, 1.0, 0.0, 0.0, 0.0, 0.0, 0.0, 0.0, 1.0, 1.0, 1.0, 0.0, 1.0, 0.0, 0.0, 0.0, 1.0, 0.0, 0.0, 0.0, 0.0, 0.0, 0.0, 0.0, 1.0, 0.0, 0.0, 1.0, 1.0, 1.0, 0.0, 0.0, 0.0, 0.0, 0.0, 1.0, 1.0, 0.0, 0.0, 1.0, 0.0, 1.0, 1.0, 0.0, 1.0, 0.0, 1.0, 1.0, 1.0, 0.0, 1.0, 0.0, 1.0, 1.0, 0.0, 0.0, 1.0, 1.0, 1.0, 1.0, 1.0, 1.0, 0.0, 0.0, 1.0, 0.0, 1.0, 0.0, 0.0, 1.0, 1.0, 0.0, 0.0, 1.0, 1.0, 1.0, 1.0, 0.0, 0.0, 1.0, 1.0, 1.0, 0.0, 1.0, 0.0, 0.0, 1.0, 0.0, 0.0, 0.0, 0.0, 1.0, 0.0, 0.0, 1.0, 1.0, 0.0, 0.0, 1.0, 1.0, 1.0, 0.0, 1.0, 0.0, 1.0, 1.0, 0.0, 1.0, 0.0, 1.0, 1.0, 1.0, 0.0, 1.0, 0.0, 1.0, 1.0, 0.0, 0.0, 1.0, 0.0, 0.0, 1.0, 1.0, 1.0, 0.0, 0.0, 1.0, 0.0, 0.0, 0.0, 1.0, 0.0, 0.0, 0.0, 0.0, 1.0, 0.0, 1.0, 0.0, 1.0, 0.0, 0.0, 0.0, 0.0, 1.0, 0.0, 0.0, 1.0, 0.0, 1.0, 1.0, 1.0, 0.0, 1.0, 0.0, 0.0, 0.0, 1.0, 1.0, 0.0, 1.0, 0.0, 0.0, 0.0, 1.0, 1.0, 0.0, 0.0, 1.0, 0.0, 1.0, 1.0, 0.0, 0.0, 1.0, 0.0, 0.0, 0.0, 1.0, 0.0, 1.0, 0.0, 1.0, 0.0, 0.0, 1.0, 0.0, 0.0, 1.0, 0.0, 0.0, 0.0, 1.0, 1.0, 1.0, 1.0, 0.0, 0.0, 1.0, 1.0, 0.0, 1.0, 0.0, 0.0, 1.0, 0.0, 0.0, 1.0, 0.0, 0.0, 1.0, 0.0, 0.0, 0.0, 0.0, 0.0, 1.0, 0.0, 0.0, 0.0, 0.0, 1.0, 1.0, 1.0, 1.0, 1.0, 0.0, 0.0, 0.0, 0.0, 1.0, 0.0, 0.0, 1.0, 0.0, 1.0, 0.0, 0.0, 0.0, 1.0, 1.0, 1.0, 1.0, 0.0, 1.0, 1.0, 1.0, 1.0, 0.0, 0.0, 1.0, 0.0, 1.0, 1.0, 1.0, 0.0, 1.0, 1.0, 0.0, 0.0, 1.0, 1.0, 0.0, 0.0, 0.0, 0.0, 1.0, 1.0, 0.0, 1.0, 1.0, 0.0, 0.0, 0.0, 1.0, 1.0, 1.0, 1.0, 1.0, 1.0, 1.0, 1.0, 1.0, 1.0, 1.0, 0.0, 1.0, 0.0, 1.0, 1.0, 1.0, 0.0, 0.0, 1.0, 0.0, 1.0, 0.0, 0.0, 0.0, 1.0, 1.0, 0.0, 1.0, 0.0, 1.0, 1.0, 1.0, 1.0, 1.0, 0.0, 1.0, 0.0, 1.0, 1.0, 1.0, 1.0, 1.0, 1.0, 1.0, 1.0, 0.0, 1.0, 1.0, 0.0, 0.0, 1.0, 1.0, 0.0, 0.0, 1.0, 0.0, 0.0, 0.0, 1.0, 0.0, 1.0, 0.0, 0.0, 0.0, 1.0, 1.0, 1.0, 1.0, 1.0, 1.0, 0.0, 1.0, 1.0, 1.0, 1.0, 1.0, 1.0, 1.0, 1.0, 0.0, 0.0, 0.0, 0.0, 1.0, 1.0, 1.0, 0.0, 1.0, 1.0, 0.0, 0.0, 0.0, 0.0, 0.0, 0.0, 1.0, 0.0, 0.0, 0.0, 0.0, 1.0, 1.0, 0.0, 0.0, 0.0, 1.0, 0.0, 0.0, 1.0, 0.0, 0.0, 1.0, 1.0, 0.0, 0.0, 1.0, 1.0, 0.0, 1.0, 0.0, 0.0, 0.0, 0.0, 0.0, 1.0, 0.0, 1.0, 0.0, 1.0, 0.0, 0.0, 0.0, 1.0, 1.0, 0.0, 0.0, 0.0, 1.0, 1.0, 0.0, 0.0, 1.0, 0.0, 0.0, 0.0, 0.0, 1.0, 1.0, 1.0, 0.0, 0.0, 1.0, 1.0, 1.0, 0.0, 1.0, 0.0, 0.0, 0.0, 0.0, 0.0, 1.0, 0.0, 0.0, 1.0, 1.0, 1.0, 1.0, 1.0, 1.0, 0.0, 1.0, 1.0, 0.0, 0.0, 0.0, 0.0, 0.0, 1.0, 0.0, 0.0, 0.0, 1.0, 1.0, 1.0, 1.0, 1.0, 1.0, 1.0, 0.0, 0.0, 1.0, 1.0, 0.0, 0.0, 0.0, 0.0, 1.0, 1.0, 0.0, 0.0, 1.0, 0.0, 1.0, 0.0, 1.0, 0.0, 1.0, 1.0, 1.0, 0.0, 1.0, 0.0, 0.0, 1.0, 1.0, 1.0, 0.0, 1.0, 1.0, 1.0, 0.0, 1.0, 1.0, 1.0, 0.0, 0.0, 1.0, 0.0, 0.0, 1.0, 1.0, 0.0, 0.0, 0.0, 1.0, 0.0, 1.0, 1.0, 1.0, 0.0, 1.0, 1.0, 0.0, 1.0, 0.0, 0.0, 1.0, 1.0, 1.0, 0.0, 1.0, 1.0, 0.0, 0.0, 1.0, 1.0, 0.0, 1.0, 1.0, 0.0, 0.0, 1.0, 1.0, 0.0, 0.0, 0.0, 1.0, 0.0, 1.0, 0.0, 0.0, 0.0, 1.0, 0.0, 1.0, 1.0, 0.0, 0.0, 0.0, 1.0, 0.0, 0.0, 1.0, 1.0, 0.0, 0.0, 0.0, 1.0, 0.0, 1.0, 1.0, 0.0, 1.0, 1.0, 0.0, 1.0, 1.0, 1.0, 1.0, 1.0, 1.0, 1.0, 0.0, 0.0, 1.0, 0.0, 0.0, 1.0, 0.0, 0.0, 0.0, 0.0, 0.0, 1.0, 1.0, 0.0, 1.0, 0.0, 1.0, 0.0, 0.0, 1.0, 1.0, 0.0, 0.0, 1.0, 1.0, 0.0, 0.0, 1.0, 1.0, 1.0, 1.0, 1.0, 1.0, 0.0, 1.0, 1.0, 1.0, 1.0, 1.0, 0.0, 1.0, 1.0, 0.0, 1.0, 1.0, 1.0, 0.0, 0.0, 1.0, 0.0, 0.0, 0.0, 0.0, 0.0, 1.0, 0.0, 1.0, 1.0, 1.0, 1.0, 0.0, 1.0, 0.0, 0.0, 0.0, 1.0, 1.0, 0.0, 0.0, 1.0, 1.0, 1.0, 0.0, 1.0, 1.0, 0.0, 1.0, 0.0, 1.0, 1.0, 1.0, 1.0, 0.0, 1.0, 0.0, 1.0, 1.0, 0.0, 0.0, 0.0, 0.0, 0.0, 1.0, 1.0, 1.0, 1.0, 1.0, 0.0, 0.0, 1.0, 1.0, 0.0, 1.0, 1.0, 1.0, 0.0, 0.0, 1.0, 1.0, 1.0, 1.0, 1.0, 1.0, 0.0, 1.0, 1.0, 1.0, 0.0, 1.0, 0.0, 0.0, 1.0, 0.0, 1.0, 1.0, 1.0, 0.0, 0.0, 0.0, 1.0, 0.0, 1.0, 0.0, 0.0, 1.0, 0.0, 0.0, 1.0, 1.0, 0.0, 1.0, 0.0, 0.0, 1.0, 0.0, 1.0, 1.0, 1.0, 1.0, 0.0, 1.0, 0.0, 1.0, 0.0, 0.0, 0.0, 1.0, 0.0, 1.0, 1.0, 1.0, 1.0, 0.0, 0.0, 0.0, 1.0, 1.0, 0.0, 0.0, 1.0, 0.0, 1.0, 1.0, 1.0, 1.0, 1.0, 0.0, 0.0, 1.0, 1.0, 0.0, 0.0, 1.0, 1.0, 0.0, 0.0, 0.0, 1.0, 0.0, 0.0, 0.0, 0.0, 1.0, 0.0, 0.0, 1.0, 1.0, 0.0, 0.0, 1.0, 1.0, 1.0, 0.0, 0.0, 0.0, 0.0, 1.0, 1.0, 0.0, 0.0, 0.0, 0.0, 0.0, 0.0, 0.0, 0.0, 0.0, 0.0, 0.0, 1.0, 1.0, 0.0, 0.0, 0.0, 1.0, 0.0, 1.0, 0.0, 1.0, 0.0, 1.0, 0.0, 0.0, 0.0, 0.0, 0.0, 0.0, 0.0, 0.0, 0.0, 0.0, 0.0, 1.0, 0.0, 0.0, 1.0, 1.0, 0.0, 0.0, 0.0, 1.0, 0.0, 0.0, 0.0, 1.0, 1.0, 1.0, 0.0, 1.0, 0.0, 0.0, 0.0, 0.0, 1.0, 0.0, 1.0, 0.0, 1.0, 0.0, 0.0, 1.0, 0.0, 1.0, 1.0, 0.0, 1.0, 0.0, 0.0, 1.0, 1.0, 0.0, 0.0, 1.0, 1.0, 1.0, 1.0, 0.0, 1.0, 0.0, 1.0, 0.0, 0.0, 1.0, 1.0, 1.0, 1.0, 0.0, 1.0, 1.0, 0.0, 1.0, 0.0, 1.0, 0.0, 0.0, 0.0, 1.0, 0.0, 0.0, 0.0, 0.0, 1.0, 1.0, 0.0, 0.0, 0.0, 0.0, 1.0, 1.0, 0.0, 1.0, 0.0, 1.0, 1.0, 1.0, 1.0, 0.0, 0.0, 1.0, 0.0, 1.0, 0.0, 0.0, 1.0, 1.0, 1.0, 0.0, 1.0, 0.0, 1.0, 1.0, 0.0, 1.0, 1.0, 1.0, 1.0, 0.0, 1.0, 1.0, 1.0, 0.0, 0.0, 0.0, 1.0, 1.0, 1.0, 1.0, 1.0, 0.0, 0.0, 0.0, 0.0, 1.0, 1.0, 1.0, 1.0, 1.0, 0.0, 1.0, 1.0, 0.0, 0.0, 1.0, 0.0, 1.0, 0.0, 1.0, 1.0, 0.0, 0.0, 0.0, 0.0, 1.0, 1.0, 1.0, 1.0, 1.0, 1.0, 0.0, 0.0, 0.0, 1.0, 1.0, 1.0, 1.0, 0.0, 1.0, 0.0, 1.0, 0.0, 0.0, 0.0, 1.0, 0.0, 0.0, 0.0, 1.0, 0.0, 1.0, 1.0, 1.0, 1.0, 0.0, 1.0, 0.0, 0.0, 0.0, 1.0, 0.0, 0.0, 1.0, 0.0, 0.0, 1.0, 0.0, 0.0, 0.0, 1.0, 1.0, 1.0, 1.0, 1.0, 0.0, 1.0, 0.0, 1.0, 1.0, 0.0, 1.0, 1.0, 1.0, 0.0, 1.0, 1.0, 1.0, 1.0, 0.0, 1.0, 0.0, 0.0, 1.0, 0.0, 1.0, 1.0, 0.0, 1.0, 0.0, 1.0, 0.0, 1.0, 0.0, 0.0, 0.0, 0.0, 1.0, 1.0, 0.0, 0.0, 0.0, 0.0, 1.0, 0.0, 1.0, 1.0, 1.0, 1.0, 1.0, 1.0, 1.0, 0.0, 1.0, 1.0, 1.0, 1.0, 1.0, 1.0, 0.0, 0.0, 1.0, 1.0, 1.0, 0.0, 0.0, 0.0, 0.0, 0.0, 0.0, 0.0, 1.0, 0.0, 0.0, 1.0, 1.0, 0.0, 1.0, 1.0, 0.0, 1.0, 0.0, 0.0, 1.0, 1.0, 1.0, 1.0, 1.0, 1.0, 1.0, 0.0, 1.0, 1.0, 1.0, 1.0, 1.0, 1.0, 1.0, 1.0, 1.0, 0.0, 1.0, 1.0, 0.0, 0.0, 0.0, 1.0, 1.0, 1.0, 1.0, 0.0, 0.0, 0.0, 0.0, 1.0, 1.0, 1.0, 1.0, 0.0, 1.0, 1.0, 1.0, 1.0, 1.0, 0.0, 1.0, 1.0, 0.0, 1.0, 0.0, 1.0, 0.0, 0.0, 0.0, 0.0, 0.0, 1.0, 0.0, 1.0, 0.0, 1.0, 0.0, 0.0, 1.0, 1.0, 1.0, 0.0, 1.0, 1.0, 0.0, 1.0, 0.0, 0.0, 1.0, 1.0, 0.0, 0.0, 1.0, 1.0, 1.0, 0.0, 1.0, 1.0, 1.0, 0.0, 0.0, 1.0, 0.0, 0.0, 0.0, 1.0, 0.0, 0.0, 1.0, 0.0, 0.0, 0.0, 1.0, 0.0, 1.0, 1.0, 1.0, 0.0, 0.0, 1.0, 0.0, 1.0, 1.0, 0.0, 1.0, 0.0, 0.0, 0.0, 0.0, 0.0, 0.0, 0.0, 1.0, 1.0, 1.0, 0.0, 0.0, 1.0, 0.0, 0.0, 1.0, 0.0, 1.0, 0.0, 0.0, 0.0, 0.0, 0.0, 1.0, 1.0, 1.0, 0.0, 1.0, 0.0, 1.0, 1.0, 1.0, 0.0, 1.0, 1.0, 0.0, 1.0, 0.0, 1.0, 1.0, 0.0, 0.0, 0.0, 1.0, 0.0, 0.0, 1.0, 1.0, 1.0, 1.0, 1.0, 1.0, 0.0, 0.0, 0.0, 1.0, 1.0, 0.0, 1.0, 1.0, 1.0, 1.0, 0.0, 1.0, 0.0, 1.0, 0.0, 1.0, 1.0, 0.0, 1.0, 0.0, 1.0, 0.0, 1.0, 0.0, 1.0, 1.0, 1.0, 1.0, 0.0, 0.0, 1.0, 1.0, 1.0, 0.0, 0.0, 0.0, 0.0, 1.0, 0.0, 0.0, 0.0, 0.0, 0.0, 0.0, 1.0, 0.0, 1.0, 0.0, 1.0, 0.0, 0.0, 1.0, 1.0, 1.0, 1.0, 0.0, 0.0, 1.0, 0.0, 1.0, 0.0, 1.0, 1.0, 1.0, 1.0, 1.0, 0.0, 1.0, 0.0, 1.0, 1.0, 0.0, 1.0, 1.0, 1.0, 1.0, 1.0, 1.0, 1.0, 1.0, 1.0, 1.0, 0.0, 0.0, 1.0, 0.0, 0.0, 0.0, 1.0, 1.0, 0.0, 1.0, 0.0, 0.0, 0.0, 1.0, 1.0, 0.0, 0.0, 1.0, 1.0, 0.0, 1.0, 0.0, 0.0, 0.0, 0.0, 0.0, 1.0, 1.0, 1.0, 1.0, 1.0, 0.0, 1.0, 1.0, 0.0, 0.0, 0.0, 0.0, 1.0, 0.0, 1.0, 1.0, 0.0, 1.0, 1.0, 0.0, 1.0, 1.0, 0.0, 1.0, 1.0, 0.0, 0.0, 1.0, 1.0, 1.0, 1.0, 1.0, 1.0, 1.0, 0.0, 1.0, 1.0, 0.0, 0.0, 0.0, 1.0, 0.0, 1.0, 0.0, 1.0, 1.0, 0.0, 1.0, 1.0, 1.0, 0.0, 0.0, 1.0, 1.0, 0.0, 0.0, 0.0, 0.0, 1.0, 1.0, 0.0, 0.0, 1.0, 0.0, 1.0, 1.0, 1.0, 0.0, 1.0, 0.0, 1.0, 0.0, 1.0, 1.0, 0.0, 0.0, 1.0, 1.0, 1.0, 0.0, 1.0, 0.0, 1.0, 1.0, 0.0, 0.0, 1.0, 1.0, 0.0, 0.0, 0.0, 1.0, 0.0, 1.0, 0.0, 0.0, 0.0, 1.0, 1.0, 0.0, 1.0, 1.0, 1.0, 1.0, 0.0, 0.0, 0.0, 1.0, 1.0, 0.0, 0.0, 0.0, 0.0, 0.0, 0.0, 1.0, 1.0, 0.0, 0.0, 1.0, 0.0, 1.0, 1.0, 1.0, 0.0, 1.0, 1.0, 1.0, 0.0, 0.0, 0.0, 1.0, 0.0, 1.0, 0.0, 1.0, 1.0, 1.0, 0.0, 0.0, 1.0, 1.0, 0.0, 0.0, 1.0, 0.0, 1.0, 0.0, 1.0, 0.0, 0.0, 0.0, 0.0, 1.0, 1.0, 1.0, 1.0, 1.0, 1.0, 0.0, 1.0, 1.0, 1.0, 1.0, 1.0, 0.0, 0.0, 0.0, 0.0, 0.0, 1.0, 0.0, 0.0, 0.0, 1.0, 1.0, 0.0, 1.0, 1.0, 0.0, 1.0, 1.0, 0.0, 1.0, 1.0, 1.0, 0.0, 0.0, 1.0, 1.0, 0.0, 0.0, 0.0, 1.0, 1.0, 1.0, 1.0, 0.0, 0.0, 0.0, 1.0, 1.0, 0.0, 0.0, 1.0, 1.0, 0.0, 1.0, 1.0, 1.0, 0.0, 0.0, 1.0, 0.0, 1.0, 1.0, 0.0, 0.0, 0.0, 1.0, 1.0, 0.0, 0.0, 1.0, 0.0, 1.0, 1.0, 0.0, 1.0, 0.0, 1.0, 1.0, 0.0, 0.0, 0.0, 1.0, 1.0, 0.0, 0.0, 1.0, 0.0, 1.0, 0.0, 0.0, 1.0, 0.0, 1.0, 0.0, 0.0, 1.0, 0.0, 0.0, 0.0, 1.0, 1.0, 1.0, 0.0, 0.0, 0.0, 0.0, 0.0, 1.0, 0.0, 1.0, 0.0, 1.0, 0.0, 0.0, 1.0, 0.0, 1.0, 1.0, 1.0, 1.0, 1.0, 0.0, 0.0, 0.0, 1.0, 0.0, 0.0, 0.0, 0.0, 0.0, 0.0, 1.0, 1.0, 1.0, 1.0, 0.0, 1.0, 0.0, 0.0, 1.0, 0.0, 1.0, 0.0, 1.0, 1.0, 1.0, 1.0, 0.0, 1.0, 1.0, 1.0, 0.0, 1.0, 0.0, 1.0, 0.0, 1.0, 0.0, 1.0, 0.0, 1.0, 1.0, 0.0, 1.0, 0.0, 1.0, 1.0, 1.0, 0.0, 0.0, 0.0, 0.0, 1.0, 0.0, 0.0, 0.0, 0.0, 0.0, 0.0, 0.0, 1.0, 0.0, 0.0, 1.0, 1.0, 1.0, 0.0, 1.0, 0.0, 0.0, 1.0, 1.0, 1.0, 0.0, 0.0, 0.0, 1.0, 0.0, 1.0, 1.0, 0.0, 1.0, 0.0, 0.0, 1.0, 0.0, 0.0, 1.0, 1.0, 1.0, 1.0, 1.0, 0.0]
\score={0: [0.13430172950029373, 0.1340412882467111, 0.13402885624340602, 0.1338568702340126, 0.13391597867012023, 0.13337198006255285, 0.1337062129203011, 0.13490153307264502, 0.13386545134218117, 0.13375016301870346, 0.13366840992655074, 0.13401799695566297, 0.13340387019244107, 0.13369302302598954, 0.1338511420921846, 0.13360377848148347, 0.13418539706617594, 0.13420685566961765, 0.13354260948571292, 0.13447792008519172, 0.13371273626883826, 0.13392670055230457, 0.1334826849077059, 0.13455489171402796, 0.1339958315094312, 0.1337111427315644, 0.1331601247191429, 0.13457978169123333, 0.13390091061592102, 0.1340509710403589, 0.13373649196747023, 0.1330776157287451, 0.13353097864559718, 0.13358334600925445, 0.13387369790247508, 0.1340356073949648, 0.13399960895379384, 0.13336286232584998, 0.1334948786534369, 0.13360175573163563, 0.13330250854293504, 0.13363191047135523, 0.13372611006100973, 0.13388052323590155, 0.13375210662682852, 0.13392968674500783, 0.13333770136038461, 0.1338717901990527, 0.13344209790229797, 0.1339497895617234, 0.1342471501766107, 0.1338174885937146, 0.1329725222154097, 0.134418076939053, 0.13412842713296413, 0.13299007325068765, 0.13353794919592993, 0.1338591112030877, 0.13458335995674134, 0.1332790143787861, 0.1337945219129324, 0.13357561518406047, 0.1339084580540657, 0.1330470249056816, 0.13421197273792365, 0.13352448865771294, 0.13393190791529994, 0.13475744177897772, 0.13405133336782454, 0.13441243903203445, 0.13405710458755493, 0.13433230954867142, 0.13374146736330456, 0.13390412429968515, 0.1342124982099784, 0.1340727566769629, 0.1333156277736028, 0.134298414868467, 0.1336376734755256, 0.13324034891345285, 0.13367667523297397, 0.13400106959872776, 0.13402672374949737, 0.13369671031832694, 0.1335287438384418, 0.1339409500360489, 0.13378243148326874, 0.13451550304889678, 0.13373379093227963, 0.1336396314203739, 0.13388852328062056, 0.13335387137803165, 0.13387187073628107, 0.13430817425251007, 0.13396580825591908, 0.13381095426647285, 0.13347664806577894, 0.13416529819369316, 0.1332879430717892, 0.13294888138771058, 0.13415197337546, 0.1338456096617799, 0.1340758115053177, 0.13417599350214005, 0.1335271131247282, 0.13438197095756946, 0.1336796098947525, 0.13372062321971445, 0.13396921753883362, 0.1333107143640518, 0.1339571326971054, 0.13373538328183665, 0.13341343809257855, 0.13399155908509305, 0.13415165818654573, 0.13355730846524239, 0.1338487391670545, 0.13396531769207545, 0.1331905952908776, 0.13324976769777444, 0.13386218888419016, 0.13406383991241455, 0.1343402635110052, 0.13381893305402054, 0.13385370533381188, 0.13406990828185245, 0.13350069682512963, 0.13372883349657058, 0.13428890626681478, 0.13433246314525604, 0.13466730243281314, 0.13348195666358584, 0.13347821213580943, 0.13335714760151776, 0.13377208759387335, 0.13377804665461832, 0.1340218439246669, 0.13354951855929, 0.13392264619469643, 0.13390295686466352, 0.13346675485372544, 0.13364610075950623, 0.13357877888177572, 0.13382678817618976, 0.13375879021791312, 0.13433867267199925, 0.13374709375202656, 0.13335216722705148, 0.1335298947312615, 0.1339125277904364, 0.13428178216729844, 0.1339141779086169, 0.13368938714265824, 0.13370406660768722, 0.1346021036307017, 0.1346780719856421, 0.1344275176525116, 0.1339417194778269, 0.1338367351192109, 0.13420434420307478, 0.13340728481610617, 0.13422864954918623, 0.13440040449301402, 0.13399773836135864, 0.13390299110185533, 0.13369651014606157, 0.13361281901597977, 0.13424657858335054, 0.1341879927906497, 0.1342576907740699, 0.13406257033348085, 0.13397063145583327, 0.13430291295051575, 0.13369484576914045, 0.13361832996209463, 0.13396577800021453, 0.13366456465287643, 0.13307807797735388, 0.1331252141131295, 0.13371417833411176, 0.1343230923016866, 0.1333301677936461, 0.13361125356621212, 0.13365801725838636, 0.13397504687309264, 0.13346627678560175, 0.1343643899474825, 0.13377517089247704, 0.13405132293701172, 0.13393205810676923, 0.13374800195819453, 0.13379187788814306, 0.13455246503536517, 0.13325890260083334, 0.13312708139419555, 0.13415814624276273, 0.1332207954592175, 0.13365323195854822, 0.13365820185704666, 0.13398787485701696, 0.13355165626853704, 0.13372905416922135, 0.13298004014151438, 0.1342142170125788, 0.13427604964146247, 0.13323509444793066, 0.13432699761220387, 0.13334210344723293, 0.13392994684331558, 0.1341061523805062, 0.13413109350949526, 0.13405099870829745, 0.13453442007303237, 0.13392598628997804, 0.1335929253926644, 0.1335341066122055, 0.13344201842943829, 0.1337651956294264, 0.13292338450749716, 0.13425611120623512, 0.1338120871120029, 0.13295856366554895, 0.13360879361629485, 0.13358513062650507, 0.13385867327451706, 0.13375859272976717, 0.13374561816453934, 0.13396791815757753, 0.13377544283866882, 0.13342899198715502, 0.13350198368231456, 0.13380305010538834, 0.13399474819501242, 0.13341307377114014, 0.13356404105822245, 0.1332030502649454, 0.13397112970843034, 0.13333115975062051, 0.1325751461765983, 0.13481588959693908, 0.13329231118162474, 0.1338572691787373, 0.13288690691644495, 0.13311365693807603, 0.1337841858466466, 0.13368403860207262, 0.13347481489181517, 0.13382934472140143, 0.13377148278479306, 0.13366295562850106, 0.13366026182969412, 0.1338796748055352, 0.13404274079948664, 0.13396318798715418, 0.1334613843096627, 0.13388206188877425, 0.13432859856149423, 0.1334479625026385, 0.13371950487295786, 0.134229171179956, 0.1341652274131775, 0.13376623235250773, 0.13383387994986992, 0.13465353575619785, 0.1344470368190245, 0.1335028423504396, 0.1331951899660958, 0.1341254860162735, 0.1339197395478978, 0.13391719372184188, 0.1335681714117527, 0.1331995444165336, 0.134138535708189, 0.13365282353601957, 0.1344734782522375, 0.13344582791129747, 0.1339656767391023, 0.13396690388520557, 0.13350976055318658, 0.13368994786458857, 0.13384720396537048, 0.13458366692066193, 0.13356579964359602, 0.1337129452398845, 0.1338874004457308, 0.1342955896487603, 0.13372710545857747, 0.13444373584710634, 0.1337050974369049, 0.13367266682061282, 0.1340989451855421, 0.1334770376032049, 0.13356619141995907, 0.13400442898273468, 0.13422870387633642, 0.13353548632111661, 0.13458630584535144, 0.1332853138446808, 0.1339981978138288, 0.13392541167281924, 0.13436405131450066, 0.1335136115550995, 0.13380631974765234, 0.13381984360792018, 0.1345656934109601, 0.13371670991182327, 0.13380348617615906, 0.13373092275399429, 0.13400018692016602, 0.13348098883503362, 0.13403090270789894, 0.1338508054614067, 0.13415603750738606, 0.13401907235383986, 0.13411173766309564, 0.1339951049197804, 0.13361959948259242, 0.13343700902028519, 0.13365660783122568, 0.13327976982844503, 0.1338831533988317, 0.13386186212301254, 0.13397782363674857, 0.13406221797833076, 0.13393594938166, 0.1338689083402807, 0.13380646146833897, 0.13390034207930931, 0.13369963069756827, 0.13365793166061243, 0.13397553811470667, 0.13374533720554843, 0.13327113290627798, 0.13357057934626937, 0.1338022035069582, 0.1337758293375373, 0.13364810922316142, 0.13368002325296402, 0.13359855562448503, 0.13306122215894553, 0.13457603421476153, 0.13409854769706725, 0.13436987344175577, 0.1336147995858357, 0.13365987771087223, 0.13509069681167601, 0.13453153967857362, 0.1336514338337142, 0.13417684625495563, 0.13310216096314517, 0.13424605793423122, 0.13383084701167214, 0.13419995605945587, 0.1338208120088188, 0.13376122819525854, 0.1339136998761784, 0.13334974753005163, 0.1347068635125955, 0.13399359186490375, 0.13437387926710975, 0.13355709690796702, 0.13441944187102112, 0.13376794649021967, 0.1335509734021293, 0.13516147285699845, 0.13356456359227498, 0.1349550485610962, 0.13381054252386093, 0.1344126896424727, 0.13415043304363886, 0.13399179031451544, 0.1336642491320769, 0.1332864030714958, 0.13406931310892106, 0.13360849188433754, 0.13397086262702942, 0.13357830589467828, 0.1343262427382999, 0.1337252958961155, 0.13411277367009056, 0.13375602730295874, 0.13403286412358284, 0.13367599714547396, 0.13363433867058855, 0.13392185085806355, 0.13287413383231444, 0.1344454105083759, 0.1336086720228195, 0.13357937335968018, 0.13373326344622505, 0.1340338411656293, 0.13357242678894715, 0.13337675007906827, 0.1345400482416153, 0.1344353792568048, 0.13346239924430847, 0.13399166546084665, 0.13345856219530106, 0.13467539250850677, 0.13443367047743363, 0.1337898776811712, 0.13389612993468408, 0.1334640569984913, 0.13332361089331762, 0.13390955672814295, 0.13425910189038232, 0.1334181051878702, 0.13368419229984282, 0.13382233017020756, 0.1340501598185963, 0.1339460015296936, 0.1343050953414705, 0.13389079137281937, 0.1332642429548761, 0.13398642264879668, 0.134001957376798, 0.13379930876768553, 0.13385852302114168, 0.13356842419930867, 0.134106930759218, 0.13378596305847168, 0.13396698437832497, 0.13310621030952619, 0.13388127901337363, 0.13345992990902492, 0.13334798533469439, 0.13363517820835114, 0.13411915749311448, 0.1346253122795712, 0.1342478051330104, 0.13357411523660023, 0.13514280567566553, 0.133700787236816, 0.13431530388501975, 0.1338583528995514, 0.1332158755797606, 0.13343032246286218, 0.1340339225716889, 0.13386880482236543, 0.13358579024120612, 0.13428972590537297, 0.13446563184261323, 0.1352119579911232, 0.13380023434355454, 0.1337486817078157, 0.13354636542499065, 0.1344707041978836, 0.13413188120593195, 0.13610975444316864, 0.1330236792564392, 0.13395582091423772, 0.1344988058720316, 0.13328424841165543, 0.13451964475891806, 0.13427173532545567, 0.13365891766040883, 0.13371214518944421, 0.13385719507932664, 0.1337662066022555, 0.1341219256001134, 0.13400726951658726, 0.13371106787868167, 0.13387749592463175, 0.13348551771857523, 0.13426487230592304, 0.13319757500210325, 0.13333973830396478, 0.13323912303894758, 0.1336393944091267, 0.13425524810025857, 0.1337006341437904, 0.13381110330422719, 0.13496123701334, 0.1335845058378966, 0.13375091765608108, 0.1345304176211357, 0.13351979038932107, 0.1339840779179021, 0.133761962806737, 0.13396955213763498, 0.13382374100825367, 0.13408932255374062, 0.1336239373142069, 0.13415606568257013, 0.13407839039961497, 0.13344288534588283, 0.13352306122365204, 0.1343664526939392, 0.1335209295153618, 0.13418062726656596, 0.13381972908973694, 0.1339976049282334, 0.1340866999493705, 0.13389825008132242, 0.13422967668841868, 0.1333143048816257, 0.13403549217260802, 0.13453346788883208, 0.13406269825421846, 0.13362757762273153, 0.1334714057544867, 0.13407308894854325, 0.13415320127299338, 0.13425656923880944, 0.13462209701538086, 0.13385872471900212, 0.13389456023772559, 0.13338178230656517, 0.13332847312644677, 0.13581657111644746, 0.1338350584109624, 0.13335677319102818, 0.1336729062291292, 0.13349479170782225, 0.13461650056498392, 0.13385908776207975, 0.1341611750816044, 0.13399720306579882, 0.13393633688489595, 0.1335800588130951, 0.13416027480905707, 0.13363201228471902, 0.1338831971992146, 0.13375640606007924, 0.13378729671239853, 0.1334623313612408, 0.13373443213376132, 0.1335899809996287, 0.1333203755673908, 0.13301691954786127, 0.13388233844723021, 0.13415800644592804, 0.13368907841769131, 0.13380788564682006, 0.13297157734632492, 0.13398919999599457, 0.13319981843233109, 0.13355650122349078, 0.1342615650759803, 0.1345523078190653, 0.13367898066838582, 0.1332306706905365, 0.13429317706161076, 0.13336951855350943, 0.13431198311888654, 0.1339721538954311, 0.13343682057327694, 0.13373852968215943, 0.13330975498842157, 0.13482771317164102, 0.1348781423135237, 0.13373724253554092, 0.13355532189210256, 0.1332733825995372, 0.1339091496034102, 0.13356098582347234, 0.1341315181482406, 0.13413220196962355, 0.13427696444771506, 0.1343140055735906, 0.1337427469817075, 0.13337112963199615, 0.13387240171432496, 0.13422915935516358, 0.133687412849179, 0.13391607999801636, 0.13393563980405981, 0.1336166079227741, 0.1337010033428669, 0.13354152653898513, 0.13333539571613073, 0.13365858793258667, 0.13362961914390326, 0.13401750102639198, 0.13378758465542512, 0.13370225429534913, 0.13379243463277818, 0.13492667923370996, 0.1339853691558043, 0.13441264629364014, 0.1334829596073731, 0.13401277450954213, 0.13372403606772423, 0.13424151887496313, 0.13384355062788184, 0.13399300404957362, 0.13387693464756012, 0.13375413715839385, 0.13431939482688904, 0.13392283306235359, 0.13420109225041937, 0.1340590864419937, 0.13392536491155624, 0.13361970157850356, 0.13368761539459229, 0.13297020013515765, 0.13385107884040245, 0.13436832680152014, 0.1351456426911884, 0.1332145119085908, 0.13387444780932534, 0.13369017673863304, 0.13355572298169135, 0.13380451500415802, 0.13399158169825873, 0.13371361845305987, 0.13459437512434447, 0.13359304517507553, 0.13434517507751784, 0.1338962885466489, 0.13417130282946996, 0.1337298783991072, 0.13416018709540367, 0.13411576350529988, 0.13361600499886733, 0.13370022122506742, 0.13391060928503673, 0.13347579762339593, 0.13411827385425568, 0.13396928161382676, 0.13371304298440614, 0.1336299443946165, 0.1342502454152474, 0.13368368472741998, 0.13412991572510113, 0.13320719972252845, 0.13366093583728955, 0.1337517350912094, 0.13326381891965866, 0.13392662569399802, 0.13368717730045318, 0.1337688358930441, 0.13423444454868635, 0.1334678828716278, 0.13372907574687684, 0.13373502989610037, 0.13415428215549105, 0.13402207096417745, 0.13343968451023103, 0.13348741233348846, 0.1325369045138359, 0.133458751169118, 0.13381726667284966, 0.13375548422336578, 0.1343874283905687, 0.13411948428704187, 0.13399667257354372, 0.13368538385484277, 0.13398695102444402, 0.1336243987083435, 0.13384932104279013, 0.13381619254748026, 0.13415838877360026, 0.13372815970112295, 0.13342628112206092, 0.13359434510532178, 0.13334835458684852, 0.1336855093638102, 0.13365274667739868, 0.13356739406784376, 0.1339640369017919, 0.13376745847719057, 0.133858092806556, 0.13402446111043295, 0.1347045823931694, 0.1339716442993709, 0.13357753368715444, 0.13363516827424368, 0.1336980958779653, 0.13382406185070675, 0.13378408271819353, 0.13423730627350186, 0.13397440708735409, 0.13317526351003087, 0.13384021683172745, 0.13407759510335468, 0.13379618746263008, 0.13398652772108713, 0.13413583429960105, 0.1336775002154437, 0.13421080651737394, 0.1337068441414064, 0.13411161238732544, 0.13465111489806855, 0.13400193974375724, 0.13370200081004036, 0.1341001499030325, 0.13375088365541565, 0.13403874784708023, 0.13402268616482615, 0.1336599479501064, 0.13370558619499207, 0.1342523368922147, 0.1339583115445243, 0.1341427818817251, 0.13426038701283305, 0.13397009587950176, 0.1339829198775753, 0.13372779935598372, 0.1333449731270472, 0.13396241702139378, 0.1334402850445579, 0.13406734397778144, 0.13302545932432017, 0.133859817470823, 0.1342875063419342, 0.13392507831255596, 0.13370089928309123, 0.13368167196001327, 0.13434008061885833, 0.13397067785263062, 0.13426167517900467, 0.13409913952151933, 0.13337874093226024, 0.1335554987192154, 0.13399693816900254, 0.1339899239440759, 0.1340806922978825, 0.13347297268254416, 0.13412085410795713, 0.1331222736173206, 0.1336332463792392, 0.13402858624855676, 0.13324971840931818, 0.13370229855731683, 0.13348214427630106, 0.13373023768266043, 0.13437158366044363, 0.13363228142261505, 0.13380111753940582, 0.13395237757099998, 0.1342046707868576, 0.13340745700730217, 0.13366852023384787, 0.1353127674924003, 0.13410102079312006, 0.13438365310430528, 0.13375858403742313, 0.1342099175921508, 0.13357662502676249, 0.1348470628261566, 0.13391398769967697, 0.13370718393060896, 0.1339343014088544, 0.1337807645400365, 0.1341016948223114, 0.1340328554312388, 0.13417283208532768, 0.13328985770543417, 0.13430351734161378, 0.13326984731590047, 0.13386791543318674, 0.1342560738325119, 0.13385386566321056, 0.13359621956067927, 0.13464612908223095, 0.1333063671986262, 0.13382499996158811, 0.13391031920909882, 0.13472100444461987, 0.1350148931145668, 0.13336315453052522, 0.13366134543167918, 0.13458155231042343, 0.13373263581441, 0.13375334236128578, 0.13383115223936132, 0.13480247557163239, 0.13331356759254748, 0.13371891975402833, 0.13341540875642197, 0.13329981793375575, 0.13427632130109346, 0.13384243448575336, 0.1348104327917099, 0.13386159928308594, 0.1340497052296996, 0.13347573928973255, 0.13375321179628372, 0.13361542037239782, 0.13366770318576268, 0.13397345053298132, 0.13322699401113722, 0.13360402182392453, 0.13390685186574333, 0.1338358833031221, 0.13394882836762598, 0.1338743820786476, 0.13394323736429214, 0.13334288365311092, 0.1341613852664044, 0.13380695382754007, 0.13370681088417768, 0.13356606662273407, 0.13412421582074002, 0.13411514461040497, 0.1335662563641866, 0.1339314063390096, 0.13350213915109635, 0.13367954194545745, 0.13381067794912002, 0.13423093501478434, 0.13402569429440933, 0.13379899199519837, 0.13341811001300813, 0.1340435246626536, 0.13358339418967566, 0.13388745817873213, 0.1338885457892167, 0.13366967965574825, 0.1335719455690945, 0.1341236475855112, 0.13375442610545593, 0.1337721860036254, 0.13374259198705354, 0.1340065598487854, 0.1338107097765495, 0.1339231763035059, 0.13352160843519065, 0.1339504537837846, 0.13355811884005864, 0.1338041578901225, 0.13415136848177228, 0.13377564400434494, 0.1338274079125102, 0.13403519988059998, 0.13334682635192213, 0.1332092846141142, 0.13371846235046783, 0.13399790823459626, 0.13391042624910673, 0.13444972144705908, 0.1338868945837021, 0.13347554299980402, 0.13372360318899154, 0.13412990559030463, 0.13394725136458874, 0.13363393734801898, 0.13446570932865143, 0.1337828549899553, 0.13350253055493036, 0.1338865395103182, 0.13357834288707146, 0.13368419971730974, 0.13411258586815425, 0.13343246446715462, 0.1338473428040743, 0.13403775762109196, 0.13375747139039246, 0.13380486919329718, 0.13386301643082074, 0.1331453983272825, 0.13361258059740067, 0.13404773311181503, 0.13360680639743805, 0.1335981177786986, 0.1337359985884498, 0.13367163593118842, 0.1340926906158184, 0.13438283503055573, 0.13545720279216766, 0.13387662745439088, 0.13389976429087774, 0.13339117728173733, 0.13339006155729294, 0.13342329730158267, 0.13327684892075403, 0.1345012033214936, 0.13333533373143938, 0.1338137174025178, 0.13412633817642927, 0.13322001627900384, 0.1339311345535166, 0.13373891689947673, 0.13347537070512772, 0.1335179050763448, 0.1342621562273606, 0.13491159271110187, 0.13389351728715396, 0.13414863662587273, 0.13365503773093224, 0.13410579661528269, 0.13393462110649457, 0.13439519703388214, 0.1339275125000212, 0.13381596711965707, 0.13311098229426604, 0.13432240982850394, 0.1336134644570174, 0.13434458430856466, 0.1341314896941185, 0.13441497832536697, 0.13356586349637886, 0.13431113958358765, 0.1339536686153973, 0.13321054659106515, 0.13338219560682774, 0.13395249119826724, 0.13405726291239262, 0.13331410403435046, 0.13224275410175323, 0.1335953250527382, 0.13359393656253815, 0.1343131111218379, 0.13422381304777586, 0.13345531125863394, 0.13387465626001357, 0.13460880098864436, 0.13360454980283976, 0.133704355917871, 0.13350475827852884, 0.1345073197569166, 0.13432812492052715, 0.1340694496674197, 0.13414891677744248, 0.13401604474832615, 0.1339298907135214, 0.13429207117720085, 0.1343085303902626, 0.13389438958395095, 0.13406438877185187, 0.13454833355816928, 0.13381987892919117, 0.13398037229975066, 0.1336596128013399, 0.13404669825519835, 0.13409228906745002, 0.1342240383750514, 0.13372331857681274, 0.13358026463538408, 0.13436820290305398, 0.13377368450164795, 0.1339173065988641, 0.13378795236349106, 0.13354626568880948, 0.13314870496590933, 0.134188943288543, 0.1345190727710724, 0.1337204139147486, 0.13403754328426562, 0.13352905426706588, 0.13476237654685974, 0.13400367291077322, 0.13427540983842767, 0.1339999114473661, 0.13398258826311896, 0.13324381682005795, 0.13415971636772156, 0.13319905644113367, 0.13504079786630777, 0.13421645343303681, 0.13389798905700445, 0.13444661991349582, 0.13405691552907228, 0.13415429049304553, 0.1339995754616601, 0.13401033580303193, 0.1335657405502656, 0.13397024869918822, 0.1343104892816299, 0.13334401724515138, 0.13377587348222733, 0.13411953097040002, 0.13386409481366476, 0.13367367804050445, 0.13337687402963638, 0.1342437689503034, 0.1338626673588386, 0.13345137512997576, 0.1335173085331917, 0.13391581042246384, 0.1337977945804596, 0.13408440947532654, 0.1337061743987234, 0.13292740285396576, 0.13367277290672064, 0.13431359014727853, 0.1340756449772387, 0.13417646288871765, 0.13396462053060532, 0.13391692134050223, 0.13411622825596067, 0.13307762145996094, 0.13395077788404056, 0.1344575652709374, 0.13418434986046382, 0.13408501314766266, 0.13387883578737578, 0.13489126289884248, 0.1350676715373993, 0.13415043191476303, 0.13298212605364182, 0.13362935185432434, 0.1334720268845558, 0.13295162130485882, 0.13501552492380142, 0.13442462682724, 0.13423513542664678, 0.13350071012973785, 0.13410614430904388, 0.13392004370689392, 0.1338188499212265, 0.13331472786033854, 0.13337243497371673, 0.13373639351791805, 0.13312676714526284, 0.13370057195425034, 0.13390284528334936, 0.1335270870476961, 0.13292016088962555, 0.1333466126368596, 0.13328366974989572, 0.1339303789769902, 0.13420997424559158, 0.13369976977507272, 0.13344402352105017, 0.1335728872906078, 0.13386474725078135, 0.13356304094195365, 0.13366895355284214, 0.13404670251267298, 0.13380922501285872, 0.1338032603263855, 0.1342892423272133, 0.13396839991859769, 0.1334368965842507, 0.133265254398187, 0.13408102520874568, 0.1348024057224393, 0.13359197122710093, 0.134225694835186, 0.13270623286565145, 0.13326561003923415, 0.13368445954152516, 0.13309761969482198, 0.1337093974535282, 0.13456480205059052, 0.13344212220265314, 0.13412800190910215, 0.1336516656221882, 0.13395739027432033, 0.13288134336471558, 0.1333794891834259, 0.1337251365184784, 0.13390684872865677, 0.1340411551296711, 0.13365501287032147, 0.13364140553907913, 0.1330092572248899, 0.1342113853565284, 0.1340195623965099, 0.13331193583352224, 0.13386050123592902, 0.13394054238285338, 0.13360876657746054, 0.13361754392584166, 0.13356615751981735, 0.13336613923311233, 0.13406841084361076, 0.13420238747046545, 0.13452714043004171, 0.13326214551925658, 0.1333903431892395, 0.13392369584603744, 0.13390549272298813, 0.1340048387646675, 0.13272185623645782, 0.13419520052579734, 0.13371026913324993, 0.13339372128248214, 0.13385881619019943, 0.13344204425811768, 0.13334101686875025, 0.13406845778226853, 0.13340989127755165, 0.1334706004019137, 0.1341248797742944, 0.13510257874925932, 0.13409055769443512, 0.13422283335872318, 0.134020833671093, 0.13399367550244698, 0.13341994299775078, 0.13434547114939915, 0.1339338980615139, 0.1333237498998642, 0.13374632190574298, 0.1332731544971466, 0.1332812656958898, 0.1332446907957395, 0.13403595132487162, 0.13306277493635812, 0.1335880622267723, 0.1338120269424775, 0.13399394262920727, 0.13429914211685007, 0.1345048053906514, 0.13429890796542168, 0.13408974253318526, 0.1341301974925128, 0.13424969938668338, 0.13381898552179336, 0.13384910052021345, 0.13393690983454387, 0.13424981873610925, 0.13348059569086348, 0.13356132706006368, 0.13345969319343567, 0.13335888166176646, 0.13410796423753102, 0.134018550900852, 0.1335678776869407, 0.13352256864309311, 0.1339138368765513, 0.13300455787352153, 0.1339855596423149, 0.13340206005994013, 0.13407637617167303, 0.1337920049062142, 0.13412272930145264, 0.1343005861227329, 0.1339070892759732, 0.13344798535108565, 0.13450540403525035, 0.1330734697672037, 0.13359971468647322, 0.13400921771923702, 0.13409724086523056, 0.13387967444754936, 0.13383345641195774, 0.13393244553696027, 0.13434928748756647, 0.13386657563122836, 0.1336304528845681, 0.1339328781916545, 0.13438648829857508, 0.1339332103729248, 0.133834713271686, 0.13383255289359527, 0.1338806450366974, 0.13384993246623447, 0.1333337841289384, 0.1345208306675372, 0.13389954529702663, 0.13327552874883017, 0.13379190548470146, 0.1336098396115833, 0.1347677543759346, 0.13370267115533352, 0.13435822278261184, 0.13404265323350595, 0.13435622971308858, 0.13347154163888522, 0.13430065015951792, 0.13424707745963876, 0.13380250726875506, 0.13463057825962702, 0.133701978251338, 0.13351555727422237, 0.13397516034267568, 0.13387247249484063, 0.1340021617986538, 0.13371515925973654, 0.13399942846674667, 0.1338820716268138, 0.13340293616056442, 0.13370475811617716, 0.13405061215162278, 0.1339946894182099, 0.13376176804304124, 0.13390181362628936, 0.13437757889429727, 0.13337022438645363, 0.1338490557212096, 0.13396828190276497, 0.13387255636709078, 0.13302851170301438, 0.1332096063038882, 0.1337443726758162, 0.13410597642262775, 0.13300387726889717, 0.13393183350563048, 0.1331672966480255, 0.13356263935565948, 0.13385609686374664, 0.13398416042327882, 0.13373774077211106, 0.1344411830107371, 0.13440660319545053, 0.13345248966800924, 0.13327318376728467, 0.13320200807518429, 0.13426757256189983, 0.13361083878123242, 0.13265155391259628, 0.1342734292149544, 0.13486823115659796, 0.13348372479279835, 0.1337659408648809, 0.1332695013598392, 0.13423144554390626, 0.13379496595133905, 0.1342370927333832, 0.1341202084137046, 0.1333673882484436, 0.1344605894251303, 0.13386623478598064, 0.13376097839612228, 0.13444658275693655, 0.1340766042470932, 0.13415005408665714, 0.13400797207247128, 0.13405149877071382, 0.1342833548784256, 0.1341494462556309, 0.13371789981337154, 0.13383140110156752, 0.13433138926823934, 0.1336729371547699, 0.13348488211631776, 0.13392185882942095, 0.13338969042524695, 0.1337729331947142, 0.13347094671593773, 0.13299919664859772, 0.13337526402690195, 0.13403219438117484, 0.13403904305564032, 0.13375787809491158, 0.13423266857862473, 0.13360681297147975, 0.13432687520980835, 0.1336420988664031, 0.13378555666316638, 0.134370657889282, 0.13402853719890118, 0.13331724974242123, 0.1337071567773819, 0.1348259339729945, 0.13426598374332702, 0.13370738724867504, 0.13356509457031887, 0.13412527408864763, 0.13402799991044131, 0.13479155531296363, 0.13404266646614782, 0.13403264582157134, 0.13387053310871125, 0.13364208150993695, 0.13455343544483184, 0.13434217125177383, 0.13396166335968746, 0.1338701035295214, 0.1340995743870735, 0.13383556464139154, 0.13389707575826085, 0.13398267865180968, 0.1336908011060012, 0.13419603292019136, 0.1345381811261177, 0.13461815129066335, 0.13347212157466196, 0.13376805682977042, 0.13443170663188486, 0.1333142787218094, 0.13342683017253876, 0.13365472356478372, 0.13379540565339001, 0.13322900980710983, 0.13411190195216072, 0.13360153524963944, 0.13451262506154868, 0.13405641913414001, 0.13431295628348985, 0.1340837354461352, 0.1335976305935118, 0.13420482933521272, 0.13335825916793612, 0.1338320794430646, 0.13370381945218796, 0.13389122874840445, 0.13440349020741202, 0.13324105671860956, 0.13077108561992645, 0.13388159358873963, 0.13432011306285857, 0.13435152173042297, 0.1336378272502653, 0.13391088073452315, 0.13413806419287408, 0.13330275671822683, 0.13438281334108776, 0.13383085357731786, 0.1345631092786789, 0.13396813294717244, 0.13414003252983092, 0.1338960125165827, 0.13357353742633546, 0.13452520221471786, 0.1335585290385831, 0.13429170151551564, 0.13397201895713806, 0.13377163466066122, 0.13358628928661345, 0.13373013585805893, 0.133728819989389, 0.13378365576267243, 0.13417780263857407, 0.1340404562652111, 0.1346853363017241, 0.1345028132200241, 0.13388854690960475, 0.13357103019952773, 0.13306329789615812, 0.13391917266628958, 0.1340795573980912, 0.13338985939820608, 0.1345388874411583, 0.13426148755983872, 0.13393969630653207, 0.13351488978632034, 0.13384593899051347, 0.13417839096940082, 0.1339660366376241, 0.13424907997250557, 0.1341009164849917, 0.13404708527601683, 0.13406206667423248, 0.13362792397246642, 0.13418361296256384, 0.13403961807489395, 0.13439677821265328, 0.1333201676607132, 0.13478828731336093, 0.1334661834619262, 0.13281550315710214, 0.13404442026064947, 0.13357281472001756, 0.133916269056499, 0.13453608680339085, 0.13398968130350114, 0.1337483124091075, 0.13367319777607917, 0.1335073503954657, 0.13389870747923852, 0.13338020093300762, 0.13412027855714162, 0.13326574862003326, 0.13344728333108566, 0.13399442732334138, 0.1334822366112157, 0.13374877995566317, 0.1342803104357286, 0.13423025843344236, 0.13348163212790634, 0.13387397734018472, 0.1334068070758473, 0.1334943970044454, 0.13493689273794493, 0.13363356429796952, 0.13416658010747698], 1: [0.13426712384590736, 0.13441471363368787, 0.13394253168787276, 0.13308130502700805, 0.13437008438631892, 0.13282424956560135, 0.13436336377087763, 0.13349010050296783, 0.1332116276025772, 0.13341805338859558, 0.13418928037087122, 0.13385400097621114, 0.13447508162685803, 0.13431336358189583, 0.1340604064365228, 0.13419067859649658, 0.1334164131146211, 0.13355183601379395, 0.13367127378781637, 0.13396209904125758, 0.13444697662540103, 0.1337655246257782, 0.13357533067464827, 0.13388958494914205, 0.13311181045495546, 0.13391159136186948, 0.13404326438903807, 0.13435131630727223, 0.13452454266094027, 0.1341185069509915, 0.13362429503883635, 0.13371731340885162, 0.13403800874948502, 0.13397332280874252, 0.13369125922520955, 0.1333206228234551, 0.1341221026248402, 0.13453610688447953, 0.13373102827204597, 0.1335902357330689, 0.13357800543308257, 0.13461890816688538, 0.13335235118865968, 0.1337627463042736, 0.1333496082160208, 0.13375315815210342, 0.13390300795435905, 0.13362458273768424, 0.13350256803360852, 0.13455010056495667, 0.13447501817170313, 0.13368639456374304, 0.13374776840209962, 0.13444996078809102, 0.13420498032461514, 0.1344990161332217, 0.13333882557021248, 0.1336316756076283, 0.13355128560215235, 0.13317280411720275, 0.13405874655360267, 0.13469081236557526, 0.13332061861690722, 0.13384518095038153, 0.1338307044722817, 0.13357689134452655, 0.13372348019709954, 0.13352958180687644, 0.13377474483690763, 0.13344091922044754, 0.133796980435198, 0.13384973731907931, 0.13342423538366954, 0.13401975685899908, 0.1340165196946173, 0.1334143497727134, 0.13337129961561273, 0.1331233003964791, 0.13474033027887344, 0.13328827917575836, 0.1342704358200232, 0.13341971355326035, 0.134121595936663, 0.13380813151597976, 0.13447560866673788, 0.13371039628982545, 0.13352197191367546, 0.1334005611784318, 0.13377298008311878, 0.1337261116679977, 0.1337472846110662, 0.1334682822227478, 0.13306062817573547, 0.13301841508258472, 0.13360612438275263, 0.13362047289099013, 0.1347001450402396, 0.1338284664920398, 0.1337349819285529, 0.13388750498945062, 0.13390779578023487, 0.13331333727672182, 0.13382500951940363, 0.13382201020916304, 0.1344322144985199, 0.1333636993711645, 0.1338467552111699, 0.1330230649974611, 0.13437650826844302, 0.1340429758032163, 0.1339666669567426, 0.1337766280541053, 0.13412364423274994, 0.13360603484842512, 0.13331548795104026, 0.1334831088781357, 0.133546810064997, 0.13392010969775064, 0.13371922211213547, 0.1339658985535304, 0.13375475827385397, 0.13421037213669884, 0.13359360931775507, 0.13372356420563114, 0.13412015849635714, 0.13349051475524903, 0.1341228410601616, 0.1341368698261001, 0.13334113494916397, 0.13423111750966027, 0.13374073540463166, 0.13312522135674953, 0.1340834146196192, 0.13387240668137868, 0.13372631644716068, 0.1337912960184945, 0.13405162890752156, 0.13413550853729247, 0.13404002147061483, 0.1346413756792362, 0.13317702168768103, 0.1343018040060997, 0.13338254663077267, 0.13393989503383635, 0.13378503639250994, 0.13361705297773535, 0.13387864254988158, 0.1340763196349144, 0.1340712999755686, 0.1342600000941235, 0.13380717095874606, 0.13451248705387114, 0.1338735319674015, 0.1334908256928126, 0.13453663736581803, 0.133490574630824, 0.13426750991493464, 0.13367179666574186, 0.13326768411530387, 0.13379063244376863, 0.13470097184181212, 0.13365320960680643, 0.13366344198584557, 0.1333900809288025, 0.1337615439425344, 0.1339427282412847, 0.13415600980321565, 0.13331268144690472, 0.1335831513771644, 0.13320471793413163, 0.13385273245247928, 0.1342717632651329, 0.1339480269413728, 0.13379793952811847, 0.13418799825012684, 0.13373357671148636, 0.133907519958236, 0.13392178863286971, 0.1340534812525699, 0.1340442806482315, 0.13360930010676383, 0.13344456379612288, 0.13397097835938135, 0.13347516528197698, 0.13458488363286722, 0.1333875171840191, 0.13365031778812408, 0.13409803062677383, 0.1344364338687488, 0.13422632014209573, 0.1338406139984727, 0.13393757289106195, 0.1338229396126487, 0.13421796900885447, 0.13401360738845097, 0.1336682403087616, 0.1338967426734812, 0.1342008330605247, 0.13413338363170624, 0.1343703269958496, 0.1337825119495392, 0.1342404308644208, 0.13399270839161342, 0.13413743178049722, 0.13341959633610465, 0.13371438465335153, 0.13357592788007525, 0.13417808498655046, 0.13402112424373627, 0.13403342962265014, 0.13404326953671195, 0.1343383878469467, 0.1335415325381539, 0.13352509384805505, 0.13362951317559119, 0.13351694121956825, 0.13396280705928804, 0.13399169445037842, 0.13448854363881624, 0.1338839911752277, 0.13391335834475124, 0.13385862981279692, 0.13435979275142446, 0.1346919851170646, 0.1337097529321909, 0.1334039308130741, 0.13395884012182555, 0.13364248971144357, 0.13394490778446197, 0.133695929000775, 0.13460332048790796, 0.13392098899930716, 0.13371890410780907, 0.13384502700396947, 0.1333989765908983, 0.13372541069984437, 0.13432196341454983, 0.13407228525840875, 0.13401663220591015, 0.13432635242740312, 0.13392248284071684, 0.1341049468943051, 0.13351849932223558, 0.13340648114681244, 0.1337249755859375, 0.1342904812523297, 0.13451888908942541, 0.13398014322707527, 0.13426980200935812, 0.13347073197364806, 0.13408136232332749, 0.1330394106251853, 0.1340812834409567, 0.13266812562942504, 0.13326095273861518, 0.13289516806602478, 0.1340934853804739, 0.13366433084011078, 0.13372821609179178, 0.13296813788739117, 0.1339647566730326, 0.1330680415034294, 0.13423884791486404, 0.13427965715527534, 0.13413088812547572, 0.13408321829942557, 0.13376088597272573, 0.13409282267093658, 0.1335936008642117, 0.1333386270063264, 0.13350488130862898, 0.13402170770698124, 0.13385595954381502, 0.1338438242673874, 0.13426429296241088, 0.1331491932272911, 0.13328209333121777, 0.13503875003920662, 0.13328281790018082, 0.13338548032676473, 0.13364774247874384, 0.13448252489692286, 0.13413766771554947, 0.13405634721984033, 0.13404669985175133, 0.13392696591715017, 0.1335190409108212, 0.1340156631036238, 0.13376769423484802, 0.13410455361008644, 0.13464204780757427, 0.13358842513777994, 0.13399942354722458, 0.1342177146247455, 0.1342477634912584, 0.1337698350350062, 0.13397202889124551, 0.1340994406491518, 0.13405004569462367, 0.13426944400582994, 0.13318121959181392, 0.1346107671658198, 0.13364057128246015, 0.133708832519395, 0.13392269611358643, 0.1338547964890798, 0.13389825927359716, 0.1339775040745735, 0.1335347361034817, 0.13459043380092173, 0.13385538011789322, 0.13397826737648733, 0.13356752395629884, 0.13387272804975509, 0.13386248969114745, 0.13385083565586492, 0.1337055085847775, 0.1334240926163537, 0.13393616103208983, 0.13397447764873505, 0.13364452352890602, 0.13336756283586676, 0.13344272474447885, 0.13322121689194127, 0.13389049859150595, 0.13385007944371966, 0.13440541579173163, 0.1343936324119568, 0.13459601439535618, 0.13419425826181064, 0.13413036863009134, 0.13390016406774521, 0.13403451954945922, 0.13373064498106638, 0.13432173979909798, 0.13417722220006195, 0.13414483321340462, 0.13430264741182327, 0.1339393158753713, 0.13391797658469942, 0.1330674228568872, 0.13370078057050705, 0.13422342836856843, 0.13445220291614532, 0.13442300111055375, 0.13385987740296584, 0.13345490463755347, 0.13270554608768886, 0.1331785023212433, 0.1336391307413578, 0.1336633488535881, 0.13357783015817404, 0.13398307791123024, 0.13301509469747544, 0.13362370828787487, 0.1341826617717743, 0.13415511658317164, 0.13344262391328812, 0.13429162899653116, 0.13442111512025198, 0.1336012608729876, 0.13415733277797698, 0.13382788840681314, 0.13332396287184495, 0.13402462405402485, 0.1347024530172348, 0.1342902109026909, 0.13393555416001213, 0.1342062478264173, 0.13503260910511017, 0.13435113861372597, 0.13354173178474107, 0.13482367992401123, 0.134464411996305, 0.1343279265695148, 0.13406250774860382, 0.13404976725578308, 0.13392606212033165, 0.1339259813229243, 0.1341892865796884, 0.13439449738888515, 0.13374687545001507, 0.13388561755418776, 0.13423317819833755, 0.13351178914308548, 0.1337330749160365, 0.13325562328100204, 0.13413117080926895, 0.13426993787288666, 0.1346895071593198, 0.13460161135746881, 0.1332835465669632, 0.1337631493806839, 0.1337968096137047, 0.13337545345226923, 0.13421442291953348, 0.13407070810596147, 0.1342806801199913, 0.13434220061582677, 0.1335659258067608, 0.13500378947508962, 0.1339759294475828, 0.13461299116412798, 0.13404208071091595, 0.1342274732887745, 0.13369812518358232, 0.13430590288979666, 0.13392744461695352, 0.133789985017343, 0.13421460515574404, 0.13371480936589447, 0.13430104702711104, 0.13313333772950703, 0.13367528536102988, 0.13323472014495305, 0.13351636429627736, 0.1334098536859859, 0.13401037206252417, 0.1334507850309213, 0.13407000461045435, 0.1335726117803937, 0.13432013740142187, 0.1337509916888343, 0.1335913376963657, 0.13440404518654472, 0.13456600633534518, 0.1338894638148221, 0.1337567538022995, 0.13446223735809326, 0.13445735084159033, 0.13375442028045653, 0.1338806037719433, 0.13376502245664595, 0.13365769621572995, 0.13444590270519258, 0.13392757163161323, 0.13367180973291398, 0.13308312637465342, 0.13422634173184633, 0.13388476752001663, 0.13477865267883649, 0.13350064375183798, 0.1339438093059203, 0.13454111503518146, 0.13391418213194067, 0.13373826775285932, 0.1338024515854685, 0.1339143657913575, 0.13359273142284817, 0.13336947560310364, 0.13350914269685746, 0.1341963489850362, 0.1336070028218356, 0.13343285406247163, 0.1339394936958949, 0.13384819775819778, 0.1331933096927755, 0.133583232263724, 0.13429632607628317, 0.13362672581122473, 0.13443359153138268, 0.1338722784486082, 0.13467851734679678, 0.13360171968286688, 0.1335317070285479, 0.13413881776588304, 0.13350753784179686, 0.1339197400957346, 0.13419768545362684, 0.13316368218511343, 0.13424941276510557, 0.13384600999680432, 0.13296538011895287, 0.13314008265733718, 0.13341867104172705, 0.13382447298083985, 0.1337050512433052, 0.1336931503481335, 0.13443217426538467, 0.13402522206306458, 0.13395147735164278, 0.1334978693297931, 0.13358687361081442, 0.13484299047426743, 0.13370361836517558, 0.13313536481423813, 0.1345466360449791, 0.13321335826601302, 0.13401707662985876, 0.13351523876190186, 0.13345489312301984, 0.13358973804861307, 0.13360701501369476, 0.13364505469799043, 0.13409038497643036, 0.13406282246112824, 0.13446335163381365, 0.13301725834608077, 0.13429525802875386, 0.133600415289402, 0.13464507345969862, 0.13429903984069824, 0.13418027623133225, 0.13373966302190507, 0.13423874725898108, 0.13412745935576303, 0.1331949681043625, 0.1339288188351525, 0.13342754940191906, 0.133985148742795, 0.1343080585493761, 0.13385144919157027, 0.13365422364543467, 0.13338380555311838, 0.13407162257603236, 0.13318133652210234, 0.13383703475648706, 0.13409098072184455, 0.13396475166082383, 0.13460649656397955, 0.13411019210304534, 0.1340317072406892, 0.13420562987977808, 0.13350225452865874, 0.13347283999125162, 0.13359390374492197, 0.13420780477198688, 0.13399738520383836, 0.1335616633296013, 0.13389063701033593, 0.13415401801466942, 0.13395525701344013, 0.13455014079809188, 0.13349171089274542, 0.13483228133274958, 0.13353293657302856, 0.13416622392833233, 0.13350524918900597, 0.13445382447619186, 0.1339133819565177, 0.13351861387491226, 0.13407284021377563, 0.1332835600926326, 0.134339589625597, 0.13375539376455195, 0.13439421706339894, 0.132881860435009, 0.13423537666147406, 0.13402549922466278, 0.13396601006388664, 0.13405974553181574, 0.13362945793640046, 0.13335695437022618, 0.13428817230921525, 0.13388729393482207, 0.13411601610255963, 0.13336623211701712, 0.13375155830925162, 0.13323290104215796, 0.13344781349102655, 0.13403962640201345, 0.1334994967494692, 0.13376877170342666, 0.1336229294538498, 0.13330526862825667, 0.1331154920838096, 0.13362440905150244, 0.1349678546190262, 0.13364664614200591, 0.13455060230834143, 0.13362612277269365, 0.13408718364579336, 0.1336625279749141, 0.13349618315696715, 0.13401905596256256, 0.13456552823384602, 0.13401727047231463, 0.13444751386459058, 0.13342981175942856, 0.13314752876758576, 0.13390381137530008, 0.13341333468755087, 0.13402209381262462, 0.1338326292378562, 0.13396317292662227, 0.13397576998580585, 0.13391668292192313, 0.13390673696994781, 0.13401879302480005, 0.13351239098442924, 0.133939943379826, 0.13362726494669913, 0.13408353924751282, 0.13501973011914423, 0.13361024297773838, 0.13470776279767355, 0.13408641125026502, 0.13485632159493186, 0.13425768539309502, 0.1339835035800934, 0.13430612658460936, 0.1344074122607708, 0.1339347127236818, 0.13447142004966736, 0.1341553098625607, 0.13377626240253448, 0.13330549970269204, 0.13408681005239487, 0.13310167599808087, 0.1334896283714395, 0.13355305304993753, 0.13386448119816027, 0.13395501375198365, 0.13343078311946657, 0.1340244607283519, 0.13356932550668715, 0.13374103292038567, 0.1336521467676869, 0.13388754924138388, 0.13459955794470652, 0.13374473943429835, 0.13285884509483972, 0.13390282690525054, 0.13399189710617065, 0.13350226120515304, 0.13401476542154947, 0.13360831969314152, 0.13341076536612076, 0.13373119277613504, 0.13305872976779937, 0.13364255842235354, 0.13425818342587043, 0.13428738315900166, 0.13469539353480706, 0.13428645531336467, 0.1340923821553588, 0.13364000245928764, 0.1339228759209315, 0.13399180964283322, 0.1334247663617134, 0.1332770420445336, 0.1335620604455471, 0.13351280689239503, 0.13417682974111467, 0.13380004705921297, 0.13406535548468432, 0.1339284884078162, 0.13353593532855695, 0.13392814472317696, 0.13391086991344178, 0.13381001488728958, 0.13390809974887155, 0.13403242329756418, 0.13361077476292849, 0.1340707548790508, 0.13411800116300582, 0.133581871787707, 0.13375881190101305, 0.1340730213201963, 0.1338794965010423, 0.13419583168896762, 0.13407609950412402, 0.13440288305282594, 0.13453813748700277, 0.1339948187271754, 0.13358147267033071, 0.13405157923698424, 0.13454933193596927, 0.13384083871330535, 0.1331489711999893, 0.13365366558233896, 0.13400803271092868, 0.1335757407359779, 0.13420811180885023, 0.1336358070373535, 0.1338750204214683, 0.13398396745324134, 0.13362212354938188, 0.13390111343728173, 0.13411574878475882, 0.13414471223950386, 0.133689185275751, 0.1333066008307717, 0.13408166617155076, 0.1340810777619481, 0.13365776482082548, 0.1337355226278305, 0.13367998600006104, 0.13318708240985871, 0.13394472241401673, 0.13415818442316615, 0.13381312110207297, 0.13310520350933075, 0.13416492126204752, 0.13379062794976765, 0.1344872643550237, 0.13414385169744492, 0.1338888689091331, 0.13332636760813849, 0.13432904275564048, 0.13329570943659003, 0.1342667960561812, 0.13344251838597385, 0.13468388627682412, 0.13510069847106934, 0.1338106177069924, 0.13373960669224078, 0.13442078097300095, 0.13402403342096428, 0.13396615862846376, 0.13333220332860946, 0.13465933750073114, 0.1337924072785037, 0.1341615396997203, 0.1341402055252166, 0.13369456407698718, 0.1331700989178249, 0.13438228585503317, 0.13476188629865646, 0.13316770575263284, 0.13360716551542282, 0.13324459235776553, 0.1339535117149353, 0.13384081224600475, 0.13396244699304755, 0.13355765640735626, 0.13308812913141752, 0.13347146809101104, 0.13394805838664373, 0.1341256578763326, 0.13349473476409912, 0.13424040851267902, 0.13394907223326818, 0.1347848723332087, 0.13411554907049453, 0.1336140066385269, 0.13333331392361567, 0.13356666639447212, 0.13388592234024635, 0.13387734646146948, 0.13367088351930892, 0.1338097123723281, 0.133718720326821, 0.1330283006032308, 0.13379346299916506, 0.13347584009170532, 0.13393633944146774, 0.13392107884089152, 0.13356514860476768, 0.1335017277913935, 0.13425050344732073, 0.13329843228513544, 0.13411117053550223, 0.13438348215201806, 0.13439138333002726, 0.13355969840830023, 0.13427909531376578, 0.13421278025792993, 0.1340685710310936, 0.1338328303475129, 0.1338071644306183, 0.1336338398978114, 0.13418492277463276, 0.13365491945296526, 0.13458145613020117, 0.13367220386862755, 0.13392185270786286, 0.13396404518021476, 0.1344665695320476, 0.13348701211713976, 0.13350527777391322, 0.1341343287910734, 0.13452940376905295, 0.13373022774855295, 0.13337846100330353, 0.1346505692130641, 0.13354680314660072, 0.1342836403184467, 0.13383900431486276, 0.1340140321037986, 0.13365978333685133, 0.13386089815979912, 0.13376210171442765, 0.1337855053799493, 0.1341552035883069, 0.13426753534720495, 0.13393002613024277, 0.13412209772146666, 0.13392595946788788, 0.13402549508545133, 0.1337177021347958, 0.13478844399963105, 0.1342027224600315, 0.13397445032993952, 0.13444830477237701, 0.1342174851646026, 0.1335878480564464, 0.13359724752830737, 0.13342151325196028, 0.1335469181338946, 0.13313664583598867, 0.134004713169166, 0.13373014496432412, 0.13355776011943818, 0.13384861666329054, 0.13442021082429326, 0.13435056592736924, 0.1336568772792816, 0.13391910213977098, 0.13409198448061943, 0.1331725459207188, 0.13411143693056973, 0.13426106355407022, 0.13367029333986888, 0.13408258025135314, 0.13419567163173968, 0.1342536047101021, 0.13352164511497205, 0.13348309376410075, 0.13455328230674451, 0.13398989118062532, 0.13375022013982138, 0.13269671255891974, 0.13338686296573052, 0.1341845980948872, 0.13427173477761886, 0.13414961541140522, 0.13404599480007007, 0.13365499675273895, 0.13357096108106467, 0.13343972091873488, 0.13414698974652725, 0.13433935186442206, 0.1336855505193983, 0.13359073363244534, 0.1339394381413093, 0.13396423310041428, 0.13302964397839137, 0.13389987846215565, 0.13395678423918211, 0.13432471564522497, 0.1330575861714103, 0.13347813735405603, 0.13387541743842038, 0.13318639496962228, 0.13417591402928034, 0.134118831406037, 0.13283201903104783, 0.13358110388120015, 0.13360734134912491, 0.13477147122224173, 0.13443161818114194, 0.1338371286789576, 0.1331402457186154, 0.13440465986728667, 0.13378674880816385, 0.13432476255628797, 0.13417080576930726, 0.13373556037743886, 0.13402517778532846, 0.13342334050685167, 0.13421408290212805, 0.13440009600975933, 0.13352782888845963, 0.13368982151150705, 0.1333311378955841, 0.13446515443779172, 0.13405544472777325, 0.1336344838142395, 0.1330475942655043, 0.13428756263520983, 0.13330804875918797, 0.13388581115465897, 0.13355155201519237, 0.13319637874762216, 0.13405636345085345, 0.13375913351774216, 0.13391403065008275, 0.13350068777799606, 0.13368199600113762, 0.13406551003456116, 0.13363483954559674, 0.1338522603114446, 0.1335544946293036, 0.13404888808727264, 0.13437990500376776, 0.1345137828274777, 0.13371085541115868, 0.13361801884391092, 0.13380067348480223, 0.13314632177352906, 0.13369635980704736, 0.13390989780426024, 0.1338288851082325, 0.1342023705894297, 0.13309466242790222, 0.13412637015183768, 0.13323797564953566, 0.13331948965787888, 0.13478038663213904, 0.1330265998840332, 0.1339503965444035, 0.1344909980893135, 0.13398083216614193, 0.1340928040444851, 0.1339482655748725, 0.1336362510919571, 0.1337597247051156, 0.1338448983927568, 0.133887124247849, 0.13370850546793503, 0.13385822198220662, 0.13338704336257207, 0.13354294747114182, 0.1335341284672419, 0.13342627195211557, 0.1341362905043822, 0.13395427380289351, 0.13418546484576332, 0.13391240164637566, 0.13246661831032147, 0.13411660141804638, 0.13363241266321252, 0.13352954313158988, 0.1342041973884289, 0.13372736175855002, 0.13407457576078527, 0.1335652783513069, 0.1342380007971888, 0.1342074895898501, 0.1338759809732437, 0.1339974135160446, 0.13328539580106735, 0.1341981939971447, 0.13392383158206939, 0.13390376369158427, 0.1336800737513436, 0.13388809892866346, 0.13318531607326708, 0.13428346812725067, 0.13386330008506775, 0.1344612010500648, 0.1335698852936427, 0.13409960399503293, 0.13308012891899457, 0.13463813743808054, 0.134214848279953, 0.1335437461733818, 0.13397392359646884, 0.13345122477039695, 0.1347210243344307, 0.13410246279090643, 0.13404127382315123, 0.13350143879652024, 0.13385105282068252, 0.13379503328066605, 0.13355580270290374, 0.13425178378820418, 0.13377117365598679, 0.13362109214067458, 0.1335721794101927, 0.13343719589082817, 0.13312546366995032, 0.13275335051796652, 0.13340969979763032, 0.13397595882415772, 0.13351608280624663, 0.1338362693786621, 0.1339325894912084, 0.13441619683395734, 0.13441477281351885, 0.13353711366653442, 0.1340117830605734, 0.13334420199195543, 0.13274094627963173, 0.13393848439057668, 0.1340533369465878, 0.13401560485363007, 0.1327991932630539, 0.13350415974855423, 0.1328454648072903, 0.1342030055820942, 0.1338623931010564, 0.13388611459069782, 0.13429055420251992, 0.13300433348525653, 0.13420464284718037, 0.13344864866563252, 0.1337697817520662, 0.13402541776498159, 0.133252477989747, 0.13362280428409576, 0.13423994183540344, 0.1340262402187694, 0.13392811365749524, 0.1341019374258975, 0.13395891406319357, 0.13347977896531424]}