('OC-FakeDect1 (Trained on DFDB Dataset)  \nTested on RND FaceShifter Dataset  \nRunning Average Evaluation', 'OC-FakeDect1_DFDB', 'DFDB', 'OC-FakeDect1_DFDB_raeonFSHFTrnd')
auroc=0.5191205334990333
f1=0.47245564892623715
prec=0.4423076923076923
recall=0.5070140280561122

fpr=[0.0, 0.46877296105804556, 1.0]

tpr=[0.0, 0.5070140280561122, 1.0]

y_true=[0, 0, 0, 0, 0, 0, 0, 0, 0, 0, 0, 0, 0, 0, 0, 0, 0, 0, 0, 0, 0, 0, 0, 0, 0, 0, 0, 0, 0, 0, 0, 0, 0, 0, 0, 0, 0, 0, 0, 0, 0, 0, 0, 0, 0, 0, 0, 0, 0, 0, 0, 0, 0, 0, 0, 0, 0, 0, 0, 0, 0, 0, 0, 0, 0, 0, 0, 0, 0, 0, 0, 0, 0, 0, 0, 0, 0, 0, 0, 0, 0, 0, 0, 0, 0, 0, 0, 0, 0, 0, 0, 0, 0, 0, 0, 0, 0, 0, 0, 0, 0, 0, 0, 0, 0, 0, 0, 0, 0, 0, 0, 0, 0, 0, 0, 0, 0, 0, 0, 0, 0, 0, 0, 0, 0, 0, 0, 0, 0, 0, 0, 0, 0, 0, 0, 0, 0, 0, 0, 0, 0, 0, 0, 0, 0, 0, 0, 0, 0, 0, 0, 0, 0, 0, 0, 0, 0, 0, 0, 0, 0, 0, 0, 0, 0, 0, 0, 0, 0, 0, 0, 0, 0, 0, 0, 0, 0, 0, 0, 0, 0, 0, 0, 0, 0, 0, 0, 0, 0, 0, 0, 0, 0, 0, 0, 0, 0, 0, 0, 0, 0, 0, 0, 0, 0, 0, 0, 0, 0, 0, 0, 0, 0, 0, 0, 0, 0, 0, 0, 0, 0, 0, 0, 0, 0, 0, 0, 0, 0, 0, 0, 0, 0, 0, 0, 0, 0, 0, 0, 0, 0, 0, 0, 0, 0, 0, 0, 0, 0, 0, 0, 0, 0, 0, 0, 0, 0, 0, 0, 0, 0, 0, 0, 0, 0, 0, 0, 0, 0, 0, 0, 0, 0, 0, 0, 0, 0, 0, 0, 0, 0, 0, 0, 0, 0, 0, 0, 0, 0, 0, 0, 0, 0, 0, 0, 0, 0, 0, 0, 0, 0, 0, 0, 0, 0, 0, 0, 0, 0, 0, 0, 0, 0, 0, 0, 0, 0, 0, 0, 0, 0, 0, 0, 0, 0, 0, 0, 0, 0, 0, 0, 0, 0, 0, 0, 0, 0, 0, 0, 0, 0, 0, 0, 0, 0, 0, 0, 0, 0, 0, 0, 0, 0, 0, 0, 0, 0, 0, 0, 0, 0, 0, 0, 0, 0, 0, 0, 0, 0, 0, 0, 0, 0, 0, 0, 0, 0, 0, 0, 0, 0, 0, 0, 0, 0, 0, 0, 0, 0, 0, 0, 0, 0, 0, 0, 0, 0, 0, 0, 0, 0, 0, 0, 0, 0, 0, 0, 0, 0, 0, 0, 0, 0, 0, 0, 0, 0, 0, 0, 0, 0, 0, 0, 0, 0, 0, 0, 0, 0, 0, 0, 0, 0, 0, 0, 0, 0, 0, 0, 0, 0, 0, 0, 0, 0, 0, 0, 0, 0, 0, 0, 0, 0, 0, 0, 0, 0, 0, 0, 0, 0, 0, 0, 0, 0, 0, 0, 0, 0, 0, 0, 0, 0, 0, 0, 0, 0, 0, 0, 0, 0, 0, 0, 0, 0, 0, 0, 0, 0, 0, 0, 0, 0, 0, 0, 0, 0, 0, 0, 0, 0, 0, 0, 0, 0, 0, 0, 0, 0, 0, 0, 0, 0, 0, 0, 0, 0, 0, 0, 0, 0, 0, 0, 0, 0, 0, 0, 0, 0, 0, 0, 0, 0, 0, 0, 0, 0, 0, 0, 0, 0, 0, 0, 0, 0, 0, 0, 0, 0, 0, 0, 0, 0, 0, 0, 0, 0, 0, 0, 0, 0, 0, 0, 0, 0, 0, 0, 0, 0, 0, 0, 0, 0, 0, 0, 0, 0, 0, 0, 0, 0, 0, 0, 0, 0, 0, 0, 0, 0, 0, 0, 0, 0, 0, 0, 0, 0, 0, 0, 0, 0, 0, 0, 0, 0, 0, 0, 0, 0, 0, 0, 0, 0, 0, 0, 0, 0, 0, 0, 0, 0, 0, 0, 0, 0, 0, 0, 0, 0, 0, 0, 0, 0, 0, 0, 0, 0, 0, 0, 0, 0, 0, 0, 0, 0, 0, 0, 0, 0, 0, 0, 0, 0, 0, 0, 0, 0, 0, 0, 0, 0, 0, 0, 0, 0, 0, 0, 0, 0, 0, 0, 0, 0, 0, 0, 0, 0, 0, 0, 0, 0, 0, 0, 0, 0, 0, 0, 0, 0, 0, 0, 0, 0, 0, 0, 0, 0, 0, 0, 0, 0, 0, 0, 0, 0, 0, 0, 0, 0, 0, 0, 0, 0, 0, 0, 0, 0, 0, 0, 0, 0, 0, 0, 0, 0, 0, 0, 0, 0, 0, 0, 0, 0, 0, 0, 0, 0, 0, 0, 0, 0, 0, 0, 0, 0, 0, 0, 0, 0, 0, 0, 0, 0, 0, 0, 0, 0, 0, 0, 0, 0, 0, 0, 0, 0, 0, 0, 0, 0, 0, 0, 0, 0, 0, 0, 0, 0, 0, 0, 0, 0, 0, 0, 0, 0, 0, 0, 0, 0, 0, 0, 0, 0, 0, 0, 0, 0, 0, 0, 0, 0, 0, 0, 0, 0, 0, 0, 0, 0, 0, 0, 0, 0, 0, 0, 0, 0, 0, 0, 0, 0, 0, 0, 0, 0, 0, 0, 0, 0, 0, 0, 0, 0, 0, 0, 0, 0, 0, 0, 0, 0, 0, 0, 0, 0, 0, 0, 0, 0, 0, 0, 0, 0, 0, 0, 0, 0, 0, 0, 0, 0, 0, 0, 0, 0, 0, 0, 0, 0, 0, 0, 0, 0, 0, 0, 0, 0, 0, 0, 0, 0, 0, 0, 0, 0, 0, 0, 0, 0, 0, 0, 0, 0, 0, 0, 0, 0, 0, 0, 0, 0, 0, 0, 0, 0, 0, 0, 0, 0, 0, 0, 0, 0, 0, 0, 0, 0, 0, 0, 0, 0, 0, 0, 0, 0, 0, 0, 0, 0, 0, 0, 0, 0, 0, 0, 0, 0, 0, 0, 0, 0, 0, 0, 0, 0, 0, 0, 0, 0, 0, 0, 0, 0, 0, 0, 0, 0, 0, 0, 0, 0, 0, 0, 0, 0, 0, 0, 0, 0, 0, 0, 0, 0, 0, 0, 0, 0, 0, 0, 0, 0, 0, 0, 0, 0, 0, 0, 0, 0, 0, 0, 0, 0, 0, 0, 0, 0, 0, 0, 0, 0, 0, 0, 0, 0, 0, 0, 0, 0, 0, 0, 0, 0, 0, 0, 0, 0, 0, 0, 0, 0, 0, 0, 0, 0, 0, 0, 0, 0, 0, 0, 0, 0, 0, 0, 0, 0, 0, 0, 0, 0, 0, 0, 0, 0, 0, 0, 0, 0, 0, 0, 0, 0, 0, 0, 0, 0, 0, 0, 0, 0, 0, 0, 0, 0, 0, 0, 0, 0, 0, 0, 0, 0, 0, 0, 0, 0, 0, 0, 0, 0, 0, 0, 0, 0, 0, 0, 0, 0, 0, 0, 0, 0, 0, 0, 0, 0, 0, 0, 0, 0, 0, 0, 0, 0, 0, 0, 0, 0, 0, 0, 0, 0, 0, 0, 0, 0, 0, 0, 0, 0, 0, 0, 0, 0, 0, 0, 0, 0, 0, 0, 0, 0, 0, 0, 0, 0, 0, 0, 0, 0, 0, 0, 0, 0, 0, 0, 0, 0, 0, 0, 0, 0, 0, 0, 0, 0, 0, 0, 0, 0, 0, 0, 0, 0, 0, 0, 0, 0, 0, 0, 0, 0, 0, 0, 0, 0, 0, 0, 0, 0, 0, 0, 0, 0, 0, 0, 0, 0, 0, 0, 0, 0, 0, 0, 0, 0, 0, 0, 0, 0, 0, 0, 0, 0, 0, 0, 0, 0, 0, 0, 0, 0, 0, 0, 0, 0, 0, 0, 0, 0, 0, 0, 0, 0, 0, 0, 0, 0, 0, 0, 0, 0, 0, 0, 0, 0, 0, 0, 0, 0, 0, 0, 0, 0, 0, 0, 0, 0, 0, 0, 0, 0, 0, 0, 0, 0, 0, 0, 0, 0, 0, 0, 0, 0, 0, 0, 0, 0, 0, 0, 0, 0, 0, 0, 0, 0, 0, 0, 0, 0, 0, 0, 0, 0, 0, 0, 0, 0, 0, 0, 0, 0, 0, 0, 0, 0, 0, 0, 0, 0, 0, 0, 0, 0, 0, 0, 0, 0, 0, 0, 0, 0, 0, 0, 0, 0, 0, 0, 0, 0, 0, 0, 0, 0, 0, 0, 0, 0, 0, 0, 0, 0, 0, 0, 0, 0, 0, 0, 0, 0, 0, 0, 0, 0, 0, 0, 0, 0, 0, 0, 0, 0, 0, 0, 0, 0, 0, 0, 0, 0, 1, 1, 1, 1, 1, 1, 1, 1, 1, 1, 1, 1, 1, 1, 1, 1, 1, 1, 1, 1, 1, 1, 1, 1, 1, 1, 1, 1, 1, 1, 1, 1, 1, 1, 1, 1, 1, 1, 1, 1, 1, 1, 1, 1, 1, 1, 1, 1, 1, 1, 1, 1, 1, 1, 1, 1, 1, 1, 1, 1, 1, 1, 1, 1, 1, 1, 1, 1, 1, 1, 1, 1, 1, 1, 1, 1, 1, 1, 1, 1, 1, 1, 1, 1, 1, 1, 1, 1, 1, 1, 1, 1, 1, 1, 1, 1, 1, 1, 1, 1, 1, 1, 1, 1, 1, 1, 1, 1, 1, 1, 1, 1, 1, 1, 1, 1, 1, 1, 1, 1, 1, 1, 1, 1, 1, 1, 1, 1, 1, 1, 1, 1, 1, 1, 1, 1, 1, 1, 1, 1, 1, 1, 1, 1, 1, 1, 1, 1, 1, 1, 1, 1, 1, 1, 1, 1, 1, 1, 1, 1, 1, 1, 1, 1, 1, 1, 1, 1, 1, 1, 1, 1, 1, 1, 1, 1, 1, 1, 1, 1, 1, 1, 1, 1, 1, 1, 1, 1, 1, 1, 1, 1, 1, 1, 1, 1, 1, 1, 1, 1, 1, 1, 1, 1, 1, 1, 1, 1, 1, 1, 1, 1, 1, 1, 1, 1, 1, 1, 1, 1, 1, 1, 1, 1, 1, 1, 1, 1, 1, 1, 1, 1, 1, 1, 1, 1, 1, 1, 1, 1, 1, 1, 1, 1, 1, 1, 1, 1, 1, 1, 1, 1, 1, 1, 1, 1, 1, 1, 1, 1, 1, 1, 1, 1, 1, 1, 1, 1, 1, 1, 1, 1, 1, 1, 1, 1, 1, 1, 1, 1, 1, 1, 1, 1, 1, 1, 1, 1, 1, 1, 1, 1, 1, 1, 1, 1, 1, 1, 1, 1, 1, 1, 1, 1, 1, 1, 1, 1, 1, 1, 1, 1, 1, 1, 1, 1, 1, 1, 1, 1, 1, 1, 1, 1, 1, 1, 1, 1, 1, 1, 1, 1, 1, 1, 1, 1, 1, 1, 1, 1, 1, 1, 1, 1, 1, 1, 1, 1, 1, 1, 1, 1, 1, 1, 1, 1, 1, 1, 1, 1, 1, 1, 1, 1, 1, 1, 1, 1, 1, 1, 1, 1, 1, 1, 1, 1, 1, 1, 1, 1, 1, 1, 1, 1, 1, 1, 1, 1, 1, 1, 1, 1, 1, 1, 1, 1, 1, 1, 1, 1, 1, 1, 1, 1, 1, 1, 1, 1, 1, 1, 1, 1, 1, 1, 1, 1, 1, 1, 1, 1, 1, 1, 1, 1, 1, 1, 1, 1, 1, 1, 1, 1, 1, 1, 1, 1, 1, 1, 1, 1, 1, 1, 1, 1, 1, 1, 1, 1, 1, 1, 1, 1, 1, 1, 1, 1, 1, 1, 1, 1, 1, 1, 1, 1, 1, 1, 1, 1, 1, 1, 1, 1, 1, 1, 1, 1, 1, 1, 1, 1, 1, 1, 1, 1, 1, 1, 1, 1, 1, 1, 1, 1, 1, 1, 1, 1, 1, 1, 1, 1, 1, 1, 1, 1, 1, 1, 1, 1, 1, 1, 1, 1, 1, 1, 1, 1, 1, 1, 1, 1, 1, 1, 1, 1, 1, 1, 1, 1, 1, 1, 1, 1, 1, 1, 1, 1, 1, 1, 1, 1, 1, 1, 1, 1, 1, 1, 1, 1, 1, 1, 1, 1, 1, 1, 1, 1, 1, 1, 1, 1, 1, 1, 1, 1, 1, 1, 1, 1, 1, 1, 1, 1, 1, 1, 1, 1, 1, 1, 1, 1, 1, 1, 1, 1, 1, 1, 1, 1, 1, 1, 1, 1, 1, 1, 1, 1, 1, 1, 1, 1, 1, 1, 1, 1, 1, 1, 1, 1, 1, 1, 1, 1, 1, 1, 1, 1, 1, 1, 1, 1, 1, 1, 1, 1, 1, 1, 1, 1, 1, 1, 1, 1, 1, 1, 1, 1, 1, 1, 1, 1, 1, 1, 1, 1, 1, 1, 1, 1, 1, 1, 1, 1, 1, 1, 1, 1, 1, 1, 1, 1, 1, 1, 1, 1, 1, 1, 1, 1, 1, 1, 1, 1, 1, 1, 1, 1, 1, 1, 1, 1, 1, 1, 1, 1, 1, 1, 1, 1, 1, 1, 1, 1, 1, 1, 1, 1, 1, 1, 1, 1, 1, 1, 1, 1, 1, 1, 1, 1, 1, 1, 1, 1, 1, 1, 1, 1, 1, 1, 1, 1, 1, 1, 1, 1, 1, 1, 1, 1, 1, 1, 1, 1, 1, 1, 1, 1, 1, 1, 1, 1, 1, 1, 1, 1, 1, 1, 1, 1, 1, 1, 1, 1, 1, 1, 1, 1, 1, 1, 1, 1, 1, 1, 1, 1, 1, 1, 1, 1, 1, 1, 1, 1, 1, 1, 1, 1, 1, 1, 1, 1, 1, 1, 1, 1, 1, 1, 1, 1, 1, 1, 1, 1, 1, 1, 1, 1, 1, 1, 1, 1, 1, 1, 1, 1, 1, 1, 1, 1, 1, 1, 1, 1, 1, 1, 1, 1, 1, 1, 1, 1, 1, 1, 1, 1, 1, 1, 1, 1, 1, 1, 1, 1, 1, 1, 1, 1, 1, 1, 1, 1, 1, 1, 1, 1, 1, 1, 1, 1, 1, 1, 1, 1, 1, 1, 1, 1, 1, 1, 1, 1, 1, 1, 1, 1, 1, 1, 1, 1, 1, 1, 1, 1, 1, 1, 1, 1, 1, 1, 1, 1, 1, 1, 1, 1, 1, 1, 1, 1, 1, 1, 1, 1, 1, 1, 1, 1, 1, 1, 1, 1, 1, 1, 1, 1, 1, 1, 1, 1, 1, 1, 1, 1, 1, 1, 1, 1, 1, 1, 1, 1, 1, 1, 1, 1, 1, 1, 1, 1, 1, 1, 1, 1, 1, 1, 1, 1, 1, 1, 1, 1, 1, 1, 1, 1, 1, 1, 1, 1, 1, 1, 1, 1, 1, 1, 1, 1, 1, 1, 1, 1, 1, 1, 1, 1, 1, 1, 1, 1, 1, 1, 1, 1, 1, 1, 1, 1, 1, 1, 1, 1, 1, 1, 1, 1, 1, 1, 1, 1, 1, 1, 1, 1, 1, 1, 1, 1, 1, 1]

y_pred=[1.0, 1.0, 0.0, 1.0, 1.0, 0.0, 1.0, 1.0, 0.0, 0.0, 1.0, 0.0, 0.0, 1.0, 1.0, 1.0, 1.0, 1.0, 0.0, 1.0, 0.0, 0.0, 0.0, 1.0, 1.0, 0.0, 1.0, 0.0, 1.0, 1.0, 0.0, 1.0, 1.0, 0.0, 0.0, 0.0, 1.0, 1.0, 1.0, 1.0, 0.0, 0.0, 1.0, 1.0, 1.0, 0.0, 0.0, 0.0, 1.0, 1.0, 1.0, 1.0, 0.0, 0.0, 0.0, 0.0, 0.0, 1.0, 1.0, 0.0, 0.0, 0.0, 1.0, 1.0, 0.0, 0.0, 0.0, 0.0, 1.0, 1.0, 1.0, 0.0, 0.0, 0.0, 0.0, 1.0, 0.0, 1.0, 0.0, 0.0, 0.0, 1.0, 0.0, 0.0, 1.0, 1.0, 1.0, 0.0, 0.0, 0.0, 0.0, 1.0, 0.0, 1.0, 0.0, 1.0, 1.0, 0.0, 0.0, 1.0, 0.0, 1.0, 1.0, 1.0, 1.0, 0.0, 1.0, 0.0, 0.0, 1.0, 0.0, 1.0, 1.0, 1.0, 0.0, 1.0, 0.0, 1.0, 0.0, 1.0, 0.0, 1.0, 1.0, 0.0, 0.0, 1.0, 0.0, 1.0, 0.0, 1.0, 0.0, 0.0, 0.0, 1.0, 1.0, 0.0, 0.0, 1.0, 1.0, 1.0, 1.0, 0.0, 0.0, 1.0, 0.0, 1.0, 0.0, 0.0, 0.0, 1.0, 0.0, 0.0, 0.0, 0.0, 0.0, 1.0, 0.0, 0.0, 1.0, 0.0, 1.0, 1.0, 0.0, 1.0, 0.0, 1.0, 0.0, 0.0, 1.0, 1.0, 0.0, 1.0, 0.0, 0.0, 0.0, 1.0, 0.0, 1.0, 0.0, 0.0, 0.0, 0.0, 0.0, 1.0, 0.0, 1.0, 0.0, 1.0, 0.0, 1.0, 0.0, 0.0, 1.0, 1.0, 1.0, 0.0, 0.0, 0.0, 0.0, 0.0, 0.0, 0.0, 1.0, 0.0, 1.0, 1.0, 1.0, 0.0, 1.0, 1.0, 0.0, 1.0, 1.0, 0.0, 0.0, 1.0, 0.0, 0.0, 1.0, 0.0, 1.0, 0.0, 0.0, 0.0, 0.0, 0.0, 1.0, 0.0, 0.0, 1.0, 0.0, 1.0, 1.0, 0.0, 0.0, 0.0, 0.0, 0.0, 1.0, 1.0, 1.0, 1.0, 1.0, 0.0, 0.0, 1.0, 0.0, 1.0, 1.0, 0.0, 1.0, 0.0, 1.0, 0.0, 0.0, 0.0, 0.0, 1.0, 0.0, 0.0, 1.0, 0.0, 1.0, 1.0, 1.0, 1.0, 0.0, 0.0, 0.0, 0.0, 1.0, 1.0, 0.0, 1.0, 0.0, 0.0, 0.0, 1.0, 0.0, 0.0, 0.0, 0.0, 1.0, 1.0, 1.0, 0.0, 0.0, 0.0, 1.0, 1.0, 0.0, 1.0, 0.0, 0.0, 0.0, 0.0, 1.0, 1.0, 1.0, 0.0, 1.0, 0.0, 0.0, 0.0, 1.0, 1.0, 0.0, 0.0, 0.0, 1.0, 1.0, 0.0, 1.0, 1.0, 1.0, 0.0, 1.0, 0.0, 0.0, 1.0, 0.0, 1.0, 1.0, 1.0, 0.0, 1.0, 1.0, 0.0, 1.0, 1.0, 0.0, 1.0, 0.0, 0.0, 0.0, 1.0, 0.0, 1.0, 0.0, 0.0, 0.0, 1.0, 0.0, 0.0, 0.0, 0.0, 0.0, 1.0, 1.0, 0.0, 1.0, 0.0, 0.0, 0.0, 0.0, 0.0, 1.0, 1.0, 0.0, 1.0, 0.0, 0.0, 0.0, 0.0, 0.0, 0.0, 0.0, 0.0, 1.0, 0.0, 0.0, 1.0, 0.0, 0.0, 0.0, 0.0, 1.0, 0.0, 0.0, 1.0, 1.0, 0.0, 1.0, 1.0, 1.0, 0.0, 0.0, 1.0, 1.0, 0.0, 0.0, 1.0, 0.0, 0.0, 0.0, 0.0, 1.0, 1.0, 0.0, 1.0, 0.0, 0.0, 0.0, 1.0, 0.0, 1.0, 0.0, 1.0, 0.0, 0.0, 0.0, 0.0, 1.0, 1.0, 0.0, 0.0, 0.0, 0.0, 1.0, 0.0, 0.0, 1.0, 1.0, 1.0, 0.0, 1.0, 1.0, 1.0, 1.0, 0.0, 0.0, 1.0, 0.0, 1.0, 0.0, 1.0, 0.0, 0.0, 0.0, 0.0, 1.0, 0.0, 1.0, 0.0, 1.0, 0.0, 0.0, 1.0, 0.0, 0.0, 1.0, 0.0, 1.0, 1.0, 0.0, 0.0, 1.0, 0.0, 1.0, 1.0, 1.0, 0.0, 1.0, 0.0, 1.0, 1.0, 0.0, 1.0, 0.0, 1.0, 0.0, 1.0, 1.0, 0.0, 0.0, 0.0, 0.0, 1.0, 0.0, 1.0, 1.0, 1.0, 0.0, 0.0, 0.0, 0.0, 0.0, 1.0, 1.0, 0.0, 1.0, 1.0, 1.0, 0.0, 0.0, 1.0, 1.0, 1.0, 0.0, 1.0, 0.0, 0.0, 0.0, 0.0, 0.0, 0.0, 0.0, 1.0, 1.0, 1.0, 1.0, 1.0, 0.0, 1.0, 0.0, 1.0, 1.0, 1.0, 0.0, 0.0, 1.0, 0.0, 0.0, 0.0, 0.0, 1.0, 1.0, 1.0, 0.0, 1.0, 1.0, 0.0, 1.0, 0.0, 1.0, 0.0, 0.0, 0.0, 0.0, 1.0, 0.0, 0.0, 1.0, 0.0, 1.0, 0.0, 0.0, 1.0, 1.0, 1.0, 1.0, 0.0, 0.0, 1.0, 0.0, 0.0, 0.0, 1.0, 0.0, 1.0, 0.0, 0.0, 1.0, 0.0, 1.0, 0.0, 0.0, 0.0, 0.0, 1.0, 0.0, 0.0, 1.0, 0.0, 0.0, 1.0, 0.0, 0.0, 1.0, 1.0, 0.0, 1.0, 0.0, 1.0, 0.0, 0.0, 0.0, 0.0, 0.0, 1.0, 0.0, 1.0, 0.0, 0.0, 1.0, 1.0, 1.0, 0.0, 1.0, 1.0, 1.0, 0.0, 1.0, 0.0, 1.0, 0.0, 1.0, 1.0, 1.0, 0.0, 1.0, 1.0, 0.0, 0.0, 1.0, 0.0, 0.0, 0.0, 0.0, 0.0, 0.0, 1.0, 1.0, 0.0, 1.0, 0.0, 1.0, 1.0, 1.0, 0.0, 0.0, 1.0, 0.0, 0.0, 1.0, 0.0, 1.0, 1.0, 1.0, 0.0, 0.0, 0.0, 0.0, 1.0, 0.0, 0.0, 0.0, 0.0, 1.0, 0.0, 1.0, 1.0, 1.0, 0.0, 1.0, 0.0, 0.0, 0.0, 1.0, 0.0, 0.0, 0.0, 0.0, 0.0, 0.0, 0.0, 0.0, 0.0, 0.0, 0.0, 0.0, 1.0, 0.0, 1.0, 1.0, 0.0, 1.0, 0.0, 1.0, 1.0, 0.0, 0.0, 0.0, 0.0, 1.0, 1.0, 1.0, 1.0, 0.0, 0.0, 1.0, 1.0, 0.0, 0.0, 1.0, 1.0, 1.0, 1.0, 1.0, 1.0, 0.0, 1.0, 1.0, 1.0, 0.0, 1.0, 1.0, 1.0, 1.0, 0.0, 1.0, 1.0, 1.0, 0.0, 1.0, 1.0, 1.0, 1.0, 0.0, 1.0, 0.0, 0.0, 1.0, 0.0, 1.0, 1.0, 0.0, 0.0, 1.0, 1.0, 1.0, 0.0, 1.0, 0.0, 0.0, 1.0, 1.0, 1.0, 0.0, 0.0, 1.0, 0.0, 1.0, 0.0, 0.0, 0.0, 0.0, 1.0, 0.0, 1.0, 0.0, 0.0, 1.0, 0.0, 1.0, 0.0, 1.0, 1.0, 0.0, 1.0, 1.0, 0.0, 0.0, 0.0, 1.0, 0.0, 0.0, 1.0, 0.0, 1.0, 0.0, 1.0, 1.0, 0.0, 0.0, 1.0, 1.0, 1.0, 1.0, 1.0, 1.0, 0.0, 1.0, 0.0, 0.0, 1.0, 1.0, 1.0, 1.0, 1.0, 1.0, 1.0, 1.0, 0.0, 1.0, 1.0, 1.0, 0.0, 0.0, 1.0, 1.0, 0.0, 0.0, 1.0, 0.0, 1.0, 1.0, 1.0, 0.0, 0.0, 1.0, 1.0, 1.0, 1.0, 0.0, 1.0, 1.0, 1.0, 0.0, 0.0, 1.0, 0.0, 0.0, 1.0, 0.0, 1.0, 0.0, 0.0, 0.0, 1.0, 0.0, 1.0, 0.0, 0.0, 1.0, 0.0, 1.0, 1.0, 0.0, 1.0, 0.0, 0.0, 1.0, 1.0, 0.0, 0.0, 0.0, 1.0, 0.0, 1.0, 1.0, 0.0, 1.0, 0.0, 1.0, 1.0, 0.0, 0.0, 0.0, 1.0, 0.0, 1.0, 0.0, 1.0, 1.0, 0.0, 0.0, 1.0, 1.0, 1.0, 1.0, 0.0, 1.0, 0.0, 1.0, 0.0, 0.0, 1.0, 1.0, 0.0, 1.0, 1.0, 1.0, 0.0, 0.0, 0.0, 0.0, 1.0, 0.0, 0.0, 0.0, 1.0, 1.0, 0.0, 0.0, 0.0, 1.0, 0.0, 1.0, 0.0, 0.0, 0.0, 1.0, 1.0, 1.0, 1.0, 1.0, 0.0, 0.0, 0.0, 1.0, 1.0, 1.0, 1.0, 1.0, 0.0, 0.0, 1.0, 0.0, 1.0, 0.0, 0.0, 1.0, 0.0, 0.0, 1.0, 0.0, 1.0, 1.0, 0.0, 1.0, 0.0, 1.0, 1.0, 0.0, 0.0, 1.0, 1.0, 0.0, 1.0, 0.0, 1.0, 0.0, 1.0, 0.0, 0.0, 1.0, 0.0, 0.0, 0.0, 0.0, 1.0, 0.0, 1.0, 1.0, 0.0, 1.0, 0.0, 1.0, 1.0, 0.0, 0.0, 0.0, 0.0, 1.0, 0.0, 1.0, 0.0, 1.0, 1.0, 1.0, 1.0, 0.0, 1.0, 1.0, 0.0, 0.0, 1.0, 0.0, 0.0, 1.0, 1.0, 1.0, 0.0, 0.0, 1.0, 1.0, 1.0, 0.0, 1.0, 0.0, 1.0, 1.0, 0.0, 1.0, 0.0, 0.0, 0.0, 1.0, 1.0, 0.0, 0.0, 0.0, 0.0, 1.0, 0.0, 1.0, 1.0, 1.0, 0.0, 1.0, 1.0, 0.0, 0.0, 1.0, 1.0, 0.0, 1.0, 1.0, 0.0, 0.0, 0.0, 0.0, 0.0, 1.0, 0.0, 0.0, 1.0, 0.0, 1.0, 1.0, 0.0, 0.0, 0.0, 1.0, 0.0, 0.0, 1.0, 0.0, 0.0, 0.0, 1.0, 1.0, 0.0, 1.0, 0.0, 1.0, 0.0, 0.0, 0.0, 0.0, 0.0, 1.0, 1.0, 1.0, 0.0, 0.0, 1.0, 1.0, 1.0, 1.0, 0.0, 0.0, 1.0, 1.0, 0.0, 1.0, 0.0, 0.0, 1.0, 0.0, 1.0, 1.0, 0.0, 0.0, 1.0, 1.0, 0.0, 0.0, 1.0, 1.0, 0.0, 0.0, 1.0, 1.0, 1.0, 1.0, 1.0, 0.0, 1.0, 0.0, 1.0, 0.0, 1.0, 0.0, 1.0, 0.0, 0.0, 1.0, 1.0, 1.0, 0.0, 0.0, 1.0, 0.0, 1.0, 1.0, 1.0, 0.0, 0.0, 1.0, 0.0, 0.0, 1.0, 1.0, 0.0, 1.0, 0.0, 0.0, 1.0, 1.0, 0.0, 1.0, 1.0, 0.0, 0.0, 0.0, 0.0, 0.0, 1.0, 1.0, 1.0, 0.0, 1.0, 0.0, 0.0, 1.0, 0.0, 1.0, 0.0, 0.0, 1.0, 1.0, 1.0, 0.0, 0.0, 0.0, 0.0, 1.0, 1.0, 0.0, 1.0, 0.0, 1.0, 0.0, 1.0, 0.0, 0.0, 0.0, 0.0, 0.0, 1.0, 0.0, 1.0, 0.0, 1.0, 0.0, 1.0, 1.0, 0.0, 0.0, 1.0, 0.0, 1.0, 1.0, 1.0, 0.0, 0.0, 0.0, 0.0, 1.0, 0.0, 0.0, 0.0, 0.0, 1.0, 0.0, 0.0, 0.0, 1.0, 0.0, 1.0, 0.0, 0.0, 1.0, 1.0, 0.0, 1.0, 0.0, 0.0, 1.0, 0.0, 0.0, 1.0, 0.0, 0.0, 0.0, 1.0, 1.0, 1.0, 0.0, 0.0, 1.0, 1.0, 0.0, 0.0, 0.0, 1.0, 0.0, 0.0, 1.0, 0.0, 1.0, 0.0, 1.0, 0.0, 0.0, 1.0, 0.0, 1.0, 0.0, 0.0, 0.0, 1.0, 1.0, 1.0, 0.0, 1.0, 1.0, 0.0, 1.0, 0.0, 0.0, 0.0, 1.0, 1.0, 1.0, 0.0, 1.0, 0.0, 0.0, 1.0, 0.0, 1.0, 1.0, 0.0, 1.0, 0.0, 0.0, 0.0, 1.0, 1.0, 0.0, 0.0, 1.0, 0.0, 1.0, 0.0, 1.0, 1.0, 1.0, 1.0, 0.0, 0.0, 1.0, 0.0, 1.0, 0.0, 1.0, 0.0, 1.0, 0.0, 1.0, 1.0, 0.0, 0.0, 0.0, 0.0, 0.0, 0.0, 1.0, 1.0, 0.0, 0.0, 0.0, 1.0, 0.0, 0.0, 0.0, 0.0, 1.0, 0.0, 1.0, 1.0, 0.0, 0.0, 1.0, 1.0, 0.0, 0.0, 1.0, 0.0, 0.0, 1.0, 1.0, 1.0, 1.0, 0.0, 0.0, 1.0, 0.0, 1.0, 0.0, 1.0, 0.0, 1.0, 1.0, 0.0, 0.0, 0.0, 0.0, 1.0, 1.0, 0.0, 0.0, 1.0, 1.0, 1.0, 0.0, 0.0, 1.0, 1.0, 0.0, 0.0, 0.0, 1.0, 0.0, 1.0, 0.0, 1.0, 0.0, 0.0, 1.0, 1.0, 1.0, 0.0, 0.0, 0.0, 1.0, 0.0, 1.0, 1.0, 0.0, 1.0, 1.0, 1.0, 1.0, 1.0, 0.0, 0.0, 1.0, 1.0, 1.0, 0.0, 1.0, 1.0, 1.0, 0.0, 1.0, 0.0, 1.0, 0.0, 1.0, 0.0, 1.0, 1.0, 1.0, 1.0, 1.0, 1.0, 0.0, 1.0, 0.0, 0.0, 1.0, 0.0, 1.0, 1.0, 1.0, 1.0, 1.0, 0.0, 1.0, 1.0, 0.0, 0.0, 0.0, 1.0, 1.0, 0.0, 1.0, 0.0, 1.0, 0.0, 1.0, 0.0, 1.0, 0.0, 0.0, 1.0, 0.0, 0.0, 0.0, 0.0, 1.0, 1.0, 0.0, 1.0, 0.0, 0.0, 0.0, 1.0, 1.0, 0.0, 0.0, 0.0, 1.0, 0.0, 1.0, 1.0, 0.0, 1.0, 1.0, 0.0, 0.0, 0.0, 0.0, 1.0, 0.0, 1.0, 1.0, 1.0, 1.0, 0.0, 1.0, 0.0, 1.0, 0.0, 0.0, 1.0, 0.0, 1.0, 1.0, 1.0, 0.0, 0.0, 0.0, 1.0, 1.0, 0.0, 1.0, 1.0, 1.0, 1.0, 1.0, 1.0, 0.0, 1.0, 0.0, 0.0, 0.0, 1.0, 1.0, 1.0, 0.0, 1.0, 1.0, 1.0, 0.0, 1.0, 1.0, 0.0, 0.0, 0.0, 0.0, 0.0, 1.0, 0.0, 0.0, 1.0, 0.0, 0.0, 0.0, 0.0, 1.0, 1.0, 0.0, 0.0, 1.0, 0.0, 0.0, 0.0, 1.0, 1.0, 0.0, 1.0, 0.0, 1.0, 1.0, 1.0, 0.0, 1.0, 0.0, 1.0, 0.0, 0.0, 1.0, 0.0, 1.0, 0.0, 1.0, 1.0, 0.0, 0.0, 1.0, 0.0, 1.0, 1.0, 0.0, 1.0, 0.0, 1.0, 0.0, 0.0, 0.0, 0.0, 0.0, 0.0, 1.0, 0.0, 1.0, 0.0, 1.0, 0.0, 1.0, 0.0, 0.0, 1.0, 0.0, 0.0, 1.0, 1.0, 1.0, 0.0, 0.0, 1.0, 0.0, 0.0, 0.0, 0.0, 1.0, 1.0, 1.0, 0.0, 0.0, 0.0, 1.0, 1.0, 0.0, 1.0, 1.0, 0.0, 0.0, 0.0, 1.0, 0.0, 0.0, 1.0, 0.0, 0.0, 1.0, 0.0, 1.0, 0.0, 1.0, 1.0, 0.0, 1.0, 0.0, 1.0, 0.0, 0.0, 0.0, 0.0, 0.0, 0.0, 1.0, 1.0, 0.0, 1.0, 1.0, 1.0, 1.0, 0.0, 1.0, 0.0, 0.0, 0.0, 1.0, 1.0, 0.0, 0.0, 0.0, 1.0, 0.0, 1.0, 1.0, 1.0, 0.0, 1.0, 1.0, 0.0, 0.0, 1.0, 1.0, 0.0, 1.0, 1.0, 0.0, 0.0, 1.0, 0.0, 1.0, 1.0, 1.0, 0.0, 1.0, 1.0, 0.0, 1.0, 0.0, 0.0, 1.0, 1.0, 0.0, 1.0, 1.0, 0.0, 0.0, 1.0, 1.0, 1.0, 1.0, 1.0, 0.0, 0.0, 1.0, 1.0, 0.0, 1.0, 0.0, 0.0, 1.0, 0.0, 1.0, 1.0, 0.0, 0.0, 0.0, 1.0, 0.0, 1.0, 1.0, 0.0, 1.0, 1.0, 1.0, 1.0, 1.0, 0.0, 0.0, 0.0, 1.0, 0.0, 1.0, 1.0, 1.0, 0.0, 0.0, 0.0, 0.0, 0.0, 0.0, 1.0, 0.0, 0.0, 0.0, 0.0, 0.0, 0.0, 1.0, 0.0, 1.0, 0.0, 1.0, 1.0, 1.0, 1.0, 0.0, 0.0, 0.0, 0.0, 1.0, 0.0, 1.0, 0.0, 0.0, 1.0, 1.0, 1.0, 1.0, 0.0, 0.0, 0.0, 0.0, 1.0, 0.0, 1.0, 1.0, 0.0, 0.0, 1.0, 1.0, 0.0, 0.0, 1.0, 1.0, 1.0, 1.0, 1.0, 0.0, 1.0, 0.0, 1.0, 1.0, 0.0, 0.0, 0.0, 1.0, 0.0, 0.0, 0.0, 0.0, 0.0, 1.0, 0.0, 1.0, 0.0, 0.0, 0.0, 1.0, 0.0, 1.0, 1.0, 0.0, 1.0, 0.0, 0.0, 0.0, 0.0, 0.0, 1.0, 0.0, 0.0, 1.0, 0.0, 1.0, 1.0, 1.0, 1.0, 1.0, 1.0, 1.0, 1.0, 0.0, 1.0, 0.0, 1.0, 1.0, 1.0, 0.0, 1.0, 1.0, 0.0, 0.0, 1.0, 0.0, 1.0, 0.0, 0.0, 1.0, 0.0, 0.0, 0.0, 1.0, 1.0, 1.0, 0.0, 1.0, 0.0, 1.0, 0.0, 1.0, 1.0, 1.0, 0.0, 1.0, 0.0, 0.0, 1.0, 1.0, 1.0, 0.0, 1.0, 0.0, 1.0, 0.0, 1.0, 0.0, 1.0, 0.0, 1.0, 0.0, 0.0, 0.0, 1.0, 0.0, 1.0, 0.0, 1.0, 1.0, 0.0, 1.0, 1.0, 0.0, 1.0, 0.0, 0.0, 1.0, 0.0, 1.0, 0.0, 1.0, 0.0, 0.0, 0.0, 0.0, 1.0, 0.0, 1.0, 1.0, 1.0, 0.0, 1.0, 1.0, 0.0, 1.0, 1.0, 0.0, 0.0, 0.0, 0.0, 1.0, 0.0, 1.0, 0.0, 0.0, 1.0, 1.0, 0.0, 1.0, 0.0, 0.0, 1.0, 0.0, 1.0, 0.0, 0.0, 1.0, 1.0, 1.0, 1.0, 0.0, 0.0, 0.0, 1.0, 0.0, 1.0, 0.0, 1.0, 0.0, 0.0, 0.0, 1.0, 0.0, 0.0, 1.0, 0.0, 1.0, 1.0, 1.0, 1.0, 0.0, 0.0, 1.0, 0.0, 0.0, 0.0, 0.0, 1.0, 0.0, 1.0, 1.0, 0.0, 1.0, 1.0, 0.0, 1.0, 1.0, 0.0, 1.0, 1.0, 0.0, 1.0, 0.0, 1.0, 1.0, 0.0, 0.0, 1.0, 0.0, 1.0, 0.0, 1.0, 0.0, 1.0, 1.0, 0.0, 1.0, 0.0, 1.0, 0.0, 0.0, 0.0, 1.0, 0.0, 1.0, 1.0, 0.0, 0.0, 1.0, 1.0, 0.0, 1.0, 0.0, 0.0, 0.0, 1.0, 1.0, 0.0, 1.0, 1.0, 0.0, 0.0, 1.0, 0.0, 0.0, 0.0, 0.0, 1.0, 0.0, 1.0, 1.0, 0.0, 1.0, 1.0, 1.0, 1.0, 0.0, 1.0, 0.0, 0.0, 0.0, 0.0, 1.0, 0.0, 1.0, 0.0, 0.0, 0.0, 0.0, 0.0, 1.0, 0.0, 0.0, 1.0, 1.0, 0.0, 1.0, 1.0, 1.0, 1.0, 1.0, 0.0, 0.0, 1.0, 1.0, 1.0, 1.0, 1.0, 1.0, 1.0, 0.0, 1.0, 1.0, 0.0, 0.0, 1.0, 0.0, 0.0, 0.0, 1.0, 0.0, 0.0, 0.0, 1.0, 1.0, 0.0, 0.0, 0.0, 0.0, 0.0, 0.0, 1.0, 0.0, 0.0, 0.0, 1.0, 1.0, 1.0, 1.0, 1.0, 1.0, 1.0, 1.0, 1.0, 0.0, 1.0, 1.0, 1.0, 0.0, 0.0, 1.0, 0.0, 1.0, 0.0, 0.0, 1.0, 1.0, 0.0, 0.0, 0.0, 0.0, 0.0, 1.0, 0.0, 0.0, 1.0, 1.0, 1.0, 0.0, 1.0, 0.0, 1.0, 0.0, 1.0, 1.0, 0.0, 0.0, 1.0, 0.0, 0.0, 0.0, 1.0, 0.0, 0.0, 1.0, 1.0, 1.0, 0.0, 1.0, 0.0, 0.0, 1.0, 1.0, 0.0, 0.0, 0.0, 0.0, 1.0, 1.0, 1.0, 1.0, 1.0, 1.0, 0.0, 0.0, 0.0, 1.0, 0.0, 0.0, 1.0, 0.0, 1.0, 1.0, 1.0, 1.0, 0.0, 0.0, 1.0, 0.0, 1.0, 1.0, 0.0, 1.0, 1.0, 1.0, 0.0, 0.0, 0.0, 1.0, 0.0, 0.0, 0.0, 1.0, 1.0, 0.0, 0.0, 0.0, 1.0, 0.0, 1.0, 1.0, 1.0, 0.0, 1.0, 1.0, 0.0, 1.0, 0.0, 1.0, 1.0, 1.0, 0.0, 1.0, 1.0, 0.0, 0.0, 0.0, 1.0, 1.0, 1.0, 1.0, 1.0, 1.0, 0.0, 0.0, 0.0, 0.0, 0.0, 1.0, 1.0, 1.0, 1.0, 1.0, 1.0, 1.0, 1.0, 0.0, 1.0, 1.0, 1.0, 0.0, 0.0, 1.0, 0.0, 0.0, 1.0, 1.0, 1.0, 1.0, 1.0, 0.0, 1.0, 0.0, 0.0, 1.0, 0.0, 1.0, 1.0, 0.0, 0.0, 0.0, 0.0, 1.0, 0.0, 0.0, 1.0, 1.0, 1.0, 1.0, 0.0, 0.0, 1.0, 0.0, 0.0, 0.0, 0.0, 0.0, 1.0, 0.0, 0.0, 1.0, 1.0, 0.0, 0.0, 0.0, 1.0, 0.0, 1.0, 0.0, 0.0, 1.0, 1.0, 0.0, 1.0, 0.0, 1.0, 1.0, 1.0, 1.0, 0.0, 1.0, 1.0, 1.0, 1.0, 1.0, 1.0, 1.0, 1.0, 0.0, 1.0, 1.0, 0.0, 1.0, 0.0, 0.0, 1.0, 0.0, 0.0, 1.0, 1.0, 0.0, 0.0, 1.0, 0.0, 0.0, 0.0, 1.0, 1.0, 0.0, 0.0, 1.0, 1.0, 0.0, 0.0, 0.0, 1.0, 1.0, 1.0, 0.0, 1.0, 0.0, 1.0, 0.0, 1.0, 0.0, 1.0, 0.0, 0.0, 1.0, 0.0, 1.0, 1.0, 0.0, 1.0, 0.0, 1.0, 1.0, 0.0, 0.0, 1.0, 1.0, 1.0, 0.0, 0.0, 0.0, 0.0, 0.0, 0.0, 0.0, 1.0, 1.0, 1.0, 1.0, 0.0, 1.0, 0.0, 1.0, 0.0, 1.0, 1.0, 0.0, 1.0, 1.0, 0.0, 1.0, 0.0, 1.0, 0.0, 1.0, 1.0, 1.0, 1.0, 0.0, 0.0, 0.0, 0.0, 1.0]
\score={0: [0.12665889287988344, 0.1272360037850297, 0.12794768878004767, 0.12667534202337266, 0.12658928632736205, 0.12866607846485245, 0.12732055711169396, 0.12743541311759216, 0.12821321934461594, 0.12762844500442347, 0.12717135864145615, 0.1276354321744293, 0.1285403844501291, 0.12738024755831687, 0.12722799124626014, 0.12701899084177884, 0.12666472391440317, 0.12721569497476926, 0.12759535163640975, 0.12708654728802768, 0.12826495096087456, 0.12755165209895686, 0.12805753154680133, 0.1273001695469934, 0.12637229561805724, 0.12837294820282194, 0.12671038102019916, 0.12873239442706108, 0.1262232749722898, 0.1273757272089521, 0.12787271776924963, 0.12696249733368556, 0.12736290369344794, 0.12753027914599938, 0.1282706088386476, 0.12775299842319182, 0.1272509205672476, 0.12740439797441164, 0.1270742497660897, 0.1272813379764557, 0.12864129369457564, 0.12775221485644578, 0.1272927681739266, 0.12717768363654613, 0.12670028074221176, 0.12837568587727016, 0.12879493749803966, 0.12784178732406526, 0.12708567402192525, 0.12698632402297777, 0.12733616759734495, 0.12736559957265853, 0.12839614699284235, 0.1289308381577333, 0.1275089489562171, 0.12805323402086893, 0.12763596732508053, 0.12746633445987335, 0.12740702897310258, 0.12759042282899222, 0.1285900860093534, 0.1278691374593311, 0.12702931807591364, 0.12641860476949, 0.12811798602342606, 0.1277163581502053, 0.12808479806956122, 0.12823462598025798, 0.12721485191065332, 0.12664005940868742, 0.12596377399232653, 0.12778857453116055, 0.12831719761545007, 0.12801847822572054, 0.1274872042916038, 0.1268412527339212, 0.1286632185180982, 0.12571565868953863, 0.12844994048709454, 0.12769492343068123, 0.12794950852791467, 0.12697034460656784, 0.1280500571194448, 0.1282869502902031, 0.12597950209270825, 0.12703659953106017, 0.1269103651461394, 0.1279093385452316, 0.12830047038468448, 0.12760323194824919, 0.12755512880782285, 0.12710885835044525, 0.12794048702105498, 0.12720585875213147, 0.12831559438597073, 0.127126656845212, 0.12735801010296263, 0.12760342890396714, 0.12913165309212424, 0.12718219980597495, 0.12858572229743004, 0.12738799455541153, 0.12735908154560172, 0.1272064915133847, 0.12742482555600312, 0.12782989516854287, 0.12729141674935818, 0.12818495290619986, 0.12809453904628754, 0.12686112252148715, 0.12773245284634252, 0.1268012842370404, 0.12735972503821055, 0.1269407684986408, 0.12791698776623783, 0.12702772237600818, 0.12751323953270913, 0.12707562096740888, 0.12785397338516571, 0.12725253599254707, 0.12773645183314447, 0.12675174772739412, 0.12720289991961586, 0.12795275366968578, 0.1276600074309569, 0.12707865114013353, 0.1276685899744431, 0.12745426238878912, 0.12825111193316324, 0.12707081685463587, 0.12817128883166748, 0.12795001232907885, 0.127553079277277, 0.1272541453440984, 0.12733645098549978, 0.12786218570545316, 0.12823138882716498, 0.12741062159721667, 0.12666560957829157, 0.12741932848637755, 0.12717381645651424, 0.12831063349457347, 0.12854021245783026, 0.126872885486354, 0.12830917643649237, 0.12734565056032604, 0.12787502259016037, 0.1276189050078392, 0.13000644743442535, 0.12747900038957596, 0.12833945825695992, 0.1278831736946648, 0.12756519126040594, 0.1278511354965823, 0.1276121025576311, 0.12746177569908254, 0.12771763131022454, 0.12813478002422735, 0.12737017776817083, 0.12768221625851262, 0.12744925238869406, 0.12727145353953043, 0.12783582648262382, 0.12747560703644045, 0.1275639350597675, 0.12719810009002686, 0.12780542831335748, 0.12779771760106087, 0.12682657378415266, 0.12748069050056593, 0.12783731147646904, 0.12709553381710342, 0.1281705740839243, 0.12800328539950506, 0.12765086335795267, 0.12675620941445231, 0.12828713694685384, 0.12721418695790426, 0.128010982381446, 0.12811371684074402, 0.127860676497221, 0.12854211581380745, 0.1276646226644516, 0.12722660510829, 0.12859019975770603, 0.12733871354298157, 0.1277814057469368, 0.126679180484069, 0.12787764195514761, 0.12629900313913822, 0.12801767978817225, 0.12891563134534018, 0.12582822201343682, 0.12690100260078907, 0.12747874902561307, 0.1276912972331047, 0.12816039078375874, 0.12867119772867722, 0.12754378862240734, 0.1281996207932631, 0.12835675203486493, 0.1278812736272812, 0.12723659053444863, 0.128034721897996, 0.12700478044840005, 0.12734170601918146, 0.12663112924649164, 0.12749725580215454, 0.12705675533839633, 0.12736649879000403, 0.12800999730825424, 0.1267221041023731, 0.12720587849617004, 0.12795479530873505, 0.12753861198822658, 0.12629274825255077, 0.1280422881245613, 0.12751753628253937, 0.1269279159605503, 0.12781275123357771, 0.1272651602824529, 0.12784771621227264, 0.12790904451033164, 0.1287323935673787, 0.1290192985190795, 0.12838770945866904, 0.12734795705630228, 0.12942557151500994, 0.12813453959382098, 0.12730223536491395, 0.12780787518551184, 0.12694910642775623, 0.12651874909275457, 0.12755022722261924, 0.12787406004610516, 0.1275392965130184, 0.12766479402780534, 0.1278355027238528, 0.12739688849874906, 0.1271297898557451, 0.1270966649055481, 0.12675247639417647, 0.1271461732685566, 0.128365901835037, 0.12751799928290503, 0.12703781800214634, 0.12829461277407758, 0.12725349922071805, 0.126858546545631, 0.12814719119557627, 0.12745250478900713, 0.1275909347459674, 0.12736101677784553, 0.12925167568027973, 0.1280808811043871, 0.1283891588449478, 0.1278930285147258, 0.1271398225799203, 0.12801678382136203, 0.12815466821193694, 0.12664401049123092, 0.12829672396183014, 0.1273926061888536, 0.12702087499201298, 0.12727180682122707, 0.1270013764500618, 0.12757014009085568, 0.12749223586391, 0.12795554250478744, 0.127695219963789, 0.12676076177093717, 0.12715805768966676, 0.1283592384840761, 0.1271686076566025, 0.12758870497345925, 0.12800797323385874, 0.1275042573419901, 0.1274437109629313, 0.12788857127490796, 0.12762393057346344, 0.12776824086904526, 0.12858624064496585, 0.12740694421033064, 0.12602044100111182, 0.12677424073219298, 0.12771185785531997, 0.12783178128302097, 0.12766020148992538, 0.12731636340419453, 0.12690598675698944, 0.12782365916406407, 0.1273096576333046, 0.1277417116191076, 0.12753719538450242, 0.1275633523861567, 0.12795470448003876, 0.1267967208155564, 0.12701001802557393, 0.1271345300806893, 0.12761491992407376, 0.12525024061853235, 0.12794751731249002, 0.12815101330096906, 0.12755735873272925, 0.12740070139989257, 0.12719668075442314, 0.12808446914834135, 0.12822416086088528, 0.12798571554215057, 0.1271974127739668, 0.12652326499422392, 0.12770747035741806, 0.12737370817325053, 0.12677937877528808, 0.1271007004380226, 0.12796322181820868, 0.12677529950936636, 0.12769595086574553, 0.1285094183224898, 0.12683813341639258, 0.12758710235357285, 0.12664047273851575, 0.12747688109383865, 0.1267980498236579, 0.12809417992830277, 0.12741491893927256, 0.12683873448301763, 0.1281916449467341, 0.12662886732663864, 0.12645594105124475, 0.12778461521322076, 0.12720071258289473, 0.1280272346921265, 0.128393603817505, 0.127524819638994, 0.12738244831562043, 0.12774096973813498, 0.1268215946853161, 0.12753495789236494, 0.12748572636734357, 0.12940525859594346, 0.12717183723169215, 0.12779240883313692, 0.1276996834203601, 0.12810858256287044, 0.12803087383508682, 0.1277823753654957, 0.12663296734293303, 0.12704478257468768, 0.12810792207717894, 0.12671101567420093, 0.12804436087608337, 0.12768554268404841, 0.12756717618968752, 0.12755344518356854, 0.12768210896423884, 0.12741880118846893, 0.12615478970110416, 0.12797115792830785, 0.1270212182088902, 0.12799560775359473, 0.12767165289683777, 0.12847413911538966, 0.12775122848424045, 0.1275119953788817, 0.12792969346046448, 0.12856869858044845, 0.12903543348823274, 0.12707630748098547, 0.12757634222507477, 0.12875059164232677, 0.1267207125822703, 0.12767030000686647, 0.12764872557350568, 0.1293243423104286, 0.1276332105581577, 0.127203026941667, 0.12820007701714833, 0.1276590289438472, 0.12668053273643767, 0.12739169860587402, 0.12786216259002686, 0.12633400410413742, 0.12658630777150393, 0.12684307619929314, 0.12760118229521644, 0.12809033897416344, 0.12680258659216073, 0.1272348642349243, 0.12771896962766294, 0.1275880564418104, 0.12618514150381088, 0.12802012045593822, 0.1276634735416393, 0.12752250008858168, 0.12804724127054215, 0.1271305185827342, 0.12733276481074945, 0.12829773500561714, 0.12687679193913937, 0.12781551964581012, 0.1277075618505478, 0.1279214701304833, 0.12639810380182767, 0.12758689969778061, 0.12729277710119882, 0.1277690416444903, 0.12711511900027592, 0.1276358041380133, 0.12761475071310996, 0.12802647325125607, 0.12752894601888126, 0.12609989643096925, 0.12712306742157256, 0.1281052302373083, 0.12910296874386923, 0.12827887515658917, 0.12761768251657485, 0.12686504020884232, 0.12808168381452562, 0.12784944124081554, 0.127355316032966, 0.1265465335353561, 0.12738459606965383, 0.12834038043564017, 0.12617621526998632, 0.12746704031120648, 0.12692035287618636, 0.12655961693360887, 0.12763305380940437, 0.12792219387160408, 0.12685942006382075, 0.12829344114288688, 0.12733161384644714, 0.12858664409981835, 0.12738736396034558, 0.12789133340120315, 0.1283725816756487, 0.1280522673175885, 0.1277594612590198, 0.12679719924926758, 0.1278982963413, 0.12686555506661534, 0.1277233592488549, 0.12708893832233217, 0.1276312260888517, 0.12782203206201878, 0.1271526412594886, 0.12787806822193992, 0.12847160949156836, 0.12624596804380417, 0.1279997938582974, 0.1272441101345149, 0.12586977643271288, 0.1284217635790507, 0.12829862584670385, 0.12686995193362235, 0.128720925134771, 0.12696265305082002, 0.12702673064036804, 0.12613545530117476, 0.1280081486877273, 0.12716116787244877, 0.12812097039487627, 0.12539211412270865, 0.12663948014378548, 0.1279600951820612, 0.12739495275651708, 0.12879438449939093, 0.12713521312583576, 0.12788179765144983, 0.1273541229552236, 0.12716295739466493, 0.12753789740450241, 0.1279989831149578, 0.12750584110617638, 0.12781957387924195, 0.12745575764865585, 0.12836440652608871, 0.12731436130247617, 0.12716456887222105, 0.12653113156557083, 0.12755713984370232, 0.12796513984600702, 0.12852518103624644, 0.12771784141659737, 0.12832718156278133, 0.12705828965856478, 0.1259891338646412, 0.12771852505068446, 0.12710099294781685, 0.12690375828080708, 0.12731765657663346, 0.12866550963371992, 0.12761467798002835, 0.12702436271038922, 0.12734707413862148, 0.12668683120737906, 0.12800021593769392, 0.1271855633240193, 0.12780639939010144, 0.1276495587080717, 0.12876630143115395, 0.12810191490194378, 0.1275965163241262, 0.12763669607894762, 0.1276241284277704, 0.1272253254428506, 0.12617270516998627, 0.1267728274283202, 0.1269587738947435, 0.1263049299066717, 0.12748706120031852, 0.12667055395634277, 0.12834933698177337, 0.12719386849891057, 0.12715478464961052, 0.1273458478125659, 0.12799757801824146, 0.12812944805180584, 0.12712444914014717, 0.12755740772594104, 0.12798077260193072, 0.12758347428426509, 0.1277140718884766, 0.1268496450036764, 0.1272191994132534, 0.12729752138257028, 0.12782582981245857, 0.1272990731522441, 0.12702316177241943, 0.1277958466248079, 0.12739640194922686, 0.12752501560109003, 0.1273387461900711, 0.12861297211863779, 0.1278273731067374, 0.12758798487484455, 0.12769972142719088, 0.1268224909901619, 0.12805913225747645, 0.12763152708267345, 0.12734535529657645, 0.12754548892930703, 0.12658156380057334, 0.12786762416362762, 0.1282412228839738, 0.12729729073388235, 0.12741293545280183, 0.12711905067165694, 0.12719203972003676, 0.12839054688811302, 0.12810799706241358, 0.12664043257633845, 0.1281900815665722, 0.12757193949073553, 0.127693559974432, 0.12678435785429817, 0.12888305118450752, 0.12708616344367757, 0.12822023377968714, 0.1281266567798761, 0.12720594735759677, 0.12796804640028211, 0.1271807685494423, 0.12756211000184217, 0.12836037948727608, 0.12755975194952704, 0.1282546010709578, 0.12645969912409782, 0.12901254946535284, 0.12871687727815964, 0.12541930987076325, 0.12779040391347846, 0.12779234101374945, 0.1267386473277036, 0.12865928498407206, 0.12813632893893454, 0.12627729550004005, 0.1271130658686161, 0.12789007953622125, 0.12664675017197927, 0.12762159400660059, 0.12732323197027048, 0.12841191568544932, 0.12805878600248924, 0.12881229321161905, 0.12797368385575034, 0.1278976701475956, 0.1273152314954334, 0.12864607125520705, 0.12648148941142218, 0.12756133418191562, 0.1276979265468461, 0.1268824657255953, 0.12730973059761114, 0.12699620811076, 0.12791730239987373, 0.12748457491397858, 0.12726167102272695, 0.12699882603353924, 0.12833007921775183, 0.12693103030323982, 0.12931567803025246, 0.12737831931847793, 0.12821801658719778, 0.1274797100769846, 0.1270309056227024, 0.12690056474120529, 0.12761733033086942, 0.1271966152614163, 0.1268971781246364, 0.12757311016321182, 0.1280126181386766, 0.12716013234522608, 0.12826995473158986, 0.129627139730887, 0.12750000208616258, 0.12762166559696198, 0.12947416305541992, 0.12793319497038336, 0.1268723861951577, 0.12724275090571108, 0.12817853297057905, 0.12746009499662453, 0.1275126033208587, 0.12724478981074164, 0.12727367588215405, 0.12704068339533275, 0.12866222858428955, 0.12841077744960785, 0.12698857051630816, 0.12780595435337586, 0.12793425853763307, 0.12655800891419253, 0.12797357757454333, 0.12681848386471922, 0.12728348448872567, 0.12719318469365437, 0.12760877795517445, 0.1276326303680738, 0.12803942202167076, 0.12753749479140555, 0.12746917028669957, 0.12906155114372572, 0.12819238205750783, 0.12803533804767273, 0.1275118414312601, 0.12698200975473112, 0.12758605430523554, 0.1262749244387333, 0.1271191039122641, 0.12722262293100356, 0.12770629648504586, 0.12677556027968725, 0.1278546522371471, 0.127570112546285, 0.12779683384456134, 0.12722258104218376, 0.12764399846394855, 0.12779149962098976, 0.12797599732875825, 0.1276774424172583, 0.12783726765995934, 0.12862525383631387, 0.12804223490612848, 0.12834534658627075, 0.12822142275779144, 0.12812016904354095, 0.12818270921707153, 0.12907899916172028, 0.12699435145727225, 0.12762797016788413, 0.12711021734608544, 0.12693466022610664, 0.12829420552589, 0.12639307379722595, 0.12791971051517656, 0.12736667692661285, 0.1265833094716072, 0.12884432754733346, 0.12786470353603363, 0.12828285867969194, 0.12788155774275461, 0.1264717626300725, 0.1273753561079502, 0.12713521843155226, 0.12711447377999624, 0.12786497618071735, 0.12903775962499472, 0.12684399431402033, 0.1272660724141381, 0.12799080833792686, 0.127719902075254, 0.12678923062048852, 0.12671190774754473, 0.1274807448188464, 0.1273070392576424, 0.1271180126350373, 0.12737633287906647, 0.12769676744937897, 0.12718033889929453, 0.12658668041229248, 0.1266514159300748, 0.12816402180628342, 0.12730133864614698, 0.12653240095824003, 0.1269979658536613, 0.12748124284876716, 0.12752998434007168, 0.12643732875585556, 0.12633644150836126, 0.1274084553799846, 0.1276868783375796, 0.1266326315701008, 0.12732144377448343, 0.1261445561593229, 0.12711027935147284, 0.12749817222356796, 0.12735647410154344, 0.12770168690217865, 0.12781328433438352, 0.1267633336995329, 0.12786024063825607, 0.12707331891243273, 0.1274830386042595, 0.12855441442557744, 0.1277179066091776, 0.12657619598839018, 0.12682189544041952, 0.12674589627064192, 0.12770023598120764, 0.12666533452769121, 0.12932780219448936, 0.12767071344635703, 0.12707183649763465, 0.1270118537876341, 0.12694042462569016, 0.12759721217056116, 0.12792935879791484, 0.12630835691323647, 0.12789790994591183, 0.1273402577000005, 0.12789749147163498, 0.12761001235672406, 0.12792547381129757, 0.12919337600469588, 0.12720569712775096, 0.12767828206221263, 0.12667782545089723, 0.1279201219479243, 0.12871254856387773, 0.12735256709550558, 0.12794612161815166, 0.12722129307009958, 0.1277827039361, 0.12720276255692756, 0.12649632583964954, 0.12877658837371403, 0.12633690716964857, 0.12709054127335548, 0.12865646993336471, 0.1275438368320465, 0.1278123805920283, 0.1271633072511146, 0.12782798973577364, 0.12761802700432864, 0.12709189612757077, 0.12844139473004776, 0.12670191501577696, 0.12785591544776126, 0.12721879733726382, 0.12742563436428705, 0.12833864440520604, 0.12763133290268125, 0.12747920118272305, 0.1271575351848322, 0.1273198388516903, 0.12704874947667122, 0.12634989246726036, 0.12739222161471844, 0.12751073791430548, 0.12683146446943283, 0.1286390877018372, 0.12813124619424343, 0.12625568844377993, 0.12699585614932907, 0.12738565621631487, 0.12738375907594507, 0.12706733319689245, 0.12727428686160308, 0.12732222024351358, 0.12679816409945488, 0.12764386220702104, 0.12693397104740142, 0.12675900069566873, 0.1267600953578949, 0.12787150185216556, 0.12890736894174057, 0.12685666564438078, 0.12732410977284114, 0.12761513622743742, 0.12785030156373978, 0.1274127263043608, 0.1283939763903618, 0.12734799545544845, 0.12735450223964803, 0.12650997340679168, 0.12820981618236094, 0.12755587479720512, 0.1274132991830508, 0.12699548974633218, 0.12709615230560303, 0.123761385679245, 0.1275463355705142, 0.12698233624299368, 0.1270082345341935, 0.12735723078250885, 0.1276072287424044, 0.12795179795760375, 0.12745413473910755, 0.12826602373804366, 0.12756958206494648, 0.12695947763594714, 0.12798003107309341, 0.12745778721112472, 0.1280226414091885, 0.12820432369004597, 0.12804061377590353, 0.12723804570057176, 0.12791952441136042, 0.12654563946568448, 0.127881970256567, 0.12866757403720508, 0.12680541249838742, 0.12799248615136513, 0.127011368672053, 0.12680646834465173, 0.12757778987288476, 0.1271999955177307, 0.12793660759925843, 0.12764568564792475, 0.12717956628488458, 0.12728207916021347, 0.12792435772716998, 0.1279308684170246, 0.1277394789186391, 0.12624401474992433, 0.12797314839230645, 0.1262769564986229, 0.12677082961255853, 0.1284027397632599, 0.12641551210121674, 0.12846734788682726, 0.12704067353932363, 0.12727320194244385, 0.12775858938694, 0.12817483549488, 0.127816175526761, 0.12690667872843536, 0.127783445848359, 0.12744955771735736, 0.12772963382303715, 0.12726725389560065, 0.12683514391000456, 0.12814845144748688, 0.12801562597354252, 0.12729583154706395, 0.12715683903159766, 0.12718148736490142, 0.12598846976955733, 0.12858627177774906, 0.12669548189098184, 0.12797625091942874, 0.12733645804903723, 0.12864113748073577, 0.12772530883550645, 0.12693474422159948, 0.1265781931579113, 0.12858385931361804, 0.12733269979556402, 0.1274073114845811, 0.12690949101339688, 0.12785590096161917, 0.12756071935097377, 0.12846450647339225, 0.1275040146249991, 0.12741037489225468, 0.12749196359744439, 0.1287947255704138, 0.12760252174403933, 0.12733612644175688, 0.126906276187476, 0.12829617546363312, 0.12750281328740326, 0.1276100291447206, 0.1271661732878004, 0.12757382149759092, 0.12705434502466864, 0.12799910842268555, 0.1275589620304662, 0.12760934525209924, 0.1270928919315338, 0.12671693662802377, 0.1274168412718508, 0.1271017403765158, 0.12654502441485724, 0.1280319889386495, 0.12760009387364754, 0.1280321656829781, 0.1269151009619236, 0.12716887930506154, 0.12700772980848948, 0.12739916518330574, 0.1273633673787117, 0.12844393588602543, 0.12792545825242996, 0.12697992749788142, 0.12792914087573687, 0.1270408220589161, 0.1282360379038186, 0.1275775983929634, 0.1266752573705855, 0.1297344131903215, 0.12806148560983793, 0.12726788760887253, 0.12927916984666477, 0.12730387101570764, 0.12674310667948288, 0.12810887172818183, 0.12681517962898528, 0.1278049200773239, 0.1272475333774791, 0.12699330002069473, 0.12833774657476515, 0.12792384739105517, 0.1273827665838702, 0.12711700729348444, 0.12767275021626398, 0.126937214375996, 0.12752136511680406, 0.12684232415631413, 0.1282096201181412, 0.1267482593655586, 0.12807701590160528, 0.12782095484435557, 0.1265609006990086, 0.12784572752813497, 0.12776442170143126, 0.12833826078308952, 0.1277550964483193, 0.12591122165322305, 0.12826436161994934, 0.12723734825849534, 0.12711788443001834, 0.12885881046002562, 0.12741663950410756, 0.12770505114035172, 0.12700026163033076, 0.12682999212008256, 0.12760352271218453, 0.12962054461240768, 0.12751207798719405, 0.1276491716504097, 0.12690848608811697, 0.127527593402192, 0.12712313933297992, 0.1277108769863844, 0.1259045921266079, 0.12730555121715253, 0.126953962532913, 0.12691939622163773, 0.12761263083666563, 0.12722765973636083, 0.1266117858198973, 0.12764293369319704, 0.1277779720723629, 0.12709371157382665, 0.12831679305859975, 0.12756867919649398, 0.12695365267641404, 0.12715306671129334, 0.12728422408302625, 0.12821558341383935, 0.12808451652526856, 0.12746743406310226, 0.1270199300100406, 0.12740070621172586, 0.12813680144873532, 0.12717380528819971, 0.12872785568237305, 0.12733767474336283, 0.12702811083623342, 0.12780125756213007, 0.12677576795623108, 0.1275046756863594, 0.12781571969389915, 0.1275025722053316, 0.12691914579934543, 0.12743396063645682, 0.12949192821979522, 0.12791861469546953, 0.12805449164339475, 0.12901662439107894, 0.12608243400851885, 0.12908628041094, 0.12642121287407698, 0.12678625390810125, 0.12711728913219353, 0.1280194561589848, 0.12736858703471995, 0.126346106082201, 0.12757932549963394, 0.12794586537139757, 0.12686004489660263, 0.12728642225265502, 0.1277037723256009, 0.12696418989645808, 0.1271913374463717, 0.12759130199750265, 0.12801703857257962, 0.12795207053422927, 0.12769445876280466, 0.127568818628788, 0.127467001909795, 0.12750716021527414, 0.12811539497445612, 0.12678930733133764, 0.1276109054684639, 0.1274667333524961, 0.12706604351600012, 0.1288496150324742, 0.12749731484800578, 0.1275856053190572, 0.12743968433803982, 0.12760494323447347, 0.12780992077155548, 0.12652126053969065, 0.12749340731118405, 0.12773585468530654, 0.12768476021786532, 0.12577296271920205, 0.12700375402346253, 0.12825567009193556, 0.12629479262977839, 0.12807986546646466, 0.1263715016345183, 0.12816650979220867, 0.12755498895421624, 0.12826015341740388, 0.12871776521205902, 0.12796126521731677, 0.126931332051754, 0.12680392153561115, 0.127331569376919, 0.12808374501764774, 0.12844393470070578, 0.12729304607795633, 0.12680447330841652, 0.1268223638335864, 0.12703335005789995, 0.12762438505887985, 0.12773793829338892, 0.12692180772622427, 0.12725593737865748, 0.12769573083833644, 0.1266999920973411, 0.1275165987511476, 0.12883529270237143, 0.1272544882127217, 0.12761507248101028, 0.12623478357608503, 0.12743693909474782, 0.12790768513722078, 0.1277390242769168, 0.12727127224206924, 0.12730099012454352, 0.12786357175736202, 0.12786372005939484, 0.12660658710143147, 0.1270061591092278, 0.12818697125961384, 0.1283633882800738, 0.12624916483958562, 0.12660050317645072, 0.12741474022990779, 0.12739969044923782, 0.1272386360913515, 0.12777304605526082, 0.126826340953509, 0.12847458837287767, 0.1268694447843652, 0.1277688664694627, 0.1274411402642727, 0.12766420803964137, 0.1272875152528286, 0.1282322660088539, 0.12801930850202387, 0.1263349959254265, 0.1272577013481747, 0.1273949459195137, 0.1285881013609469, 0.1279621578075669, 0.12692421736816564, 0.1274882055543087, 0.1267207811276118, 0.12648604959249496, 0.12701204419136047, 0.12869920320808886, 0.12766542732715608, 0.12637762860818344, 0.12831110134720802, 0.12814133200380537, 0.12716115851487433, 0.12737979827558293, 0.128702774643898, 0.12659349005955917, 0.12793266400694847, 0.128358606249094, 0.12696534980620658, 0.12704280018806458, 0.12806355694065924, 0.12706605525630893, 0.12719849674474626, 0.12760016024112703, 0.12780693835682339, 0.12760867391313827, 0.1277744878704349, 0.1276369880546223, 0.12701195913056532, 0.12719458628159303, 0.12692728141943613, 0.12849511653184892, 0.1266469895839691, 0.12774476336856042, 0.12765472166632352, 0.12724130504554318, 0.1286932796239853, 0.12693614648147064, 0.12809934821866809, 0.12766901674595746, 0.12651839649135416, 0.1271244391798973, 0.12722346024668735, 0.12760797664523124, 0.12775379703158424, 0.12779720375935236, 0.12843101414350364, 0.12664437890052796, 0.12718074868122736, 0.12828032299876213, 0.12670459775697618, 0.12828284372454105, 0.12650879256186948, 0.12821060241687865, 0.12698256075382233, 0.12798563865098087, 0.12786161971669044, 0.1282463283278048, 0.12782436956961948, 0.12751128094700667, 0.1273413322664596, 0.12826519459486008, 0.1267384453676641, 0.129521363056623, 0.12706962440695083, 0.1288461983203888, 0.1274634807237557, 0.12730146665126085, 0.1280529112978415, 0.12757390680221412, 0.12742899656295775, 0.12912817237277827, 0.12716224586421793, 0.12714959681034088, 0.12706395536661147, 0.1278573382984508, 0.12790204855528745, 0.1277097991921685, 0.1276494299664217, 0.12707983603080114, 0.12824150982002416, 0.12946834415197372, 0.1274954557418823, 0.12811776732697205, 0.1273953951895237, 0.1276567257714994, 0.1280650763461987, 0.12890533222393555, 0.1273199681724821, 0.12751017808914183, 0.12674997723661363, 0.12834958466035978, 0.12796580667297044, 0.1269735268972538, 0.1274753131649711, 0.12915903702378273, 0.12715566207965215, 0.12800420299172402, 0.12809039938908356, 0.12721193432807923, 0.12785553249220052, 0.12763758450746537, 0.12705816924571992, 0.12797669034737807, 0.127838128970729, 0.12821862515476015, 0.1274314597249031, 0.12711598699291546, 0.1274147942662239, 0.12750329752452672, 0.12777816131711006, 0.12714911900136783, 0.1271458428639632, 0.12768630792454974, 0.1281080980386053, 0.12800135960181555, 0.12698310282495287, 0.1285322823872169, 0.12748809465590646, 0.12712240734925637, 0.12815342997682505, 0.12706172191783002, 0.12813479515413442, 0.1271088530237858, 0.12795431772246957, 0.12800488796304255, 0.12670915393993773, 0.12776287272572517, 0.12746612688428477, 0.12789990299421808, 0.12764516946944324, 0.12756782126697627, 0.1271497204899788, 0.12706582006570455, 0.1265535621266616, 0.1281344996471154, 0.12747380921715185, 0.12693382455752447, 0.12753031134605408, 0.1268238808427538, 0.12796063783268133, 0.1278988156053755, 0.12772973919553415, 0.12746523779172164, 0.12721861451864241, 0.12700526881963015, 0.1276264268045242, 0.12710387259721756, 0.1286916123195128, 0.12832171503040526, 0.12711219718823066, 0.1284439836939176, 0.12653514169729674, 0.12728999634372426, 0.12750406997899214, 0.12734524272382258, 0.12785724685950714, 0.1281770547585828, 0.12754307587941488, 0.12733586248424317, 0.12725405335426332, 0.12793862616473978, 0.12811329345340314, 0.12669091150164605, 0.12852087210525165, 0.12736859153478575, 0.12864792805451614, 0.1264419420198961, 0.12661640263266033, 0.12642681399981182, 0.12665035699804625, 0.12820169467616965, 0.12758625838905574, 0.12699715048074722, 0.12814913136072648, 0.1273237822147516, 0.12806868233851024, 0.1274462709060082, 0.12753470135586603, 0.12733145374240298, 0.1276824951171875, 0.12710012834180484, 0.1266902048479427, 0.12804115094520427, 0.12758942220996067, 0.12839477949521758, 0.12753370155890784, 0.12868121027946472, 0.12760710910610532, 0.12701516030799775, 0.1273163828998804, 0.12775688086237227, 0.12777866969505947, 0.12830519986649355, 0.12736093029379844, 0.1329977959394455, 0.12803836539387703, 0.12943928316235542, 0.12789108976721764, 0.12731787020509894, 0.12767687688271204, 0.1266704112291336, 0.12640651017427446, 0.12784799241593905, 0.12787384912371635, 0.12720230128616095, 0.12744984929931574, 0.1278826714389854, 0.12758212217262813, 0.12690259673093496, 0.1280916303396225, 0.1276249349117279, 0.12723871033925277, 0.12676033228635789, 0.1271919623017311, 0.1273930420478185, 0.1276145295964347, 0.12811919708143582, 0.12617465960127966, 0.1289415011803309, 0.12654781914674318, 0.12806900116530331, 0.12745518008103737, 0.12814011310155576, 0.127045938372612, 0.12685104625092614, 0.12870495600832832, 0.12755466004212698, 0.12774251510078707, 0.1276093486409921, 0.12689537861767938, 0.12592233883010018, 0.1278237127698958, 0.12785477982833982, 0.12748170697263309, 0.12737514909643394, 0.12679504670880057, 0.1278517006172074, 0.12778830475040845, 0.12725640794164256, 0.12677011328438917, 0.12819873314836752, 0.12772168136305279, 0.1274997075950658, 0.12742572081716438, 0.12792629576646364, 0.12742250949144363, 0.1275081069153898, 0.12660962442557017, 0.12836337777284476, 0.12866764267285666, 0.12640179869006662, 0.1271434098482132, 0.12705904319882394, 0.12758091633970087, 0.12808963982388377, 0.12754207466905182, 0.12742180625597635, 0.1282695042900741, 0.1265277103944258], 1: [0.12738818128903706, 0.1288169066111247, 0.12697944091632962, 0.12589706022005814, 0.12579962089657784, 0.12701426327228546, 0.12739601358771324, 0.12847866920324472, 0.12827805961881364, 0.12707942525545757, 0.1258605495095253, 0.12495457815627257, 0.12867234316137102, 0.12674939001982027, 0.12720631062984467, 0.12655028502146404, 0.12748738259077072, 0.1271125078201294, 0.12797817931725428, 0.12729776054620742, 0.12755751396928514, 0.12724750571780735, 0.12779585147897402, 0.1270503688317079, 0.12671631367670166, 0.12674803361296655, 0.12651006132364273, 0.12727546711501322, 0.12737314944917505, 0.12769231674346057, 0.12685770951211453, 0.1275345811789686, 0.12850695724288622, 0.12723873962055554, 0.1275351996223132, 0.1270453815951067, 0.12745055854320525, 0.1267552910880609, 0.12740477360785007, 0.12740490833918253, 0.12753505818545818, 0.12692129153471726, 0.12581962920152223, 0.1292417629488877, 0.12783058335383732, 0.12837666925042868, 0.12694276931385198, 0.1272639681895574, 0.12774185985326766, 0.12685048828522363, 0.1276287148396174, 0.1273042087753614, 0.12838367093354464, 0.12679382481358267, 0.12791434526443482, 0.12659522940715154, 0.1284938073820538, 0.12828515423461795, 0.12675446669260662, 0.12782788101364584, 0.12825247955818972, 0.12754463175168404, 0.1285931459069252, 0.12707105811153138, 0.1268936091143152, 0.12797853621569547, 0.12665246020663867, 0.12819620852287, 0.12780426457828406, 0.12788511936863264, 0.12728568613529206, 0.12676769844256341, 0.12845793944232317, 0.1277237054374483, 0.12777652870863676, 0.12724161744117737, 0.12882603146135807, 0.12696258835494517, 0.12691950500011445, 0.12770527736707168, 0.12680962485702416, 0.12707176934117856, 0.1289367437362671, 0.12792950517991009, 0.12771944861326898, 0.12761596803154265, 0.12655560982724032, 0.12880769710649143, 0.1274668840425355, 0.12738902059694132, 0.12702499205867449, 0.1274333135648207, 0.12756983625392118, 0.1263750737363642, 0.12804745031254633, 0.12743385508656502, 0.12840503683457008, 0.12768518653782931, 0.12719896200456118, 0.12846888601779938, 0.12672174369034014, 0.12705317358760274, 0.12730516493320465, 0.12785635826488337, 0.12868747860193253, 0.12881860584020616, 0.1268442277522648, 0.12617720663547516, 0.1278288343123027, 0.1266029349395207, 0.12719805985689164, 0.12698294397662668, 0.12635658602965505, 0.12685488164424896, 0.12729731241339132, 0.12775552814657037, 0.12698659071555504, 0.12781668650476555, 0.12888251956213603, 0.12760246048370996, 0.12716230418947008, 0.12521569281816483, 0.1271186684784682, 0.12853447534143925, 0.12746471098878168, 0.12720446575146455, 0.12693359144032001, 0.1275061575266031, 0.12703186476772482, 0.12657677689019373, 0.1277247067344816, 0.12792207217878765, 0.12772781911649203, 0.12859111888842148, 0.12836636702219645, 0.12631786102429032, 0.1279360740022226, 0.12785325033797157, 0.1267864825548949, 0.12824784765640895, 0.12796903550624847, 0.12818816887295764, 0.1275693012608422, 0.12726721740685976, 0.12713051534124784, 0.12750366777181626, 0.12816034727974943, 0.12716298699378967, 0.12781531677434319, 0.12896715104579926, 0.12761894937442697, 0.12567811797965656, 0.12695537880063057, 0.12767122176132703, 0.12741402611136438, 0.12798489961359236, 0.12730637497522615, 0.12728151753544809, 0.12737764418125153, 0.12791680200741842, 0.1274430885910988, 0.1281666960567236, 0.12665427037898233, 0.12788002422222725, 0.12767269648611546, 0.12546005410452685, 0.1276566865188735, 0.12730080791209875, 0.12788777772722573, 0.12645547223441742, 0.12684357166290283, 0.12811775641007858, 0.12817576243763878, 0.12725218972473434, 0.12783267416737296, 0.12744337986958654, 0.1267837796198285, 0.12823264128886736, 0.1264884898868891, 0.1276441802355376, 0.12696110936147825, 0.12781447018770611, 0.12828128702110714, 0.12753518670797348, 0.12798382714390755, 0.12753516845405102, 0.1278316570179803, 0.1260601632297039, 0.12787305902351032, 0.12684497386217117, 0.1279713686555624, 0.1265729543837634, 0.12830235643519294, 0.12689180175463358, 0.12873131160934767, 0.12826121151447295, 0.12709197268954345, 0.12778804688291115, 0.1275708324142865, 0.12740710005164146, 0.12743670019236478, 0.12743550228575865, 0.12837970027556786, 0.12769360058009624, 0.12548612554868063, 0.12749527865334562, 0.1278775567188859, 0.12797372415661812, 0.12841915610161694, 0.1272489110628764, 0.127378508109938, 0.1266152838865916, 0.12752858437597753, 0.127902873392616, 0.12785387272015214, 0.12725065555423498, 0.1259833164513111, 0.1278865560889244, 0.1269686949940828, 0.12701621190423057, 0.12764681529785907, 0.12886759638786316, 0.12767741158604623, 0.12641614029804865, 0.12778443572196094, 0.12891716290922725, 0.12657953053712845, 0.12786656338721514, 0.12850569585959118, 0.12668739548987812, 0.12786941106120744, 0.12697129448254904, 0.1286503866314888, 0.12645299904621565, 0.12718449160456657, 0.1276264073593276, 0.1271274076855701, 0.12827197123657574, 0.12588230669498443, 0.12752148111661274, 0.12797255516052247, 0.12834788610537848, 0.12766608080038658, 0.12819336876273155, 0.1280705002801759, 0.12699617580934006, 0.12585427425801754, 0.12798293573515757, 0.12706177979707717, 0.12647732062374845, 0.1264474933797663, 0.12741222781570335, 0.12826169282197952, 0.12723800027742982, 0.1286717027425766, 0.12837930470705033, 0.12752990424633026, 0.127466394379735, 0.12676035513480505, 0.12786276096647436, 0.12882266342639923, 0.12756962701678276, 0.1268091288705667, 0.12749793380498886, 0.12549258768558502, 0.12746728143908762, 0.12556922137737275, 0.12855048063728544, 0.12724669392292315, 0.12701163779605518, 0.1276276544446037, 0.12773539977414267, 0.12657387148250232, 0.12619659528136254, 0.1281780612010222, 0.12726635187864305, 0.12694595076821066, 0.12825556378811598, 0.12779436057264154, 0.1270341729124387, 0.12765364497900009, 0.12717240913347763, 0.1267298310995102, 0.12626413255929947, 0.12754245698451996, 0.1270331765214602, 0.12685225189973912, 0.12784469086262915, 0.12693301867693663, 0.1285243792967363, 0.12750856147000664, 0.12684139828471577, 0.1274761442433704, 0.12750476598739624, 0.12733149776856104, 0.1273869800567627, 0.12817541051369447, 0.1276887966827913, 0.12612744172414145, 0.12668625861406327, 0.12701474130153656, 0.12710588052868843, 0.1273819381992022, 0.12798599440317887, 0.1280670151114464, 0.12723264512088564, 0.12744697444140912, 0.12851043542226157, 0.12671709880232812, 0.12773403483960363, 0.12774399284160498, 0.12697812666495642, 0.12783543359149585, 0.12673860087114222, 0.1274157145784961, 0.12892902739669965, 0.12771716773509978, 0.12757099972617242, 0.12740691206776178, 0.12812473727711315, 0.12683394491672517, 0.12639542611745688, 0.1279957965016365, 0.12729624089072733, 0.1273378567660556, 0.12728464752435684, 0.1274592608679086, 0.1274211445580358, 0.1288705622920623, 0.12774510952559384, 0.12848337313958577, 0.12738253442304476, 0.12895368146044867, 0.12726539610461754, 0.12733181696385146, 0.12725590402260423, 0.12778465636074543, 0.12801284460644974, 0.12792632675596646, 0.12880263878748968, 0.12756741453300824, 0.1300625167787075, 0.12650096341967582, 0.12811845541000366, 0.12777937824527422, 0.1275537817886001, 0.12796443402767183, 0.12793937596407803, 0.12830959632992744, 0.12591298805041748, 0.12794987484812737, 0.12697657502510332, 0.12748691886663438, 0.1273912139236927, 0.12723906338214874, 0.1267313176523084, 0.12579417104522386, 0.12788930435975393, 0.1278913908384063, 0.12844882745827949, 0.1278039887547493, 0.12658556848764418, 0.12860914363580592, 0.12645633299561107, 0.12865845817658636, 0.12784357824259335, 0.1265796215997802, 0.12724263966083527, 0.1271758240958055, 0.127393802299219, 0.1280414949763905, 0.1286459718313482, 0.1280763318592852, 0.1278780164817969, 0.12734549664534056, 0.12774445778793758, 0.1273871935904026, 0.1258783330519994, 0.12843078510327774, 0.1276695281267166, 0.1272407822586872, 0.1270636200904846, 0.12776367767499044, 0.12782668992877005, 0.12735120703776678, 0.12731591408902948, 0.1268492817878723, 0.12715011496435513, 0.1271996961699592, 0.12773780152201653, 0.1260988600552082, 0.1278593201528896, 0.1263879587252935, 0.12678205143464238, 0.1281863564536685, 0.1279870726995998, 0.12790425643324851, 0.1268265684445699, 0.12773533222767022, 0.12749844479064146, 0.1293375760316849, 0.12792794841031233, 0.12806075044414578, 0.1266982674598694, 0.12818298895250668, 0.12729713612276575, 0.12791212350130082, 0.1295766696333885, 0.12793810056014496, 0.12748237566224166, 0.12772764638066292, 0.1270618458588918, 0.1272382505238056, 0.1282255803545316, 0.12722520095606646, 0.12792454872812545, 0.12797095786247933, 0.12818212163719264, 0.12757252089001916, 0.12792009254917502, 0.12738316059112548, 0.12780380316755988, 0.12776907804337415, 0.1271766939510902, 0.12781408027960703, 0.12673102048310367, 0.1264144661836326, 0.125856748316437, 0.1273711280276378, 0.12694490121470559, 0.12709644002219042, 0.12743942033160816, 0.12677165919116565, 0.1276998370885849, 0.12707794540458256, 0.1282954216003418, 0.12701884284615517, 0.1272174883633852, 0.1269804842092774, 0.12839795742183924, 0.12732301013810293, 0.12606781721115112, 0.12778102267872204, 0.12785529751669278, 0.1273187900131399, 0.12769271217046246, 0.1270570611315114, 0.1277964493403068, 0.1277466653024449, 0.1272196115359016, 0.12807597219944, 0.1280339014801112, 0.12879841691917843, 0.12698130831122398, 0.1271382952729861, 0.12710621781074083, 0.1275395087220452, 0.12732316901286442, 0.1280930679705408, 0.12677159607410432, 0.1286452998717626, 0.1267734281718731, 0.12663674131035804, 0.12696048266747417, 0.12875511710132873, 0.12681608079444795, 0.12776769027113916, 0.12837186058362324, 0.12742345436261251, 0.12687605660822657, 0.12686289388399857, 0.1288282573223114, 0.12702009081840515, 0.1275263481118061, 0.12693106654015454, 0.12802201377994873, 0.12736207246780396, 0.12786380872130393, 0.1273575755102294, 0.12806845366954803, 0.12643186416890886, 0.12786083156242967, 0.12867294481167427, 0.12858066138099222, 0.12716869544237852, 0.12771220952272416, 0.12705473143320817, 0.1285136640071869, 0.12694159556518902, 0.1265619121491909, 0.12780028333266577, 0.1272903010249138, 0.1273870671337301, 0.12769876345992087, 0.12661474304539816, 0.1276401775447946, 0.12779168196414648, 0.12717286586761475, 0.12850221089626612, 0.12679004834757912, 0.12754836451748144, 0.12653424246953085, 0.12818513946099716, 0.12765287071466447, 0.12757555088576147, 0.12791602548800016, 0.1259854794903235, 0.12758005754305765, 0.12725849325458208, 0.1264438802997271, 0.12701234434332168, 0.1278085866395165, 0.12666553196807703, 0.12747421894561162, 0.1280155748128891, 0.12733182470713342, 0.1265912361443043, 0.1276723318375074, 0.12768635402123132, 0.1277375053614378, 0.12750386148691178, 0.12729448080062866, 0.12884308741642878, 0.12709796090017667, 0.12752819978273833, 0.1281290054321289, 0.12743014007806777, 0.12734708127876124, 0.1275945147499442, 0.12669241077759685, 0.1279484915236632, 0.12794416480594212, 0.1270148970864036, 0.1282906218298844, 0.12710615992546082, 0.1278215166181326, 0.12960296703709495, 0.12727841027081013, 0.1272650651988529, 0.1273458737959253, 0.1274144103129705, 0.1274941705522083, 0.12800752073526384, 0.12754202172869727, 0.12699908089070094, 0.12798896059393883, 0.12645474592080483, 0.1282030767761171, 0.12658764701336622, 0.1275827510131372, 0.1278886839747429, 0.12763557104127748, 0.12719084871442696, 0.1275029053029261, 0.12762746332507385, 0.12694572689740555, 0.12751927439655578, 0.1269896760582924, 0.12727308720350267, 0.12649120390415192, 0.1270731333643198, 0.12833714438602328, 0.12768975231382582, 0.12647392153739928, 0.12855372660689884, 0.1278289645910263, 0.12778124687346545, 0.12775963793198267, 0.12704962202244335, 0.12765163894404064, 0.12737613623695715, 0.12704765095430262, 0.12831611620883146, 0.12640606549878916, 0.12745660368133993, 0.12827399305321954, 0.126529011875391, 0.12748479999993978, 0.12811966074837577, 0.1270803999569681, 0.1271726130084558, 0.12822705200489828, 0.12696069528659185, 0.1284198056567799, 0.12715084726611772, 0.1272323672970136, 0.12841743068850558, 0.1279566627409723, 0.1274320865454881, 0.12792453840374945, 0.12707696414806627, 0.1277891904115677, 0.12747422978281975, 0.12785488491257033, 0.12670055510742323, 0.1272199093364179, 0.12812435047494042, 0.12738088419040045, 0.12837429683316837, 0.1254308745265007, 0.12825608597351953, 0.12779520377516745, 0.12831385704604062, 0.12708564698696137, 0.12840106908012838, 0.12727118469774723, 0.12674811138556555, 0.12769133123484525, 0.12822095018166763, 0.1263367310166359, 0.1269709604481856, 0.12781057506799698, 0.126896995306015, 0.1276272527563075, 0.12798371861378352, 0.12764164805412292, 0.1272044688463211, 0.12743227996609427, 0.12863412712301528, 0.1267149309543046, 0.12744640621046224, 0.12753157824277878, 0.12786457048995153, 0.12651307259996733, 0.1284672895615751, 0.12776189645131428, 0.12755365616508893, 0.12778423153437102, 0.12649229541420937, 0.12879895865917207, 0.12734870405660736, 0.1267618155654739, 0.12796165163700396, 0.1273369270687302, 0.126873141662641, 0.12656223503026096, 0.12744109264828943, 0.12757074501779345, 0.12712116514643032, 0.12766638045248233, 0.12796662375330925, 0.12772207794820561, 0.12801328226923941, 0.1269427859224379, 0.12778234367187208, 0.12730307025568827, 0.12795883187880883, 0.12803880870342255, 0.12880401934186617, 0.12803411344066262, 0.1276719679435094, 0.12741636616342208, 0.12796049039153493, 0.12795582860708238, 0.1273957029916346, 0.1268949122591452, 0.12817174805836243, 0.12670852345499126, 0.12611957117915154, 0.12681033859650295, 0.12706096049236215, 0.12709420972636767, 0.12798431289918494, 0.12789075035187933, 0.12697941485954367, 0.12698909301649441, 0.12709132519861063, 0.1272929786807961, 0.1268280167132616, 0.12702013701200485, 0.12718408008416493, 0.1275485476309603, 0.12687885165214538, 0.12675445154309273, 0.1278214336883637, 0.12809650475780168, 0.12546084211631256, 0.12794234384508693, 0.12862346321344376, 0.12755795940756798, 0.12692928846393312, 0.12893669578162106, 0.1276008483199846, 0.1278060793876648, 0.12738098293542863, 0.12701218575239182, 0.12785818396757045, 0.1278576435227143, 0.12806374505162238, 0.12785409964047945, 0.12832205550324532, 0.12795478850603104, 0.1274153565367063, 0.12757014452802892, 0.12851663529872895, 0.12798745278269053, 0.12695333468062536, 0.12735173106193542, 0.1268388783109599, 0.1262810416519642, 0.12709016303221385, 0.12740312218666078, 0.1268259628365437, 0.12681842950128375, 0.12675531518956026, 0.12773463265462356, 0.12728367287379044, 0.12699621245265008, 0.12664881188954627, 0.12786729289935186, 0.1275830664064573, 0.12741003409028054, 0.12801252231001853, 0.12695799379245096, 0.12756874598562717, 0.12750118699940768, 0.12680337624624372, 0.12680455722979136, 0.12840753687279566, 0.12816277146339417, 0.12758416842137063, 0.128777989609675, 0.12765082195401192, 0.12708392700082377, 0.1285603277385235, 0.1287166951224208, 0.1262553417020374, 0.12730893918446132, 0.12725690305233, 0.12786992066181624, 0.12691098670749104, 0.12808527424931526, 0.1272846064530313, 0.12788892661531767, 0.1274731522973846, 0.12626029125281743, 0.12827567688443445, 0.1281413254328072, 0.12711868342012167, 0.1279943697154522, 0.12789414590224624, 0.1278205687801043, 0.12673930078744888, 0.12782333520325748, 0.12752447596618108, 0.12689266933335197, 0.12663357637145303, 0.1269491583108902, 0.12755767606637058, 0.12715558228748186, 0.128656635943212, 0.12789567932486534, 0.12703761706749597, 0.1266725479679949, 0.127841904386878, 0.12879571598023176, 0.12836359402066783, 0.12795532814094, 0.12742256807784239, 0.12647404596209527, 0.1268610917031765, 0.12649988979101182, 0.1269988978610319, 0.1266358681023121, 0.12781568020582199, 0.12764990223305567, 0.12848074515076244, 0.1274714254989074, 0.12792182841471264, 0.12795774994984918, 0.1264377414352364, 0.1277771808207035, 0.12696822049717107, 0.1270542765657107, 0.12665255409148005, 0.127157733310014, 0.12801041888693968, 0.1276681568959485, 0.12745589100652271, 0.12771769043277292, 0.12724853098392486, 0.12732141063763544, 0.12757663221822846, 0.12701062162717183, 0.12652683754762015, 0.1268576698170768, 0.12753360718488693, 0.12775549029602723, 0.1275653008903776, 0.12670710993309817, 0.12828354382266602, 0.1278064962476492, 0.1285059777173129, 0.12685479338352496, 0.12696972340345383, 0.12777499895956781, 0.12753490561788733, 0.12763729608721203, 0.12671684920787812, 0.1280205376122309, 0.12721848264336585, 0.12737371027469635, 0.12741500437259673, 0.12787531348674194, 0.1271026092581451, 0.126778158876631, 0.12780819691362835, 0.12682966788609823, 0.12811231071298773, 0.1273422591826495, 0.1270336907889162, 0.12665294178507544, 0.12798798022170862, 0.12641578327332223, 0.12743682075630536, 0.12757530882954599, 0.12804129547797716, 0.12988413938067175, 0.1268612380538668, 0.12706465511159462, 0.12672032788395882, 0.12629937380552292, 0.1272064115513455, 0.12721761092543601, 0.1288468450307846, 0.12787475756236485, 0.12828171355970974, 0.12827572226524353, 0.12900269031524658, 0.12729259224041647, 0.12736103853041475, 0.1272234029390595, 0.12687480971217155, 0.12727357190230798, 0.12743718744743437, 0.12700909864285898, 0.1273221718147397, 0.1281656422897389, 0.12725149169564248, 0.12605130589670605, 0.12729112133383752, 0.12756352803923868, 0.12827501818537712, 0.12680867051377015, 0.12877089574056513, 0.12917359386171615, 0.12704759148450998, 0.12745554745197296, 0.1274732287440981, 0.12675613711277645, 0.12713455981933153, 0.12935453866209304, 0.12724638865752655, 0.12822348285805096, 0.12806324139237404, 0.12720501287416977, 0.1275971166112206, 0.1274259974333373, 0.12726652572552363, 0.1279331216445336, 0.12754486720351613, 0.1276941773082529, 0.1274943768978119, 0.1274565231232416, 0.1278026425279677, 0.12749173521995544, 0.12718726446231207, 0.12736727935927256, 0.12700712367107994, 0.12739264633920458, 0.12896764413876968, 0.12777483998797834, 0.12684330383413717, 0.1278257690370083, 0.12788568958640098, 0.12764201771754485, 0.1275296759876338, 0.12765783965587615, 0.1272917063463302, 0.1275063492357731, 0.1280153160509856, 0.12635628055585058, 0.12672473809548787, 0.12814145137866337, 0.12837972097537098, 0.12822919173373115, 0.12612318396568298, 0.12779673884312312, 0.1274139791727066, 0.12756118724743526, 0.12845812737941742, 0.12681416794657707, 0.12702748089125662, 0.12753106382760135, 0.12689547186217656, 0.1289856420321898, 0.12706225051691658, 0.12718497216701508, 0.12656908908060618, 0.1263249881173435, 0.12891341745853424, 0.12678871410233633, 0.1267222782969475, 0.12718067082266013, 0.12715126052498818, 0.12745582533103447, 0.12659108804331887, 0.12730533498175003, 0.12728002212113804, 0.12851740717887877, 0.12698868490182436, 0.1271653021685779, 0.12759536361465088, 0.1272017682592074, 0.12752894041213123, 0.12848606652447156, 0.12717595882713795, 0.1280330746833767, 0.12838539083798725, 0.12733898647129535, 0.1271210853010416, 0.12912304922938347, 0.1280142796181497, 0.12733228670226204, 0.12854065213884627, 0.12860633465258972, 0.12947574028602013, 0.12656278245978886, 0.1270626331679523, 0.12802661675959826, 0.12833234488964082, 0.12665250711143017, 0.12644687868081605, 0.12802462492670333, 0.12838848431905112, 0.12778588756918907, 0.1263801498072488, 0.12650047414577925, 0.12695568924148878, 0.12769296802580357, 0.12666900549083948, 0.12830892479733416, 0.12717302106320857, 0.12787452505694497, 0.12701281160116196, 0.12796065459648767, 0.12688566669821738, 0.12841470104952654, 0.12795507907867432, 0.12711351985732713, 0.12865093522346938, 0.12696955651044844, 0.1271151256035356, 0.12783456924888822, 0.12741614431142806, 0.12786589054072775, 0.1261405753903091, 0.12656480620304744, 0.12785061821341515, 0.12748709926381707, 0.12696233352548197, 0.12718321653929623, 0.12615344756179386, 0.12750292900535795, 0.12757142764680526, 0.12812134126822153, 0.12811223417520523, 0.127637493941519, 0.12836970798671246, 0.12754297063306527, 0.12671545371413231, 0.1272895485162735, 0.1264469792897051, 0.12715624425655755, 0.12800880869229633, 0.12673392426222563, 0.1276511427234201, 0.1274792082607746, 0.1280908476975229, 0.12607718184590339, 0.1270813633998235, 0.12772070722920553, 0.1273893283473121, 0.12697984597512654, 0.1283780405154595, 0.12720998159299293, 0.12962424457073213, 0.12706946352353463, 0.12877839555342993, 0.1272981590949572, 0.1262626160795872, 0.1272316354016463, 0.12682205864361354, 0.12919040934907067, 0.1281113624572754, 0.1281929761171341, 0.12779592485590416, 0.12678190523927862]}