('OC-FakeDect1 (Trained on AVG Dataset)  \nTested on AVG Face2Face Dataset  \nRunning Average Evaluation', 'OC-FakeDect1_AVG', 'AVG', 'OC-FakeDect1_AVG_raeonF2Favg')
auroc=0.5175174007088388
f1=0.4710820895522388
prec=0.4406631762652705
recall=0.5060120240480962

fpr=[0.0, 0.4709772226304188, 1.0]

tpr=[0.0, 0.5060120240480962, 1.0]

y_true=[0, 0, 0, 0, 0, 0, 0, 0, 0, 0, 0, 0, 0, 0, 0, 0, 0, 0, 0, 0, 0, 0, 0, 0, 0, 0, 0, 0, 0, 0, 0, 0, 0, 0, 0, 0, 0, 0, 0, 0, 0, 0, 0, 0, 0, 0, 0, 0, 0, 0, 0, 0, 0, 0, 0, 0, 0, 0, 0, 0, 0, 0, 0, 0, 0, 0, 0, 0, 0, 0, 0, 0, 0, 0, 0, 0, 0, 0, 0, 0, 0, 0, 0, 0, 0, 0, 0, 0, 0, 0, 0, 0, 0, 0, 0, 0, 0, 0, 0, 0, 0, 0, 0, 0, 0, 0, 0, 0, 0, 0, 0, 0, 0, 0, 0, 0, 0, 0, 0, 0, 0, 0, 0, 0, 0, 0, 0, 0, 0, 0, 0, 0, 0, 0, 0, 0, 0, 0, 0, 0, 0, 0, 0, 0, 0, 0, 0, 0, 0, 0, 0, 0, 0, 0, 0, 0, 0, 0, 0, 0, 0, 0, 0, 0, 0, 0, 0, 0, 0, 0, 0, 0, 0, 0, 0, 0, 0, 0, 0, 0, 0, 0, 0, 0, 0, 0, 0, 0, 0, 0, 0, 0, 0, 0, 0, 0, 0, 0, 0, 0, 0, 0, 0, 0, 0, 0, 0, 0, 0, 0, 0, 0, 0, 0, 0, 0, 0, 0, 0, 0, 0, 0, 0, 0, 0, 0, 0, 0, 0, 0, 0, 0, 0, 0, 0, 0, 0, 0, 0, 0, 0, 0, 0, 0, 0, 0, 0, 0, 0, 0, 0, 0, 0, 0, 0, 0, 0, 0, 0, 0, 0, 0, 0, 0, 0, 0, 0, 0, 0, 0, 0, 0, 0, 0, 0, 0, 0, 0, 0, 0, 0, 0, 0, 0, 0, 0, 0, 0, 0, 0, 0, 0, 0, 0, 0, 0, 0, 0, 0, 0, 0, 0, 0, 0, 0, 0, 0, 0, 0, 0, 0, 0, 0, 0, 0, 0, 0, 0, 0, 0, 0, 0, 0, 0, 0, 0, 0, 0, 0, 0, 0, 0, 0, 0, 0, 0, 0, 0, 0, 0, 0, 0, 0, 0, 0, 0, 0, 0, 0, 0, 0, 0, 0, 0, 0, 0, 0, 0, 0, 0, 0, 0, 0, 0, 0, 0, 0, 0, 0, 0, 0, 0, 0, 0, 0, 0, 0, 0, 0, 0, 0, 0, 0, 0, 0, 0, 0, 0, 0, 0, 0, 0, 0, 0, 0, 0, 0, 0, 0, 0, 0, 0, 0, 0, 0, 0, 0, 0, 0, 0, 0, 0, 0, 0, 0, 0, 0, 0, 0, 0, 0, 0, 0, 0, 0, 0, 0, 0, 0, 0, 0, 0, 0, 0, 0, 0, 0, 0, 0, 0, 0, 0, 0, 0, 0, 0, 0, 0, 0, 0, 0, 0, 0, 0, 0, 0, 0, 0, 0, 0, 0, 0, 0, 0, 0, 0, 0, 0, 0, 0, 0, 0, 0, 0, 0, 0, 0, 0, 0, 0, 0, 0, 0, 0, 0, 0, 0, 0, 0, 0, 0, 0, 0, 0, 0, 0, 0, 0, 0, 0, 0, 0, 0, 0, 0, 0, 0, 0, 0, 0, 0, 0, 0, 0, 0, 0, 0, 0, 0, 0, 0, 0, 0, 0, 0, 0, 0, 0, 0, 0, 0, 0, 0, 0, 0, 0, 0, 0, 0, 0, 0, 0, 0, 0, 0, 0, 0, 0, 0, 0, 0, 0, 0, 0, 0, 0, 0, 0, 0, 0, 0, 0, 0, 0, 0, 0, 0, 0, 0, 0, 0, 0, 0, 0, 0, 0, 0, 0, 0, 0, 0, 0, 0, 0, 0, 0, 0, 0, 0, 0, 0, 0, 0, 0, 0, 0, 0, 0, 0, 0, 0, 0, 0, 0, 0, 0, 0, 0, 0, 0, 0, 0, 0, 0, 0, 0, 0, 0, 0, 0, 0, 0, 0, 0, 0, 0, 0, 0, 0, 0, 0, 0, 0, 0, 0, 0, 0, 0, 0, 0, 0, 0, 0, 0, 0, 0, 0, 0, 0, 0, 0, 0, 0, 0, 0, 0, 0, 0, 0, 0, 0, 0, 0, 0, 0, 0, 0, 0, 0, 0, 0, 0, 0, 0, 0, 0, 0, 0, 0, 0, 0, 0, 0, 0, 0, 0, 0, 0, 0, 0, 0, 0, 0, 0, 0, 0, 0, 0, 0, 0, 0, 0, 0, 0, 0, 0, 0, 0, 0, 0, 0, 0, 0, 0, 0, 0, 0, 0, 0, 0, 0, 0, 0, 0, 0, 0, 0, 0, 0, 0, 0, 0, 0, 0, 0, 0, 0, 0, 0, 0, 0, 0, 0, 0, 0, 0, 0, 0, 0, 0, 0, 0, 0, 0, 0, 0, 0, 0, 0, 0, 0, 0, 0, 0, 0, 0, 0, 0, 0, 0, 0, 0, 0, 0, 0, 0, 0, 0, 0, 0, 0, 0, 0, 0, 0, 0, 0, 0, 0, 0, 0, 0, 0, 0, 0, 0, 0, 0, 0, 0, 0, 0, 0, 0, 0, 0, 0, 0, 0, 0, 0, 0, 0, 0, 0, 0, 0, 0, 0, 0, 0, 0, 0, 0, 0, 0, 0, 0, 0, 0, 0, 0, 0, 0, 0, 0, 0, 0, 0, 0, 0, 0, 0, 0, 0, 0, 0, 0, 0, 0, 0, 0, 0, 0, 0, 0, 0, 0, 0, 0, 0, 0, 0, 0, 0, 0, 0, 0, 0, 0, 0, 0, 0, 0, 0, 0, 0, 0, 0, 0, 0, 0, 0, 0, 0, 0, 0, 0, 0, 0, 0, 0, 0, 0, 0, 0, 0, 0, 0, 0, 0, 0, 0, 0, 0, 0, 0, 0, 0, 0, 0, 0, 0, 0, 0, 0, 0, 0, 0, 0, 0, 0, 0, 0, 0, 0, 0, 0, 0, 0, 0, 0, 0, 0, 0, 0, 0, 0, 0, 0, 0, 0, 0, 0, 0, 0, 0, 0, 0, 0, 0, 0, 0, 0, 0, 0, 0, 0, 0, 0, 0, 0, 0, 0, 0, 0, 0, 0, 0, 0, 0, 0, 0, 0, 0, 0, 0, 0, 0, 0, 0, 0, 0, 0, 0, 0, 0, 0, 0, 0, 0, 0, 0, 0, 0, 0, 0, 0, 0, 0, 0, 0, 0, 0, 0, 0, 0, 0, 0, 0, 0, 0, 0, 0, 0, 0, 0, 0, 0, 0, 0, 0, 0, 0, 0, 0, 0, 0, 0, 0, 0, 0, 0, 0, 0, 0, 0, 0, 0, 0, 0, 0, 0, 0, 0, 0, 0, 0, 0, 0, 0, 0, 0, 0, 0, 0, 0, 0, 0, 0, 0, 0, 0, 0, 0, 0, 0, 0, 0, 0, 0, 0, 0, 0, 0, 0, 0, 0, 0, 0, 0, 0, 0, 0, 0, 0, 0, 0, 0, 0, 0, 0, 0, 0, 0, 0, 0, 0, 0, 0, 0, 0, 0, 0, 0, 0, 0, 0, 0, 0, 0, 0, 0, 0, 0, 0, 0, 0, 0, 0, 0, 0, 0, 0, 0, 0, 0, 0, 0, 0, 0, 0, 0, 0, 0, 0, 0, 0, 0, 0, 0, 0, 0, 0, 0, 0, 0, 0, 0, 0, 0, 0, 0, 0, 0, 0, 0, 0, 0, 0, 0, 0, 0, 0, 0, 0, 0, 0, 0, 0, 0, 0, 0, 0, 0, 0, 0, 0, 0, 0, 0, 0, 0, 0, 0, 0, 0, 0, 0, 0, 0, 0, 0, 0, 0, 0, 0, 0, 0, 0, 0, 0, 0, 0, 0, 0, 0, 0, 0, 0, 0, 0, 0, 0, 0, 0, 0, 0, 0, 0, 0, 0, 0, 0, 0, 0, 0, 0, 0, 0, 0, 0, 0, 0, 0, 0, 0, 0, 0, 0, 0, 0, 0, 0, 0, 0, 0, 0, 0, 0, 0, 0, 0, 0, 0, 0, 0, 0, 0, 0, 0, 0, 0, 0, 0, 0, 0, 0, 0, 0, 0, 0, 0, 0, 0, 0, 0, 0, 0, 0, 0, 0, 0, 0, 0, 0, 0, 0, 0, 0, 0, 0, 0, 0, 0, 0, 0, 0, 0, 0, 0, 0, 0, 0, 0, 0, 0, 0, 0, 0, 0, 0, 0, 0, 0, 0, 0, 0, 0, 0, 0, 0, 0, 0, 0, 0, 0, 0, 0, 0, 0, 0, 0, 0, 0, 0, 0, 0, 0, 0, 0, 0, 0, 0, 0, 0, 0, 0, 0, 0, 0, 0, 0, 0, 0, 0, 0, 0, 0, 0, 0, 1, 1, 1, 1, 1, 1, 1, 1, 1, 1, 1, 1, 1, 1, 1, 1, 1, 1, 1, 1, 1, 1, 1, 1, 1, 1, 1, 1, 1, 1, 1, 1, 1, 1, 1, 1, 1, 1, 1, 1, 1, 1, 1, 1, 1, 1, 1, 1, 1, 1, 1, 1, 1, 1, 1, 1, 1, 1, 1, 1, 1, 1, 1, 1, 1, 1, 1, 1, 1, 1, 1, 1, 1, 1, 1, 1, 1, 1, 1, 1, 1, 1, 1, 1, 1, 1, 1, 1, 1, 1, 1, 1, 1, 1, 1, 1, 1, 1, 1, 1, 1, 1, 1, 1, 1, 1, 1, 1, 1, 1, 1, 1, 1, 1, 1, 1, 1, 1, 1, 1, 1, 1, 1, 1, 1, 1, 1, 1, 1, 1, 1, 1, 1, 1, 1, 1, 1, 1, 1, 1, 1, 1, 1, 1, 1, 1, 1, 1, 1, 1, 1, 1, 1, 1, 1, 1, 1, 1, 1, 1, 1, 1, 1, 1, 1, 1, 1, 1, 1, 1, 1, 1, 1, 1, 1, 1, 1, 1, 1, 1, 1, 1, 1, 1, 1, 1, 1, 1, 1, 1, 1, 1, 1, 1, 1, 1, 1, 1, 1, 1, 1, 1, 1, 1, 1, 1, 1, 1, 1, 1, 1, 1, 1, 1, 1, 1, 1, 1, 1, 1, 1, 1, 1, 1, 1, 1, 1, 1, 1, 1, 1, 1, 1, 1, 1, 1, 1, 1, 1, 1, 1, 1, 1, 1, 1, 1, 1, 1, 1, 1, 1, 1, 1, 1, 1, 1, 1, 1, 1, 1, 1, 1, 1, 1, 1, 1, 1, 1, 1, 1, 1, 1, 1, 1, 1, 1, 1, 1, 1, 1, 1, 1, 1, 1, 1, 1, 1, 1, 1, 1, 1, 1, 1, 1, 1, 1, 1, 1, 1, 1, 1, 1, 1, 1, 1, 1, 1, 1, 1, 1, 1, 1, 1, 1, 1, 1, 1, 1, 1, 1, 1, 1, 1, 1, 1, 1, 1, 1, 1, 1, 1, 1, 1, 1, 1, 1, 1, 1, 1, 1, 1, 1, 1, 1, 1, 1, 1, 1, 1, 1, 1, 1, 1, 1, 1, 1, 1, 1, 1, 1, 1, 1, 1, 1, 1, 1, 1, 1, 1, 1, 1, 1, 1, 1, 1, 1, 1, 1, 1, 1, 1, 1, 1, 1, 1, 1, 1, 1, 1, 1, 1, 1, 1, 1, 1, 1, 1, 1, 1, 1, 1, 1, 1, 1, 1, 1, 1, 1, 1, 1, 1, 1, 1, 1, 1, 1, 1, 1, 1, 1, 1, 1, 1, 1, 1, 1, 1, 1, 1, 1, 1, 1, 1, 1, 1, 1, 1, 1, 1, 1, 1, 1, 1, 1, 1, 1, 1, 1, 1, 1, 1, 1, 1, 1, 1, 1, 1, 1, 1, 1, 1, 1, 1, 1, 1, 1, 1, 1, 1, 1, 1, 1, 1, 1, 1, 1, 1, 1, 1, 1, 1, 1, 1, 1, 1, 1, 1, 1, 1, 1, 1, 1, 1, 1, 1, 1, 1, 1, 1, 1, 1, 1, 1, 1, 1, 1, 1, 1, 1, 1, 1, 1, 1, 1, 1, 1, 1, 1, 1, 1, 1, 1, 1, 1, 1, 1, 1, 1, 1, 1, 1, 1, 1, 1, 1, 1, 1, 1, 1, 1, 1, 1, 1, 1, 1, 1, 1, 1, 1, 1, 1, 1, 1, 1, 1, 1, 1, 1, 1, 1, 1, 1, 1, 1, 1, 1, 1, 1, 1, 1, 1, 1, 1, 1, 1, 1, 1, 1, 1, 1, 1, 1, 1, 1, 1, 1, 1, 1, 1, 1, 1, 1, 1, 1, 1, 1, 1, 1, 1, 1, 1, 1, 1, 1, 1, 1, 1, 1, 1, 1, 1, 1, 1, 1, 1, 1, 1, 1, 1, 1, 1, 1, 1, 1, 1, 1, 1, 1, 1, 1, 1, 1, 1, 1, 1, 1, 1, 1, 1, 1, 1, 1, 1, 1, 1, 1, 1, 1, 1, 1, 1, 1, 1, 1, 1, 1, 1, 1, 1, 1, 1, 1, 1, 1, 1, 1, 1, 1, 1, 1, 1, 1, 1, 1, 1, 1, 1, 1, 1, 1, 1, 1, 1, 1, 1, 1, 1, 1, 1, 1, 1, 1, 1, 1, 1, 1, 1, 1, 1, 1, 1, 1, 1, 1, 1, 1, 1, 1, 1, 1, 1, 1, 1, 1, 1, 1, 1, 1, 1, 1, 1, 1, 1, 1, 1, 1, 1, 1, 1, 1, 1, 1, 1, 1, 1, 1, 1, 1, 1, 1, 1, 1, 1, 1, 1, 1, 1, 1, 1, 1, 1, 1, 1, 1, 1, 1, 1, 1, 1, 1, 1, 1, 1, 1, 1, 1, 1, 1, 1, 1, 1, 1, 1, 1, 1, 1, 1, 1, 1, 1, 1, 1, 1, 1, 1, 1, 1, 1, 1, 1, 1, 1, 1, 1, 1, 1, 1, 1, 1, 1, 1, 1, 1, 1, 1, 1, 1, 1, 1, 1, 1, 1, 1, 1, 1, 1, 1, 1, 1, 1, 1, 1, 1, 1, 1, 1, 1, 1, 1, 1, 1, 1, 1, 1, 1, 1, 1, 1, 1, 1, 1, 1, 1, 1, 1, 1, 1, 1, 1, 1, 1, 1, 1, 1, 1, 1, 1, 1, 1, 1, 1, 1, 1, 1, 1, 1, 1, 1, 1, 1, 1, 1, 1, 1, 1, 1, 1, 1, 1, 1, 1, 1, 1, 1, 1, 1, 1, 1, 1, 1, 1, 1, 1, 1, 1, 1, 1, 1, 1, 1, 1, 1, 1, 1, 1, 1, 1, 1, 1, 1, 1, 1, 1, 1, 1, 1, 1, 1, 1, 1, 1, 1, 1, 1, 1, 1, 1, 1, 1, 1, 1, 1, 1, 1, 1, 1, 1, 1, 1, 1, 1, 1, 1, 1, 1, 1, 1, 1, 1, 1, 1, 1, 1, 1, 1, 1, 1, 1, 1, 1, 1, 1, 1, 1, 1, 1, 1, 1, 1, 1, 1, 1, 1, 1, 1, 1, 1, 1, 1, 1, 1, 1, 1, 1, 1, 1, 1, 1, 1, 1, 1, 1, 1, 1, 1, 1, 1, 1]

y_pred=[0.0, 0.0, 0.0, 1.0, 1.0, 0.0, 0.0, 1.0, 1.0, 1.0, 0.0, 1.0, 0.0, 1.0, 1.0, 0.0, 1.0, 0.0, 0.0, 0.0, 0.0, 0.0, 1.0, 0.0, 1.0, 1.0, 0.0, 1.0, 0.0, 0.0, 1.0, 1.0, 1.0, 0.0, 1.0, 1.0, 0.0, 0.0, 1.0, 0.0, 1.0, 0.0, 0.0, 0.0, 1.0, 0.0, 0.0, 1.0, 1.0, 0.0, 0.0, 1.0, 0.0, 0.0, 0.0, 0.0, 0.0, 1.0, 1.0, 0.0, 0.0, 1.0, 0.0, 1.0, 1.0, 1.0, 0.0, 0.0, 0.0, 1.0, 1.0, 0.0, 0.0, 1.0, 0.0, 1.0, 0.0, 0.0, 0.0, 0.0, 0.0, 0.0, 1.0, 1.0, 1.0, 0.0, 1.0, 0.0, 0.0, 0.0, 0.0, 1.0, 0.0, 0.0, 0.0, 1.0, 0.0, 1.0, 0.0, 1.0, 1.0, 1.0, 0.0, 1.0, 1.0, 1.0, 1.0, 1.0, 1.0, 0.0, 0.0, 0.0, 1.0, 0.0, 0.0, 1.0, 0.0, 0.0, 0.0, 1.0, 1.0, 0.0, 1.0, 0.0, 0.0, 0.0, 1.0, 0.0, 0.0, 1.0, 0.0, 1.0, 0.0, 1.0, 1.0, 1.0, 0.0, 0.0, 0.0, 0.0, 0.0, 1.0, 0.0, 0.0, 1.0, 1.0, 0.0, 0.0, 1.0, 1.0, 1.0, 0.0, 0.0, 0.0, 0.0, 1.0, 1.0, 1.0, 0.0, 0.0, 1.0, 1.0, 0.0, 0.0, 0.0, 0.0, 0.0, 0.0, 0.0, 0.0, 1.0, 0.0, 0.0, 0.0, 0.0, 1.0, 0.0, 1.0, 1.0, 1.0, 0.0, 1.0, 1.0, 0.0, 1.0, 0.0, 0.0, 0.0, 0.0, 0.0, 0.0, 1.0, 1.0, 0.0, 0.0, 1.0, 0.0, 1.0, 0.0, 0.0, 0.0, 1.0, 1.0, 0.0, 0.0, 1.0, 1.0, 0.0, 0.0, 0.0, 1.0, 0.0, 0.0, 1.0, 1.0, 0.0, 1.0, 1.0, 0.0, 1.0, 0.0, 0.0, 1.0, 1.0, 0.0, 1.0, 0.0, 0.0, 0.0, 0.0, 1.0, 1.0, 1.0, 0.0, 1.0, 1.0, 1.0, 0.0, 0.0, 0.0, 0.0, 0.0, 0.0, 0.0, 0.0, 1.0, 0.0, 0.0, 0.0, 1.0, 1.0, 0.0, 0.0, 0.0, 1.0, 0.0, 1.0, 0.0, 1.0, 0.0, 1.0, 0.0, 0.0, 1.0, 1.0, 1.0, 1.0, 0.0, 0.0, 0.0, 0.0, 1.0, 0.0, 0.0, 0.0, 0.0, 0.0, 0.0, 0.0, 1.0, 0.0, 0.0, 0.0, 0.0, 1.0, 0.0, 0.0, 1.0, 0.0, 0.0, 0.0, 0.0, 1.0, 1.0, 0.0, 1.0, 1.0, 1.0, 0.0, 0.0, 0.0, 1.0, 1.0, 1.0, 0.0, 1.0, 0.0, 0.0, 1.0, 1.0, 0.0, 0.0, 0.0, 0.0, 0.0, 1.0, 0.0, 1.0, 0.0, 0.0, 1.0, 0.0, 1.0, 1.0, 1.0, 0.0, 1.0, 1.0, 0.0, 0.0, 1.0, 1.0, 1.0, 0.0, 1.0, 1.0, 1.0, 1.0, 0.0, 1.0, 0.0, 0.0, 0.0, 1.0, 1.0, 0.0, 0.0, 1.0, 0.0, 0.0, 1.0, 1.0, 0.0, 0.0, 0.0, 1.0, 0.0, 1.0, 0.0, 1.0, 1.0, 0.0, 1.0, 0.0, 1.0, 0.0, 1.0, 0.0, 1.0, 1.0, 1.0, 0.0, 0.0, 1.0, 0.0, 1.0, 1.0, 1.0, 1.0, 1.0, 0.0, 0.0, 1.0, 1.0, 0.0, 0.0, 0.0, 1.0, 0.0, 0.0, 0.0, 0.0, 1.0, 0.0, 1.0, 0.0, 0.0, 0.0, 0.0, 0.0, 0.0, 1.0, 1.0, 0.0, 1.0, 1.0, 0.0, 1.0, 0.0, 1.0, 1.0, 1.0, 0.0, 1.0, 0.0, 1.0, 1.0, 0.0, 1.0, 0.0, 1.0, 0.0, 0.0, 1.0, 0.0, 1.0, 0.0, 1.0, 1.0, 1.0, 1.0, 0.0, 1.0, 1.0, 1.0, 1.0, 0.0, 1.0, 0.0, 0.0, 1.0, 0.0, 0.0, 1.0, 0.0, 0.0, 1.0, 1.0, 0.0, 1.0, 0.0, 1.0, 0.0, 1.0, 0.0, 0.0, 0.0, 0.0, 1.0, 0.0, 1.0, 1.0, 0.0, 0.0, 1.0, 1.0, 0.0, 0.0, 0.0, 1.0, 0.0, 1.0, 0.0, 0.0, 1.0, 0.0, 1.0, 0.0, 1.0, 0.0, 1.0, 1.0, 0.0, 1.0, 0.0, 1.0, 1.0, 0.0, 0.0, 0.0, 1.0, 1.0, 0.0, 0.0, 0.0, 0.0, 0.0, 1.0, 0.0, 0.0, 0.0, 0.0, 1.0, 0.0, 0.0, 1.0, 1.0, 1.0, 1.0, 1.0, 1.0, 0.0, 0.0, 1.0, 0.0, 1.0, 0.0, 0.0, 1.0, 1.0, 0.0, 0.0, 0.0, 0.0, 0.0, 1.0, 0.0, 1.0, 0.0, 0.0, 0.0, 1.0, 0.0, 0.0, 0.0, 0.0, 1.0, 1.0, 0.0, 0.0, 1.0, 1.0, 1.0, 1.0, 0.0, 0.0, 1.0, 1.0, 0.0, 1.0, 0.0, 0.0, 0.0, 0.0, 1.0, 0.0, 0.0, 1.0, 0.0, 0.0, 0.0, 1.0, 1.0, 1.0, 1.0, 0.0, 0.0, 1.0, 0.0, 0.0, 1.0, 0.0, 1.0, 0.0, 1.0, 1.0, 1.0, 0.0, 1.0, 1.0, 0.0, 1.0, 1.0, 1.0, 0.0, 1.0, 1.0, 1.0, 1.0, 0.0, 0.0, 1.0, 0.0, 0.0, 1.0, 1.0, 1.0, 0.0, 1.0, 0.0, 1.0, 0.0, 0.0, 0.0, 1.0, 1.0, 1.0, 1.0, 1.0, 1.0, 0.0, 0.0, 0.0, 0.0, 1.0, 0.0, 1.0, 1.0, 0.0, 1.0, 0.0, 1.0, 1.0, 1.0, 0.0, 1.0, 0.0, 1.0, 0.0, 0.0, 0.0, 1.0, 0.0, 1.0, 0.0, 1.0, 1.0, 1.0, 0.0, 0.0, 1.0, 1.0, 0.0, 1.0, 0.0, 0.0, 1.0, 1.0, 1.0, 0.0, 1.0, 0.0, 1.0, 1.0, 1.0, 1.0, 1.0, 1.0, 0.0, 0.0, 0.0, 1.0, 0.0, 0.0, 0.0, 1.0, 0.0, 0.0, 1.0, 1.0, 0.0, 0.0, 1.0, 1.0, 1.0, 0.0, 0.0, 0.0, 1.0, 1.0, 0.0, 1.0, 0.0, 0.0, 0.0, 0.0, 0.0, 0.0, 1.0, 1.0, 0.0, 0.0, 0.0, 0.0, 0.0, 0.0, 1.0, 0.0, 1.0, 0.0, 1.0, 1.0, 1.0, 1.0, 0.0, 0.0, 1.0, 0.0, 1.0, 0.0, 0.0, 1.0, 1.0, 1.0, 1.0, 1.0, 1.0, 1.0, 0.0, 0.0, 0.0, 1.0, 1.0, 1.0, 0.0, 0.0, 0.0, 1.0, 1.0, 1.0, 1.0, 1.0, 0.0, 1.0, 1.0, 0.0, 1.0, 0.0, 0.0, 1.0, 0.0, 0.0, 0.0, 0.0, 0.0, 1.0, 0.0, 0.0, 0.0, 0.0, 0.0, 1.0, 0.0, 1.0, 1.0, 1.0, 1.0, 1.0, 0.0, 0.0, 0.0, 1.0, 0.0, 0.0, 1.0, 1.0, 0.0, 1.0, 0.0, 1.0, 1.0, 0.0, 0.0, 1.0, 0.0, 0.0, 0.0, 0.0, 1.0, 0.0, 1.0, 0.0, 1.0, 0.0, 0.0, 1.0, 0.0, 1.0, 0.0, 0.0, 1.0, 0.0, 0.0, 1.0, 1.0, 0.0, 1.0, 1.0, 0.0, 0.0, 1.0, 0.0, 0.0, 1.0, 0.0, 0.0, 1.0, 0.0, 1.0, 0.0, 1.0, 1.0, 0.0, 1.0, 1.0, 0.0, 1.0, 0.0, 1.0, 1.0, 0.0, 1.0, 0.0, 0.0, 1.0, 0.0, 1.0, 1.0, 1.0, 1.0, 0.0, 1.0, 1.0, 1.0, 1.0, 1.0, 0.0, 1.0, 0.0, 0.0, 0.0, 1.0, 1.0, 1.0, 1.0, 0.0, 1.0, 0.0, 1.0, 1.0, 1.0, 0.0, 1.0, 0.0, 0.0, 0.0, 1.0, 1.0, 0.0, 1.0, 1.0, 1.0, 1.0, 1.0, 1.0, 0.0, 1.0, 1.0, 0.0, 1.0, 1.0, 0.0, 0.0, 0.0, 1.0, 1.0, 0.0, 0.0, 1.0, 0.0, 0.0, 1.0, 1.0, 1.0, 0.0, 1.0, 0.0, 0.0, 0.0, 1.0, 0.0, 0.0, 0.0, 1.0, 0.0, 1.0, 1.0, 0.0, 1.0, 1.0, 1.0, 0.0, 0.0, 1.0, 1.0, 0.0, 1.0, 0.0, 1.0, 0.0, 0.0, 0.0, 0.0, 0.0, 1.0, 0.0, 0.0, 0.0, 1.0, 0.0, 0.0, 1.0, 0.0, 0.0, 1.0, 1.0, 0.0, 1.0, 0.0, 0.0, 1.0, 1.0, 0.0, 0.0, 1.0, 0.0, 0.0, 1.0, 1.0, 1.0, 0.0, 0.0, 1.0, 1.0, 1.0, 1.0, 0.0, 0.0, 0.0, 1.0, 0.0, 0.0, 1.0, 1.0, 0.0, 0.0, 1.0, 1.0, 0.0, 0.0, 0.0, 0.0, 1.0, 0.0, 1.0, 1.0, 0.0, 1.0, 1.0, 1.0, 0.0, 0.0, 1.0, 1.0, 0.0, 0.0, 1.0, 0.0, 1.0, 0.0, 0.0, 1.0, 1.0, 0.0, 1.0, 0.0, 1.0, 1.0, 0.0, 1.0, 0.0, 1.0, 0.0, 1.0, 0.0, 1.0, 0.0, 0.0, 0.0, 0.0, 0.0, 1.0, 0.0, 1.0, 0.0, 0.0, 0.0, 0.0, 0.0, 0.0, 0.0, 0.0, 0.0, 1.0, 1.0, 1.0, 1.0, 1.0, 0.0, 1.0, 0.0, 0.0, 0.0, 1.0, 0.0, 1.0, 0.0, 1.0, 1.0, 0.0, 0.0, 0.0, 0.0, 0.0, 0.0, 0.0, 1.0, 1.0, 1.0, 1.0, 1.0, 0.0, 0.0, 0.0, 0.0, 1.0, 0.0, 0.0, 1.0, 1.0, 0.0, 1.0, 1.0, 1.0, 1.0, 0.0, 1.0, 0.0, 1.0, 0.0, 1.0, 1.0, 0.0, 1.0, 0.0, 1.0, 1.0, 0.0, 0.0, 1.0, 1.0, 1.0, 0.0, 0.0, 1.0, 0.0, 1.0, 1.0, 0.0, 0.0, 1.0, 1.0, 1.0, 0.0, 0.0, 1.0, 1.0, 0.0, 1.0, 0.0, 1.0, 1.0, 0.0, 1.0, 0.0, 1.0, 1.0, 1.0, 0.0, 0.0, 1.0, 0.0, 1.0, 0.0, 0.0, 0.0, 1.0, 0.0, 1.0, 0.0, 0.0, 0.0, 1.0, 0.0, 1.0, 0.0, 0.0, 1.0, 0.0, 1.0, 1.0, 0.0, 0.0, 1.0, 1.0, 0.0, 0.0, 0.0, 0.0, 1.0, 1.0, 0.0, 1.0, 0.0, 1.0, 0.0, 1.0, 0.0, 1.0, 0.0, 0.0, 0.0, 0.0, 1.0, 0.0, 0.0, 1.0, 1.0, 0.0, 0.0, 0.0, 0.0, 1.0, 0.0, 0.0, 0.0, 0.0, 1.0, 0.0, 1.0, 0.0, 1.0, 1.0, 1.0, 0.0, 0.0, 1.0, 1.0, 0.0, 1.0, 1.0, 1.0, 0.0, 1.0, 1.0, 1.0, 0.0, 1.0, 1.0, 1.0, 1.0, 1.0, 0.0, 1.0, 1.0, 1.0, 0.0, 1.0, 0.0, 1.0, 0.0, 0.0, 0.0, 0.0, 1.0, 0.0, 0.0, 1.0, 0.0, 0.0, 1.0, 1.0, 0.0, 1.0, 1.0, 1.0, 1.0, 1.0, 0.0, 1.0, 1.0, 1.0, 1.0, 1.0, 0.0, 0.0, 1.0, 0.0, 1.0, 1.0, 0.0, 0.0, 0.0, 0.0, 1.0, 1.0, 0.0, 1.0, 0.0, 1.0, 0.0, 0.0, 0.0, 1.0, 1.0, 0.0, 1.0, 0.0, 0.0, 0.0, 1.0, 0.0, 0.0, 0.0, 0.0, 1.0, 0.0, 0.0, 0.0, 0.0, 1.0, 0.0, 0.0, 0.0, 1.0, 0.0, 1.0, 0.0, 1.0, 1.0, 1.0, 1.0, 0.0, 0.0, 0.0, 0.0, 0.0, 1.0, 1.0, 0.0, 1.0, 0.0, 0.0, 0.0, 1.0, 1.0, 1.0, 1.0, 0.0, 1.0, 1.0, 1.0, 1.0, 0.0, 0.0, 1.0, 1.0, 1.0, 1.0, 0.0, 0.0, 0.0, 0.0, 0.0, 0.0, 1.0, 0.0, 0.0, 1.0, 0.0, 0.0, 0.0, 1.0, 1.0, 1.0, 1.0, 1.0, 0.0, 1.0, 0.0, 0.0, 1.0, 0.0, 0.0, 1.0, 0.0, 1.0, 1.0, 1.0, 0.0, 0.0, 0.0, 1.0, 0.0, 0.0, 1.0, 0.0, 1.0, 1.0, 1.0, 0.0, 0.0, 1.0, 1.0, 0.0, 1.0, 0.0, 1.0, 1.0, 0.0, 1.0, 0.0, 0.0, 0.0, 0.0, 0.0, 0.0, 1.0, 0.0, 0.0, 0.0, 1.0, 1.0, 1.0, 0.0, 1.0, 0.0, 1.0, 0.0, 1.0, 1.0, 0.0, 1.0, 0.0, 0.0, 1.0, 0.0, 0.0, 0.0, 1.0, 0.0, 0.0, 1.0, 1.0, 0.0, 1.0, 1.0, 0.0, 1.0, 0.0, 0.0, 1.0, 0.0, 1.0, 1.0, 0.0, 1.0, 1.0, 1.0, 0.0, 0.0, 0.0, 0.0, 0.0, 1.0, 1.0, 0.0, 1.0, 1.0, 1.0, 0.0, 1.0, 1.0, 0.0, 0.0, 1.0, 0.0, 1.0, 0.0, 0.0, 0.0, 0.0, 1.0, 1.0, 1.0, 1.0, 0.0, 1.0, 0.0, 1.0, 1.0, 0.0, 1.0, 1.0, 1.0, 0.0, 0.0, 0.0, 1.0, 0.0, 1.0, 0.0, 0.0, 1.0, 0.0, 0.0, 0.0, 1.0, 0.0, 1.0, 1.0, 1.0, 1.0, 0.0, 1.0, 1.0, 1.0, 1.0, 1.0, 0.0, 0.0, 0.0, 1.0, 0.0, 0.0, 0.0, 1.0, 0.0, 1.0, 0.0, 1.0, 1.0, 1.0, 0.0, 0.0, 0.0, 1.0, 0.0, 0.0, 0.0, 1.0, 0.0, 0.0, 0.0, 1.0, 1.0, 0.0, 0.0, 0.0, 0.0, 1.0, 1.0, 0.0, 1.0, 0.0, 0.0, 0.0, 1.0, 0.0, 1.0, 1.0, 0.0, 0.0, 0.0, 1.0, 1.0, 0.0, 1.0, 1.0, 0.0, 0.0, 1.0, 0.0, 1.0, 0.0, 0.0, 0.0, 1.0, 1.0, 0.0, 0.0, 0.0, 0.0, 1.0, 1.0, 1.0, 1.0, 0.0, 1.0, 0.0, 1.0, 1.0, 0.0, 0.0, 1.0, 0.0, 1.0, 0.0, 0.0, 1.0, 1.0, 1.0, 1.0, 1.0, 1.0, 1.0, 0.0, 1.0, 1.0, 1.0, 1.0, 1.0, 0.0, 0.0, 1.0, 1.0, 1.0, 1.0, 1.0, 0.0, 1.0, 1.0, 1.0, 0.0, 1.0, 0.0, 1.0, 0.0, 1.0, 0.0, 0.0, 0.0, 1.0, 1.0, 0.0, 1.0, 0.0, 0.0, 1.0, 0.0, 0.0, 1.0, 1.0, 0.0, 0.0, 0.0, 0.0, 1.0, 1.0, 0.0, 1.0, 0.0, 1.0, 0.0, 1.0, 1.0, 0.0, 0.0, 0.0, 0.0, 1.0, 0.0, 0.0, 1.0, 1.0, 0.0, 1.0, 0.0, 1.0, 0.0, 0.0, 0.0, 1.0, 0.0, 1.0, 1.0, 0.0, 1.0, 1.0, 1.0, 0.0, 1.0, 1.0, 0.0, 0.0, 1.0, 1.0, 0.0, 0.0, 1.0, 1.0, 0.0, 1.0, 1.0, 0.0, 0.0, 1.0, 0.0, 1.0, 1.0, 0.0, 0.0, 1.0, 1.0, 0.0, 1.0, 0.0, 1.0, 0.0, 1.0, 0.0, 1.0, 1.0, 0.0, 1.0, 1.0, 0.0, 0.0, 0.0, 1.0, 0.0, 1.0, 0.0, 0.0, 0.0, 0.0, 1.0, 1.0, 1.0, 0.0, 0.0, 0.0, 1.0, 1.0, 1.0, 1.0, 1.0, 1.0, 1.0, 1.0, 1.0, 1.0, 0.0, 0.0, 1.0, 1.0, 1.0, 0.0, 1.0, 1.0, 0.0, 0.0, 1.0, 0.0, 0.0, 0.0, 1.0, 1.0, 0.0, 1.0, 0.0, 0.0, 1.0, 0.0, 1.0, 1.0, 1.0, 0.0, 1.0, 0.0, 0.0, 1.0, 0.0, 1.0, 1.0, 0.0, 0.0, 0.0, 0.0, 1.0, 0.0, 0.0, 0.0, 1.0, 0.0, 1.0, 0.0, 1.0, 1.0, 1.0, 0.0, 1.0, 0.0, 1.0, 1.0, 1.0, 1.0, 1.0, 0.0, 1.0, 1.0, 1.0, 1.0, 0.0, 0.0, 0.0, 0.0, 0.0, 1.0, 1.0, 0.0, 0.0, 0.0, 1.0, 1.0, 0.0, 1.0, 1.0, 0.0, 0.0, 1.0, 1.0, 1.0, 1.0, 0.0, 0.0, 0.0, 0.0, 1.0, 1.0, 1.0, 1.0, 1.0, 1.0, 1.0, 0.0, 0.0, 0.0, 0.0, 1.0, 1.0, 0.0, 0.0, 0.0, 0.0, 0.0, 1.0, 1.0, 1.0, 0.0, 1.0, 0.0, 1.0, 1.0, 0.0, 1.0, 0.0, 0.0, 0.0, 1.0, 1.0, 1.0, 0.0, 1.0, 0.0, 0.0, 0.0, 1.0, 0.0, 1.0, 0.0, 0.0, 1.0, 0.0, 1.0, 0.0, 0.0, 0.0, 1.0, 1.0, 1.0, 0.0, 0.0, 1.0, 1.0, 0.0, 0.0, 1.0, 1.0, 1.0, 0.0, 1.0, 1.0, 0.0, 0.0, 1.0, 1.0, 1.0, 0.0, 1.0, 0.0, 1.0, 1.0, 1.0, 1.0, 0.0, 1.0, 1.0, 0.0, 0.0, 1.0, 1.0, 0.0, 0.0, 1.0, 1.0, 0.0, 0.0, 0.0, 1.0, 1.0, 1.0, 1.0, 1.0, 1.0, 1.0, 1.0, 1.0, 1.0, 1.0, 1.0, 0.0, 0.0, 1.0, 0.0, 0.0, 0.0, 1.0, 1.0, 1.0, 1.0, 0.0, 1.0, 1.0, 0.0, 0.0, 1.0, 0.0, 0.0, 1.0, 0.0, 0.0, 0.0, 1.0, 0.0, 0.0, 0.0, 0.0, 1.0, 0.0, 0.0, 1.0, 1.0, 1.0, 1.0, 0.0, 1.0, 0.0, 1.0, 0.0, 0.0, 1.0, 0.0, 1.0, 0.0, 0.0, 1.0, 1.0, 1.0, 1.0, 0.0, 0.0, 1.0, 0.0, 0.0, 0.0, 0.0, 1.0, 1.0, 1.0, 0.0, 1.0, 0.0, 0.0, 1.0, 0.0, 1.0, 1.0, 1.0, 0.0, 0.0, 0.0, 0.0, 0.0, 1.0, 1.0, 1.0, 1.0, 1.0, 0.0, 0.0, 1.0, 1.0, 1.0, 0.0, 0.0, 1.0, 0.0, 0.0, 0.0, 1.0, 1.0, 0.0, 0.0, 0.0, 0.0, 1.0, 1.0, 0.0, 0.0, 1.0, 0.0, 0.0, 0.0, 0.0, 1.0, 0.0, 1.0, 1.0, 0.0, 1.0, 1.0, 0.0, 0.0, 0.0, 1.0, 1.0, 0.0, 1.0, 1.0, 0.0, 0.0, 1.0, 0.0, 0.0, 0.0, 0.0, 0.0, 1.0, 1.0, 0.0, 0.0, 0.0, 1.0, 1.0, 1.0, 0.0, 1.0, 0.0, 1.0, 0.0, 0.0, 0.0, 1.0, 0.0, 1.0, 0.0, 0.0, 1.0, 0.0, 1.0, 0.0, 1.0, 0.0, 0.0, 0.0, 1.0, 0.0, 1.0, 0.0, 0.0, 0.0, 1.0, 1.0, 1.0, 0.0, 1.0, 0.0, 1.0, 0.0, 1.0, 0.0, 1.0, 0.0, 1.0, 1.0, 1.0, 1.0, 0.0, 0.0, 0.0, 1.0, 1.0, 1.0, 0.0, 0.0, 1.0, 1.0, 0.0, 1.0, 0.0, 1.0, 0.0, 1.0, 1.0, 0.0, 0.0, 0.0, 1.0, 1.0, 0.0, 0.0, 0.0, 0.0, 0.0, 0.0, 0.0, 1.0, 0.0, 1.0, 1.0, 1.0, 0.0, 0.0, 0.0, 1.0, 0.0, 0.0, 0.0, 1.0, 0.0, 1.0, 0.0, 1.0, 1.0, 1.0, 0.0, 1.0, 1.0, 0.0, 0.0, 1.0, 1.0, 1.0, 1.0, 1.0, 1.0, 1.0, 1.0, 1.0, 1.0, 1.0, 0.0, 0.0, 0.0, 0.0, 0.0, 1.0, 0.0, 0.0, 0.0, 1.0, 0.0, 0.0, 0.0, 1.0, 0.0, 1.0, 1.0, 0.0, 1.0, 1.0, 1.0, 0.0, 0.0, 0.0, 0.0, 1.0, 1.0, 0.0, 0.0, 0.0, 1.0, 1.0, 0.0, 0.0, 0.0, 0.0, 0.0, 1.0, 1.0, 1.0, 0.0, 1.0, 0.0, 1.0, 0.0, 1.0, 0.0, 1.0, 1.0, 1.0, 0.0, 0.0, 0.0, 1.0, 1.0, 0.0, 0.0, 1.0, 0.0, 0.0, 0.0, 0.0, 1.0, 1.0, 0.0, 0.0, 0.0, 1.0, 0.0, 1.0, 0.0, 0.0, 1.0, 1.0, 0.0, 0.0, 1.0, 0.0, 0.0, 1.0, 0.0, 1.0, 0.0, 1.0, 1.0, 0.0, 1.0, 1.0, 0.0, 1.0, 1.0, 0.0, 1.0, 0.0, 1.0, 0.0, 1.0, 1.0, 1.0, 1.0, 0.0, 1.0, 1.0, 1.0, 0.0, 1.0, 1.0, 1.0, 1.0, 0.0, 1.0, 0.0, 0.0, 1.0, 0.0, 0.0, 0.0, 0.0, 0.0, 1.0, 1.0, 0.0, 1.0, 1.0, 0.0, 0.0, 1.0, 0.0, 0.0, 1.0, 0.0, 1.0, 0.0, 0.0, 1.0, 0.0, 1.0, 1.0, 0.0, 0.0, 0.0, 1.0, 0.0, 0.0, 0.0, 0.0, 0.0, 0.0, 1.0, 0.0, 1.0, 0.0, 1.0, 0.0, 1.0, 1.0, 1.0, 0.0, 0.0, 0.0, 0.0, 1.0, 1.0, 1.0, 0.0, 1.0, 1.0, 1.0, 1.0, 1.0, 0.0, 1.0, 1.0, 1.0, 0.0, 1.0, 1.0, 1.0, 0.0, 0.0, 0.0, 0.0, 1.0, 1.0, 0.0, 1.0, 0.0, 1.0, 0.0, 1.0, 0.0, 0.0, 0.0, 1.0, 1.0, 1.0, 1.0, 0.0, 1.0, 0.0, 1.0, 1.0, 1.0, 0.0, 1.0, 1.0, 1.0, 0.0, 1.0, 1.0, 1.0, 0.0, 0.0, 1.0, 1.0, 1.0, 0.0, 0.0, 1.0, 0.0, 1.0, 1.0, 1.0, 1.0, 0.0, 1.0, 0.0, 1.0, 0.0, 1.0, 1.0, 1.0, 0.0, 0.0, 1.0, 0.0, 0.0, 0.0, 0.0, 0.0, 0.0, 0.0, 0.0, 0.0, 1.0, 1.0, 1.0, 1.0, 0.0, 1.0, 0.0, 1.0, 0.0, 0.0, 1.0, 1.0, 1.0]
\score={0: [0.10878684085149032, 0.10885704595309037, 0.1088880531489849, 0.10869336699446043, 0.10867433307262567, 0.10894208091000716, 0.1094811987131834, 0.10842293252547582, 0.10872247872444299, 0.10846514390273528, 0.10924306594663197, 0.10839072904653019, 0.10883599354161157, 0.10788648128509522, 0.10861819080616299, 0.10880539209946342, 0.10863250447437167, 0.10921253873543306, 0.10897349007427692, 0.10914775654673577, 0.10906164009462703, 0.10999358919533817, 0.10765032759971088, 0.11010700677122388, 0.10869473189115525, 0.10856801681220532, 0.1088571185018958, 0.10856977850198746, 0.10926189711865257, 0.1089589351723934, 0.10847563775522369, 0.10830485820770264, 0.10867091481174741, 0.10914916704807963, 0.10807137131690979, 0.10858899652957917, 0.10976493209600449, 0.10880854173942849, 0.10796670569106936, 0.10977504615272794, 0.1078939288854599, 0.10917950593508206, 0.10910273161603183, 0.10883040895516222, 0.1085077989846468, 0.10899604856967926, 0.10887013811890672, 0.10774877135242734, 0.10865016095340252, 0.10925322274367015, 0.10887697897851467, 0.10764400660991669, 0.10920539430596611, 0.10898740204243824, 0.10965654402971267, 0.10905753927571434, 0.10909947409079625, 0.10870933113619685, 0.10872262120246887, 0.10905251060338582, 0.10903255756084736, 0.1082286611199379, 0.10893415682949126, 0.10873887823386626, 0.1085346795618534, 0.10740963234142824, 0.10917618200182914, 0.10929682647640054, 0.10896544080031545, 0.10853660553693771, 0.10838340087370439, 0.1088800440231959, 0.1094071920271273, 0.10822883397340774, 0.10890306830406189, 0.10795113071799278, 0.10877542058005929, 0.10905016772449017, 0.10946394503116608, 0.1093661988323385, 0.10909556062557758, 0.10912058999141057, 0.10859908908605576, 0.10835067567325407, 0.10865558913120857, 0.10938017028901312, 0.10870813288622433, 0.10987461900169199, 0.10894147087545956, 0.10936525996242251, 0.10907768458127975, 0.10807398185133935, 0.1092281656132804, 0.10928525166078047, 0.10885828733444214, 0.10824687836261895, 0.10941778123378754, 0.10835826422633796, 0.10896775527642323, 0.10827139561826532, 0.10864733904600143, 0.10807028250849765, 0.10915868014097213, 0.10864072424523971, 0.10867985213796298, 0.10875107401183673, 0.10866238285476963, 0.10839854054293542, 0.1079231002009832, 0.10897291865613726, 0.10877028959138053, 0.10991640342399478, 0.10776369815522974, 0.10933589257977226, 0.1088274467517348, 0.10814244571057233, 0.10932165954042883, 0.10932822972536087, 0.10921919842561086, 0.10840924657308139, 0.10847351008227893, 0.10893053114414215, 0.10831483001155513, 0.10918313703116249, 0.10883341481288274, 0.10923302918672562, 0.10842825161914031, 0.10918300521249573, 0.10932872512123802, 0.1087066312802249, 0.10922086577523839, 0.10825868447621663, 0.10887466500634732, 0.10840016163208267, 0.10812440591639486, 0.10863821691757924, 0.10977276185384163, 0.10905966433611783, 0.10933226346969604, 0.10877144660638727, 0.1094578668475151, 0.10819653135079604, 0.10882310972859462, 0.10891147283837199, 0.10852474281016518, 0.10820756256580352, 0.10876358114182949, 0.1088178999722004, 0.10818266055800697, 0.10801364650780504, 0.1082716238285814, 0.10895322114229203, 0.10923924093896692, 0.10898439958691597, 0.10961089477590892, 0.107951320707798, 0.10857235491275788, 0.10870347328876194, 0.10887000001966954, 0.10938543180624644, 0.10849451795220375, 0.10820803567767143, 0.10886846575886011, 0.10920880486567815, 0.1097509850348745, 0.10888976332816211, 0.11029100194573402, 0.10876842982628766, 0.10929109839101632, 0.10949006623455457, 0.10834327875636518, 0.10930844343134336, 0.10875702984631061, 0.11041096597909927, 0.10880903899669647, 0.10842778992194396, 0.1088488677685911, 0.10838968032284786, 0.10836939820471932, 0.10860465218623479, 0.10955073436101277, 0.10869308064381282, 0.10777019243687391, 0.10951926122451651, 0.10852290949095851, 0.10922870378602635, 0.10891760768074739, 0.10877522975206375, 0.10919043463137415, 0.10900188414823442, 0.10962141677737236, 0.10827321364827779, 0.10862494739038604, 0.11089190244674682, 0.109198896586895, 0.10863140767270868, 0.10895116406458395, 0.10862147016450763, 0.10986514762043953, 0.10896460078656674, 0.10907154592374961, 0.10820059410550377, 0.10858340263366699, 0.10890870026889302, 0.10901786221398248, 0.10858526148579338, 0.10810264718273412, 0.1087857003395374, 0.10877927740414937, 0.10899343934248794, 0.10719210505485535, 0.10952475108206272, 0.10945820435881615, 0.10845740363001824, 0.10848286144790195, 0.10896185128127828, 0.10866710543632507, 0.1083405769684098, 0.10903525799512863, 0.1086945153772831, 0.10883280485868455, 0.10922444015741348, 0.10863873415759631, 0.1086102619767189, 0.109671953237719, 0.10787880544861157, 0.10894176453351974, 0.10953748598694801, 0.10877880995923822, 0.10880952062351364, 0.10848981597357327, 0.10867986366862342, 0.10749514536424117, 0.10907994841153805, 0.10854085988324622, 0.1080527052283287, 0.10856280429288745, 0.10876448303461075, 0.10916640562936664, 0.10911937720245785, 0.1087757465429604, 0.10928316000435087, 0.10914291565616925, 0.10878878618989672, 0.10920951687372647, 0.10824826466185707, 0.10943884673443707, 0.10942017490213568, 0.10929643059218372, 0.10812285045782725, 0.10865546017885208, 0.10936630889773369, 0.10945811601621765, 0.10902785658836364, 0.1087034543355306, 0.10915683078415253, 0.10870811400505212, 0.10885000353058179, 0.10815134396155675, 0.10988436368378726, 0.10857328378102359, 0.1097315662616008, 0.10963912911358334, 0.10864117392338812, 0.10856205494039589, 0.10775784809481014, 0.10861015154255761, 0.1096194398899873, 0.1091256116827329, 0.1091120172488062, 0.10997933372855187, 0.10809364435928208, 0.10909079840859852, 0.10895953220980507, 0.10914198105985468, 0.10934847943923053, 0.10908588435914782, 0.10896705680837233, 0.10883821411566301, 0.10856369986783626, 0.10909797847270966, 0.10898272693157196, 0.1093186535872519, 0.1094172556291927, 0.10858421958982944, 0.10876407745209607, 0.10899000304440658, 0.10815856499331337, 0.1099749118089676, 0.10879754503162539, 0.10878811818030146, 0.10899300956063801, 0.10832827857562474, 0.10859414236620069, 0.10908144742250442, 0.10855448335409164, 0.10841135967236298, 0.10832430422306061, 0.10898840395004852, 0.10935599555571875, 0.10887791284105995, 0.10873095088061832, 0.10865002953343922, 0.10848086040753585, 0.10918842752774556, 0.10873782702467659, 0.10922065749764442, 0.10882437132574894, 0.10828278896709283, 0.10742760139207046, 0.10889607041396877, 0.10932208887404865, 0.10896288739009337, 0.10942079936680586, 0.10990091040730476, 0.10848929319116804, 0.10971395423014958, 0.108548410914161, 0.10907923728227616, 0.10959316045045853, 0.10870314463973045, 0.10899932434161504, 0.10853237845003605, 0.10734094232320786, 0.10824284106492996, 0.10899656762679417, 0.1082115624513891, 0.10805380530655384, 0.10920853242278099, 0.1096834008182798, 0.10873594783522465, 0.10846878662705421, 0.10849773085543088, 0.10895175337791443, 0.10842461697757244, 0.10816163135071595, 0.10843071206049486, 0.10838287161744159, 0.10923756220761467, 0.10824589753473127, 0.10896345674991607, 0.1093471578898884, 0.10889949782618455, 0.10802693739533424, 0.10839292965829372, 0.1094005279816114, 0.10876901786435735, 0.10817596842260922, 0.10895507922396064, 0.10876245967422922, 0.10803197979023962, 0.10857229341160167, 0.10905881758247103, 0.10879886771241824, 0.10884549468755722, 0.10841373113855239, 0.10909213249882062, 0.10869314927946437, 0.10917511670028462, 0.10808681493455713, 0.10870120376348495, 0.10875998926348984, 0.10852072974949172, 0.10895623080432415, 0.10837585691894804, 0.10900854147397555, 0.10827665105462074, 0.10885661485649291, 0.10799727299147183, 0.10864845104515553, 0.10843932425433939, 0.1089112376794219, 0.10926877111196517, 0.10861493647098541, 0.10880535316688043, 0.10816303454339504, 0.1082972994735164, 0.10849510878324509, 0.10864663869142532, 0.108310626745224, 0.10913118131850895, 0.10924452282488346, 0.1081065305819114, 0.1087125347306331, 0.10905596831192572, 0.10914421578248341, 0.10897150564761389, 0.1083625017300896, 0.10886318355121395, 0.10984734312764236, 0.10882577738341163, 0.1092106302579244, 0.10824688598513603, 0.10893455892801285, 0.10840926226228476, 0.10897356923669577, 0.1093923735121886, 0.1090290229767561, 0.10938568744394514, 0.1091379825439718, 0.10917573273181916, 0.10817125898141128, 0.10796879545638435, 0.10896400734782219, 0.10832867094061592, 0.10810133660661764, 0.10922685425196375, 0.10834521055221558, 0.10884783924980597, 0.10830124467611313, 0.10867117303940985, 0.10828186944127083, 0.10902707225510053, 0.1080248464519779, 0.10892426181170675, 0.10809526840845744, 0.10766493777434032, 0.10996428715146106, 0.10854238391883912, 0.10875540319830179, 0.10872867703437805, 0.109343816836675, 0.10906353525140068, 0.10835792582768661, 0.10933773316766905, 0.10837611638837391, 0.10877462103962898, 0.10870272542039554, 0.10841448977589607, 0.10864364591084029, 0.10843421199492045, 0.10876837596297265, 0.10833034356092584, 0.1086170956492424, 0.10840059378567864, 0.10854379832744598, 0.1093911508267576, 0.10849175751209258, 0.10892562874976326, 0.1095338799059391, 0.10872681172830718, 0.10896080204596122, 0.10938225632033698, 0.10780318826436996, 0.10888012200593948, 0.10879912286996841, 0.10842161667015818, 0.10862233432439658, 0.10931792110204697, 0.10827407560178212, 0.10876869342543861, 0.10874441667244984, 0.10885160366694133, 0.10870464422084668, 0.1089828590813436, 0.10883006677031518, 0.10922929644584656, 0.10925588756799698, 0.10794337882715113, 0.10883825329633859, 0.10861380625030269, 0.10798736847937107, 0.10935931000858545, 0.10908498167991638, 0.1083970511953036, 0.10837756146987279, 0.10893880705470624, 0.10896772742271424, 0.10923932091547893, 0.10839013382792473, 0.10882589627395976, 0.10721990330652757, 0.10962986201047897, 0.10888154953718185, 0.10849425382912159, 0.10889001456754548, 0.108543468432294, 0.10924434684442752, 0.10858264996817238, 0.10921220284174471, 0.10872230204668912, 0.10852596521377564, 0.10888074144073155, 0.10812515066936612, 0.10894168642434207, 0.1081492081284523, 0.108658886381558, 0.10915074354180923, 0.1090539920010737, 0.10925120798250039, 0.10760932043194771, 0.1087071500145472, 0.1090563620130221, 0.10901605719939256, 0.1094126138598361, 0.10908515674286876, 0.10875981052716573, 0.10849189815612939, 0.10888905145905235, 0.10903370901942253, 0.1088398943344752, 0.10921079151589295, 0.10864019903697465, 0.10878192226995122, 0.1103447750210762, 0.10855062752962112, 0.10815421616037686, 0.1085806330665946, 0.10873168036341667, 0.1083864224227992, 0.10864738487836087, 0.10918089163464469, 0.10950976037062131, 0.10864900518208742, 0.10960876265930575, 0.10860253826660268, 0.10878134751692414, 0.10977825694359265, 0.10848343148827552, 0.10861229062080384, 0.10975512911876042, 0.10902822464704513, 0.10876537914629336, 0.10928116146570598, 0.1090953933156055, 0.10860418463530748, 0.10903544276952744, 0.10816630592633938, 0.10920482923587163, 0.10976966967185338, 0.10912740070905004, 0.1086026933931169, 0.10895929499356835, 0.1090304356600557, 0.10892884859016963, 0.10877870789596013, 0.10872806174059708, 0.10858333731691043, 0.10893723430732886, 0.10921843693806575, 0.10846308998915614, 0.10814986336562368, 0.10869558490812778, 0.10863973400913753, 0.1089386910200119, 0.10920693414906661, 0.10850971192121506, 0.1083837324067166, 0.10903096364604102, 0.1085614450275898, 0.1093764916062355, 0.10923532004419126, 0.10969035377105077, 0.10937501529329702, 0.10844721688943751, 0.10884367578007557, 0.10900141050418218, 0.10853446080632832, 0.10886877721973828, 0.10983435561259587, 0.10880293971613834, 0.10858994573354722, 0.10827210408292319, 0.10873851804314433, 0.10815757309848612, 0.10909993648529052, 0.1090490689331835, 0.10843211971223354, 0.10947664365881965, 0.1088955201781713, 0.10864215809851885, 0.10886819122566117, 0.10841106375058492, 0.10877507530591067, 0.10869370599587759, 0.10863558602120195, 0.10821871310472489, 0.10969504788517952, 0.10797981694340705, 0.10856529460711913, 0.10890807784520663, 0.1072484165430069, 0.10869965925812722, 0.1083999464617056, 0.10898592456110887, 0.10824166817797555, 0.10864398144185543, 0.10869878749637042, 0.10781106650829315, 0.10876741632819176, 0.10897269741047261, 0.10822630402716724, 0.10952694038319033, 0.10887218025085088, 0.10847402364015579, 0.10819235816597939, 0.10761290177320823, 0.10897420747922017, 0.10845702011948047, 0.10876984521746635, 0.10850022094590324, 0.10960157522383858, 0.10977313708927897, 0.10929080223043759, 0.10839266180992127, 0.10865534579052645, 0.10845803297483005, 0.10800108419997352, 0.10809358954429626, 0.10763501515612006, 0.10896093249320984, 0.10891378894448281, 0.10907070436759998, 0.1094906385987997, 0.10819624336781325, 0.10944323055446148, 0.10745423456484621, 0.10869416544834773, 0.1090901367366314, 0.10772663950920106, 0.10889828491669434, 0.10800868698528834, 0.10849298323903765, 0.10810172042021385, 0.10880752553542455, 0.10873833503574133, 0.10986538747182259, 0.1086493982718541, 0.10944828490416209, 0.10916156747511455, 0.10911585291226705, 0.10871736231175336, 0.1090700953052594, 0.10846598943074544, 0.10906539992852644, 0.10852411739966449, 0.10767053270881827, 0.10801269859075546, 0.10906161243716876, 0.1092447889122096, 0.10865295678377151, 0.10735161090269685, 0.10958103409835271, 0.10873027926399595, 0.10939694853389964, 0.1096045351342151, 0.10776172412766351, 0.10777945071458817, 0.10852538658813997, 0.10884894765913486, 0.10851823606274345, 0.1090491312955107, 0.10848140101069989, 0.10849700544191443, 0.10871738906611096, 0.1084563700216157, 0.10861894623799757, 0.10742743042382327, 0.10893393370012443, 0.10878116968605253, 0.10957416303847965, 0.10866275565190749, 0.10901918491491905, 0.10889021781357852, 0.10964887076988816, 0.10858592577278614, 0.10878654955713837, 0.10904984772205353, 0.1083690155954922, 0.10816919803619385, 0.10930158197879791, 0.10909729285372628, 0.1079823886975646, 0.10825016492834458, 0.1084682883127876, 0.1093954674899578, 0.10880282635872181, 0.10911489048829445, 0.10850774910714892, 0.10868479021721417, 0.10895684095365661, 0.10774275735020637, 0.10890743881464005, 0.10927920951507986, 0.10920824589473861, 0.10888412021673642, 0.10891529003327544, 0.10888130366802215, 0.10865467973053455, 0.10874743213256201, 0.10916266943279065, 0.10942689600315961, 0.10926081550618012, 0.10909387132813854, 0.10879023298621178, 0.10968861508148688, 0.10855717808008195, 0.10878599435091019, 0.10796365328133106, 0.10888699144124984, 0.10762142855674028, 0.10775252762768003, 0.10808090457031803, 0.10831560624333528, 0.10893139905399746, 0.1091175926849246, 0.10832424908876419, 0.10920595799883207, 0.10845884414655822, 0.10883727462755309, 0.10877649127333253, 0.10850354221959908, 0.10844962418079376, 0.10823574662208557, 0.10840068840318257, 0.10856350192001887, 0.10853556874725553, 0.1076727606356144, 0.10920227089753518, 0.10890727241834004, 0.10882923503716786, 0.1084182273883086, 0.1080845445394516, 0.10874366341158748, 0.10889448188245296, 0.10897834040224552, 0.10878831436010925, 0.10866383562485377, 0.10860181041061878, 0.10861055801312129, 0.10870178937911987, 0.10805767508489746, 0.10933036239523637, 0.10836971657616752, 0.10729907974600791, 0.1094815150687569, 0.10856626182794571, 0.10880565665224019, 0.10890713227646691, 0.10861654339298125, 0.10942351474211766, 0.10894148734708627, 0.10882450460359969, 0.10890423536300659, 0.1089850497596404, 0.1081016081571579, 0.10903267455952508, 0.10936513791481654, 0.10909164437781209, 0.10878267786220501, 0.10883705392479896, 0.10871997227271397, 0.1091886102049439, 0.1086600676730827, 0.10828254620234172, 0.10814037261640325, 0.10865136037270227, 0.10857272346814474, 0.10984760026137035, 0.10919704965569756, 0.10980222848328677, 0.1082359087963899, 0.10891193524003029, 0.10876129940152168, 0.1084815114736557, 0.10835223955412705, 0.10881854072213173, 0.10779506961504619, 0.10890947814498629, 0.10833625122904778, 0.10727537283673882, 0.10904663879620402, 0.10888951881365343, 0.10867863148450851, 0.10919384598731995, 0.10884562241179603, 0.10884544679096766, 0.10878586769104004, 0.10874381696894056, 0.1089213921835548, 0.1086136287321215, 0.10952254723418843, 0.10867166519165039, 0.10901210001773304, 0.10910476744174957, 0.10858336224087647, 0.10879792698792048, 0.10804761797189713, 0.10926583273844286, 0.10899448833044838, 0.10872460314721773, 0.10889642015099525, 0.10918848926112765, 0.10844424604014917, 0.10786964781582356, 0.10921924561262131, 0.10842621370273478, 0.10772740965088208, 0.10884341989692889, 0.10881100163648003, 0.10843910823265711, 0.10886360137235551, 0.10881810277700424, 0.10832180760123512, 0.10911101413269837, 0.10896017485194737, 0.10865047806873918, 0.10907779498533769, 0.10748519748449326, 0.10919542788811352, 0.10838411748409271, 0.10841014901442188, 0.1093333438038826, 0.10835736865798633, 0.10818609967827797, 0.10963381941501911, 0.10872441530227661, 0.1092300511068768, 0.1073677937189738, 0.10873921650151412, 0.10894629942334216, 0.1084047223512943, 0.10877937139297018, 0.10927679336496762, 0.10867989994585514, 0.10972359329462052, 0.10827362632904297, 0.10872769579291344, 0.10868662476539612, 0.10825612934099303, 0.10936511680483818, 0.10835105467301148, 0.10854419082403183, 0.10785336891810099, 0.10853854815165202, 0.1081906885460571, 0.10900451441605886, 0.10825977548956871, 0.10882217437028885, 0.10904878377914429, 0.10934854224324227, 0.1082217657277661, 0.10847145318984985, 0.10853181849233806, 0.10864521053276564, 0.1097878166116201, 0.10841960595412688, 0.10898377639906746, 0.10854225729902585, 0.10792167026263016, 0.1086959981918335, 0.10883865812245537, 0.10776243656873703, 0.10887371748685837, 0.10930389331446753, 0.10925634471433503, 0.10833356241064687, 0.10860608632747944, 0.10879216250032187, 0.1087487026264793, 0.10826135147362947, 0.1087227500975132, 0.1087441471489993, 0.10834352448582649, 0.10874795872304174, 0.10904195591023094, 0.10795356115189994, 0.10844933945271704, 0.10895362496376038, 0.10854429999987285, 0.10784287349535869, 0.10926884350677331, 0.10876513148347537, 0.10875609740614892, 0.10834962967783213, 0.10789415928033683, 0.10920169204473495, 0.10944506849931634, 0.10851230128453328, 0.10938639889160792, 0.10917067183898045, 0.10763695721442883, 0.10847727283835411, 0.10851436480879784, 0.10900972088177999, 0.10805922870834668, 0.10896997799475988, 0.1088423144358855, 0.10918931459838693, 0.10861150559150812, 0.10926714179844692, 0.10921111889183521, 0.1090490162372589, 0.1084218829870224, 0.10918413509022105, 0.10864264518022537, 0.10824193060398102, 0.10887469560839236, 0.10868746899068356, 0.10762922558933496, 0.10862551463974847, 0.10931420633021523, 0.10947783879543606, 0.10831817679784515, 0.10865650232881308, 0.10877925727297277, 0.10865355953574181, 0.10903622070327401, 0.10795003394870197, 0.1088717704017957, 0.10914100774309853, 0.10892787203192711, 0.10943849278347832, 0.10876474357568301, 0.1085766977071762, 0.10905131854509052, 0.10878594122503114, 0.10936432480812072, 0.1078915148973465, 0.10886987605515648, 0.10904993440793909, 0.10829982161521912, 0.10971424521671401, 0.10950407864792007, 0.10821637617690223, 0.10853457488119603, 0.10910415862287794, 0.10850359913375643, 0.10899985747204886, 0.10957516431808471, 0.10818291136196681, 0.10844430445056212, 0.1088494618733724, 0.10913870483636856, 0.10832722281867807, 0.10930773512356812, 0.10962875038385392, 0.10829969979822636, 0.10870492209990819, 0.10836142815392592, 0.10974068533290517, 0.10955020636320115, 0.1085270382463932, 0.10812287777662277, 0.10857409536838532, 0.10817281280954678, 0.10970677841793407, 0.10913711248172654, 0.10912654345685785, 0.10859418894957613, 0.10893320062985787, 0.10888554155826569, 0.10800976182023685, 0.10864125117659569, 0.10958501094199241, 0.1089972984045744, 0.108631514288761, 0.10834944925524971, 0.10886704293079674, 0.10911714873815838, 0.10977233573794365, 0.10886009579355066, 0.10821463440855345, 0.10967659507878125, 0.10848556802822994, 0.10860599080721538, 0.1097509924854551, 0.10805563442409039, 0.10865797360940856, 0.10704693401401694, 0.10933465821047623, 0.10909816104432811, 0.10836247387139694, 0.10825802864772933, 0.10889020996789138, 0.10905905570025029, 0.1086983321742578, 0.10908950948052937, 0.10803849332862431, 0.10918560584909037, 0.10925772067691598, 0.10833882804839842, 0.10809593603891485, 0.10937144332810451, 0.10843745730817318, 0.10897959185683209, 0.10766119051438111, 0.1081079078408388, 0.10906050188673867, 0.10874231578782201, 0.10904166960845822, 0.10850135645558757, 0.10893521322445436, 0.1076653853058815, 0.1089965518225323, 0.10861161723732948, 0.10901710639397304, 0.10940695255994796, 0.10899313228825729, 0.10954582629104455, 0.10917355641722679, 0.10815840799893651, 0.10880497637493856, 0.10844304209405725, 0.10925372689962387, 0.10887095403103601, 0.10895331792141262, 0.10961383039301092, 0.10931002819224407, 0.10899759754538536, 0.10898205218836665, 0.1091781680782636, 0.10941107783998762, 0.10732017084956169, 0.1081001083056132, 0.10864178696647286, 0.10846769369461319, 0.10733507573604584, 0.10983993361393611, 0.10687020942568778, 0.10898713933096991, 0.10955987793618235, 0.10944773256778717, 0.10847509031494458, 0.10905189980422297, 0.10834410069165407, 0.10939986258745193, 0.10870994793044196, 0.10872041881084442, 0.10921979281637403, 0.10893599045547572, 0.1089631828169028, 0.10887067944839082, 0.10879150032997131, 0.10915722002585729, 0.10888988586763541, 0.10820321133360267, 0.10810460150241852, 0.10825635145107905, 0.10854819780442773, 0.10839182883501053, 0.10893556009978056, 0.10899997632140698, 0.1088712069651355, 0.10992810212903553, 0.1083420760491315, 0.10934688218615272, 0.10882623651714037, 0.10779488792544917, 0.10862962067127228, 0.10886366082274396, 0.1066207391294566, 0.10770144732668996, 0.108487397651462, 0.10851140022277832, 0.10921628507120269, 0.10867534577846527, 0.10892478115856648, 0.10763607049981753, 0.10896815158225395, 0.10800967873497443, 0.10781867057085037, 0.10902001559734345, 0.1086371748343758, 0.10914293374564196, 0.10861839354038239, 0.10861257666891272, 0.10898108833602496, 0.10897503389666478, 0.10862666158936918, 0.10870130631056699, 0.10868742614984513, 0.10896826162934303, 0.10935972229792522, 0.10844221866379182, 0.10900769829750061, 0.10872202515602111, 0.10842237183276345, 0.10937995789572597, 0.1089374902234836, 0.10871220447800377, 0.10790431040983933, 0.10810945928096771, 0.1090063142279784, 0.10908095338023625, 0.10761947246889274, 0.1086758553981781, 0.10954316705465317, 0.10870801005512476, 0.10927165964165249, 0.10866034513010699, 0.10793820396065712, 0.1097709604849418, 0.1084722892514297, 0.10952612119061607, 0.10864366590976715, 0.10861579726139704, 0.10815547521297748, 0.10887126827781851, 0.10881112944899184, 0.10831124267794869, 0.10889905840158462, 0.10865568241168713, 0.10885639078915119, 0.10878454718519659, 0.11064766347408295, 0.10860128700733185, 0.10936588731904824, 0.10714263021945954, 0.10976294345325893, 0.10902258237967125, 0.10898781774772538, 0.10847967404585618, 0.10966073029807635, 0.1084944115808377, 0.10881831217557192, 0.10886827670037746, 0.10705506652593613, 0.10898904792136616, 0.10850293110860021, 0.10857481136918068, 0.10878718569874764, 0.10938423465598714, 0.10831049256599866, 0.10832192748785019, 0.10927093750046145, 0.10929861243652261, 0.10929826721549034, 0.11015146970748901, 0.10870937311223575, 0.10860122069716453, 0.1091647105557578, 0.10867290074626605, 0.1088467714963136, 0.10807680270888588, 0.10937748695241994, 0.10842680671940678, 0.10886148860057195, 0.10855097833432649, 0.10913321735530064, 0.10906247455965389, 0.10952813575665156, 0.10925072488876489, 0.10845732924185301, 0.10894755820433298, 0.10911867235388074, 0.10869323863432957, 0.10845393368176051, 0.10885264662404855, 0.10880404042127804, 0.10914373728964064, 0.10918981514193794, 0.10862808158764473, 0.10882430920998255, 0.10943659394979477, 0.10883589766242287, 0.10915597014386079, 0.10854612886905671, 0.1097148542602857, 0.10861065052449703, 0.10906314219419773, 0.10819129412993789, 0.10831811759741075, 0.10865150635339776, 0.10887798046072324, 0.10905681997537613, 0.10835141763091087, 0.10838439929134705, 0.10892923976536151, 0.10869317315518856, 0.10844464243754097, 0.10875362245475545, 0.10879494850673983, 0.10816348087973893, 0.10840890556573868, 0.10826786855856578, 0.109734395891428, 0.1076897194511012, 0.10835622970400186, 0.10863342029707772, 0.10875374473193113, 0.10854765071588404, 0.10915571823716164, 0.10831880741394483, 0.10837929345229093, 0.10833805234267793, 0.10919622602787885, 0.1083266168832779, 0.10895484245636246, 0.10843159859218905, 0.10973456637425856, 0.10884275753051043, 0.10889994140182223, 0.10951480194926262, 0.10856885090470314, 0.1090965291315859, 0.1089530311524868, 0.1081598283102115, 0.10933848144486547, 0.10935558607945076, 0.10852642594413324, 0.10834387363865972, 0.10914492793381214, 0.1087532177567482, 0.10862263993305318, 0.1079332200081452, 0.10808128150908844, 0.10845398022369905, 0.10875977625449498, 0.1084370208175286, 0.10844320679704349, 0.10828476920723915, 0.10861172477404277, 0.10819954425096512, 0.10949422690001401, 0.10957310291437003, 0.10858258476545071, 0.10913706943392754, 0.10835807311993378, 0.10833183908835053, 0.10894617928486121, 0.10938702672719955, 0.10921756356954575, 0.10935213203941073, 0.10872127811113994, 0.10825669690966606, 0.10947699658572674, 0.1087323883548379, 0.10904008895158768, 0.10796153992414474, 0.10918567373472102, 0.10881667832533519, 0.10926383848373707, 0.10838303452028948, 0.10848604184057978, 0.1095534935593605, 0.1084149902065595, 0.10879055525247867, 0.10881892049854452, 0.10919730080401197, 0.10857611298561096, 0.10906884141943672, 0.1088455992937088, 0.10913011431694031, 0.10879178188349072, 0.10834057303145528, 0.10908200079575181, 0.10938691248496374, 0.10885657852186877, 0.1094289358173098, 0.10871445718738768, 0.10898943096399308, 0.10933502167463302, 0.10883633699268103, 0.10790802485176496, 0.10900223172373241, 0.10849310525439003, 0.1099346794865348, 0.10868781980346232, 0.10760987550020218, 0.10863517437662397, 0.1082052005962892, 0.10963863453694753, 0.1088257623892842, 0.10948143402735393, 0.10916461576433743, 0.10933050978928804, 0.10751957148313522, 0.10766267196999656, 0.10887804792986976, 0.10830696604468605, 0.10912114102393389, 0.10923776949445406, 0.10884210702620055, 0.1084296431611566, 0.10847074621253544, 0.1081177821116788, 0.1082849396686805, 0.10881680995225906, 0.10774982923811133, 0.10875006020069122, 0.1085212331103242, 0.10867624372243881, 0.1088795651578241, 0.10910937970592863, 0.10861344864735237, 0.10857209712266921, 0.10833039202473381, 0.1083445779979229, 0.10930133678696373, 0.1090862686777937, 0.10902191016902314, 0.10915060564875603, 0.10907647599067007, 0.10880914903604068, 0.10838214427232742, 0.10876171948278651, 0.10879906110073391, 0.10720437094569206, 0.1091686224466876, 0.10973287539349662, 0.10888296226039529, 0.10813021411498387, 0.10834552202787665, 0.10793534368276596, 0.1086823855127607, 0.10838868677616119, 0.10944852512329817, 0.10793494771827351, 0.10906441156801425, 0.10906149379231712, 0.10855350457131863, 0.10880536784728369, 0.1089314789726184, 0.10867875634596266, 0.1091806510912961, 0.10803355483545198, 0.1079509589407179, 0.10818632567922275, 0.10984001209338506, 0.10919316444132063, 0.10915108557258334, 0.10834105575785917, 0.10927213430404663, 0.10880814930971931, 0.1083681620657444, 0.10933561902493238, 0.10871599479155107, 0.10854588117864397, 0.10850161138702841, 0.10897756335528, 0.10875768959522247, 0.10803970197836558, 0.10784633085131645, 0.10890303800503413, 0.10823483087799766, 0.10918916360690044, 0.10826906832781705, 0.10827909708023072, 0.10875815554307057, 0.10843547154217958, 0.10912860012971438, 0.10991808772087097, 0.10969400512320655, 0.10900690955551047, 0.10897847335963022, 0.10906387809664012, 0.10839634719822142, 0.10905102347689015, 0.10952580794692039, 0.10895190068653651, 0.10798246802195259, 0.10874048471450806, 0.10724940088888009, 0.10933033508412979, 0.1086170155968931, 0.1091256585310806, 0.10851517154110803, 0.1092571673648698, 0.10854618544025081, 0.10869032517075539], 1: [0.10899357572197914, 0.10872473229061473, 0.10902871439854304, 0.10939459130167961, 0.10786100625991821, 0.1097570932828463, 0.10896803000394036, 0.10878827373186747, 0.10802849382162094, 0.10941877690228549, 0.10906568528325469, 0.10805271159518849, 0.10848667516427882, 0.10914589402576287, 0.10869789123535156, 0.10803645799557368, 0.10895863754881753, 0.10840918868780136, 0.10937818884849548, 0.10929734087907352, 0.10873184002497617, 0.10941268082546152, 0.10854346576062116, 0.10793515620753169, 0.1088256233682235, 0.108399149030447, 0.10853196748278358, 0.10782456994056702, 0.10879372855027516, 0.10971312615133468, 0.10894304424524308, 0.10906383246183396, 0.10939304293556647, 0.107969718426466, 0.10811475664377213, 0.10901039838790894, 0.10806038230657578, 0.10872336555468409, 0.10863939449191093, 0.10888032934495381, 0.1085708003777724, 0.1084915854036808, 0.10922423750162125, 0.10975315123796463, 0.10815307338322912, 0.10926842292149862, 0.10799420784626688, 0.10903950521479482, 0.10922621362484418, 0.10991605976596475, 0.1093783751130104, 0.10826288312673568, 0.10829866837177958, 0.1080882375439008, 0.10856756158173084, 0.10890791472047567, 0.10801767185330391, 0.10917537253011357, 0.10839256431375231, 0.10840591218541651, 0.10885534659028054, 0.10856178402900696, 0.10846049959460895, 0.10842216626874038, 0.1095194214811692, 0.10893919490850888, 0.10935957567847293, 0.10834453031420707, 0.10925661725923419, 0.10858222895434924, 0.10905667500836509, 0.10888798123803632, 0.10867491612831752, 0.10897264853119851, 0.10971048148348927, 0.10907784923911094, 0.10810392417690971, 0.1087584677669737, 0.1083738403884988, 0.10852190065715048, 0.10828859855731328, 0.10834830366075039, 0.10970958150350131, 0.10776492208242416, 0.10852290491263071, 0.10778645358302376, 0.10804763571782545, 0.10851671489385459, 0.10888676751743663, 0.10909642995550083, 0.10900439973920584, 0.10824640343586604, 0.10951491594314575, 0.10963616147637367, 0.10912116404090609, 0.1085593643096777, 0.10879641264677048, 0.107870077714324, 0.10897906260056929, 0.10819555521011352, 0.1087212961005128, 0.10865789428353309, 0.1094501256942749, 0.10929394140839577, 0.10917031994232765, 0.10793864320624959, 0.10907058070103327, 0.10905701537495074, 0.10965259124835332, 0.10821172147989273, 0.10939628296884997, 0.10940441836913427, 0.10951887003400108, 0.1084991138504476, 0.10830773711204529, 0.10881972632237844, 0.10962933098728006, 0.10876225028187037, 0.1097382836871677, 0.1086326473289066, 0.10834001749753952, 0.10932643498693194, 0.10809693733851115, 0.10999387900034586, 0.10877295956015587, 0.10992117449641228, 0.1083890362219377, 0.10911235585808754, 0.10793148010969161, 0.1087067924439907, 0.10964627116918564, 0.10882992545763652, 0.10895302817225457, 0.1080115815767875, 0.10850917361676693, 0.10890306159853935, 0.10843498839272393, 0.10748786553740501, 0.10944513231515884, 0.10894884914159775, 0.10849837078289552, 0.10988451074808836, 0.10846921511822277, 0.10899461908587094, 0.10910060904596162, 0.10886399128607341, 0.10847544856369495, 0.108239837611715, 0.10957358733696096, 0.10898125916719437, 0.10916167050600052, 0.10900233536958695, 0.10817061432383278, 0.10871642126756556, 0.10868647024035454, 0.10834764493139167, 0.10902838036417961, 0.1085161150179126, 0.10909282720901749, 0.10813837964087725, 0.10691646900441912, 0.10886983821789424, 0.10920285278310378, 0.10849095806479454, 0.10905368377765019, 0.10714220702648163, 0.10876142159104348, 0.1088763711353143, 0.10754188638308952, 0.10815199557691813, 0.10798179270590053, 0.10845373149799264, 0.1082894860913879, 0.10865003727376461, 0.10861989276276694, 0.1088651180267334, 0.1086739107966423, 0.10859784140036656, 0.1085596873479731, 0.1081400519857804, 0.10872515729245018, 0.10885445814993647, 0.10938483476638794, 0.10835285319222344, 0.1086487527936697, 0.10865167413766567, 0.10808765105903148, 0.10807490217335083, 0.10903378356905545, 0.10818017721176147, 0.10855937816879967, 0.10872670428620444, 0.1090573028606527, 0.10802697928415404, 0.1089570124944051, 0.10821904763579368, 0.10898223581413428, 0.10869857296347618, 0.10898678233990303, 0.10914652317762374, 0.10883114395701156, 0.10833891012050488, 0.10847857849378335, 0.10897353359244087, 0.107682048343122, 0.1094870962202549, 0.10895241932435469, 0.10842761783688157, 0.10879465666684238, 0.1088376608490944, 0.10802675497073394, 0.10791951268911362, 0.1091592250899835, 0.10958885691232151, 0.10901677379241356, 0.10949634963815863, 0.10856762413795178, 0.10844234491770084, 0.10901061296463013, 0.10857710167765618, 0.10925197415053844, 0.10804030299186707, 0.10910555202028026, 0.10856772783924551, 0.10798551514744759, 0.10902303277418532, 0.10923503637313843, 0.10918466746807098, 0.10910609071808201, 0.10859965017208686, 0.1090349147717158, 0.10938757835399537, 0.10838949233293534, 0.10858391631733287, 0.10928999792252268, 0.10825503071149191, 0.10959925477703412, 0.10875270718877966, 0.10889579470341022, 0.10882272385060787, 0.10896392109302375, 0.10820039148841586, 0.10881309841687863, 0.1084055956453085, 0.10864224231668881, 0.10916519107726905, 0.10816158485763214, 0.10843659043312073, 0.10819734467400445, 0.10938904830254614, 0.1086531938476996, 0.10782892739071566, 0.10947544360533357, 0.10913511738181114, 0.10857979133725167, 0.10875242318098362, 0.10898975841701031, 0.10882286524230783, 0.10874260341127713, 0.10854793795280987, 0.10890568819429193, 0.10850745985905329, 0.1084641457117837, 0.10894523250559966, 0.10902894486983618, 0.10833450542254881, 0.10907948288050565, 0.10871185817652279, 0.10776953011751175, 0.10887620523571968, 0.10916606150567532, 0.10794572761425605, 0.10816618241369724, 0.10877760270467171, 0.10852748950322469, 0.1091425551308526, 0.10837693661451339, 0.10922378588181275, 0.10859580381828196, 0.10876807570457458, 0.10809108585119248, 0.10870799033538155, 0.10923181722561519, 0.1083394238039067, 0.10825157444924116, 0.10883440236960139, 0.10918388196400233, 0.10888472944498062, 0.10838158078053418, 0.10929329780971303, 0.10845636310321945, 0.1091761826114221, 0.1087904769395079, 0.10912352576851844, 0.10889012614885966, 0.10800911211653759, 0.10826422493247424, 0.1087199065547723, 0.10898252915252339, 0.10893112183971838, 0.10922443528066982, 0.10803172045520373, 0.10683856308460235, 0.10802098115285237, 0.10862860407518304, 0.10843344491261703, 0.10819005096952121, 0.10788508269347642, 0.10831410512328148, 0.10835474310442805, 0.10812557265162467, 0.10979538410902023, 0.1090000073115031, 0.10832973883340233, 0.10791025360425313, 0.10805523598735983, 0.10898048769343983, 0.10830514232317606, 0.10844532251358033, 0.10911247367039323, 0.10963970733185609, 0.10833428379816887, 0.10990906400339943, 0.10973213498408978, 0.10908043663948774, 0.10738617181777954, 0.10826405743137002, 0.10940927944400093, 0.10853646234387443, 0.10925904322754253, 0.10971653858820597, 0.1081795205672582, 0.10876297056674958, 0.1079954226811727, 0.10835650461641225, 0.10816264874301851, 0.10943112590096214, 0.10874634012579917, 0.10908571630716324, 0.10890957415103912, 0.10856339633464814, 0.10926806113936684, 0.10830255368581185, 0.1086161353935798, 0.10936322435736656, 0.10901382705196738, 0.1094073664683562, 0.10903441427009446, 0.10837633050978183, 0.10930621375640233, 0.10918560836996351, 0.10889435466378927, 0.10750143180290858, 0.10925483071442807, 0.10846331790089607, 0.10880628070144942, 0.10823486000299454, 0.10783447604626417, 0.10840745327564386, 0.10883294484194588, 0.10789881232712004, 0.10973402034295232, 0.10869874944910407, 0.10789751609166463, 0.10869451440297641, 0.10834583081305027, 0.10861624330282212, 0.10951355615487465, 0.10828208509418699, 0.10870095448834556, 0.10815832763910294, 0.10795232653617859, 0.11054740324616433, 0.10883906270776476, 0.10903317791720231, 0.10886010061949492, 0.10891463309526443, 0.10857472302658218, 0.10873962044715882, 0.10908782278949564, 0.10884117831786473, 0.10883833095431328, 0.10841994774010447, 0.10843436241149902, 0.10890567335097687, 0.10732058435678482, 0.10867877846414392, 0.10899582558444568, 0.10983647537582061, 0.1085451256770354, 0.10742550072344867, 0.10861431807279587, 0.10765862589081128, 0.10902158206417448, 0.10949410764234406, 0.10932005426058403, 0.10916668004714526, 0.10873805669446786, 0.10846587046980857, 0.10807905174218692, 0.10839693943659465, 0.10863832327035758, 0.10858819565989754, 0.10873488336801529, 0.10935331881046295, 0.10894774664193392, 0.10937429219484329, 0.10914641804993153, 0.10857587855081169, 0.10855331172545751, 0.10981298144906759, 0.10900398738244, 0.10899345904588699, 0.10933550372719765, 0.10886122489517386, 0.10858900438655507, 0.10809946844452306, 0.10872516557574272, 0.10916086015376178, 0.10865383204959687, 0.10969474001063241, 0.10820108362370068, 0.10870942012185142, 0.10938148626259395, 0.1084112362428145, 0.10903529524803161, 0.10879167067733678, 0.10893542761052097, 0.10857584641167992, 0.10837313138386782, 0.10873628929257392, 0.10879709218677722, 0.10867491530047522, 0.10918613842555455, 0.10930980866154034, 0.1088146115342776, 0.1086919891834259, 0.10966486682494482, 0.1087521616783407, 0.10953896279845919, 0.10878369212150574, 0.10841117189689116, 0.10927242934703826, 0.10812326246186306, 0.10886215170224507, 0.1092326738513433, 0.10973631143569947, 0.10854481346905231, 0.10812852531671524, 0.10838988174994786, 0.10966549664735795, 0.10905814468860626, 0.10838498441236359, 0.10863450997405583, 0.10915029570460319, 0.10879916223612698, 0.10872104888161023, 0.1085085264946285, 0.10867599368095399, 0.10978086590766907, 0.1083064844662493, 0.10874138234390153, 0.10914521461183374, 0.10898499258539894, 0.107976829012235, 0.108617744901601, 0.10847606685231714, 0.11110665513710542, 0.10836810804903507, 0.10913479328155518, 0.1084244784555937, 0.10740660429000855, 0.10862852804935895, 0.10868044570088387, 0.10926268759526704, 0.10849527145425479, 0.10867986557158557, 0.10883270129561425, 0.10880106740764209, 0.1077130580941836, 0.10875088142024146, 0.10931800707028462, 0.10964711320896943, 0.10807529565962878, 0.10825762959818046, 0.10925981123000383, 0.10888184110323589, 0.10922740317053264, 0.10858778884777656, 0.10845948308706284, 0.10836027823388576, 0.10790868889954355, 0.10866346999126322, 0.10838688164949417, 0.1084449855344636, 0.1084319209413869, 0.10776170094807942, 0.10796192437410354, 0.10863735992461443, 0.10807500084241231, 0.10884089643756549, 0.10881659349328593, 0.10863637096352047, 0.10951675542376259, 0.10890870338136499, 0.10885755311359059, 0.10873558236794038, 0.10834435276363207, 0.10875025689601898, 0.10846779714612399, 0.10935111468036969, 0.10848600302751248, 0.10845106414386205, 0.10875825927807735, 0.1093554064631462, 0.10843803558279486, 0.10932341733804116, 0.10887783331175645, 0.10856786891818046, 0.1092324076841275, 0.1089564248919487, 0.10901881216300859, 0.10837248414754867, 0.10919799469411373, 0.1090844914317131, 0.109199283644557, 0.10896949537775734, 0.10837719913410104, 0.10981745040044188, 0.10917450254783034, 0.10753223523497582, 0.10832595080137253, 0.1083749963177575, 0.10846649245782332, 0.10903695157983086, 0.10796099106470744, 0.1089456625855886, 0.10800050447384517, 0.10902041143604688, 0.10956671026845773, 0.10800767689943314, 0.1091057090805127, 0.10817292332649231, 0.10952452283639175, 0.10982155660167336, 0.10808566744838442, 0.10874392193826762, 0.10833123455876889, 0.10861026098330816, 0.10900428661933312, 0.10895131700314008, 0.1079745796673438, 0.10928336192261089, 0.10917508548923902, 0.1089682321656834, 0.10925493687391281, 0.10865740726391475, 0.10855370068124362, 0.10806000691193801, 0.10915813874453306, 0.10870456356893886, 0.1096140444278717, 0.10880131206729195, 0.10851764257835306, 0.10883746345837911, 0.10840091481804848, 0.10810866526194982, 0.10797213762998581, 0.10877834313682147, 0.10927289505215253, 0.10896391386077517, 0.10936525696888566, 0.10897890894728549, 0.10862414464354515, 0.10841384055939587, 0.1081950943917036, 0.1086765984694163, 0.10835929002080645, 0.10934474070866902, 0.10981325216983494, 0.10874055953402269, 0.10854407731029722, 0.10805223261316617, 0.10918431941952024, 0.10917461426420645, 0.10848779637705196, 0.10927501906241689, 0.10880421953541893, 0.10945221285025279, 0.10802320788304011, 0.10823010404904683, 0.1089790977537632, 0.10893708384699291, 0.10946228951215745, 0.10883818235662249, 0.10754288733005524, 0.10803621319624093, 0.10891261181006065, 0.10885630548000336, 0.10848789330985811, 0.10899349376559257, 0.10882122853868886, 0.10923653095960617, 0.10986160143063618, 0.10856174230575562, 0.10894530564546585, 0.10788485694390076, 0.10857107896696437, 0.10893570678308606, 0.10867757403424808, 0.1085182330571115, 0.10950585348265511, 0.10879247263073921, 0.10903872922062874, 0.10837685404454961, 0.10852746371970032, 0.1092392491067157, 0.1083661936223507, 0.10851397406723765, 0.10896146446466445, 0.10903965122997761, 0.1082048645386329, 0.10925167569747338, 0.10892101668793222, 0.10886278779556353, 0.10904983036658343, 0.10896124020218849, 0.10826428938243124, 0.10829202306491358, 0.10944517837329344, 0.1097476127055975, 0.10891639068722725, 0.1082070879638195, 0.10849634896625172, 0.10770017591615517, 0.1094348500482738, 0.10821440368890763, 0.11015247222450045, 0.10819636217572472, 0.10884828782743877, 0.10919020014504592, 0.10928781559834114, 0.10809014877304435, 0.10898441572984059, 0.10864893967906634, 0.1087574242399289, 0.10926835631069384, 0.10810991715301167, 0.10951550217235789, 0.10806970732907455, 0.10890703166232389, 0.10875407746061683, 0.109315302060998, 0.10916713151064786, 0.1090122562433992, 0.10866649689212922, 0.10970772660913922, 0.10841085211090419, 0.10935849249362946, 0.10929870426654816, 0.1087718155235052, 0.10841061919927597, 0.10848737880587578, 0.10855273778239886, 0.10943639413876967, 0.10788465042908986, 0.10912328426327024, 0.10826711853345235, 0.10956344405810038, 0.10777518376708031, 0.1090714397529761, 0.10853567669788997, 0.1092446202581579, 0.10755552012812007, 0.10836710580266438, 0.10859088805761744, 0.10862141754478216, 0.10894361452052467, 0.10952993617816405, 0.10945219298203786, 0.10873653988043468, 0.10869143462993881, 0.10736320912837982, 0.10993597521023317, 0.10905998914192121, 0.10707136169075966, 0.10868462920188904, 0.1089729517698288, 0.10792447874943416, 0.10926707796752452, 0.10855731310752723, 0.109057340932929, 0.10864062914076973, 0.108594711124897, 0.10928464951840314, 0.10911124656277318, 0.1092048455029726, 0.10819503577316508, 0.10827843520121697, 0.10888423838398674, 0.1094250577417287, 0.10908234864473343, 0.10883990426858266, 0.10886258333921432, 0.10877615378962623, 0.11007453451553981, 0.1085852316270272, 0.1095594890853938, 0.10863723456859589, 0.10873190872371197, 0.10858304406467237, 0.10929623320698738, 0.10915666465696536, 0.10917857763442126, 0.10848950892686844, 0.1088551649202903, 0.10887576030059294, 0.10912651237514284, 0.10839078981768001, 0.10884757772568733, 0.10848261333174175, 0.10968632375200589, 0.10839296794599956, 0.10837556895884601, 0.1085650885575696, 0.10911855515506533, 0.10841784750421841, 0.10864809962610404, 0.10967705914607415, 0.10964654318310997, 0.10875216364860535, 0.10862905353307724, 0.10865395286908516, 0.10867364172424589, 0.10794313487253691, 0.1084279059432447, 0.10837101489305496, 0.1072968499114116, 0.10824660076336427, 0.10871825434944847, 0.10827643502699702, 0.10911884158849716, 0.10960983943480712, 0.10935220634564757, 0.10944759371605786, 0.1089215303460757, 0.1084803737261716, 0.10908406541535728, 0.10893318336457014, 0.10902045120795568, 0.10869922895323146, 0.10930095003409819, 0.1090582933809076, 0.11062953756614165, 0.10831939168274403, 0.10927024334669114, 0.10870349678126248, 0.10856994166970253, 0.10886769917081385, 0.10840869498880286, 0.1083642316653448, 0.10859893924660152, 0.10942626645167669, 0.11028948053717613, 0.10876797558739781, 0.1090789869427681, 0.10820568228761356, 0.1083370566368103, 0.10885048920617384, 0.10887210676446557, 0.10900510199691939, 0.10819197871855327, 0.10808889489424856, 0.10890596194399728, 0.10891287835935752, 0.10970457270741463, 0.10879190108089735, 0.1089497793998037, 0.10860558897256851, 0.1085303034633398, 0.1085721721703356, 0.1090979433872483, 0.10797041368026, 0.10923499390482902, 0.10865988147755463, 0.10910205199168278, 0.1079506516456604, 0.10881201326847076, 0.10751462302037648, 0.10859830547933993, 0.10863768858344931, 0.10913510659807607, 0.10886608915669578, 0.10876618698239326, 0.10828207820653915, 0.1086743438714429, 0.10961227061656806, 0.10918218545291734, 0.10812032719453175, 0.10877876294155915, 0.10913637483661826, 0.10888467083374659, 0.10937594696879387, 0.10850931916918073, 0.10864146679639816, 0.10920024460012262, 0.10921744024381042, 0.10925138327810499, 0.10865909214082517, 0.10888696213563283, 0.10755195375531912, 0.10895595401525497, 0.10920639336109161, 0.10745830547351104, 0.10841577500104904, 0.10892348517389859, 0.10897860489785671, 0.10874006152153015, 0.1090487399521996, 0.1090152073237631, 0.10808618773113597, 0.10896853493018584, 0.10802595027618939, 0.10985838892784985, 0.10854008813967576, 0.1084070775125708, 0.10919545880622333, 0.10837135463953018, 0.10861120892293526, 0.10952803492546082, 0.1080615185201168, 0.10820273533463479, 0.10992983045677344, 0.10868199300020934, 0.10954284444451332, 0.10824007168412209, 0.10914405186971028, 0.10870374739170074, 0.10798048641946581, 0.10742973739450629, 0.10850905958149168, 0.10886502787470817, 0.10746664181351662, 0.10792950608513573, 0.10773206949234009, 0.11057152599096298, 0.10769103384680218, 0.10855409973546078, 0.10822516530752183, 0.10869772732257843, 0.10889377983080016, 0.10854153037071228, 0.1088539654655116, 0.10924727420012156, 0.10865531535819173, 0.1090922437608242, 0.10956385625260216, 0.10953761413693427, 0.10891450718045234, 0.10937296971678734, 0.10821431991644204, 0.10808318667113781, 0.10904307186603546, 0.10821303062968785, 0.10875407978892326, 0.10884438632499605, 0.10919282251390917, 0.10848670659793748, 0.10925919612248738, 0.10875810067290845, 0.1083284318447113, 0.10926072974689305, 0.10854735746979713, 0.10957124680280686, 0.1094070036823933, 0.10798730866776572, 0.10884848857919376, 0.10810974666050502, 0.10851904072544792, 0.1091258853673935, 0.1094030829913476, 0.10984097979962826, 0.10873661041259766, 0.1088752191175114, 0.108955467492342, 0.10890648458842878, 0.10883791670203209, 0.10966044528917833, 0.10905049078994328, 0.10843950403588158, 0.10947553316752116, 0.10783803056586873, 0.1087635524570942, 0.10844891294836997, 0.10902911566552662, 0.10860617520908515, 0.10874288976192474, 0.10863215276380865, 0.10943055301904678, 0.1090940630861691, 0.10895565790789467, 0.10897141121900998, 0.1087277574885276, 0.10840533892897998, 0.10869464163596813, 0.10916865397902097, 0.10792372322508267, 0.10838613561961961, 0.10810338333249092, 0.10867904894985259, 0.10798191626866659, 0.10931800740460555, 0.1086858712575015, 0.10815694415941834, 0.10819139555096627, 0.10913606940044297, 0.10788472688623837, 0.10849618837237358, 0.10776857435703277, 0.10910119692032988, 0.10949955930312474, 0.10908377601912148, 0.10887084379792214, 0.1080870688892901, 0.10861275167692275, 0.10950515206371035, 0.10870504958762063, 0.10900196196003394, 0.10831467835949017, 0.10897707777178806, 0.10812553603734289, 0.10911081145916667, 0.10910099233899798, 0.10883160070939497, 0.10812032409012318, 0.1085598868759055, 0.107578544318676, 0.10873918762294257, 0.10904876266916592, 0.10846529929683758, 0.10886803881398269, 0.108554574350516, 0.108326217667623, 0.10846405582768577, 0.10883985161781311, 0.10865527018904686, 0.1083910827835401, 0.10859713265124489, 0.10924428328871727, 0.10854179567346971, 0.10833796812221408, 0.10799532234668732, 0.10896895258199601, 0.10921232216060162, 0.10872340805473782, 0.10865598469972611, 0.10874559879302978, 0.10900328850204294, 0.10922953773003358, 0.10858093537390232, 0.10919034548781135, 0.10864472118290988, 0.10820547228350359, 0.10843832045793533, 0.1085138614563381, 0.10923448543656956, 0.1085955309016364, 0.10912840813398361, 0.10823525217446414, 0.10975475289991923, 0.10818928562932545, 0.10856909956783056, 0.10837187008424239, 0.10878002414336571, 0.10911120474338531, 0.10855870143226955, 0.10910169373859059, 0.10913995450193231, 0.10893917632730384, 0.1088717979463664, 0.10893528434363278, 0.1103345051407814, 0.10932195633649826, 0.1089647916101274, 0.10954056369761626, 0.10807269215583801, 0.10830914378166198, 0.10846069951852162, 0.10866085191567738, 0.10908091245662599, 0.10812386737338134, 0.1092303776078754, 0.10838736593723297, 0.10917672142386436, 0.10949858979267232, 0.10842917263507842, 0.10861100334870188, 0.10845635323361917]}