('OC-FakeDect1 (Trained on RND Dataset)  \nTested on RND NeuralTextures Dataset  \nRunning Average Evaluation', 'OC-FakeDect1_RND', 'RND', 'OC-FakeDect1_RND_raeonNTrnd')
auroc=0.5047196351384449
f1=0.46503340757238304
prec=0.4189406099518459
recall=0.5225225225225225

fpr=[0.0, 0.5225225225225225, 1.0]

tpr=[0.0, 0.5319617927994122, 1.0]

y_true=[0, 0, 0, 0, 0, 0, 0, 0, 0, 0, 0, 0, 0, 0, 0, 0, 0, 0, 0, 0, 0, 0, 0, 0, 0, 0, 0, 0, 0, 0, 0, 0, 0, 0, 0, 0, 0, 0, 0, 0, 0, 0, 0, 0, 0, 0, 0, 0, 0, 0, 0, 0, 0, 0, 0, 0, 0, 0, 0, 0, 0, 0, 0, 0, 0, 0, 0, 0, 0, 0, 0, 0, 0, 0, 0, 0, 0, 0, 0, 0, 0, 0, 0, 0, 0, 0, 0, 0, 0, 0, 0, 0, 0, 0, 0, 0, 0, 0, 0, 0, 0, 0, 0, 0, 0, 0, 0, 0, 0, 0, 0, 0, 0, 0, 0, 0, 0, 0, 0, 0, 0, 0, 0, 0, 0, 0, 0, 0, 0, 0, 0, 0, 0, 0, 0, 0, 0, 0, 0, 0, 0, 0, 0, 0, 0, 0, 0, 0, 0, 0, 0, 0, 0, 0, 0, 0, 0, 0, 0, 0, 0, 0, 0, 0, 0, 0, 0, 0, 0, 0, 0, 0, 0, 0, 0, 0, 0, 0, 0, 0, 0, 0, 0, 0, 0, 0, 0, 0, 0, 0, 0, 0, 0, 0, 0, 0, 0, 0, 0, 0, 0, 0, 0, 0, 0, 0, 0, 0, 0, 0, 0, 0, 0, 0, 0, 0, 0, 0, 0, 0, 0, 0, 0, 0, 0, 0, 0, 0, 0, 0, 0, 0, 0, 0, 0, 0, 0, 0, 0, 0, 0, 0, 0, 0, 0, 0, 0, 0, 0, 0, 0, 0, 0, 0, 0, 0, 0, 0, 0, 0, 0, 0, 0, 0, 0, 0, 0, 0, 0, 0, 0, 0, 0, 0, 0, 0, 0, 0, 0, 0, 0, 0, 0, 0, 0, 0, 0, 0, 0, 0, 0, 0, 0, 0, 0, 0, 0, 0, 0, 0, 0, 0, 0, 0, 0, 0, 0, 0, 0, 0, 0, 0, 0, 0, 0, 0, 0, 0, 0, 0, 0, 0, 0, 0, 0, 0, 0, 0, 0, 0, 0, 0, 0, 0, 0, 0, 0, 0, 0, 0, 0, 0, 0, 0, 0, 0, 0, 0, 0, 0, 0, 0, 0, 0, 0, 0, 0, 0, 0, 0, 0, 0, 0, 0, 0, 0, 0, 0, 0, 0, 0, 0, 0, 0, 0, 0, 0, 0, 0, 0, 0, 0, 0, 0, 0, 0, 0, 0, 0, 0, 0, 0, 0, 0, 0, 0, 0, 0, 0, 0, 0, 0, 0, 0, 0, 0, 0, 0, 0, 0, 0, 0, 0, 0, 0, 0, 0, 0, 0, 0, 0, 0, 0, 0, 0, 0, 0, 0, 0, 0, 0, 0, 0, 0, 0, 0, 0, 0, 0, 0, 0, 0, 0, 0, 0, 0, 0, 0, 0, 0, 0, 0, 0, 0, 0, 0, 0, 0, 0, 0, 0, 0, 0, 0, 0, 0, 0, 0, 0, 0, 0, 0, 0, 0, 0, 0, 0, 0, 0, 0, 0, 0, 0, 0, 0, 0, 0, 0, 0, 0, 0, 0, 0, 0, 0, 0, 0, 0, 0, 0, 0, 0, 0, 0, 0, 0, 0, 0, 0, 0, 0, 0, 0, 0, 0, 0, 0, 0, 0, 0, 0, 0, 0, 0, 0, 0, 0, 0, 0, 0, 0, 0, 0, 0, 0, 0, 0, 0, 0, 0, 0, 0, 0, 0, 0, 0, 0, 0, 0, 0, 0, 0, 0, 0, 0, 0, 0, 0, 0, 0, 0, 0, 0, 0, 0, 0, 0, 0, 0, 0, 0, 0, 0, 0, 0, 0, 0, 0, 0, 0, 0, 0, 0, 0, 0, 0, 0, 0, 0, 0, 0, 0, 0, 0, 0, 0, 0, 0, 0, 0, 0, 0, 0, 0, 0, 0, 0, 0, 0, 0, 0, 0, 0, 0, 0, 0, 0, 0, 0, 0, 0, 0, 0, 0, 0, 0, 0, 0, 0, 0, 0, 0, 0, 0, 0, 0, 0, 0, 0, 0, 0, 0, 0, 0, 0, 0, 0, 0, 0, 0, 0, 0, 0, 0, 0, 0, 0, 0, 0, 0, 0, 0, 0, 0, 0, 0, 0, 0, 0, 0, 0, 0, 0, 0, 0, 0, 0, 0, 0, 0, 0, 0, 0, 0, 0, 0, 0, 0, 0, 0, 0, 0, 0, 0, 0, 0, 0, 0, 0, 0, 0, 0, 0, 0, 0, 0, 0, 0, 0, 0, 0, 0, 0, 0, 0, 0, 0, 0, 0, 0, 0, 0, 0, 0, 0, 0, 0, 0, 0, 0, 0, 0, 0, 0, 0, 0, 0, 0, 0, 0, 0, 0, 0, 0, 0, 0, 0, 0, 0, 0, 0, 0, 0, 0, 0, 0, 0, 0, 0, 0, 0, 0, 0, 0, 0, 0, 0, 0, 0, 0, 0, 0, 0, 0, 0, 0, 0, 0, 0, 0, 0, 0, 0, 0, 0, 0, 0, 0, 0, 0, 0, 0, 0, 0, 0, 0, 0, 0, 0, 0, 0, 0, 0, 0, 0, 0, 0, 0, 0, 0, 0, 0, 0, 0, 0, 0, 0, 0, 0, 0, 0, 0, 0, 0, 0, 0, 0, 0, 0, 0, 0, 0, 0, 0, 0, 0, 0, 0, 0, 0, 0, 0, 0, 0, 0, 0, 0, 0, 0, 0, 0, 0, 0, 0, 0, 0, 0, 0, 0, 0, 0, 0, 0, 0, 0, 0, 0, 0, 0, 0, 0, 0, 0, 0, 0, 0, 0, 0, 0, 0, 0, 0, 0, 0, 0, 0, 0, 0, 0, 0, 0, 0, 0, 0, 0, 0, 0, 0, 0, 0, 0, 0, 0, 0, 0, 0, 0, 0, 0, 0, 0, 0, 0, 0, 0, 0, 0, 0, 0, 0, 0, 0, 0, 0, 0, 0, 0, 0, 0, 0, 0, 0, 0, 0, 0, 0, 0, 0, 0, 0, 0, 0, 0, 0, 0, 0, 0, 0, 0, 0, 0, 0, 0, 0, 0, 0, 0, 0, 0, 0, 0, 0, 0, 0, 0, 0, 0, 0, 0, 0, 0, 0, 0, 0, 0, 0, 0, 0, 0, 0, 0, 0, 0, 0, 0, 0, 0, 0, 0, 0, 0, 0, 0, 0, 0, 0, 0, 0, 0, 0, 0, 0, 0, 0, 0, 0, 0, 0, 0, 0, 0, 0, 0, 0, 0, 0, 0, 0, 0, 0, 0, 0, 0, 0, 0, 0, 0, 0, 0, 0, 0, 0, 0, 0, 0, 0, 0, 0, 0, 0, 0, 0, 0, 0, 0, 0, 0, 0, 0, 0, 0, 0, 0, 0, 0, 0, 0, 0, 0, 0, 0, 0, 0, 0, 0, 0, 0, 0, 0, 0, 0, 0, 0, 0, 0, 0, 0, 0, 0, 0, 0, 0, 0, 0, 0, 0, 0, 0, 0, 0, 0, 0, 0, 0, 0, 0, 0, 0, 0, 0, 0, 0, 0, 0, 0, 0, 0, 0, 0, 0, 0, 0, 0, 0, 0, 0, 0, 0, 0, 0, 0, 0, 0, 0, 0, 0, 0, 0, 0, 0, 0, 0, 0, 0, 0, 0, 0, 0, 0, 0, 0, 0, 0, 0, 0, 0, 0, 0, 0, 0, 0, 0, 0, 0, 0, 0, 0, 0, 0, 0, 0, 0, 0, 0, 0, 0, 0, 0, 0, 0, 0, 0, 0, 0, 0, 0, 0, 0, 0, 0, 0, 0, 0, 0, 0, 0, 0, 0, 0, 0, 0, 0, 0, 0, 0, 0, 0, 0, 0, 0, 0, 0, 0, 0, 0, 0, 0, 0, 0, 0, 0, 0, 0, 0, 0, 0, 0, 0, 0, 0, 0, 0, 0, 0, 0, 0, 0, 0, 0, 0, 0, 0, 0, 0, 0, 0, 0, 0, 0, 0, 0, 0, 0, 0, 0, 0, 0, 0, 0, 0, 0, 0, 0, 0, 0, 0, 0, 0, 0, 0, 0, 0, 0, 0, 0, 0, 0, 0, 0, 0, 0, 0, 0, 0, 0, 0, 0, 0, 0, 0, 0, 0, 0, 0, 0, 0, 0, 0, 0, 0, 0, 0, 0, 0, 0, 0, 0, 0, 0, 0, 0, 0, 0, 0, 0, 0, 0, 0, 0, 0, 0, 0, 0, 0, 0, 0, 0, 0, 0, 0, 0, 0, 0, 0, 0, 0, 0, 0, 0, 0, 0, 0, 0, 0, 0, 0, 0, 0, 0, 0, 0, 0, 0, 0, 0, 0, 0, 0, 0, 0, 0, 0, 0, 0, 0, 0, 0, 0, 0, 0, 0, 1, 1, 1, 1, 1, 1, 1, 1, 1, 1, 1, 1, 1, 1, 1, 1, 1, 1, 1, 1, 1, 1, 1, 1, 1, 1, 1, 1, 1, 1, 1, 1, 1, 1, 1, 1, 1, 1, 1, 1, 1, 1, 1, 1, 1, 1, 1, 1, 1, 1, 1, 1, 1, 1, 1, 1, 1, 1, 1, 1, 1, 1, 1, 1, 1, 1, 1, 1, 1, 1, 1, 1, 1, 1, 1, 1, 1, 1, 1, 1, 1, 1, 1, 1, 1, 1, 1, 1, 1, 1, 1, 1, 1, 1, 1, 1, 1, 1, 1, 1, 1, 1, 1, 1, 1, 1, 1, 1, 1, 1, 1, 1, 1, 1, 1, 1, 1, 1, 1, 1, 1, 1, 1, 1, 1, 1, 1, 1, 1, 1, 1, 1, 1, 1, 1, 1, 1, 1, 1, 1, 1, 1, 1, 1, 1, 1, 1, 1, 1, 1, 1, 1, 1, 1, 1, 1, 1, 1, 1, 1, 1, 1, 1, 1, 1, 1, 1, 1, 1, 1, 1, 1, 1, 1, 1, 1, 1, 1, 1, 1, 1, 1, 1, 1, 1, 1, 1, 1, 1, 1, 1, 1, 1, 1, 1, 1, 1, 1, 1, 1, 1, 1, 1, 1, 1, 1, 1, 1, 1, 1, 1, 1, 1, 1, 1, 1, 1, 1, 1, 1, 1, 1, 1, 1, 1, 1, 1, 1, 1, 1, 1, 1, 1, 1, 1, 1, 1, 1, 1, 1, 1, 1, 1, 1, 1, 1, 1, 1, 1, 1, 1, 1, 1, 1, 1, 1, 1, 1, 1, 1, 1, 1, 1, 1, 1, 1, 1, 1, 1, 1, 1, 1, 1, 1, 1, 1, 1, 1, 1, 1, 1, 1, 1, 1, 1, 1, 1, 1, 1, 1, 1, 1, 1, 1, 1, 1, 1, 1, 1, 1, 1, 1, 1, 1, 1, 1, 1, 1, 1, 1, 1, 1, 1, 1, 1, 1, 1, 1, 1, 1, 1, 1, 1, 1, 1, 1, 1, 1, 1, 1, 1, 1, 1, 1, 1, 1, 1, 1, 1, 1, 1, 1, 1, 1, 1, 1, 1, 1, 1, 1, 1, 1, 1, 1, 1, 1, 1, 1, 1, 1, 1, 1, 1, 1, 1, 1, 1, 1, 1, 1, 1, 1, 1, 1, 1, 1, 1, 1, 1, 1, 1, 1, 1, 1, 1, 1, 1, 1, 1, 1, 1, 1, 1, 1, 1, 1, 1, 1, 1, 1, 1, 1, 1, 1, 1, 1, 1, 1, 1, 1, 1, 1, 1, 1, 1, 1, 1, 1, 1, 1, 1, 1, 1, 1, 1, 1, 1, 1, 1, 1, 1, 1, 1, 1, 1, 1, 1, 1, 1, 1, 1, 1, 1, 1, 1, 1, 1, 1, 1, 1, 1, 1, 1, 1, 1, 1, 1, 1, 1, 1, 1, 1, 1, 1, 1, 1, 1, 1, 1, 1, 1, 1, 1, 1, 1, 1, 1, 1, 1, 1, 1, 1, 1, 1, 1, 1, 1, 1, 1, 1, 1, 1, 1, 1, 1, 1, 1, 1, 1, 1, 1, 1, 1, 1, 1, 1, 1, 1, 1, 1, 1, 1, 1, 1, 1, 1, 1, 1, 1, 1, 1, 1, 1, 1, 1, 1, 1, 1, 1, 1, 1, 1, 1, 1, 1, 1, 1, 1, 1, 1, 1, 1, 1, 1, 1, 1, 1, 1, 1, 1, 1, 1, 1, 1, 1, 1, 1, 1, 1, 1, 1, 1, 1, 1, 1, 1, 1, 1, 1, 1, 1, 1, 1, 1, 1, 1, 1, 1, 1, 1, 1, 1, 1, 1, 1, 1, 1, 1, 1, 1, 1, 1, 1, 1, 1, 1, 1, 1, 1, 1, 1, 1, 1, 1, 1, 1, 1, 1, 1, 1, 1, 1, 1, 1, 1, 1, 1, 1, 1, 1, 1, 1, 1, 1, 1, 1, 1, 1, 1, 1, 1, 1, 1, 1, 1, 1, 1, 1, 1, 1, 1, 1, 1, 1, 1, 1, 1, 1, 1, 1, 1, 1, 1, 1, 1, 1, 1, 1, 1, 1, 1, 1, 1, 1, 1, 1, 1, 1, 1, 1, 1, 1, 1, 1, 1, 1, 1, 1, 1, 1, 1, 1, 1, 1, 1, 1, 1, 1, 1, 1, 1, 1, 1, 1, 1, 1, 1, 1, 1, 1, 1, 1, 1, 1, 1, 1, 1, 1, 1, 1, 1, 1, 1, 1, 1, 1, 1, 1, 1, 1, 1, 1, 1, 1, 1, 1, 1, 1, 1, 1, 1, 1, 1, 1, 1, 1, 1, 1, 1, 1, 1, 1, 1, 1, 1, 1, 1, 1, 1, 1, 1, 1, 1, 1, 1, 1, 1, 1, 1, 1, 1, 1, 1, 1, 1, 1, 1, 1, 1, 1, 1, 1, 1, 1, 1, 1, 1, 1, 1, 1, 1, 1, 1, 1, 1, 1, 1, 1, 1, 1, 1, 1, 1, 1, 1, 1, 1, 1, 1, 1, 1, 1, 1, 1, 1, 1, 1, 1, 1, 1, 1, 1, 1, 1, 1, 1, 1, 1, 1, 1, 1, 1, 1, 1, 1, 1, 1, 1, 1, 1, 1, 1, 1, 1, 1, 1, 1, 1, 1, 1, 1, 1, 1, 1, 1, 1, 1, 1, 1, 1, 1, 1, 1, 1, 1, 1, 1, 1, 1, 1, 1, 1, 1, 1, 1, 1, 1, 1, 1, 1, 1, 1, 1, 1, 1, 1, 1, 1, 1, 1, 1, 1, 1, 1, 1, 1, 1, 1, 1, 1, 1, 1, 1, 1, 1, 1, 1, 1, 1, 1, 1, 1, 1, 1, 1, 1, 1, 1, 1, 1, 1, 1, 1, 1, 1, 1, 1, 1, 1, 1, 1, 1, 1, 1, 1, 1, 1, 1, 1, 1, 1, 1, 1, 1, 1, 1, 1, 1, 1, 1, 1, 1, 1, 1, 1, 1, 1, 1, 1, 1, 1, 1, 1, 1, 1, 1, 1, 1, 1, 1, 1, 1, 1, 1, 1, 1, 1, 1, 1, 1, 1, 1, 1, 1, 1, 1, 1, 1, 1, 1, 1, 1, 1, 1, 1, 1, 1, 1, 1, 1, 1, 1, 1, 1, 1, 1, 1, 1, 1]

y_pred=[0.0, 0.0, 0.0, 0.0, 1.0, 1.0, 0.0, 0.0, 1.0, 0.0, 1.0, 0.0, 1.0, 1.0, 0.0, 1.0, 0.0, 0.0, 0.0, 1.0, 0.0, 1.0, 0.0, 0.0, 1.0, 0.0, 0.0, 0.0, 0.0, 0.0, 1.0, 0.0, 0.0, 1.0, 0.0, 0.0, 0.0, 1.0, 1.0, 1.0, 1.0, 1.0, 0.0, 0.0, 1.0, 0.0, 0.0, 0.0, 1.0, 1.0, 0.0, 1.0, 0.0, 1.0, 0.0, 0.0, 1.0, 0.0, 0.0, 1.0, 0.0, 0.0, 0.0, 0.0, 0.0, 0.0, 1.0, 0.0, 0.0, 1.0, 1.0, 0.0, 0.0, 0.0, 0.0, 0.0, 0.0, 0.0, 1.0, 1.0, 0.0, 1.0, 0.0, 1.0, 1.0, 1.0, 1.0, 1.0, 1.0, 1.0, 0.0, 0.0, 1.0, 1.0, 1.0, 1.0, 1.0, 0.0, 1.0, 1.0, 0.0, 1.0, 1.0, 0.0, 0.0, 0.0, 0.0, 1.0, 0.0, 1.0, 0.0, 1.0, 1.0, 1.0, 1.0, 0.0, 0.0, 0.0, 1.0, 1.0, 0.0, 0.0, 0.0, 1.0, 1.0, 0.0, 0.0, 0.0, 0.0, 0.0, 0.0, 1.0, 0.0, 0.0, 0.0, 1.0, 1.0, 0.0, 0.0, 0.0, 0.0, 1.0, 0.0, 1.0, 1.0, 0.0, 1.0, 1.0, 0.0, 1.0, 0.0, 0.0, 1.0, 1.0, 0.0, 1.0, 1.0, 1.0, 1.0, 1.0, 1.0, 0.0, 0.0, 0.0, 1.0, 1.0, 0.0, 0.0, 1.0, 1.0, 0.0, 1.0, 0.0, 1.0, 1.0, 0.0, 1.0, 1.0, 0.0, 1.0, 1.0, 1.0, 0.0, 1.0, 1.0, 1.0, 0.0, 1.0, 0.0, 0.0, 0.0, 1.0, 1.0, 1.0, 1.0, 0.0, 1.0, 0.0, 1.0, 0.0, 1.0, 0.0, 0.0, 0.0, 0.0, 0.0, 0.0, 1.0, 0.0, 0.0, 0.0, 1.0, 0.0, 0.0, 1.0, 1.0, 0.0, 0.0, 0.0, 1.0, 1.0, 0.0, 0.0, 1.0, 0.0, 0.0, 0.0, 1.0, 1.0, 0.0, 1.0, 1.0, 1.0, 0.0, 0.0, 0.0, 0.0, 1.0, 0.0, 1.0, 1.0, 0.0, 1.0, 0.0, 1.0, 1.0, 1.0, 0.0, 0.0, 0.0, 0.0, 0.0, 0.0, 1.0, 1.0, 0.0, 0.0, 0.0, 1.0, 1.0, 0.0, 0.0, 0.0, 1.0, 1.0, 0.0, 1.0, 0.0, 0.0, 1.0, 1.0, 1.0, 0.0, 1.0, 0.0, 1.0, 0.0, 0.0, 1.0, 0.0, 1.0, 0.0, 1.0, 1.0, 1.0, 0.0, 1.0, 1.0, 0.0, 0.0, 1.0, 1.0, 1.0, 0.0, 1.0, 0.0, 1.0, 0.0, 1.0, 1.0, 0.0, 0.0, 0.0, 1.0, 1.0, 1.0, 0.0, 1.0, 1.0, 0.0, 1.0, 1.0, 0.0, 0.0, 0.0, 1.0, 0.0, 1.0, 1.0, 0.0, 1.0, 0.0, 1.0, 1.0, 0.0, 1.0, 0.0, 1.0, 0.0, 0.0, 1.0, 0.0, 0.0, 1.0, 0.0, 0.0, 1.0, 0.0, 0.0, 0.0, 0.0, 1.0, 0.0, 0.0, 0.0, 1.0, 0.0, 1.0, 0.0, 0.0, 1.0, 0.0, 0.0, 1.0, 0.0, 0.0, 0.0, 1.0, 1.0, 1.0, 1.0, 1.0, 1.0, 1.0, 0.0, 0.0, 0.0, 1.0, 0.0, 1.0, 1.0, 0.0, 0.0, 0.0, 0.0, 1.0, 0.0, 1.0, 0.0, 0.0, 1.0, 1.0, 1.0, 1.0, 0.0, 0.0, 0.0, 1.0, 1.0, 0.0, 1.0, 1.0, 0.0, 1.0, 1.0, 0.0, 0.0, 0.0, 0.0, 1.0, 1.0, 0.0, 0.0, 1.0, 0.0, 1.0, 1.0, 1.0, 0.0, 1.0, 1.0, 1.0, 0.0, 0.0, 0.0, 0.0, 1.0, 0.0, 0.0, 1.0, 0.0, 0.0, 0.0, 0.0, 1.0, 1.0, 0.0, 1.0, 0.0, 0.0, 0.0, 0.0, 1.0, 1.0, 1.0, 1.0, 0.0, 1.0, 1.0, 0.0, 0.0, 0.0, 1.0, 1.0, 0.0, 1.0, 1.0, 0.0, 0.0, 0.0, 1.0, 1.0, 1.0, 0.0, 1.0, 0.0, 1.0, 1.0, 1.0, 1.0, 0.0, 0.0, 1.0, 0.0, 0.0, 1.0, 0.0, 1.0, 1.0, 0.0, 1.0, 1.0, 0.0, 0.0, 0.0, 1.0, 0.0, 1.0, 1.0, 0.0, 1.0, 0.0, 1.0, 0.0, 0.0, 0.0, 1.0, 1.0, 0.0, 0.0, 1.0, 1.0, 1.0, 1.0, 0.0, 0.0, 0.0, 1.0, 0.0, 0.0, 0.0, 0.0, 1.0, 1.0, 1.0, 1.0, 0.0, 1.0, 0.0, 1.0, 1.0, 1.0, 0.0, 1.0, 0.0, 0.0, 0.0, 1.0, 0.0, 0.0, 1.0, 0.0, 0.0, 0.0, 0.0, 1.0, 0.0, 1.0, 1.0, 0.0, 0.0, 1.0, 0.0, 0.0, 0.0, 1.0, 1.0, 0.0, 0.0, 1.0, 1.0, 0.0, 0.0, 1.0, 1.0, 0.0, 0.0, 0.0, 0.0, 0.0, 0.0, 1.0, 1.0, 0.0, 0.0, 0.0, 1.0, 0.0, 0.0, 1.0, 1.0, 0.0, 1.0, 0.0, 1.0, 1.0, 0.0, 0.0, 1.0, 1.0, 0.0, 0.0, 1.0, 1.0, 1.0, 1.0, 1.0, 0.0, 0.0, 1.0, 0.0, 1.0, 0.0, 1.0, 0.0, 1.0, 1.0, 0.0, 1.0, 0.0, 0.0, 0.0, 0.0, 1.0, 0.0, 0.0, 1.0, 0.0, 1.0, 0.0, 1.0, 1.0, 1.0, 1.0, 1.0, 1.0, 0.0, 1.0, 1.0, 0.0, 1.0, 1.0, 0.0, 1.0, 0.0, 1.0, 0.0, 1.0, 1.0, 1.0, 1.0, 0.0, 0.0, 0.0, 0.0, 0.0, 1.0, 1.0, 0.0, 1.0, 1.0, 0.0, 1.0, 0.0, 0.0, 0.0, 1.0, 0.0, 0.0, 0.0, 0.0, 1.0, 1.0, 0.0, 0.0, 0.0, 1.0, 0.0, 1.0, 1.0, 0.0, 0.0, 1.0, 1.0, 1.0, 0.0, 1.0, 1.0, 0.0, 0.0, 1.0, 0.0, 0.0, 1.0, 1.0, 1.0, 0.0, 0.0, 1.0, 1.0, 0.0, 1.0, 0.0, 0.0, 0.0, 0.0, 1.0, 1.0, 1.0, 1.0, 1.0, 1.0, 1.0, 0.0, 1.0, 0.0, 1.0, 1.0, 1.0, 1.0, 1.0, 1.0, 0.0, 1.0, 0.0, 1.0, 0.0, 1.0, 1.0, 0.0, 1.0, 1.0, 1.0, 0.0, 0.0, 0.0, 0.0, 0.0, 0.0, 0.0, 1.0, 0.0, 0.0, 1.0, 0.0, 0.0, 1.0, 1.0, 1.0, 0.0, 1.0, 0.0, 0.0, 1.0, 1.0, 1.0, 1.0, 1.0, 1.0, 0.0, 1.0, 0.0, 1.0, 0.0, 1.0, 0.0, 1.0, 0.0, 0.0, 0.0, 0.0, 0.0, 0.0, 1.0, 0.0, 0.0, 0.0, 0.0, 0.0, 1.0, 1.0, 0.0, 1.0, 1.0, 1.0, 0.0, 0.0, 1.0, 1.0, 0.0, 0.0, 1.0, 1.0, 1.0, 0.0, 1.0, 0.0, 1.0, 0.0, 1.0, 1.0, 0.0, 1.0, 0.0, 0.0, 0.0, 1.0, 1.0, 0.0, 1.0, 0.0, 0.0, 0.0, 1.0, 1.0, 1.0, 0.0, 0.0, 1.0, 1.0, 1.0, 0.0, 1.0, 0.0, 0.0, 0.0, 0.0, 0.0, 0.0, 1.0, 0.0, 0.0, 0.0, 0.0, 1.0, 0.0, 1.0, 1.0, 1.0, 0.0, 0.0, 0.0, 1.0, 1.0, 1.0, 1.0, 1.0, 0.0, 0.0, 1.0, 0.0, 1.0, 0.0, 1.0, 0.0, 1.0, 0.0, 1.0, 0.0, 1.0, 0.0, 0.0, 0.0, 1.0, 0.0, 1.0, 1.0, 1.0, 0.0, 0.0, 0.0, 1.0, 0.0, 0.0, 1.0, 1.0, 0.0, 0.0, 1.0, 0.0, 1.0, 0.0, 0.0, 1.0, 0.0, 1.0, 0.0, 1.0, 0.0, 1.0, 0.0, 0.0, 1.0, 1.0, 0.0, 1.0, 1.0, 0.0, 0.0, 0.0, 1.0, 0.0, 0.0, 1.0, 0.0, 0.0, 0.0, 0.0, 1.0, 0.0, 0.0, 0.0, 1.0, 0.0, 0.0, 1.0, 1.0, 0.0, 1.0, 1.0, 1.0, 0.0, 1.0, 0.0, 1.0, 1.0, 1.0, 1.0, 1.0, 1.0, 1.0, 0.0, 1.0, 1.0, 0.0, 0.0, 1.0, 1.0, 0.0, 1.0, 1.0, 0.0, 0.0, 1.0, 1.0, 1.0, 1.0, 1.0, 0.0, 0.0, 0.0, 0.0, 1.0, 0.0, 0.0, 0.0, 0.0, 1.0, 0.0, 0.0, 1.0, 1.0, 0.0, 1.0, 0.0, 0.0, 0.0, 0.0, 0.0, 0.0, 1.0, 1.0, 0.0, 1.0, 0.0, 1.0, 0.0, 1.0, 1.0, 0.0, 1.0, 1.0, 0.0, 0.0, 0.0, 1.0, 1.0, 0.0, 0.0, 0.0, 1.0, 0.0, 0.0, 0.0, 1.0, 0.0, 0.0, 0.0, 1.0, 0.0, 0.0, 1.0, 1.0, 0.0, 1.0, 0.0, 0.0, 1.0, 0.0, 0.0, 0.0, 1.0, 0.0, 1.0, 0.0, 1.0, 0.0, 1.0, 0.0, 0.0, 1.0, 0.0, 0.0, 1.0, 1.0, 1.0, 0.0, 0.0, 0.0, 1.0, 0.0, 1.0, 1.0, 0.0, 0.0, 1.0, 1.0, 1.0, 0.0, 1.0, 1.0, 0.0, 1.0, 0.0, 1.0, 0.0, 1.0, 1.0, 1.0, 1.0, 1.0, 1.0, 1.0, 0.0, 0.0, 0.0, 0.0, 0.0, 1.0, 1.0, 0.0, 1.0, 1.0, 1.0, 0.0, 1.0, 0.0, 1.0, 0.0, 1.0, 1.0, 0.0, 1.0, 0.0, 0.0, 0.0, 0.0, 0.0, 1.0, 0.0, 0.0, 1.0, 1.0, 1.0, 0.0, 0.0, 0.0, 1.0, 1.0, 0.0, 0.0, 1.0, 0.0, 0.0, 1.0, 0.0, 0.0, 0.0, 0.0, 0.0, 1.0, 1.0, 0.0, 0.0, 0.0, 1.0, 0.0, 0.0, 0.0, 0.0, 1.0, 1.0, 0.0, 0.0, 0.0, 1.0, 0.0, 0.0, 0.0, 1.0, 0.0, 0.0, 0.0, 0.0, 1.0, 0.0, 1.0, 0.0, 1.0, 1.0, 1.0, 1.0, 1.0, 0.0, 1.0, 1.0, 0.0, 0.0, 0.0, 0.0, 1.0, 1.0, 1.0, 0.0, 0.0, 1.0, 1.0, 1.0, 1.0, 0.0, 1.0, 0.0, 1.0, 1.0, 1.0, 1.0, 0.0, 1.0, 0.0, 0.0, 0.0, 0.0, 0.0, 1.0, 1.0, 0.0, 0.0, 1.0, 0.0, 1.0, 0.0, 0.0, 1.0, 1.0, 0.0, 0.0, 1.0, 1.0, 0.0, 0.0, 0.0, 1.0, 1.0, 1.0, 0.0, 1.0, 0.0, 0.0, 0.0, 0.0, 0.0, 1.0, 0.0, 1.0, 0.0, 0.0, 0.0, 0.0, 1.0, 1.0, 0.0, 0.0, 0.0, 0.0, 1.0, 1.0, 0.0, 0.0, 1.0, 1.0, 0.0, 0.0, 0.0, 1.0, 1.0, 1.0, 0.0, 1.0, 1.0, 0.0, 0.0, 0.0, 1.0, 0.0, 0.0, 0.0, 0.0, 1.0, 0.0, 1.0, 1.0, 0.0, 0.0, 1.0, 1.0, 1.0, 0.0, 0.0, 1.0, 1.0, 0.0, 0.0, 1.0, 1.0, 0.0, 0.0, 1.0, 1.0, 1.0, 0.0, 0.0, 0.0, 0.0, 0.0, 1.0, 1.0, 1.0, 0.0, 0.0, 0.0, 0.0, 0.0, 0.0, 0.0, 1.0, 1.0, 1.0, 0.0, 1.0, 1.0, 1.0, 1.0, 0.0, 1.0, 0.0, 0.0, 1.0, 0.0, 0.0, 1.0, 1.0, 1.0, 1.0, 1.0, 0.0, 1.0, 1.0, 0.0, 0.0, 0.0, 0.0, 0.0, 0.0, 1.0, 1.0, 1.0, 1.0, 1.0, 0.0, 1.0, 0.0, 1.0, 0.0, 0.0, 0.0, 1.0, 1.0, 1.0, 0.0, 1.0, 0.0, 1.0, 1.0, 0.0, 1.0, 0.0, 0.0, 0.0, 1.0, 0.0, 0.0, 0.0, 0.0, 0.0, 1.0, 0.0, 0.0, 1.0, 0.0, 0.0, 1.0, 1.0, 0.0, 0.0, 0.0, 0.0, 1.0, 0.0, 1.0, 0.0, 0.0, 1.0, 1.0, 1.0, 0.0, 0.0, 1.0, 0.0, 0.0, 0.0, 0.0, 0.0, 1.0, 0.0, 0.0, 1.0, 0.0, 0.0, 1.0, 0.0, 1.0, 0.0, 0.0, 0.0, 0.0, 1.0, 1.0, 1.0, 0.0, 0.0, 0.0, 1.0, 1.0, 0.0, 1.0, 1.0, 1.0, 0.0, 0.0, 0.0, 1.0, 0.0, 1.0, 1.0, 1.0, 0.0, 0.0, 0.0, 0.0, 0.0, 0.0, 1.0, 1.0, 1.0, 1.0, 0.0, 0.0, 1.0, 0.0, 1.0, 1.0, 1.0, 0.0, 0.0, 1.0, 1.0, 1.0, 0.0, 0.0, 0.0, 1.0, 0.0, 0.0, 1.0, 1.0, 0.0, 1.0, 0.0, 0.0, 0.0, 1.0, 0.0, 1.0, 1.0, 1.0, 0.0, 0.0, 0.0, 1.0, 1.0, 1.0, 1.0, 1.0, 0.0, 1.0, 1.0, 0.0, 1.0, 0.0, 1.0, 0.0, 1.0, 1.0, 0.0, 0.0, 0.0, 1.0, 0.0, 1.0, 1.0, 0.0, 1.0, 0.0, 0.0, 1.0, 0.0, 1.0, 1.0, 0.0, 1.0, 1.0, 1.0, 0.0, 0.0, 0.0, 1.0, 0.0, 1.0, 1.0, 1.0, 0.0, 0.0, 0.0, 0.0, 0.0, 0.0, 0.0, 0.0, 1.0, 1.0, 1.0, 0.0, 0.0, 0.0, 1.0, 1.0, 0.0, 1.0, 0.0, 0.0, 1.0, 0.0, 1.0, 0.0, 1.0, 1.0, 1.0, 0.0, 1.0, 0.0, 0.0, 1.0, 1.0, 1.0, 1.0, 0.0, 1.0, 0.0, 0.0, 0.0, 0.0, 0.0, 0.0, 0.0, 1.0, 0.0, 0.0, 0.0, 1.0, 0.0, 0.0, 1.0, 1.0, 1.0, 1.0, 1.0, 0.0, 1.0, 0.0, 0.0, 1.0, 0.0, 0.0, 0.0, 0.0, 1.0, 1.0, 0.0, 1.0, 0.0, 1.0, 0.0, 0.0, 1.0, 0.0, 1.0, 0.0, 0.0, 0.0, 1.0, 0.0, 1.0, 1.0, 1.0, 0.0, 0.0, 1.0, 0.0, 0.0, 1.0, 1.0, 1.0, 1.0, 0.0, 1.0, 0.0, 0.0, 1.0, 0.0, 1.0, 1.0, 0.0, 0.0, 1.0, 0.0, 0.0, 0.0, 0.0, 0.0, 1.0, 0.0, 0.0, 1.0, 0.0, 1.0, 0.0, 0.0, 0.0, 0.0, 1.0, 0.0, 1.0, 1.0, 1.0, 0.0, 1.0, 1.0, 1.0, 1.0, 1.0, 0.0, 1.0, 1.0, 1.0, 0.0, 1.0, 0.0, 1.0, 0.0, 0.0, 1.0, 0.0, 1.0, 0.0, 1.0, 1.0, 0.0, 0.0, 0.0, 1.0, 0.0, 1.0, 1.0, 0.0, 1.0, 1.0, 1.0, 0.0, 1.0, 0.0, 1.0, 0.0, 0.0, 1.0, 1.0, 0.0, 0.0, 1.0, 1.0, 0.0, 1.0, 1.0, 0.0, 1.0, 1.0, 1.0, 0.0, 0.0, 1.0, 1.0, 0.0, 0.0, 1.0, 1.0, 1.0, 1.0, 1.0, 0.0, 1.0, 1.0, 0.0, 1.0, 0.0, 1.0, 0.0, 0.0, 0.0, 0.0, 1.0, 0.0, 1.0, 0.0, 1.0, 1.0, 1.0, 0.0, 0.0, 0.0, 1.0, 0.0, 1.0, 1.0, 1.0, 1.0, 1.0, 0.0, 1.0, 0.0, 1.0, 0.0, 1.0, 0.0, 0.0, 0.0, 1.0, 1.0, 0.0, 0.0, 0.0, 1.0, 0.0, 1.0, 1.0, 1.0, 0.0, 1.0, 0.0, 1.0, 0.0, 1.0, 0.0, 1.0, 1.0, 0.0, 0.0, 0.0, 1.0, 0.0, 0.0, 0.0, 0.0, 0.0, 1.0, 0.0, 0.0, 1.0, 0.0, 0.0, 0.0, 1.0, 0.0, 1.0, 0.0, 1.0, 1.0, 0.0, 0.0, 1.0, 1.0, 0.0, 1.0, 1.0, 0.0, 0.0, 0.0, 1.0, 1.0, 1.0, 0.0, 1.0, 1.0, 0.0, 0.0, 1.0, 1.0, 0.0, 1.0, 1.0, 1.0, 0.0, 1.0, 1.0, 1.0, 1.0, 0.0, 1.0, 1.0, 1.0, 0.0, 1.0, 1.0, 1.0, 0.0, 1.0, 0.0, 0.0, 1.0, 0.0, 0.0, 1.0, 0.0, 0.0, 0.0, 1.0, 1.0, 1.0, 1.0, 1.0, 1.0, 0.0, 1.0, 1.0, 1.0, 1.0, 1.0, 1.0, 0.0, 0.0, 0.0, 1.0, 0.0, 1.0, 1.0, 0.0, 1.0, 0.0, 0.0, 1.0, 1.0, 0.0, 1.0, 1.0, 0.0, 1.0, 0.0, 1.0, 0.0, 0.0, 0.0, 1.0, 1.0, 1.0, 0.0, 1.0, 0.0, 1.0, 0.0, 1.0, 1.0, 1.0, 0.0, 1.0, 0.0, 0.0, 0.0, 1.0, 1.0, 1.0, 0.0, 1.0, 0.0, 1.0, 0.0, 1.0, 1.0, 1.0, 1.0, 0.0, 0.0, 0.0, 1.0, 1.0, 0.0, 0.0, 0.0, 0.0, 0.0, 1.0, 1.0, 1.0, 1.0, 1.0, 1.0, 0.0, 0.0, 1.0, 0.0, 0.0, 1.0, 1.0, 1.0, 1.0, 0.0, 1.0, 1.0, 0.0, 0.0, 1.0, 1.0, 1.0, 0.0, 0.0, 1.0, 0.0, 1.0, 0.0, 0.0, 0.0, 0.0, 0.0, 0.0, 0.0, 0.0, 0.0, 1.0, 1.0, 1.0, 1.0, 0.0, 1.0, 0.0, 0.0, 0.0, 0.0, 1.0, 1.0, 0.0, 1.0, 1.0, 1.0, 0.0, 1.0, 0.0, 0.0, 1.0, 1.0, 0.0, 0.0, 0.0, 0.0, 1.0, 1.0, 1.0, 1.0, 1.0, 0.0, 0.0, 0.0, 0.0, 1.0, 1.0, 1.0, 0.0, 0.0, 0.0, 1.0, 1.0, 0.0, 0.0, 1.0, 0.0, 1.0, 1.0, 1.0, 1.0, 0.0, 0.0, 0.0, 0.0, 0.0, 1.0, 0.0, 0.0, 0.0, 1.0, 1.0, 1.0, 1.0, 1.0, 0.0, 0.0, 0.0, 0.0, 0.0, 0.0, 1.0, 0.0, 1.0, 0.0, 0.0, 1.0, 0.0, 1.0, 1.0, 1.0, 0.0, 0.0, 0.0, 0.0, 0.0, 1.0, 0.0, 0.0, 1.0, 1.0, 1.0, 0.0, 1.0, 1.0, 0.0, 1.0, 0.0, 1.0, 0.0, 1.0, 0.0, 0.0, 1.0, 0.0, 0.0, 1.0, 1.0, 0.0, 0.0, 0.0, 1.0, 1.0, 0.0, 0.0, 1.0, 1.0, 1.0, 1.0, 0.0, 1.0, 1.0, 1.0, 1.0, 0.0, 0.0, 0.0, 1.0, 0.0, 0.0, 1.0, 0.0, 0.0, 1.0, 0.0, 1.0, 0.0, 0.0, 1.0, 0.0, 0.0, 0.0, 0.0, 0.0, 0.0, 1.0, 1.0, 1.0, 0.0, 0.0, 0.0, 0.0, 1.0, 0.0, 1.0, 1.0, 0.0, 1.0, 1.0, 0.0, 1.0, 1.0, 1.0, 0.0, 1.0, 1.0, 0.0, 1.0, 1.0, 1.0, 1.0, 0.0, 0.0, 0.0, 1.0, 1.0, 0.0, 0.0, 1.0, 1.0, 1.0, 0.0, 1.0, 1.0, 0.0, 0.0, 0.0, 0.0, 0.0, 0.0, 1.0, 1.0, 1.0, 0.0, 1.0, 0.0, 0.0, 1.0, 0.0, 1.0, 1.0, 1.0, 1.0, 0.0, 0.0, 0.0, 0.0, 0.0, 0.0, 0.0, 0.0, 1.0, 0.0, 1.0, 0.0, 0.0, 0.0, 0.0, 1.0, 0.0, 1.0, 0.0, 0.0, 1.0, 0.0, 0.0, 1.0, 0.0, 0.0, 1.0, 0.0, 0.0, 0.0, 1.0, 1.0, 1.0, 0.0, 1.0, 0.0, 1.0, 1.0, 0.0, 0.0, 0.0, 0.0, 0.0, 1.0, 1.0, 1.0, 0.0, 1.0, 0.0, 1.0, 1.0, 1.0, 0.0, 0.0, 0.0, 1.0, 0.0, 1.0, 1.0, 0.0, 1.0, 0.0, 0.0, 1.0, 0.0, 1.0, 0.0, 0.0, 1.0, 0.0, 0.0, 0.0, 0.0, 0.0, 0.0, 0.0, 1.0, 0.0, 1.0, 0.0, 1.0, 0.0, 0.0, 1.0, 1.0, 1.0, 1.0, 0.0, 0.0, 0.0, 1.0, 0.0, 1.0, 0.0, 0.0, 1.0, 0.0, 1.0, 0.0, 0.0, 1.0, 0.0, 1.0, 0.0, 1.0, 1.0, 0.0, 1.0, 0.0, 0.0, 1.0, 0.0, 1.0, 0.0, 0.0, 0.0, 0.0, 0.0, 0.0, 0.0, 1.0, 1.0, 1.0, 1.0, 0.0, 1.0, 0.0, 1.0, 0.0, 1.0, 1.0, 0.0, 0.0, 1.0, 1.0, 1.0, 0.0, 0.0, 0.0, 1.0, 1.0, 0.0, 1.0, 0.0, 0.0, 0.0, 1.0, 1.0, 0.0, 1.0, 0.0, 1.0, 0.0, 1.0, 0.0, 1.0, 0.0, 1.0, 0.0, 0.0, 1.0, 1.0, 0.0, 0.0, 1.0, 0.0, 0.0, 0.0, 1.0, 0.0, 0.0, 0.0, 0.0, 0.0, 1.0, 1.0, 0.0, 0.0, 0.0, 0.0, 0.0, 0.0, 0.0, 1.0, 0.0, 0.0, 0.0, 1.0, 1.0, 1.0, 0.0, 0.0, 0.0, 1.0, 1.0, 0.0, 0.0, 0.0, 1.0, 0.0, 0.0, 0.0, 0.0, 1.0, 0.0, 1.0, 1.0, 0.0, 0.0, 0.0, 0.0, 0.0, 0.0, 0.0, 1.0, 0.0, 0.0, 0.0, 0.0, 0.0, 0.0, 0.0, 0.0, 1.0, 0.0, 0.0, 1.0, 1.0, 0.0, 0.0, 1.0, 1.0, 0.0, 1.0, 1.0, 1.0, 0.0, 1.0, 1.0, 0.0, 0.0, 1.0, 0.0, 1.0, 0.0, 1.0, 0.0, 1.0, 1.0, 0.0, 0.0, 1.0, 0.0, 1.0, 1.0, 0.0, 0.0, 1.0, 0.0, 1.0, 0.0, 0.0, 1.0, 1.0, 1.0, 1.0, 1.0, 1.0, 0.0, 1.0, 0.0, 1.0, 0.0, 0.0, 1.0, 0.0, 0.0, 0.0, 0.0, 1.0, 1.0, 0.0, 1.0, 1.0, 0.0, 0.0, 1.0, 1.0, 0.0, 1.0, 0.0, 0.0, 0.0]
\score={0: [0.13894542679190636, 0.13929357938468456, 0.1393479939017977, 0.13942384187664306, 0.1396932929754257, 0.13971879120383943, 0.13903721202822292, 0.1388874351978302, 0.13971771064557528, 0.13913622211951476, 0.1401420118553298, 0.13949969923123717, 0.13990294391458685, 0.13986415565013885, 0.1391392336650328, 0.1400695875287056, 0.13930050376802683, 0.13925397489219904, 0.1393612731586803, 0.1396680071949959, 0.13945381343364716, 0.14002713958422344, 0.13924643170574438, 0.1391527173774583, 0.13996068437894185, 0.1392876591001238, 0.1394205868244171, 0.13948434293270112, 0.13911950681358576, 0.13948897100411928, 0.13982326289017996, 0.13905084133148193, 0.13920155806200846, 0.14056480526924134, 0.13938946702650615, 0.13898157101610434, 0.1388308435678482, 0.13995541986965, 0.13966240361332893, 0.14035052392217848, 0.140299833069245, 0.13983409369693084, 0.13952755245069662, 0.13920756591402966, 0.13981951375802357, 0.1395931561787923, 0.13894468877050611, 0.13896624885854267, 0.139685720205307, 0.1402368514161361, 0.13910873043231475, 0.13963907105582102, 0.13945691964843057, 0.13963940325710508, 0.1394895827397704, 0.13877648050370422, 0.14025493072611944, 0.1396093343695005, 0.1395919640858968, 0.13965958108504614, 0.139295126311481, 0.13951121116506643, 0.13910292834043503, 0.1396063581109047, 0.139131363767844, 0.1395128220319748, 0.13982554501102817, 0.1394027682642142, 0.13943349868059157, 0.14025887034156106, 0.13985150307416916, 0.13876835314127114, 0.13938924587435192, 0.13941186666488647, 0.13942522202667437, 0.13950035066315622, 0.1396109201014042, 0.13914506312678843, 0.1397124325687235, 0.14013562419197775, 0.13872444900599393, 0.14051049285464817, 0.13957394484211416, 0.139955572783947, 0.14045035530780925, 0.13988419473171235, 0.13984265724817913, 0.14056005328893661, 0.1400570964271372, 0.1400640696287155, 0.13885100483894347, 0.13960955359719016, 0.1402532011270523, 0.14008291065692902, 0.13971962188852244, 0.13972521847800204, 0.13964488026168612, 0.13907968004544577, 0.13987968944840962, 0.1398816004395485, 0.13939246789711277, 0.13991048618366844, 0.13984378278255463, 0.13889768381010403, 0.13916442953050137, 0.13960019337094348, 0.13946882843971253, 0.13992417998173656, 0.13891346603631974, 0.14062575499216715, 0.13927124440670013, 0.13976953480694745, 0.13965363935990768, 0.1399748109673199, 0.1396297709299968, 0.1392387542873621, 0.13945196982887056, 0.13925161638430186, 0.14028720422224564, 0.13969381497456476, 0.13936966444764817, 0.1390261995792389, 0.13955315947532654, 0.13986664383034958, 0.14004008365528925, 0.13952315727184558, 0.13934078919036047, 0.13952203318476677, 0.1391537307124389, 0.13953850892457095, 0.13942410836094304, 0.1399321967647189, 0.1389673556442614, 0.13947973264889282, 0.1395711749792099, 0.1399417888859044, 0.13982907298839453, 0.13889354273028995, 0.13876796439290046, 0.13948609733155795, 0.1394484356045723, 0.14058841951191425, 0.1395643776968906, 0.13994919711893256, 0.13962530631285447, 0.13939846484434038, 0.13963550701737404, 0.13975099406459116, 0.13897583836858923, 0.14025111897633627, 0.13888596424034663, 0.13913505918839397, 0.14031349122524261, 0.13980261517895592, 0.13922396302223206, 0.14035611723860106, 0.139642802067101, 0.1400803869420832, 0.13965280227204588, 0.13999265929063162, 0.13971679574913448, 0.1395906270481646, 0.13940440813700358, 0.13953138028199857, 0.13970672410158885, 0.13979219552129507, 0.13934364020824433, 0.13925172503177935, 0.13968074064830255, 0.14026817679405212, 0.13925018906593323, 0.1397998888384212, 0.13950533390045167, 0.13997604118453133, 0.14050669074058533, 0.13937635544468374, 0.14032520353794098, 0.14000742137432098, 0.13957561552524567, 0.13993152457734812, 0.1396858165661494, 0.13968988489813922, 0.13937015334765115, 0.1397071766692239, 0.13973300606012345, 0.13985800483952399, 0.13959389925003052, 0.13970764229695, 0.13879757498701414, 0.13947726650671524, 0.13945677484336652, 0.13982654456049204, 0.14083353372720572, 0.1399420386268979, 0.1397463192542394, 0.1395426884640095, 0.14010929266611735, 0.13961540112892787, 0.139760207046162, 0.1391318983265332, 0.14031659811735153, 0.13924488763917575, 0.13869895786046982, 0.13959466327320447, 0.1395541120033998, 0.1391136577973763, 0.1395527268094676, 0.13986714822905405, 0.13949699699878693, 0.13957970527311167, 0.13892565201967955, 0.13969219707209488, 0.13943865597248079, 0.13949863463640214, 0.139663590834691, 0.1400243490934372, 0.13910388350486755, 0.13890181375401361, 0.13960936831103432, 0.13999387984340256, 0.1396483345164193, 0.13953530291716257, 0.1393520402908325, 0.13974464346062054, 0.1390297904610634, 0.13917770764480034, 0.13959221988916398, 0.13966587722301482, 0.13994929380714893, 0.13948642634428465, 0.13962159802516302, 0.13962348340413508, 0.14066666662693023, 0.13951504756422603, 0.13930223435163497, 0.13933943212032318, 0.13940456947859595, 0.13994294206301372, 0.13935312764211136, 0.14007943868637085, 0.14010584354400635, 0.1395344246517528, 0.13995081592689862, 0.13938354949156442, 0.13996485703521305, 0.13973884130346365, 0.13981573343276976, 0.13961282021859112, 0.13947252872979865, 0.13954780995845795, 0.13957729041576386, 0.13916595611307356, 0.13955214899033308, 0.13999519023028287, 0.13986524553210647, 0.13946037366986275, 0.13955197126969046, 0.13958178295029533, 0.13973285920090145, 0.1397259860269485, 0.13920333033258264, 0.13931984101471148, 0.13961620932375943, 0.13963540575721048, 0.14016466610359424, 0.13903620703653854, 0.1397361954053243, 0.13911042548716068, 0.13938775045030258, 0.13993181343431826, 0.13963088300079107, 0.140514408548673, 0.1395216640084982, 0.14041130087877574, 0.13907529684630307, 0.1409918268521627, 0.13913947130952561, 0.13951946099599202, 0.13991719077933917, 0.13937591191600351, 0.14014625205443457, 0.13951714443308966, 0.13999475042025247, 0.1396413232598986, 0.13980421423912048, 0.13884846980755144, 0.13966626425584158, 0.13984917505429342, 0.13950966894626618, 0.13916843858632175, 0.14016573503613472, 0.1404786611145193, 0.14023795165121555, 0.13918798110064337, 0.14023559043804804, 0.1395236271065335, 0.13972579084691547, 0.13919369131326675, 0.1400584615767002, 0.13988067351636432, 0.1393069693675408, 0.13924963623285294, 0.13949546345642636, 0.13991765236413037, 0.13997302136637949, 0.14002213925123214, 0.13949469055818475, 0.14037874341011047, 0.14055501878261567, 0.13942985785634895, 0.13991201085013313, 0.1397750759497285, 0.13944641269486527, 0.1392970308661461, 0.13934580168940805, 0.13989203761924396, 0.139295055585749, 0.13992486623200504, 0.1398918479681015, 0.13931450012483096, 0.14026480292280516, 0.1395992555401542, 0.14014577865600586, 0.1402358768077997, 0.13890897175844977, 0.14011366665363312, 0.13939605777462324, 0.14044955602058998, 0.13930149376392365, 0.1395976711064577, 0.14011370059516695, 0.13917781797147566, 0.13895188685920504, 0.1396242268383503, 0.13936215093949947, 0.13878780510276556, 0.13976023346185684, 0.13918051537540224, 0.1395127296447754, 0.13916759192943573, 0.13925088114208645, 0.1397262528538704, 0.13951364532113075, 0.13893516875546555, 0.1394134966863526, 0.13992758989334106, 0.139203941822052, 0.1399357334293168, 0.13953025097196753, 0.1385798684575341, 0.1397383047474755, 0.1391611463493771, 0.1392367641131083, 0.1396464465224013, 0.1394378702555384, 0.13947686891664157, 0.13921947990145003, 0.1397117885450522, 0.1400734305381775, 0.13999640858835644, 0.13985220460515274, 0.13974182372507843, 0.1397477856704167, 0.14008773946099812, 0.13911989629268645, 0.13884463210900624, 0.13949329938207353, 0.13992917378033912, 0.13947755911133505, 0.13970211148262024, 0.14050808052221933, 0.13927234957615534, 0.13905790784666616, 0.13940502256155013, 0.13956490269413702, 0.1398106207450231, 0.1391638612205332, 0.13961844311820137, 0.13899032123710797, 0.13942666641539997, 0.1403245282444087, 0.13967716534222877, 0.13967754039913416, 0.13962493012560176, 0.1393281134038136, 0.13887416702859542, 0.13901235277836138, 0.1406015157699585, 0.13990449217649606, 0.13943708108531105, 0.13995711505413055, 0.14027007274767933, 0.13931515948338943, 0.14014888405799866, 0.1398090273141861, 0.1392981931567192, 0.13955905152992767, 0.13895327473680177, 0.1395152509212494, 0.14012953639030457, 0.1401640080353793, 0.13950854863809503, 0.1393855387965838, 0.1398837784571307, 0.1395934636776264, 0.14020747868787675, 0.14015671327000573, 0.13982906937599182, 0.13928223925608177, 0.1396186173790031, 0.13983760909600693, 0.1397918254137039, 0.13790944354100662, 0.13959676416023917, 0.13884829901731932, 0.1385234336058299, 0.13964355106537157, 0.13930310929814974, 0.13899239152669907, 0.1397315412759781, 0.1386608057297193, 0.13928427124345624, 0.1388780027627945, 0.13932069120081989, 0.14001918477671488, 0.14060610067099333, 0.1392623618245125, 0.13997449576854706, 0.13918537917462262, 0.13957208395004272, 0.1396072546641032, 0.13956401869654655, 0.1397341583904467, 0.13987290286100829, 0.13997580111026764, 0.13975078326005203, 0.13961228050968863, 0.13986362563446164, 0.14073780303200087, 0.13957326114177704, 0.1392871489127477, 0.1394311562180519, 0.14042012244462967, 0.1398224895064895, 0.139342416416515, 0.1400303915143013, 0.14029744416475295, 0.1396012131286704, 0.13790260255336761, 0.13949211754582144, 0.1397191882133484, 0.13986897681440627, 0.1402825504541397, 0.1391796347769824, 0.1399113778024912, 0.13928046156751347, 0.1398438811302185, 0.14004451930522918, 0.14011945674816767, 0.13994522825364145, 0.13944267760962248, 0.13958070977874423, 0.13997666661938032, 0.13892142474651337, 0.13939064409997728, 0.13983347810603478, 0.13906471295790238, 0.14014598540961742, 0.13974115169710583, 0.1393045679081318, 0.1397944837808609, 0.13999263644218446, 0.13852254003286363, 0.1394128054380417, 0.13925970523130327, 0.13992719426751138, 0.13924599235708063, 0.13974796627697192, 0.13978953273208053, 0.13924996690316635, 0.13989172963535085, 0.13928915849990314, 0.13988102159716867, 0.13950751846035322, 0.13941725393136342, 0.13828297952810922, 0.13965531276619952, 0.1398018238445123, 0.1394246533513069, 0.1394085963567098, 0.13973394135634104, 0.14012128724293274, 0.1396434580286344, 0.14006321132183075, 0.1394863891250947, 0.13901615142822266, 0.13957671362620133, 0.13981979638338088, 0.13887629027550036, 0.13942659695943196, 0.1391161965827147, 0.13922872375219297, 0.1400973124034477, 0.1396302993480976, 0.14028399953475365, 0.14003488350482213, 0.13958593706289926, 0.14001362688011593, 0.13945925346127264, 0.1398550808429718, 0.13984396954377493, 0.13985511495007408, 0.1394881193454449, 0.1398163799728666, 0.1393217934029443, 0.13898242617908277, 0.13901302610573016, 0.13969701681381616, 0.1395356791714827, 0.13953043405826276, 0.14010127701542593, 0.1389370893056576, 0.13888381286100906, 0.1392401718511814, 0.1393538311123848, 0.1401486876938078, 0.13877988945354114, 0.1397097885608673, 0.13965275954632533, 0.13918359035795386, 0.1389715639608247, 0.13999355787580664, 0.1393195620991967, 0.1391602913538615, 0.13952216612441198, 0.13971491754055024, 0.13969194367527962, 0.13936290374168983, 0.13940928793615764, 0.13962873894917338, 0.13975869715213776, 0.13898874342441558, 0.13916454215844473, 0.13994704712839687, 0.13996102110199307, 0.13958009056471013, 0.13943561332093346, 0.13835217654705048, 0.139550832302674, 0.13911404311656952, 0.1391972005367279, 0.13981721118876808, 0.139702578385671, 0.1395268778388317, 0.13864605806090616, 0.13952732135852178, 0.14001570074331193, 0.1395351655781269, 0.13946382159536536, 0.14017591873804727, 0.1401719803159887, 0.13883396703749895, 0.13971206694841384, 0.13961770832538606, 0.13976870256441612, 0.1398358077838503, 0.13951340182261032, 0.13945458141657022, 0.14012736156582833, 0.13984526409989312, 0.13909435737878084, 0.139025632630695, 0.13997858110815287, 0.14000189229846, 0.1396929087007747, 0.13969337821006775, 0.14030453860759734, 0.13920065512259802, 0.13944670806328455, 0.14010545038259947, 0.13910906599915546, 0.13985687231316285, 0.13942783400416375, 0.1404421590268612, 0.13850105892528186, 0.14029177278280258, 0.1397956982254982, 0.1395682707428932, 0.1397114016792991, 0.13956970898878007, 0.13943237608129327, 0.13886558637022972, 0.1394985519349575, 0.13993372235979354, 0.13959405368024652, 0.1394427132148009, 0.13976234656113845, 0.13879698056441087, 0.14053098691834343, 0.1394603978842497, 0.13975942217641407, 0.14046011478812606, 0.13974626660346984, 0.13971675349318463, 0.1402122713625431, 0.1400396919676236, 0.13960313338499802, 0.13964530246125328, 0.14000913128256798, 0.13944231109185654, 0.13970861796821868, 0.13970879713694254, 0.13944595431288084, 0.1400448520978292, 0.13950135845404404, 0.13963940684442167, 0.139517243206501, 0.13962532728910446, 0.14016597221295038, 0.14037157520651816, 0.13985159372289976, 0.13928787234951467, 0.13920247210906103, 0.13929920287235922, 0.13950006573489218, 0.139326611161232, 0.14002996294394784, 0.14003058694876158, 0.13922418571180767, 0.13963290904798814, 0.13979247212409973, 0.13925463878191435, 0.1400249364475409, 0.13900090410159185, 0.13953121112925665, 0.13923955857753753, 0.14002056490807308, 0.13896810213724772, 0.13929068624973298, 0.13955342173576354, 0.13953238874673843, 0.14004454694010995, 0.13975371917088827, 0.13942679464817048, 0.13914675085709013, 0.13951791937534624, 0.1401579181353251, 0.13915481618264827, 0.13970296691965173, 0.14002447277307511, 0.1395198816762251, 0.13954995075861612, 0.1397703061501185, 0.13972923334907084, 0.13977458270696494, 0.13957940669436203, 0.13988290671949033, 0.13964411367972693, 0.13930260837078096, 0.13958422342936197, 0.14063245780540234, 0.13949773460626602, 0.13947773657061838, 0.13970540215571722, 0.1401633694767952, 0.13964209918464934, 0.13960556934277216, 0.13949598578943145, 0.13987086961666742, 0.13989259600639342, 0.13933258410543203, 0.140014397709266, 0.13958920450771556, 0.13944377881639144, 0.13935421407222748, 0.13902822065921056, 0.13979089039343376, 0.13982226285669538, 0.1399798977833528, 0.13987244326959958, 0.13990413291113718, 0.1396688703567751, 0.13966644328573477, 0.13950063394648687, 0.14016663357615472, 0.13883080499039757, 0.13964779592222637, 0.13990691469775307, 0.13990220725536345, 0.13965192949399352, 0.13969307163586983, 0.13969642806936194, 0.13924743776971643, 0.1398757505748007, 0.13920359927065232, 0.1399695175258737, 0.13947786473565632, 0.13963186019851315, 0.1397534802556038, 0.1391500011086464, 0.13988492544740438, 0.13985843167585485, 0.1399021022594892, 0.139319134876132, 0.13910714643342154, 0.13935004716569727, 0.1392635424931844, 0.1394560714562734, 0.13948623090982437, 0.13911186009645463, 0.14000863995816973, 0.13954794853925706, 0.13946834206581116, 0.13969003302710398, 0.13950379192829132, 0.13942356705665587, 0.13996678094069162, 0.13976793239514032, 0.14027092215560732, 0.13929277109472374, 0.14030767811669242, 0.13911397861582891, 0.13911653012037278, 0.1399026455787512, 0.1399141754265185, 0.1401027709245682, 0.1401020826564895, 0.13981740176677704, 0.14032944142818451, 0.13910210132598877, 0.13965070413218605, 0.13892462423869542, 0.13965380274587208, 0.1390758454799652, 0.13963144603702757, 0.13889679498970509, 0.14020422846078873, 0.13957662414759398, 0.13918061394776618, 0.1392261292785406, 0.13861887603998185, 0.13961820304393768, 0.1395969440539678, 0.1401509317484769, 0.13925599058469137, 0.1395306905110677, 0.1392457572122415, 0.13952961631796576, 0.1391899585723877, 0.13968457221984865, 0.14009974721600027, 0.13930419488595083, 0.14048962593078612, 0.14036556283632914, 0.13976487824145487, 0.13937766236417434, 0.13925578395525615, 0.13970908770958582, 0.140091410279274, 0.13947544668031775, 0.13925493359565735, 0.13965601325035096, 0.13963142429527484, 0.13999707861380142, 0.13933370205072257, 0.14004113653610492, 0.13959331005006223, 0.13995765745639802, 0.1389978562410061, 0.14049631208181382, 0.13969513709130493, 0.13939890703734228, 0.1398249348768821, 0.13916396896044414, 0.13921467090646425, 0.1395171880722046, 0.13986939704045653, 0.14013039539842045, 0.13917320370674133, 0.13974401134031791, 0.13899425736495427, 0.1393692291208676, 0.139358283744918, 0.14001895422520844, 0.13999789090533005, 0.1399101885882291, 0.1393753938815173, 0.13812728971242905, 0.1399261181553205, 0.14008248845736185, 0.13962898834755547, 0.13905038049927465, 0.139842938631773, 0.13949651324323245, 0.13955521737707072, 0.13918558799702188, 0.13952448666095735, 0.13931821783383688, 0.13931719809770585, 0.13963684678077698, 0.13913331049330094, 0.13912211637943983, 0.13927435604008762, 0.13923735384430205, 0.1403431311249733, 0.13935974516250468, 0.13979347464111117, 0.13978812264071572, 0.13982234659947848, 0.13897170740015366, 0.1394301267231212, 0.13846159912645817, 0.13988507674498993, 0.14027371536940336, 0.13971763849258423, 0.1406337388537147, 0.13964729679041896, 0.13923705071210862, 0.1391669878592858, 0.14007925880806787, 0.13924384166797002, 0.13963801285316205, 0.13914610275200434, 0.13965428868929544, 0.13937636446662066, 0.14026938627163568, 0.13959871232509613, 0.13968333076028264, 0.13944740314036608, 0.13995943516492843, 0.1396016093591849, 0.13941594319684164, 0.1393827810883522, 0.13991546630859375, 0.13875949382781982, 0.13964951811013399, 0.13982659112662077, 0.14012463255362076, 0.13947442996090856, 0.13915161710036428, 0.1393457551797231, 0.13973997746195113, 0.1395293978544382, 0.13922110613849428, 0.14034298346156165, 0.13975550482670465, 0.13907438144087791, 0.13938077670686386, 0.13993850868681204, 0.1389087037398265, 0.14002747780510358, 0.13957892074471429, 0.13949038237333297, 0.13990535112944516, 0.13935904370413887, 0.1399867683649063, 0.13886262651752024, 0.1398257315158844, 0.1392864245792915, 0.13992410898208618, 0.137474924325943, 0.13898304334053627, 0.14016710062112128, 0.13967348728328943, 0.13942235708236694, 0.14002586706824924, 0.1397763533251626, 0.13961381407884452, 0.13929951356516945, 0.13949474412947893, 0.13967437700678906, 0.13948623023249887, 0.13951167288948507, 0.14005540258118085, 0.13944066502153873, 0.1393636534611384, 0.13934901486272397, 0.13933738524263556, 0.13973355450128255, 0.13945053848955366, 0.13912243954837322, 0.13909890552361806, 0.14139805056832053, 0.13915929604660382, 0.1392114841275745, 0.13994330626267654, 0.1397001055570749, 0.13921170930067697, 0.1401195415744075, 0.1399374045431614, 0.1398109495639801, 0.13880260437726974, 0.14018685645178744, 0.13883836567401886, 0.13970113195040645, 0.14015521786429666, 0.13983378652483225, 0.13978718774659293, 0.1399515364319086, 0.13971669628069952, 0.1407259836792946, 0.1394673925307062, 0.1397927474975586, 0.1404639448110874, 0.13928656394665057, 0.13945427387952805, 0.13969423323869706, 0.14004680514335632, 0.13950875867158175, 0.13974216021597385, 0.13988002141316733, 0.1395833364554814, 0.13920401732126872, 0.13974994314568384, 0.13966317124226513, 0.13980175151179233, 0.13969588971563748, 0.13972811367024074, 0.1392091542482376, 0.13899933440344675, 0.13917265956600508, 0.13940281759608875, 0.13972091260883543, 0.1392233893275261, 0.13917313516139984, 0.13906032485621317, 0.13915157176199414, 0.14012659850873446, 0.13960082403251103, 0.13908942323178053, 0.14029431343078613, 0.13975777881486076, 0.13939244260913447, 0.14042679303222233, 0.13919582014734094, 0.139026348789533, 0.13955528356812216, 0.1395034247636795, 0.1394945446934019, 0.1391478894572509, 0.1396768284695489, 0.13991820315519968, 0.1393271321835725, 0.1402261872654376, 0.13936859534846413, 0.13986916138845332, 0.13933826305649497, 0.13987816095352174, 0.1397166821089658, 0.13932994581185854, 0.1396688675880432, 0.13989457860589027, 0.13921029660208473, 0.13942666072398424, 0.1392403058707714, 0.13991892976420267, 0.14008028358221053, 0.13911384256447062, 0.13904879987239838, 0.13925165052597338, 0.13983739195046602, 0.1393483504652977, 0.13945430517196655, 0.1390221423159043, 0.13993513941764832, 0.13928694352507592, 0.13865097736318907, 0.13949004675333315, 0.13967507646272057, 0.1391838699579239, 0.13954361324960535, 0.14027275822379373, 0.13987992852926254, 0.13938564022904948, 0.13977217403325168, 0.13955510593950748, 0.13903179493817416, 0.14010094197428957, 0.1389963375894647, 0.13923868111201695, 0.13960191779411757, 0.14006812787718242, 0.13928548792997997, 0.13978654997689383, 0.13942871987819672, 0.13968359040362494, 0.1396031493649763, 0.13992958764235178, 0.13947185253103575, 0.13919064538045364, 0.14067221907052127, 0.13922975869739757, 0.1391616131250675, 0.139638452231884, 0.14025209031321786, 0.14161726087331772, 0.1396160528063774, 0.13956676815685473, 0.13925973956401533, 0.13969758618623018, 0.1394192911684513, 0.1397591382265091, 0.1400847662897671, 0.13942596912384034, 0.13925025860468546, 0.13992886079682243, 0.1397325685247779, 0.14031422386566797, 0.1395545108243823, 0.13977238684892654, 0.13988796793497527, 0.1393243707716465, 0.13993855434305527, 0.1395709921013225, 0.14015806052419874, 0.13897890565188034, 0.1396999896475763, 0.1401064562446931, 0.13965731486678123, 0.13999423819283643, 0.1404351538845471, 0.14035347600777945, 0.1407260537147522, 0.13897987753152846, 0.13947853834732718, 0.13876819610595703, 0.13942965120077133, 0.13958252061690604, 0.14025176968425512, 0.13991409007992064, 0.1389274090528488, 0.13966195185979208, 0.13993877023458481, 0.14080749239240373, 0.13943135563065023, 0.13997707687891447, 0.13945790231227875, 0.13999897356216723, 0.13947619449707768, 0.13979016436684516, 0.14001286987747466, 0.13904012739658356, 0.13977009952068328, 0.13932447135448456, 0.13932806998491287, 0.13882802575826644, 0.13960550877512717, 0.13932561874389648, 0.14008271923431984, 0.13957604393363, 0.13940637276090426, 0.13989986266408647, 0.13979771733283997, 0.13995870681745665, 0.13891459459608252, 0.13951296938790214, 0.13953885634740193, 0.13998703956604003, 0.13974614161998034, 0.13925292629462022, 0.13914029193775995, 0.13975561708211898, 0.13944705128669738, 0.13907883384011008, 0.1397844764093558, 0.13891429950793585, 0.1393752545118332, 0.13929623021529272, 0.1386922578016917, 0.13960842564702033, 0.14065795730460773, 0.13992753790484536, 0.13930505389968553, 0.1394807666540146, 0.1391787144045035, 0.13969396661829064, 0.13928009726499258, 0.1395559199154377, 0.13954953766531414, 0.13931735961333566, 0.13997823670506476, 0.13985381390039736, 0.13957488182045164, 0.1395914320434843, 0.13930580640832582, 0.14002691507339476, 0.1394499743526632, 0.13907854152577265, 0.13944690922896066, 0.1397189481390847, 0.13908447467145466, 0.13951249834563997, 0.13916969001293183, 0.13879738134496353, 0.14014963670210404, 0.13960316980426962, 0.13975468277931213, 0.13852111920714377, 0.1396494572135535, 0.13984780555421655, 0.1397354816171256, 0.14021763056516648, 0.1397502360244592, 0.13933837314446768, 0.1396350896564023, 0.1397183101092066, 0.13947055886189144, 0.13955934792757035, 0.13954945222327583, 0.13955671886603038, 0.13980698848471923, 0.13976673094125894, 0.13990894705057144, 0.13909663905700048, 0.1395080057638032, 0.1401435725390911, 0.1401262879371643, 0.13976393552387462, 0.13991283911925095, 0.13961787928234448, 0.13969927567702073, 0.1392018755986577, 0.1399261996150017, 0.1404490480820338, 0.14032607812147874, 0.1399414874613285, 0.1393568441271782, 0.13977479934692383, 0.13950277301105293, 0.13957014083862304, 0.13937588036060333, 0.13886061776429415, 0.13955690237608823, 0.13986312680774265, 0.14024697588040277, 0.13929170072078706, 0.13914900571107863, 0.13979902012007578, 0.13928947123614224, 0.14019897444681687, 0.139421124117715, 0.13961075246334076, 0.13982042994188226, 0.13981131417676806, 0.13900898893674216, 0.13956156608305478, 0.1400005949868096, 0.13974819630384444, 0.13936794456094503, 0.1396101623773575, 0.1393350459808527, 0.1398789145444569, 0.1397650566484247, 0.14031295776367186, 0.13943864608352835, 0.14016920014431603, 0.13955400759975115, 0.1390606357405583, 0.1392524680122733, 0.13923744912500735, 0.13958930671215058, 0.13975509697640384, 0.1389768421649933, 0.14051539646951774, 0.13894693239739067, 0.13912526983767748, 0.13926184975675174, 0.13956007361412048, 0.13971533791886437, 0.13995466232299805, 0.13956938534975052, 0.13911034415165582, 0.1395688271149993, 0.13933517726568076, 0.13962317924750478, 0.13966121418135508, 0.13917281925678254, 0.13904005902654984, 0.13968811370432377, 0.1399321695168813, 0.13948828147517311, 0.13894906342029573, 0.13920245865980785, 0.14096862077713013, 0.1401612053314845, 0.14028436967304775, 0.1395867828811918, 0.13989603221416474, 0.13962921500205994, 0.13928674252665774, 0.13916233022298133, 0.13881992631488377, 0.13985859553019206, 0.1394356748332148, 0.1395688233050433, 0.13955106139183043, 0.13957998091759888, 0.1401648590962092, 0.13954809578982266, 0.13980837166309357, 0.1400173990165486, 0.1395029393227204, 0.1394403600692749, 0.1400988704484442, 0.1397554910182953, 0.14001064137978989, 0.1395128005080753, 0.13927163069064802, 0.1397968353703618, 0.13992149382829666, 0.1393756200285519, 0.13921431045640598, 0.13962739010651906, 0.1397745594382286, 0.13926344199313057, 0.13933545263374553, 0.13962101496078752, 0.13962637881437936, 0.13966386377811432, 0.13915852159261705, 0.13944370400261236, 0.13902315590530634, 0.13917419602794032, 0.13914124253723356, 0.13971173390746117, 0.13974858143112875, 0.1396210420390834, 0.1395212948322296, 0.13953691348433495, 0.13887812048196793, 0.1394659061642254, 0.1391946104439822, 0.1394716501235962, 0.13939015905965457, 0.1396828583058189, 0.13964898232370615, 0.13966542211445895, 0.13931315019726753, 0.13985897600650787, 0.14009338723761694, 0.14001961350440978, 0.13977896124124528, 0.13936421937412685, 0.1400806416164745, 0.13932546629355505, 0.13909654760802234, 0.13970414102077483, 0.13915600031614303, 0.13910289379683408, 0.13976340293884276, 0.14023523884160177, 0.13995672265688577, 0.13976489220346724, 0.1396271526813507, 0.13956443483338637, 0.13992506528601928, 0.1403863263130188, 0.13912068072118258, 0.13914779405440053, 0.13934360146522523, 0.13943829053434834, 0.139333575963974, 0.13831521943211555, 0.13976237528464375, 0.1406194604933262, 0.14038973369381644, 0.1403764206351656, 0.14012678306211124, 0.13947007805109024, 0.13968238234519958, 0.1394086899580779, 0.13972811630138984, 0.13915768389900526, 0.13951488708456358, 0.13874853567944634, 0.13980077455441156, 0.1398240751028061, 0.14017687324020597, 0.13937099413438278, 0.13989143952345237, 0.13937946635743845, 0.139860215512189, 0.13966995139013638, 0.13927118480205536, 0.13972248090431094, 0.13951764166355132, 0.13887041062116623, 0.13943866039476088, 0.13990937049190202, 0.13956517140780175, 0.13913299356188094, 0.13947424209780163, 0.139420413765414, 0.13917871316274008, 0.14026129565068654, 0.13905585706233978, 0.13960512289229562, 0.1403136338506426, 0.13938291867574057, 0.13942105347110378, 0.14022313356399535, 0.14043466188013554, 0.13912584353238344, 0.139432253241539, 0.1392954856157303, 0.13929117831491655, 0.14039043188095093, 0.1389187669212168, 0.1396676575144132, 0.13922781124711037, 0.13933847679032219, 0.1396429336496762, 0.14024281948804856, 0.1396867363225846, 0.13941887427460065, 0.13937537890413534, 0.13985070635875066, 0.139536614716053, 0.1395417018370195, 0.13903184641491284, 0.13936342635462362, 0.13947432281242478, 0.14030291787956073, 0.1392817536989848, 0.13959143621226153, 0.1400298203031222, 0.1388554939856896, 0.13907061889767647, 0.14004803843357982, 0.13906136237912708, 0.14073886190141952, 0.13908724321259391, 0.13944775983691216, 0.13901921400898382, 0.13946605338291687, 0.13962449477269098, 0.13974181161477015, 0.13966544823987143, 0.13958613108843565, 0.13886805091585433, 0.13917188942432404, 0.140016754086201, 0.1400416001677513, 0.1395773055224583, 0.13994990959763526, 0.14028186833157258, 0.1402193248271942, 0.138987445169025, 0.1388759078348384, 0.1392396867275238, 0.139729895089802, 0.1393530862896066, 0.14091276580637152, 0.14051226800993868, 0.13983437328627615, 0.13904297695710108, 0.1393027969382026, 0.1394737313191096, 0.13951094696919122, 0.13936016995173234, 0.1395758589108785], 1: [0.13979746152957281, 0.13975743423489964, 0.1396698160813405, 0.1400935798883438, 0.13925250676962045, 0.1393175020813942, 0.13984417038805344, 0.1395096744482334, 0.14013111726804214, 0.14082603454589843, 0.14023223395148912, 0.1393968098693424, 0.13933732277817196, 0.13993282616138458, 0.14013404873284427, 0.13966710567474366, 0.13910252543596122, 0.13922979614951395, 0.13921373461683592, 0.13967295147870717, 0.13938229045142297, 0.13945025702317557, 0.13962081223726272, 0.13986302415529886, 0.13935020909859583, 0.13996082842350005, 0.1393769571655675, 0.13920065760612488, 0.13944783806800842, 0.14034984792981828, 0.13955007899891247, 0.13988496363162994, 0.13973632703224817, 0.13972318768501282, 0.13909251987934113, 0.13932354748249054, 0.13960539052883783, 0.13988213737805685, 0.1402466526398292, 0.14010813981294631, 0.1398849348227183, 0.13980412359038988, 0.13935168385505675, 0.13994589312510056, 0.1397497865060965, 0.13936218122641245, 0.14010668884624133, 0.13892232378323874, 0.13966846962769827, 0.13936295509338378, 0.13997028592754812, 0.13968871640307562, 0.1393784061074257, 0.13946829040845235, 0.13928807874520618, 0.13999118046327072, 0.13906964659690857, 0.13972849564419854, 0.1397324800491333, 0.13955606073141097, 0.13983288757941303, 0.13914106108925559, 0.13926928203839523, 0.1398289603265849, 0.13932886719703674, 0.14009885083545337, 0.13976271221270928, 0.1386875483122739, 0.139901933260262, 0.13987901210784912, 0.14052294465628537, 0.13956845952914312, 0.13915757338205972, 0.13953462649475445, 0.14027117421993843, 0.13941050388596274, 0.1402584449811415, 0.13963531364094128, 0.13984118029475212, 0.1393590162197749, 0.1395595334470272, 0.1391460249821345, 0.13930931512047262, 0.13923577964305878, 0.13910525739192964, 0.13915727734565736, 0.1394712676604589, 0.13992458932539997, 0.13971475015083948, 0.13975572454578736, 0.139615080677546, 0.13905888199806213, 0.13956630561086866, 0.1397075964645906, 0.13969160501773542, 0.139342999458313, 0.13997614703008107, 0.13923239601509912, 0.13961804048581558, 0.13986041058193555, 0.1392989158630371, 0.1403343955675761, 0.13889755579558286, 0.14025667558113733, 0.14034222513437272, 0.1403864405371926, 0.13949262178861177, 0.14007418519920772, 0.13855747336691077, 0.13912881910800934, 0.14016307393709818, 0.13962450738136584, 0.13993811011314392, 0.1403751028701663, 0.13921629007046038, 0.14007460772991182, 0.13922398823958176, 0.13931239992380143, 0.13882460362381405, 0.13869815319776535, 0.13875724917108362, 0.13902029530568558, 0.13936016815049307, 0.1399425362998789, 0.13945901961553664, 0.1395427425702413, 0.13957130536437035, 0.13967204093933105, 0.13955360515551132, 0.1395974045708066, 0.14030652046203612, 0.13968945294618607, 0.14017572728070346, 0.13989333120676187, 0.13969030678272248, 0.1390343639585707, 0.1400460178653399, 0.1393783539533615, 0.13939714296297592, 0.13978595229295585, 0.13912055302749982, 0.13948510587215424, 0.13939929550344293, 0.13913981864849725, 0.1403686495927664, 0.13986282457004895, 0.13943354900066668, 0.1397009789943695, 0.13898895951834592, 0.1397830069065094, 0.13942421192214602, 0.13902687430381774, 0.14002062711450788, 0.13875389595826468, 0.14015360325574874, 0.13888464732603592, 0.13926521860636198, 0.139334304134051, 0.14070856074492136, 0.13939876960856573, 0.1399902433156967, 0.1396593560775121, 0.13985094759199354, 0.1394639253616333, 0.13908319547772408, 0.1397265444199244, 0.13942588567733766, 0.13943992419676346, 0.13966007989186507, 0.14007679969072342, 0.13970499553463675, 0.1399865299463272, 0.1391076689416712, 0.13986555554650046, 0.13929051733933961, 0.1392879577783438, 0.1398963684385473, 0.13940045734246573, 0.14033923230387949, 0.13989002257585526, 0.13951461091637612, 0.13926495984196663, 0.1397988862461514, 0.1385346000844782, 0.1395071397225062, 0.13936561439186335, 0.13949109613895416, 0.13959494829177857, 0.14022830670530145, 0.13933025087629045, 0.1393944714218378, 0.13977049426598984, 0.1394236074252562, 0.14013120938431134, 0.13919511288404465, 0.13941766436283404, 0.13899562025771423, 0.1391453966498375, 0.13975711911916733, 0.13955306112766266, 0.1396992802619934, 0.14020924270153046, 0.14095057050387064, 0.13926497846841812, 0.13974673639644275, 0.14076818254860965, 0.1400919043355518, 0.13988435747367994, 0.1398161749045054, 0.13961786568164825, 0.1405777394771576, 0.14086956828832625, 0.13970126753503626, 0.13864762674678455, 0.1398131549358368, 0.13936452567577362, 0.14081660360097886, 0.13897285896998185, 0.13945136964321136, 0.1397556790283748, 0.13948467373847961, 0.14057939996321997, 0.1385648359855016, 0.13990924383203188, 0.14009250421077013, 0.13947025872766972, 0.13955794523159662, 0.1392651398976644, 0.1400729322007724, 0.13922345638275146, 0.13991513635431016, 0.13971159793436527, 0.13920272762576738, 0.1396824877176966, 0.13985413975185818, 0.13976372629404069, 0.13936945902449743, 0.1398505898921386, 0.1391367644071579, 0.13987884602763437, 0.13939265310764312, 0.1394188553094864, 0.1401839591562748, 0.1399880737066269, 0.13934774547815323, 0.1395308609519686, 0.13999409702691165, 0.14047218710184098, 0.13877844109254725, 0.14036148637533188, 0.1398380860686302, 0.13929091926131928, 0.13998447014735296, 0.13993985950946808, 0.1402513769765695, 0.13957027792930604, 0.13954233246691086, 0.14019596427679062, 0.14000039920210838, 0.13902390535388673, 0.1390829175710678, 0.13997142612934113, 0.13966619819402695, 0.1403959956434038, 0.13981733098626137, 0.13995194164189426, 0.13907677121460438, 0.13991128221938484, 0.14022585848967234, 0.13934933074883052, 0.14018656084170708, 0.13914287752575344, 0.14002033174037934, 0.13938735177119574, 0.13961173128336668, 0.13936891158421835, 0.1393210110919816, 0.14052268697155845, 0.13863534356156984, 0.14019901119172573, 0.13895902250494277, 0.13972983626942886, 0.1400176870326201, 0.1402806037146112, 0.13926517963409424, 0.13930072416277492, 0.13960910114375027, 0.14013457704674115, 0.13928348367864435, 0.13983146660029888, 0.14006933799156776, 0.14079182798212225, 0.1400538057088852, 0.1397044062614441, 0.1395851183268759, 0.1401584396759669, 0.13948568159883673, 0.13967125490307808, 0.13937744945287706, 0.14136089384555817, 0.13916288316249847, 0.13904956811004215, 0.13934857684832352, 0.14027525078166614, 0.13972693060835203, 0.13911206722259523, 0.1391926450388772, 0.13924381881952286, 0.13990125722355312, 0.13908389473662658, 0.1401703523264991, 0.14020406305789948, 0.14081664702722005, 0.13937741219997407, 0.139650921523571, 0.1390683174133301, 0.14011724417408308, 0.13948318175971508, 0.14060237659857824, 0.13959860889350667, 0.14003131481317374, 0.14035878669131885, 0.1394937882820765, 0.1392892583420402, 0.13896732845089652, 0.14030675755606759, 0.13908280890721542, 0.13959506225018276, 0.1389361321926117, 0.1393094320188869, 0.13932221465640598, 0.1398628517985344, 0.13955867663025856, 0.13944173231720924, 0.13986269980669022, 0.13928914070129395, 0.13912763799491681, 0.13925186097621917, 0.13969405988852182, 0.13949421379301283, 0.13989965245127678, 0.13848252709095293, 0.14011434614658355, 0.13962265998125076, 0.13881166279315948, 0.13960192982967085, 0.14040375500917435, 0.14033307406035336, 0.1393066719174385, 0.13963607917813695, 0.1396816462278366, 0.13949735090136528, 0.13885703547434372, 0.13952122628688812, 0.14073860148588815, 0.13964730004469553, 0.13987302231161217, 0.13960652266229903, 0.14000045590930515, 0.13974053813860968, 0.13923649833752558, 0.13954415619373323, 0.14002116941488707, 0.13996956158768048, 0.1392114662698337, 0.14044719487428664, 0.14035099893808364, 0.1400001564851174, 0.13952271108116424, 0.1398258994926106, 0.13980112969875336, 0.1396969199180603, 0.13992929657300313, 0.13902520789549902, 0.139975153737598, 0.13975764314333597, 0.14002409453193346, 0.138973930478096, 0.1400516500075658, 0.14057376235723495, 0.14045149385929107, 0.13945290446281433, 0.14059849828481674, 0.1393751859664917, 0.13886975049972533, 0.14016588777303696, 0.13927140086889267, 0.13913691341876983, 0.13967850278405583, 0.13928083939985794, 0.1391014724969864, 0.13892168700695037, 0.14001511151974017, 0.13996987491846086, 0.1397808020313581, 0.142912819981575, 0.1400442769130071, 0.13964694490035376, 0.13942543864250184, 0.13972227027018866, 0.1400194838643074, 0.1405673548579216, 0.1402494117617607, 0.13979648301998773, 0.1400951733191808, 0.1392171544333299, 0.13947007358074187, 0.13932102280003683, 0.14004692841659894, 0.13961399956183, 0.13964909139801474, 0.14000547528266907, 0.1388073444366455, 0.13978238652149835, 0.1394737254489552, 0.13930365868977138, 0.14013376732667288, 0.14034288444302298, 0.1394636415772968, 0.13967880308628083, 0.1399892598390579, 0.13915840739553625, 0.13981199796710694, 0.13906534678406185, 0.13988490467486175, 0.13945428002625704, 0.13899737867442044, 0.13953310793096368, 0.13964075346787772, 0.1399806783749507, 0.13971424238248306, 0.1392273038625717, 0.13981250470334833, 0.139426851272583, 0.13975259009748697, 0.139313206076622, 0.14002683545861924, 0.13969881385564803, 0.13980510559949008, 0.1392909325659275, 0.14029475098306482, 0.13884598558599298, 0.1394731348211115, 0.13953090086579323, 0.13997283279895784, 0.14005970848458155, 0.1400107873810662, 0.13953478551573223, 0.13983697096506756, 0.13949418316284815, 0.14012404945161608, 0.13895590437783134, 0.13969965279102325, 0.13984930962324144, 0.14005032181739807, 0.1398091262037104, 0.13960930109024047, 0.13947051763534546, 0.13954029149479336, 0.13978245766723857, 0.1397371876698274, 0.13958172287259782, 0.1385052239193636, 0.1389363788896137, 0.138515980406241, 0.13881638025244078, 0.1406928991729563, 0.14047082581303336, 0.13966224003921857, 0.13973391614854336, 0.1396648772060871, 0.1399216577410698, 0.13941112733804262, 0.13939758472972447, 0.1398668073117733, 0.13829083477749543, 0.13949928539139883, 0.13972162902355195, 0.14004722149933085, 0.1399408608675003, 0.13998542875051498, 0.13955563306808472, 0.13985280373266765, 0.13973582453197902, 0.13894944976676593, 0.13908970455328623, 0.14029782468622382, 0.13963139206171035, 0.13972620453153337, 0.139507719874382, 0.13943881392478943, 0.139684106815945, 0.1393732617298762, 0.13965636119246483, 0.13855253159999847, 0.13942393931475552, 0.13948773920536042, 0.13936452236440447, 0.13877875059843064, 0.13933155536651612, 0.13921759128570557, 0.13960119164907014, 0.13925848688398088, 0.13984022492712195, 0.1400326213666371, 0.13976645171642305, 0.1403851004747244, 0.13852797076106071, 0.14009758995638955, 0.13925952215989432, 0.1392511183565313, 0.13931622803211213, 0.13958025872707366, 0.13985125720500946, 0.1399071455001831, 0.13957979352701277, 0.13987569312254589, 0.14001685922796075, 0.1397514289075678, 0.13904018104076385, 0.139674611389637, 0.13914334028959274, 0.13946391235698352, 0.13977939838712866, 0.14026699662208558, 0.1394639082930305, 0.1394337617299136, 0.13958989414903852, 0.13886793702840805, 0.1401650995016098, 0.13966181501746178, 0.13990932628512381, 0.14008670020848513, 0.14007730334997176, 0.1394272744655609, 0.13951971324590537, 0.13957093123878753, 0.13880544807761908, 0.14001931167311138, 0.13969518714829496, 0.14089150428771974, 0.13949223269115796, 0.1394712616999944, 0.13929178737677061, 0.14008751139044762, 0.1396896779537201, 0.13955328745000503, 0.1388293832540512, 0.140197138894688, 0.13937172158197922, 0.13966922868381848, 0.13992664813995362, 0.1397144508858522, 0.14008902332612447, 0.13928131759166718, 0.13893964141607285, 0.1394797575970491, 0.13899585157632827, 0.13927796483039856, 0.13974919766187668, 0.13897085438172022, 0.13929618895053864, 0.1394236534833908, 0.1412301411231359, 0.1400406238707629, 0.13966359198093414, 0.139940390532667, 0.1406431662685731, 0.1391259327530861, 0.1385680004954338, 0.1395896737064634, 0.13939885348081588, 0.13952109962701797, 0.1395125604338116, 0.13990077674388884, 0.13877514451742173, 0.14018492102622987, 0.13924813932842678, 0.13956904411315918, 0.13978945396163248, 0.13951498071352642, 0.1398257037003835, 0.13971791830327776, 0.14100795884927114, 0.13925528739179885, 0.1394356401527629, 0.1385192261500792, 0.139581004014382, 0.13952748018961686, 0.1396924301105387, 0.13938564393255445, 0.13908172481589848, 0.13978863283991813, 0.14017141237854958, 0.13965913039796493, 0.13849407993257046, 0.13976044555505115, 0.13999296405485698, 0.13919541510668668, 0.1399485543370247, 0.13930720918708378, 0.13989632204174995, 0.13947222083806993, 0.13991605016318234, 0.13884302258491515, 0.13889389704255498, 0.14042089066722177, 0.13921920731663703, 0.13806388527154922, 0.14026361432942477, 0.1396874114871025, 0.1395498588681221, 0.13831542581319808, 0.13911349698901176, 0.14015258020824856, 0.13962024106429174, 0.13907743692398072, 0.13938955962657928, 0.1402941733598709, 0.13962608873844146, 0.13980522866432482, 0.14002565840880077, 0.13887806023870194, 0.14053574204444885, 0.13972874121232468, 0.13974694094874643, 0.14056448762615523, 0.1394466476307975, 0.13959503261482015, 0.1393207081339576, 0.1397048145532608, 0.13927165705424088, 0.13926745504140853, 0.13972093842246316, 0.13913875942428908, 0.1391089841723442, 0.1397647180340507, 0.13883525558880397, 0.14065621594587963, 0.13948548314246265, 0.1394970089197159, 0.14014134109020232, 0.1390887051820755, 0.1394769534468651, 0.13958313848291123, 0.13910148693965033, 0.13937793485820293, 0.13945371732115747, 0.14009612340193528, 0.13972994759678842, 0.14003033084528788, 0.13946814157746054, 0.13899775445461274, 0.1395410696665446, 0.13954353738914838, 0.13999180992444357, 0.13952279686927796, 0.1399418463309606, 0.13966908802588782, 0.13959860113950875, 0.13989774424296159, 0.14014982906254855, 0.13952144167639993, 0.14063577353954315, 0.13964987993240358, 0.1400555819272995, 0.1393190840115914, 0.13962841846726157, 0.13994748484004627, 0.13917608665568487, 0.13980618268251419, 0.13995185866951942, 0.14075883850455284, 0.13979907035827638, 0.13950006319926336, 0.13942292630672454, 0.1390852675988124, 0.13962280864898974, 0.13987200368534436, 0.13930662473042807, 0.13822711462324316, 0.14040471240878105, 0.14012226627932656, 0.14048274809663946, 0.13937766162248758, 0.1396555950244268, 0.1400331620659147, 0.1394052639603615, 0.13893533448378245, 0.13939137359460194, 0.13935864448547364, 0.13915910177371082, 0.1388443491675637, 0.13991401005874982, 0.1396193870089271, 0.1399353076429928, 0.1393273929754893, 0.14039619266986847, 0.1392304905151066, 0.1393058949283191, 0.13985474522297198, 0.13913650133393027, 0.14012043704004848, 0.1404031284830787, 0.13969543497813375, 0.14014492332935333, 0.13919721001928503, 0.13954747592409453, 0.13849072754383088, 0.13939198302595238, 0.1394901285568873, 0.1391538202762604, 0.1395182137688001, 0.13896057329007558, 0.13997779980949734, 0.1393282637000084, 0.13981948643922806, 0.1394328222824977, 0.13921568542718887, 0.13956859856843948, 0.13835500858046793, 0.13993413921664744, 0.1393453486263752, 0.1397346971290452, 0.13952449460824332, 0.13924264907836914, 0.14042084415753683, 0.13944871838276202, 0.13883501589298247, 0.13966555579712517, 0.13960260965607382, 0.13908346403728833, 0.13965641387871333, 0.13924707685198104, 0.1383981770939297, 0.13903387210198812, 0.13983607068657875, 0.1398200040513819, 0.13967260345816612, 0.13891271444467398, 0.14018744772130792, 0.13918881863355637, 0.14018087402770393, 0.14014768848816553, 0.13913469711939494, 0.13870562463998795, 0.13935518140594164, 0.13937680274248124, 0.13856812914212543, 0.13970321895820753, 0.13987154294462764, 0.1397720467713144, 0.1392633779482408, 0.13973579108715056, 0.13955135829746723, 0.13989343345165253, 0.1399197361686013, 0.13987298987128519, 0.13924902748493923, 0.13919192254543306, 0.13948145245804505, 0.13985418677330017, 0.13919150456786156, 0.13999628027280173, 0.1396932965144515, 0.13930064033378253, 0.13975443542003632, 0.13932592570781707, 0.13943896691004434, 0.14022224870595065, 0.13910484835505485, 0.1403704715125701, 0.13944085261651448, 0.13910963787482336, 0.1399622728427251, 0.13902964549405233, 0.13918720185756683, 0.13935342182715735, 0.13945697993040085, 0.13923748983786657, 0.13959483260458166, 0.13947732448577882, 0.13975011238030025, 0.13956581973112547, 0.13963850401341915, 0.1394237967637869, 0.1397284555893678, 0.1395560602347056, 0.1391895848971147, 0.1404033682563088, 0.13984378576278686, 0.14012892958190706, 0.1401297760506471, 0.13920200616121292, 0.1392678737640381, 0.1395136850575606, 0.13962624967098236, 0.13951961831613022, 0.13980736109343442, 0.1390720710158348, 0.13923382145517013, 0.14002253115177155, 0.13935179570141962, 0.14012845522827572, 0.13928186736608805, 0.13925101111332575, 0.14002428501844405, 0.13907412120274135, 0.14018088777860005, 0.1394909078424627, 0.13964380004576274, 0.13994261622428894, 0.13953534175049176, 0.1402602955698967, 0.13953978568315506, 0.1394020106111254, 0.13992422360640305, 0.13943845565829957, 0.14011485278606414, 0.13916810708386557, 0.13911610268629515, 0.13927532044740823, 0.13921966231786287, 0.1395352284113566, 0.13939933925867082, 0.13881155600150427, 0.13991821776418126, 0.14004786442155423, 0.14014581558497055, 0.14022213071584702, 0.1395390642186006, 0.1399302457769712, 0.13961472836407748, 0.14008533277294852, 0.13957647659948894, 0.13963057100772858, 0.14051912610347456, 0.13961543018619219, 0.13935459511620657, 0.14014291614294053, 0.13971378023807818, 0.1396844271156523, 0.13942109861157156, 0.13942484474844402, 0.13947850872169842, 0.1403361236055692, 0.1397104263305664, 0.13921440144379935, 0.14057747572660445, 0.1393262674411138, 0.13935550898313523, 0.13939480632543563, 0.14027409120039505, 0.14003621662656465, 0.13930369168519974, 0.13965317819799697, 0.1394837009055274, 0.13980932533740997, 0.1395135372877121, 0.1401308496793111, 0.13889559110005698, 0.1400699382647872, 0.13867537826299667, 0.14001251184023344, 0.13914890451864761, 0.1395789177881347, 0.14048289358615876, 0.13983996993019468, 0.13951538179231726, 0.13957349335153899, 0.14031962102109735, 0.13911812156438827, 0.1394145062991551, 0.1395552858710289, 0.1399716542047613, 0.13942480997906792, 0.139495008935531, 0.13941177104910216, 0.138832380825823, 0.13912492990493774, 0.13973756986004965, 0.13971684305440812, 0.13947139409455386, 0.13881548697298224, 0.13913204024235407, 0.1395217537879944, 0.13866953154404957, 0.1391718623538812, 0.13958513736724854, 0.13983187892220236, 0.13919664124647776, 0.13899455964565277, 0.13853604812175035, 0.14013912018976712, 0.14011092782020568, 0.1397898874499581, 0.13889206796884537, 0.13924885292847952, 0.13928882032632828, 0.13981633757551512, 0.13963649760593067, 0.13960609585046768, 0.1395777091383934, 0.13947010785341263, 0.1398482620716095, 0.13929959883292517, 0.1390900369733572, 0.13910342305898665, 0.13929693576167612, 0.14072860901554426, 0.13937732577323914, 0.1398962853770507, 0.14027191592114313, 0.13942258485725947, 0.13922969208044164, 0.13934719677154833, 0.13921796447700924, 0.13940636355143327, 0.13960830867290497, 0.139281096868217, 0.1400396317243576, 0.13953911445357584, 0.13942735598367803, 0.13938584261470371, 0.13925619558854538, 0.13925977051258087, 0.13910598158836365, 0.1386321467511794, 0.13922796100378038, 0.14034109935164452, 0.13947095789692618, 0.13936052471399307, 0.1398877739906311, 0.13974976415435472, 0.13910175546219475, 0.13893570899963378, 0.1407080039381981, 0.13962456583976746, 0.139492679387331, 0.13988360166549682, 0.14050406879848903, 0.14013499709276053, 0.13938828896392474, 0.13972430303692818, 0.13975527758399645, 0.13952832465822046, 0.1394220834428614, 0.1397820994257927, 0.13899386078119277, 0.14007298377427188, 0.13908001221716404, 0.13998598605394363, 0.1393367901444435, 0.14039057658778298, 0.14025204628705978, 0.13954720497131348, 0.13911920327406663, 0.14043202102184296, 0.13920030742883682, 0.1408851859824998, 0.139727098601205, 0.1393309301800198, 0.13958771997376493, 0.13962488824670966, 0.13885693523016843, 0.1403540402650833, 0.13947627693414688, 0.13944887582744872, 0.14005261212587355, 0.139693720638752, 0.14029449766332452, 0.1396427857024329, 0.14029117425282797, 0.13992581218481065, 0.13905847941835722, 0.13988966246445975, 0.13911607364813486, 0.1399103817012575, 0.1392249774474364, 0.13898966122757306, 0.1402281043784959, 0.13872696000796098, 0.1393303374449412, 0.13941188156604767, 0.13902315000693002, 0.13978422375825736, 0.1400954330509359, 0.13951518589800055, 0.14029336401394435, 0.14002422446554358, 0.13937844187021256, 0.1394248523495414, 0.13998554646968842, 0.13975144922733307, 0.13937139511108398, 0.1401479286806924, 0.13900838792324066, 0.13920887808005014, 0.1395811120669047]}