('OC-FakeDect1 (Trained on DFDB Dataset) \nTested on RND CDFv2 Dataset \nRunning Average Evaluation', 'OC-FakeDect1_DFDB', 'DFDB', 'OC-FakeDect1_DFDB_raeonRND')
auroc=0.5257724957555179
f1=0.6524112829845314
prec=0.9275549805950841
recall=0.5031578947368421

fpr=[0.0, 0.45161290322580644, 1.0]

tpr=[0.0, 0.5031578947368421, 1.0]

y_true=[0, 0, 0, 0, 0, 0, 0, 0, 0, 0, 0, 0, 0, 0, 0, 0, 0, 0, 0, 0, 0, 0, 0, 0, 0, 0, 0, 0, 0, 0, 0, 0, 0, 0, 0, 0, 0, 0, 0, 0, 0, 0, 0, 0, 0, 0, 0, 0, 0, 0, 0, 0, 0, 0, 0, 0, 0, 0, 0, 0, 0, 0, 0, 0, 0, 0, 0, 0, 0, 0, 0, 0, 0, 0, 0, 0, 0, 0, 0, 0, 0, 0, 0, 0, 0, 0, 0, 0, 0, 0, 0, 0, 0, 0, 0, 0, 0, 0, 0, 0, 0, 0, 0, 0, 0, 0, 0, 0, 0, 0, 0, 0, 0, 0, 0, 0, 0, 0, 0, 0, 0, 0, 0, 0, 1, 1, 1, 1, 1, 1, 1, 1, 1, 1, 1, 1, 1, 1, 1, 1, 1, 1, 1, 1, 1, 1, 1, 1, 1, 1, 1, 1, 1, 1, 1, 1, 1, 1, 1, 1, 1, 1, 1, 1, 1, 1, 1, 1, 1, 1, 1, 1, 1, 1, 1, 1, 1, 1, 1, 1, 1, 1, 1, 1, 1, 1, 1, 1, 1, 1, 1, 1, 1, 1, 1, 1, 1, 1, 1, 1, 1, 1, 1, 1, 1, 1, 1, 1, 1, 1, 1, 1, 1, 1, 1, 1, 1, 1, 1, 1, 1, 1, 1, 1, 1, 1, 1, 1, 1, 1, 1, 1, 1, 1, 1, 1, 1, 1, 1, 1, 1, 1, 1, 1, 1, 1, 1, 1, 1, 1, 1, 1, 1, 1, 1, 1, 1, 1, 1, 1, 1, 1, 1, 1, 1, 1, 1, 1, 1, 1, 1, 1, 1, 1, 1, 1, 1, 1, 1, 1, 1, 1, 1, 1, 1, 1, 1, 1, 1, 1, 1, 1, 1, 1, 1, 1, 1, 1, 1, 1, 1, 1, 1, 1, 1, 1, 1, 1, 1, 1, 1, 1, 1, 1, 1, 1, 1, 1, 1, 1, 1, 1, 1, 1, 1, 1, 1, 1, 1, 1, 1, 1, 1, 1, 1, 1, 1, 1, 1, 1, 1, 1, 1, 1, 1, 1, 1, 1, 1, 1, 1, 1, 1, 1, 1, 1, 1, 1, 1, 1, 1, 1, 1, 1, 1, 1, 1, 1, 1, 1, 1, 1, 1, 1, 1, 1, 1, 1, 1, 1, 1, 1, 1, 1, 1, 1, 1, 1, 1, 1, 1, 1, 1, 1, 1, 1, 1, 1, 1, 1, 1, 1, 1, 1, 1, 1, 1, 1, 1, 1, 1, 1, 1, 1, 1, 1, 1, 1, 1, 1, 1, 1, 1, 1, 1, 1, 1, 1, 1, 1, 1, 1, 1, 1, 1, 1, 1, 1, 1, 1, 1, 1, 1, 1, 1, 1, 1, 1, 1, 1, 1, 1, 1, 1, 1, 1, 1, 1, 1, 1, 1, 1, 1, 1, 1, 1, 1, 1, 1, 1, 1, 1, 1, 1, 1, 1, 1, 1, 1, 1, 1, 1, 1, 1, 1, 1, 1, 1, 1, 1, 1, 1, 1, 1, 1, 1, 1, 1, 1, 1, 1, 1, 1, 1, 1, 1, 1, 1, 1, 1, 1, 1, 1, 1, 1, 1, 1, 1, 1, 1, 1, 1, 1, 1, 1, 1, 1, 1, 1, 1, 1, 1, 1, 1, 1, 1, 1, 1, 1, 1, 1, 1, 1, 1, 1, 1, 1, 1, 1, 1, 1, 1, 1, 1, 1, 1, 1, 1, 1, 1, 1, 1, 1, 1, 1, 1, 1, 1, 1, 1, 1, 1, 1, 1, 1, 1, 1, 1, 1, 1, 1, 1, 1, 1, 1, 1, 1, 1, 1, 1, 1, 1, 1, 1, 1, 1, 1, 1, 1, 1, 1, 1, 1, 1, 1, 1, 1, 1, 1, 1, 1, 1, 1, 1, 1, 1, 1, 1, 1, 1, 1, 1, 1, 1, 1, 1, 1, 1, 1, 1, 1, 1, 1, 1, 1, 1, 1, 1, 1, 1, 1, 1, 1, 1, 1, 1, 1, 1, 1, 1, 1, 1, 1, 1, 1, 1, 1, 1, 1, 1, 1, 1, 1, 1, 1, 1, 1, 1, 1, 1, 1, 1, 1, 1, 1, 1, 1, 1, 1, 1, 1, 1, 1, 1, 1, 1, 1, 1, 1, 1, 1, 1, 1, 1, 1, 1, 1, 1, 1, 1, 1, 1, 1, 1, 1, 1, 1, 1, 1, 1, 1, 1, 1, 1, 1, 1, 1, 1, 1, 1, 1, 1, 1, 1, 1, 1, 1, 1, 1, 1, 1, 1, 1, 1, 1, 1, 1, 1, 1, 1, 1, 1, 1, 1, 1, 1, 1, 1, 1, 1, 1, 1, 1, 1, 1, 1, 1, 1, 1, 1, 1, 1, 1, 1, 1, 1, 1, 1, 1, 1, 1, 1, 1, 1, 1, 1, 1, 1, 1, 1, 1, 1, 1, 1, 1, 1, 1, 1, 1, 1, 1, 1, 1, 1, 1, 1, 1, 1, 1, 1, 1, 1, 1, 1, 1, 1, 1, 1, 1, 1, 1, 1, 1, 1, 1, 1, 1, 1, 1, 1, 1, 1, 1, 1, 1, 1, 1, 1, 1, 1, 1, 1, 1, 1, 1, 1, 1, 1, 1, 1, 1, 1, 1, 1, 1, 1, 1, 1, 1, 1, 1, 1, 1, 1, 1, 1, 1, 1, 1, 1, 1, 1, 1, 1, 1, 1, 1, 1, 1, 1, 1, 1, 1, 1, 1, 1, 1, 1, 1, 1, 1, 1, 1, 1, 1, 1, 1, 1, 1, 1, 1, 1, 1, 1, 1, 1, 1, 1, 1, 1, 1, 1, 1, 1, 1, 1, 1, 1, 1, 1, 1, 1, 1, 1, 1, 1, 1, 1, 1, 1, 1, 1, 1, 1, 1, 1, 1, 1, 1, 1, 1, 1, 1, 1, 1, 1, 1, 1, 1, 1, 1, 1, 1, 1, 1, 1, 1, 1, 1, 1, 1, 1, 1, 1, 1, 1, 1, 1, 1, 1, 1, 1, 1, 1, 1, 1, 1, 1, 1, 1, 1, 1, 1, 1, 1, 1, 1, 1, 1, 1, 1, 1, 1, 1, 1, 1, 1, 1, 1, 1, 1, 1, 1, 1, 1, 1, 1, 1, 1, 1, 1, 1, 1, 1, 1, 1, 1, 1, 1, 1, 1, 1, 1, 1, 1, 1, 1, 1, 1, 1, 1, 1, 1, 1, 1, 1, 1, 1, 1, 1, 1, 1, 1, 1, 1, 1, 1, 1, 1, 1, 1, 1, 1, 1, 1, 1, 1, 1, 1, 1, 1, 1, 1, 1, 1, 1, 1, 1, 1, 1, 1, 1, 1, 1, 1, 1, 1, 1, 1, 1, 1, 1, 1, 1, 1, 1, 1, 1, 1, 1, 1, 1, 1, 1, 1, 1, 1, 1, 1, 1, 1, 1, 1, 1, 1, 1, 1, 1, 1, 1, 1, 1, 1, 1, 1, 1, 1, 1, 1, 1, 1, 1, 1, 1, 1, 1, 1, 1, 1, 1, 1, 1, 1, 1, 1, 1, 1, 1, 1, 1, 1, 1, 1, 1, 1, 1, 1, 1, 1, 1, 1, 1, 1, 1, 1, 1, 1, 1, 1, 1, 1, 1, 1, 1, 1, 1, 1, 1, 1, 1, 1, 1, 1, 1, 1, 1, 1, 1, 1, 1, 1, 1, 1, 1, 1, 1, 1, 1, 1, 1, 1, 1, 1, 1, 1, 1, 1, 1, 1, 1, 1, 1, 1, 1, 1, 1, 1, 1, 1, 1, 1, 1, 1, 1, 1, 1, 1, 1, 1, 1, 1, 1, 1, 1, 1, 1, 1, 1, 1, 1, 1, 1, 1, 1, 1, 1, 1, 1, 1, 1, 1, 1, 1, 1, 1, 1, 1, 1, 1, 1, 1, 1, 1, 1, 1, 1, 1, 1, 1, 1, 1, 1, 1, 1, 1, 1, 1, 1, 1, 1, 1, 1, 1, 1, 1, 1, 1, 1, 1, 1, 1, 1, 1, 1, 1, 1, 1, 1, 1, 1, 1, 1, 1, 1, 1, 1, 1, 1, 1, 1, 1, 1, 1, 1, 1, 1, 1, 1, 1, 1, 1, 1, 1, 1, 1, 1, 1, 1, 1, 1, 1, 1, 1, 1, 1, 1, 1, 1, 1, 1, 1, 1, 1, 1, 1, 1, 1, 1, 1, 1, 1, 1, 1, 1, 1, 1, 1, 1, 1, 1, 1, 1, 1, 1, 1, 1, 1, 1, 1, 1, 1, 1, 1, 1, 1, 1, 1, 1, 1, 1, 1, 1, 1, 1, 1, 1, 1, 1, 1, 1, 1, 1, 1, 1, 1, 1, 1, 1, 1, 1, 1, 1, 1, 1, 1, 1, 1, 1, 1, 1, 1, 1, 1, 1, 1, 1, 1, 1, 1, 1, 1, 1, 1, 1, 1, 1, 1, 1, 1, 1, 1, 1, 1, 1, 1, 1, 1, 1, 1, 1, 1, 1, 1, 1, 1, 1, 1, 1, 1, 1, 1, 1, 1, 1, 1, 1, 1, 1, 1, 1, 1, 1, 1, 1, 1, 1, 1, 1, 1, 1, 1, 1, 1, 1, 1, 1, 1, 1, 1, 1, 1, 1, 1, 1, 1, 1, 1, 1, 1, 1, 1, 1, 1, 1, 1, 1, 1, 1, 1, 1, 1, 1, 1, 1, 1, 1, 1, 1, 1, 1, 1, 1, 1, 1, 1, 1, 1, 1, 1, 1, 1, 1, 1, 1, 1, 1, 1, 1, 1, 1, 1, 1, 1, 1, 1, 1, 1, 1, 1, 1, 1, 1, 1, 1, 1, 1, 1, 1, 1, 1, 1, 1, 1, 1, 1, 1, 1, 1, 1, 1, 1, 1, 1, 1, 1, 1, 1, 1, 1]

y_pred=[1.0, 1.0, 0.0, 0.0, 1.0, 0.0, 1.0, 1.0, 0.0, 1.0, 0.0, 0.0, 0.0, 1.0, 1.0, 1.0, 1.0, 0.0, 1.0, 0.0, 0.0, 0.0, 0.0, 0.0, 0.0, 1.0, 1.0, 0.0, 1.0, 1.0, 0.0, 1.0, 1.0, 0.0, 1.0, 0.0, 0.0, 0.0, 0.0, 1.0, 0.0, 0.0, 0.0, 0.0, 0.0, 1.0, 1.0, 1.0, 1.0, 0.0, 0.0, 0.0, 0.0, 0.0, 0.0, 1.0, 0.0, 1.0, 1.0, 1.0, 1.0, 0.0, 0.0, 1.0, 1.0, 1.0, 0.0, 1.0, 0.0, 0.0, 0.0, 0.0, 0.0, 0.0, 1.0, 1.0, 0.0, 0.0, 1.0, 0.0, 0.0, 0.0, 1.0, 0.0, 1.0, 1.0, 1.0, 1.0, 0.0, 1.0, 0.0, 0.0, 1.0, 1.0, 0.0, 0.0, 1.0, 1.0, 1.0, 0.0, 0.0, 1.0, 1.0, 0.0, 0.0, 1.0, 1.0, 1.0, 0.0, 0.0, 0.0, 0.0, 1.0, 0.0, 0.0, 1.0, 1.0, 0.0, 0.0, 1.0, 0.0, 0.0, 1.0, 0.0, 1.0, 0.0, 0.0, 0.0, 1.0, 0.0, 1.0, 1.0, 0.0, 1.0, 0.0, 0.0, 1.0, 0.0, 0.0, 1.0, 1.0, 1.0, 1.0, 1.0, 0.0, 0.0, 1.0, 0.0, 1.0, 0.0, 0.0, 1.0, 0.0, 0.0, 1.0, 1.0, 1.0, 0.0, 1.0, 0.0, 0.0, 1.0, 1.0, 0.0, 0.0, 1.0, 1.0, 1.0, 0.0, 0.0, 0.0, 1.0, 1.0, 0.0, 1.0, 1.0, 0.0, 0.0, 1.0, 0.0, 1.0, 0.0, 1.0, 1.0, 0.0, 0.0, 1.0, 1.0, 1.0, 0.0, 0.0, 1.0, 1.0, 0.0, 0.0, 0.0, 1.0, 1.0, 1.0, 1.0, 0.0, 0.0, 1.0, 1.0, 1.0, 1.0, 1.0, 1.0, 0.0, 0.0, 1.0, 0.0, 0.0, 1.0, 0.0, 0.0, 0.0, 0.0, 0.0, 1.0, 1.0, 1.0, 1.0, 1.0, 0.0, 1.0, 1.0, 0.0, 0.0, 1.0, 1.0, 1.0, 1.0, 1.0, 1.0, 1.0, 0.0, 1.0, 0.0, 1.0, 0.0, 1.0, 1.0, 1.0, 1.0, 0.0, 1.0, 1.0, 1.0, 0.0, 1.0, 0.0, 0.0, 1.0, 0.0, 1.0, 1.0, 1.0, 1.0, 1.0, 0.0, 0.0, 0.0, 0.0, 1.0, 1.0, 0.0, 1.0, 0.0, 1.0, 1.0, 0.0, 0.0, 0.0, 0.0, 1.0, 1.0, 0.0, 1.0, 0.0, 0.0, 1.0, 1.0, 1.0, 1.0, 0.0, 0.0, 1.0, 0.0, 1.0, 0.0, 0.0, 1.0, 1.0, 0.0, 0.0, 1.0, 0.0, 0.0, 0.0, 1.0, 0.0, 0.0, 1.0, 1.0, 0.0, 1.0, 1.0, 0.0, 0.0, 0.0, 0.0, 0.0, 1.0, 0.0, 1.0, 1.0, 1.0, 0.0, 0.0, 0.0, 1.0, 0.0, 0.0, 1.0, 0.0, 1.0, 0.0, 0.0, 1.0, 1.0, 1.0, 0.0, 0.0, 0.0, 1.0, 1.0, 1.0, 0.0, 0.0, 1.0, 1.0, 1.0, 0.0, 1.0, 1.0, 0.0, 1.0, 1.0, 1.0, 0.0, 1.0, 1.0, 0.0, 0.0, 0.0, 0.0, 1.0, 0.0, 1.0, 1.0, 0.0, 1.0, 0.0, 0.0, 0.0, 1.0, 1.0, 0.0, 1.0, 0.0, 0.0, 1.0, 0.0, 0.0, 1.0, 0.0, 1.0, 1.0, 1.0, 0.0, 0.0, 1.0, 0.0, 1.0, 0.0, 0.0, 0.0, 1.0, 0.0, 1.0, 0.0, 0.0, 1.0, 1.0, 0.0, 1.0, 1.0, 1.0, 0.0, 1.0, 1.0, 0.0, 0.0, 1.0, 1.0, 0.0, 1.0, 0.0, 1.0, 1.0, 1.0, 0.0, 1.0, 1.0, 1.0, 1.0, 1.0, 1.0, 1.0, 0.0, 0.0, 1.0, 1.0, 0.0, 0.0, 0.0, 1.0, 1.0, 0.0, 1.0, 1.0, 1.0, 1.0, 0.0, 1.0, 1.0, 1.0, 1.0, 1.0, 1.0, 1.0, 0.0, 0.0, 0.0, 1.0, 0.0, 0.0, 0.0, 1.0, 0.0, 0.0, 0.0, 0.0, 0.0, 1.0, 1.0, 1.0, 1.0, 0.0, 0.0, 0.0, 0.0, 1.0, 1.0, 0.0, 0.0, 0.0, 0.0, 1.0, 0.0, 1.0, 1.0, 0.0, 0.0, 1.0, 0.0, 0.0, 0.0, 0.0, 0.0, 1.0, 0.0, 1.0, 0.0, 1.0, 0.0, 1.0, 0.0, 1.0, 0.0, 0.0, 1.0, 0.0, 0.0, 0.0, 0.0, 1.0, 0.0, 0.0, 1.0, 0.0, 0.0, 1.0, 0.0, 0.0, 0.0, 0.0, 1.0, 1.0, 0.0, 0.0, 1.0, 0.0, 0.0, 0.0, 0.0, 0.0, 1.0, 0.0, 1.0, 1.0, 1.0, 1.0, 0.0, 1.0, 0.0, 0.0, 0.0, 1.0, 1.0, 0.0, 0.0, 0.0, 1.0, 1.0, 1.0, 1.0, 1.0, 1.0, 0.0, 0.0, 0.0, 0.0, 0.0, 0.0, 0.0, 0.0, 0.0, 0.0, 0.0, 1.0, 1.0, 0.0, 1.0, 1.0, 0.0, 1.0, 0.0, 0.0, 0.0, 0.0, 1.0, 1.0, 0.0, 0.0, 1.0, 1.0, 1.0, 1.0, 1.0, 0.0, 1.0, 0.0, 0.0, 0.0, 1.0, 0.0, 0.0, 1.0, 1.0, 0.0, 1.0, 1.0, 0.0, 1.0, 0.0, 0.0, 0.0, 1.0, 1.0, 0.0, 0.0, 1.0, 0.0, 1.0, 1.0, 0.0, 1.0, 1.0, 1.0, 1.0, 1.0, 0.0, 1.0, 1.0, 0.0, 1.0, 0.0, 0.0, 1.0, 0.0, 1.0, 0.0, 1.0, 1.0, 0.0, 0.0, 0.0, 1.0, 1.0, 0.0, 0.0, 1.0, 0.0, 1.0, 0.0, 0.0, 1.0, 0.0, 1.0, 1.0, 0.0, 0.0, 0.0, 1.0, 0.0, 1.0, 0.0, 1.0, 1.0, 0.0, 1.0, 1.0, 0.0, 1.0, 1.0, 1.0, 1.0, 1.0, 0.0, 1.0, 0.0, 0.0, 1.0, 1.0, 0.0, 1.0, 1.0, 1.0, 0.0, 1.0, 0.0, 0.0, 0.0, 0.0, 1.0, 0.0, 1.0, 0.0, 1.0, 1.0, 0.0, 0.0, 0.0, 0.0, 1.0, 0.0, 0.0, 1.0, 1.0, 1.0, 0.0, 0.0, 0.0, 0.0, 0.0, 1.0, 1.0, 1.0, 0.0, 1.0, 0.0, 1.0, 0.0, 1.0, 0.0, 1.0, 0.0, 0.0, 0.0, 0.0, 1.0, 1.0, 1.0, 1.0, 0.0, 0.0, 1.0, 0.0, 0.0, 0.0, 1.0, 1.0, 1.0, 0.0, 1.0, 0.0, 1.0, 0.0, 1.0, 0.0, 1.0, 0.0, 0.0, 0.0, 1.0, 0.0, 0.0, 0.0, 0.0, 1.0, 0.0, 1.0, 0.0, 0.0, 1.0, 1.0, 1.0, 1.0, 0.0, 1.0, 1.0, 0.0, 0.0, 0.0, 0.0, 1.0, 1.0, 0.0, 1.0, 1.0, 0.0, 1.0, 0.0, 1.0, 0.0, 0.0, 0.0, 1.0, 1.0, 1.0, 1.0, 0.0, 1.0, 1.0, 1.0, 1.0, 1.0, 1.0, 1.0, 0.0, 1.0, 1.0, 0.0, 0.0, 0.0, 1.0, 0.0, 0.0, 0.0, 1.0, 1.0, 1.0, 1.0, 1.0, 0.0, 0.0, 1.0, 0.0, 0.0, 1.0, 0.0, 1.0, 0.0, 0.0, 1.0, 1.0, 0.0, 0.0, 1.0, 1.0, 0.0, 0.0, 1.0, 0.0, 1.0, 0.0, 0.0, 0.0, 1.0, 1.0, 0.0, 1.0, 1.0, 1.0, 1.0, 0.0, 0.0, 1.0, 1.0, 0.0, 1.0, 1.0, 0.0, 1.0, 0.0, 0.0, 0.0, 0.0, 0.0, 0.0, 1.0, 0.0, 0.0, 0.0, 0.0, 1.0, 0.0, 0.0, 0.0, 0.0, 1.0, 1.0, 1.0, 0.0, 1.0, 1.0, 1.0, 1.0, 1.0, 1.0, 1.0, 0.0, 0.0, 0.0, 0.0, 0.0, 1.0, 1.0, 0.0, 1.0, 1.0, 1.0, 0.0, 1.0, 1.0, 0.0, 1.0, 0.0, 1.0, 0.0, 1.0, 0.0, 0.0, 0.0, 1.0, 0.0, 1.0, 0.0, 1.0, 0.0, 1.0, 1.0, 0.0, 1.0, 0.0, 0.0, 0.0, 0.0, 1.0, 0.0, 0.0, 0.0, 0.0, 1.0, 0.0, 0.0, 0.0, 1.0, 0.0, 1.0, 0.0, 0.0, 1.0, 0.0, 0.0, 1.0, 0.0, 1.0, 1.0, 1.0, 0.0, 1.0, 1.0, 0.0, 0.0, 0.0, 1.0, 0.0, 0.0, 0.0, 1.0, 0.0, 0.0, 1.0, 1.0, 0.0, 1.0, 0.0, 0.0, 0.0, 0.0, 1.0, 1.0, 1.0, 1.0, 1.0, 1.0, 0.0, 0.0, 1.0, 0.0, 0.0, 0.0, 0.0, 1.0, 0.0, 1.0, 0.0, 1.0, 1.0, 1.0, 0.0, 0.0, 0.0, 0.0, 1.0, 0.0, 1.0, 0.0, 0.0, 0.0, 1.0, 1.0, 1.0, 0.0, 1.0, 1.0, 0.0, 1.0, 1.0, 0.0, 0.0, 1.0, 1.0, 1.0, 0.0, 0.0, 0.0, 0.0, 1.0, 0.0, 0.0, 0.0, 0.0, 1.0, 0.0, 0.0, 1.0, 1.0, 1.0, 0.0, 0.0, 1.0, 1.0, 1.0, 1.0, 0.0, 0.0, 1.0, 0.0, 1.0, 0.0, 0.0, 0.0, 1.0, 1.0, 0.0, 1.0, 1.0, 1.0, 0.0, 0.0, 0.0, 1.0, 0.0, 0.0, 1.0, 1.0, 1.0, 0.0, 1.0, 0.0, 0.0, 1.0, 1.0, 0.0, 1.0, 1.0, 1.0, 0.0, 0.0, 0.0, 0.0, 1.0, 0.0, 0.0, 1.0, 1.0, 0.0, 1.0, 0.0, 0.0, 0.0, 0.0, 0.0, 1.0, 1.0, 0.0, 1.0, 0.0, 1.0, 1.0, 1.0, 0.0, 0.0, 1.0, 0.0, 1.0, 1.0, 0.0, 0.0, 1.0, 0.0, 1.0, 0.0, 0.0, 1.0, 1.0, 1.0, 1.0, 1.0, 1.0, 1.0, 0.0, 0.0, 0.0, 1.0, 0.0, 0.0, 0.0, 1.0, 1.0, 1.0, 1.0, 1.0, 0.0, 1.0, 0.0, 1.0, 1.0, 1.0, 1.0, 0.0, 0.0, 0.0, 1.0, 0.0, 1.0, 1.0, 1.0, 1.0, 1.0, 1.0, 0.0, 1.0, 0.0, 0.0, 1.0, 0.0, 1.0, 1.0, 1.0, 0.0, 1.0, 0.0, 0.0, 0.0, 0.0, 0.0, 1.0, 0.0, 0.0, 1.0, 1.0, 0.0, 1.0, 0.0, 1.0, 1.0, 1.0, 0.0, 0.0, 1.0, 1.0, 0.0, 1.0, 1.0, 1.0, 0.0, 1.0, 0.0, 1.0, 0.0, 1.0, 0.0, 0.0, 0.0, 1.0, 1.0, 1.0, 1.0, 0.0, 1.0, 0.0, 1.0, 1.0, 0.0, 1.0, 0.0, 0.0, 0.0, 0.0, 0.0, 1.0, 0.0, 0.0, 1.0, 0.0, 1.0, 0.0, 0.0, 0.0, 1.0, 1.0, 1.0, 0.0, 1.0, 0.0, 0.0, 1.0, 1.0, 0.0, 0.0, 1.0, 1.0, 0.0, 1.0, 1.0, 1.0, 0.0, 1.0, 1.0, 0.0, 1.0, 0.0, 0.0, 1.0, 0.0, 0.0, 1.0, 1.0, 1.0, 1.0, 0.0, 0.0, 1.0, 1.0, 1.0, 1.0, 0.0, 0.0, 1.0, 0.0, 1.0, 1.0, 0.0, 1.0, 0.0, 1.0, 1.0, 1.0, 0.0, 0.0, 1.0, 0.0, 0.0, 0.0, 1.0, 0.0, 0.0, 0.0, 1.0, 0.0, 1.0, 0.0, 1.0, 1.0, 0.0, 0.0, 1.0, 1.0, 1.0, 0.0, 1.0, 1.0, 0.0, 1.0, 1.0, 1.0, 1.0, 0.0, 1.0, 1.0, 1.0, 1.0, 1.0, 0.0, 0.0, 1.0, 1.0, 0.0, 0.0, 1.0, 1.0, 1.0, 0.0, 0.0, 0.0, 1.0, 0.0, 0.0, 0.0, 1.0, 1.0, 1.0, 0.0, 0.0, 1.0, 1.0, 0.0, 1.0, 1.0, 1.0, 0.0, 1.0, 0.0, 1.0, 0.0, 0.0, 1.0, 1.0, 0.0, 1.0, 1.0, 0.0, 0.0, 0.0, 0.0, 0.0, 1.0, 1.0, 0.0, 1.0, 1.0, 0.0, 0.0, 1.0, 0.0, 1.0, 0.0, 1.0, 1.0, 0.0, 0.0, 0.0, 0.0, 1.0, 0.0, 1.0, 0.0, 0.0, 0.0, 0.0, 1.0, 1.0, 1.0, 1.0, 1.0, 0.0, 1.0, 0.0, 1.0, 0.0, 1.0, 0.0, 1.0, 1.0, 1.0, 0.0, 0.0, 0.0, 0.0, 1.0, 0.0, 0.0, 1.0, 1.0, 1.0, 1.0, 1.0, 1.0, 0.0, 1.0, 1.0, 0.0, 0.0, 0.0, 0.0, 0.0, 0.0, 0.0, 1.0, 0.0, 0.0, 0.0, 1.0, 0.0, 1.0, 0.0, 0.0, 1.0, 0.0, 1.0, 0.0, 1.0, 0.0, 0.0, 1.0, 1.0, 0.0, 0.0, 1.0, 1.0, 1.0, 0.0, 1.0, 0.0, 0.0, 1.0, 1.0, 0.0, 1.0, 1.0, 1.0, 0.0, 1.0, 1.0, 1.0, 0.0, 0.0, 0.0, 0.0, 1.0, 1.0, 0.0, 0.0, 1.0, 1.0, 0.0, 1.0, 1.0, 1.0, 0.0, 0.0, 0.0, 0.0, 0.0, 0.0, 1.0, 1.0, 1.0, 1.0, 1.0, 0.0, 0.0, 0.0, 0.0, 0.0, 1.0, 0.0, 1.0, 1.0, 0.0, 1.0, 0.0, 1.0, 0.0, 1.0, 0.0, 1.0, 1.0, 0.0, 1.0, 0.0, 1.0, 1.0, 0.0, 0.0, 0.0, 1.0, 0.0, 0.0, 1.0, 0.0, 1.0, 0.0, 1.0, 0.0, 1.0, 1.0, 1.0, 0.0, 1.0, 1.0, 1.0, 0.0, 1.0, 0.0, 1.0, 0.0, 1.0, 1.0, 0.0, 1.0, 0.0, 0.0, 1.0, 1.0, 1.0, 1.0, 1.0, 1.0, 0.0, 1.0, 1.0, 1.0, 0.0, 0.0, 1.0, 1.0, 0.0, 0.0, 0.0, 1.0, 1.0, 1.0, 0.0, 1.0, 0.0, 0.0, 0.0, 0.0, 0.0, 1.0, 1.0, 1.0, 0.0, 1.0, 0.0, 1.0, 1.0, 1.0, 1.0, 0.0, 1.0, 1.0, 0.0, 1.0, 0.0, 0.0, 0.0, 0.0, 0.0, 1.0, 0.0, 0.0, 0.0, 1.0, 0.0, 0.0, 0.0, 1.0, 1.0, 1.0, 1.0, 1.0, 0.0, 1.0, 0.0, 1.0, 1.0, 0.0, 1.0, 0.0, 1.0, 1.0, 0.0]
\score={0: [0.18737409395330093, 0.18768973648548126, 0.18783484548330306, 0.1880279742181301, 0.18705903738737106, 0.188807625323534, 0.18652040428585476, 0.18694163858890533, 0.18837088942527772, 0.18671781818072, 0.18833872179190317, 0.18942878395318985, 0.18823703484875814, 0.18658645153045655, 0.1876241254309813, 0.1865429719289144, 0.18689345461981638, 0.18829074899355572, 0.1870006114244461, 0.18891341345650808, 0.18970556671802813, 0.1878209778895745, 0.18834527706106505, 0.18942709565162658, 0.18837139755487442, 0.1870404899120331, 0.18645071632721844, 0.19093205034732819, 0.18665426596999168, 0.1871585061152776, 0.1910304402311643, 0.18764249235391617, 0.18728295104070145, 0.18812884241342545, 0.18750977286925682, 0.18959104186958736, 0.1899100306133429, 0.18794997036457062, 0.18904679641127586, 0.18659140054996198, 0.18813614398241044, 0.18893057480454445, 0.1886292748591479, 0.18900578344861665, 0.18845554317037264, 0.18723512490590413, 0.18712482469923356, 0.18761786917845408, 0.18647782504558563, 0.18932890892028809, 0.1879055229100314, 0.18829321265220642, 0.1890520080924034, 0.1880334373563528, 0.1893971527998264, 0.1875071246176958, 0.18785137269232008, 0.18688376247882843, 0.18637737496332688, 0.18690952857335408, 0.18775952926703862, 0.18850560734669367, 0.19000560258116042, 0.18663599093755087, 0.18671322613954544, 0.18770012383659682, 0.19098318219184876, 0.1872209897812675, 0.1911265907379297, 0.18887916803359986, 0.18920629620552062, 0.18837409360068186, 0.18915464381376904, 0.1884222599593076, 0.18596487424590372, 0.18645217083394527, 0.1906878004471461, 0.18872813259561858, 0.18699651685628024, 0.18800664991140364, 0.1887059286236763, 0.18864645858605703, 0.1857362606308677, 0.1879667565226555, 0.18640084564685822, 0.18753864467144013, 0.18713582781228152, 0.1868400238454342, 0.18796193706137793, 0.18719850853085518, 0.18950430819621453, 0.18866636231541634, 0.1869179080975683, 0.18657555431127548, 0.18945601383845012, 0.18968338920519903, 0.18739642600218456, 0.18746920806520126, 0.18734253495931624, 0.1883103304049548, 0.18881904184818268, 0.18645724998070642, 0.18745136154549463, 0.18843601731693044, 0.18874470641215643, 0.18651598412543535, 0.1870233847906715, 0.18769608587026596, 0.18911441947732652, 0.18814037301961115, 0.18780201766639948, 0.18806269077154306, 0.1867416799068451, 0.19075689522119668, 0.18784400324026743, 0.18769065822873796, 0.18698160485787826, 0.18801933526992798, 0.18974095933577595, 0.1864978660430227, 0.18912529647350312, 0.18782357374827066, 0.18710027520473188, 0.1879173761064356], 1: [0.18761938384601048, 0.19065816402435304, 0.18887903690338134, 0.1878269652525584, 0.18751771468669176, 0.18900289237499238, 0.1873492697874705, 0.18709962184612566, 0.18864654004573822, 0.18763306649292216, 0.18832417007754831, 0.18802206760103052, 0.18694685399532318, 0.18835147842764854, 0.18867957442998887, 0.18655106289820236, 0.18652826646963755, 0.18682027821029937, 0.18755696713924408, 0.187164244055748, 0.18885986506938934, 0.18813386674110705, 0.18589965041194642, 0.18840224615165166, 0.18746398118409244, 0.18872774094343187, 0.1883917972445488, 0.18692022413015366, 0.18860157636495736, 0.18803141017754874, 0.18697925209999083, 0.18730656430125237, 0.18747391365468502, 0.18840373456478118, 0.18648710722724596, 0.18799936678260565, 0.1887449324131012, 0.18671022914350033, 0.18618980199098586, 0.18981021344661714, 0.18921236973255873, 0.18721531012228557, 0.1861520787080129, 0.18536155546704927, 0.18834152140400626, 0.18799374997615814, 0.18837503343820572, 0.1877724215388298, 0.18667606264352798, 0.18824528455734252, 0.1858908161520958, 0.1871338834365209, 0.18838996533304453, 0.18870964248975117, 0.18765805363655091, 0.1886440893778434, 0.18759411945939064, 0.18786750095231192, 0.18728296582897505, 0.18761482536792756, 0.18836846575140953, 0.18865025871329838, 0.18605629755900457, 0.18703593313694, 0.18607256909211475, 0.18928702988407828, 0.18861281126737595, 0.18593044403721304, 0.18740640704830488, 0.189482489770109, 0.1878510576983293, 0.18885173476659334, 0.186069256067276, 0.18739224308066899, 0.18661121328671773, 0.18670609990755718, 0.19055005678763756, 0.18879024982452391, 0.18630634943644206, 0.18775477391832016, 0.18658490478992462, 0.18543869432281046, 0.18621893525123595, 0.18662933890636152, 0.18784660752862692, 0.18957559305887955, 0.18727009113018328, 0.18928008619695902, 0.18864682465791702, 0.187148687740167, 0.18809652030467988, 0.1891924413767728, 0.1900045375029246, 0.18867657830317816, 0.18981991857290267, 0.18699536100029945, 0.18704258650541306, 0.18597962707281113, 0.18632787838578224, 0.18693066537380218, 0.18781030923128128, 0.18773889776907468, 0.18478307805278085, 0.18814414739608765, 0.18846214775528228, 0.1876400113105774, 0.187504214545091, 0.187642263514655, 0.18776927292346954, 0.18671199083328247, 0.18655322616298994, 0.18652486614882946, 0.1879628469546636, 0.18765503061669214, 0.18958481917014489, 0.18630781173706054, 0.18866635859012604, 0.18694206476211547, 0.18729735910892487, 0.18727360394867984, 0.186677309019225, 0.19037351459264756, 0.18726311425367992, 0.18571700155735016, 0.18703670373984746, 0.18800260699712312, 0.18723891102350676, 0.18893852084875107, 0.1883548848769244, 0.18736028400334445, 0.18818458252482945, 0.18638852685689927, 0.18745066970586777, 0.1866487945829119, 0.18685714155435562, 0.18623466789722443, 0.18848400976922777, 0.18849959820508957, 0.19160456086198488, 0.18823667214466974, 0.18623684843381247, 0.18692654073238374, 0.18792881816625595, 0.18626017371813455, 0.1888392075896263, 0.18714785774548848, 0.18660544753074645, 0.18927139937877654, 0.18847337365150452, 0.18808111636077657, 0.18784018978476524, 0.18741905987262725, 0.18760217619793756, 0.18870526113930872, 0.18769731869300207, 0.18817858397960663, 0.188623265363276, 0.18709171350513185, 0.1866107964888215, 0.1877366304397583, 0.18367266158262888, 0.18853672686964273, 0.18807944480110617, 0.1859711527824402, 0.18807152410348257, 0.18736466368039448, 0.18847010160485902, 0.18906260033448538, 0.1876630276441574, 0.18751015216112138, 0.18979195952415467, 0.18813248437184554, 0.1871894421055913, 0.1893146112561226, 0.18785753101110458, 0.18840722839037577, 0.18644842234524814, 0.18824790120124818, 0.1892599493265152, 0.1877684529338564, 0.1866663582623005, 0.1881606082121531, 0.1872110731071896, 0.1849033936858177, 0.18826584021250406, 0.18811516910791398, 0.18903200775384904, 0.18866232534249625, 0.18854721635580063, 0.18650034964084625, 0.18807940060893694, 0.18692071850483233, 0.18712099227640364, 0.18748213226596513, 0.18885273379938944, 0.19063485733100347, 0.18843687369542964, 0.18711714446544647, 0.18940877508033405, 0.18952062611396497, 0.18707351982593537, 0.1895813912153244, 0.18722185492515564, 0.18918272107839584, 0.18917264375421736, 0.18684809003025293, 0.1873247057199478, 0.18695836861928303, 0.18926828035286494, 0.18828594187895456, 0.1885758325457573, 0.18590145451681955, 0.1876265737745497, 0.18739250116050243, 0.18792683762662551, 0.18803885579109192, 0.18704634308815002, 0.18693279027938842, 0.18727228962458098, 0.1886949986219406, 0.1870237272232771, 0.18641971175869307, 0.18805127058710372, 0.18761723538239797, 0.1868197936564684, 0.18640414476394654, 0.19029299595526286, 0.18701957708055322, 0.18614947100480397, 0.18821313404119933, 0.18856101110577583, 0.18897736749865793, 0.18949459865689278, 0.18668953197843888, 0.1888315799561414, 0.1877179801464081, 0.18753311658898988, 0.18782340114315352, 0.18718108534812927, 0.18810713968493722, 0.18875907132258782, 0.18813404937585196, 0.1868367537856102, 0.1868998259305954, 0.18939647544175386, 0.18578370090793161, 0.18817909434437752, 0.18906357139348984, 0.1867771546045939, 0.1892884388566017, 0.18823198974132538, 0.18560778349637985, 0.18802888014099814, 0.18724032044410704, 0.18732166389624277, 0.1877397581934929, 0.18903579505590293, 0.18804419269928566, 0.18739326911814072, 0.1877930872142315, 0.18670759063500625, 0.18932938002623045, 0.18821537707533156, 0.18905056913693746, 0.1875241824558803, 0.18784289360046386, 0.18568621774514515, 0.19050569087266922, 0.18791497747103372, 0.18709732362857232, 0.18733283965026631, 0.1881322581321001, 0.18775147374938517, 0.18777796725432078, 0.18564807149496945, 0.18992284472499574, 0.18719613701105117, 0.18604340576208556, 0.18824851910273235, 0.18891454356558182, 0.18702312856912612, 0.18719089031219482, 0.18802990019321442, 0.18689388334751128, 0.18892254829406738, 0.187137776187488, 0.18713491757710773, 0.18736888205303864, 0.18857244508607046, 0.18668780010193586, 0.18741947859525682, 0.1863169487979677, 0.18684701919555663, 0.18685416479905445, 0.18742777407169342, 0.18752820044755936, 0.18857039191893168, 0.18780770897865295, 0.18671400386553544, 0.18741262424737215, 0.18816538775960603, 0.1881608163768595, 0.1878736995988422, 0.18721506595611573, 0.18626127342383067, 0.19012890214269812, 0.18731361283705786, 0.18636148869991304, 0.18696835968229505, 0.18735106502260482, 0.1886545141537984, 0.18527069836854934, 0.18688234835863113, 0.18728300631046296, 0.18767225369811058, 0.18679357237286037, 0.18692940659821033, 0.18596576696092432, 0.18853318826718765, 0.18958660066127778, 0.18882567311326662, 0.18766265412171682, 0.18859497209390005, 0.18879280363519987, 0.18790701627731324, 0.18729312221209207, 0.18865464348345995, 0.18840822051553166, 0.18924219012260438, 0.1880354466182845, 0.19006398618221282, 0.18705496340990066, 0.18681282897790272, 0.1845371186733246, 0.18666774928569793, 0.18883359879255296, 0.18838819985588393, 0.18947211354970933, 0.18866990825959615, 0.18586469690004984, 0.18704212903976442, 0.18821854293346404, 0.18915318697690964, 0.1889420130423137, 0.1884229376912117, 0.18479985296726226, 0.18831464846928914, 0.18736324831843376, 0.1865144004424413, 0.18831428606063128, 0.18870754277004914, 0.18524134502961084, 0.1889206480521422, 0.1881157139937083, 0.18780916233857473, 0.18842769000265333, 0.1889786973595619, 0.1867699811855952, 0.18801001211007437, 0.18729468528181314, 0.18898296898061578, 0.18474121888478598, 0.18886656016111375, 0.18734335402647653, 0.18944974367817244, 0.18684721418789454, 0.1889984871332462, 0.1881643960873286, 0.18772132694721222, 0.18841902762651444, 0.1898976668715477, 0.1891069288055102, 0.18789489567279816, 0.18647654503583908, 0.19026674436671392, 0.18794901917378107, 0.18654891848564148, 0.18889106512069703, 0.1884342698114259, 0.18744956851005554, 0.18840282261371613, 0.1886228601137797, 0.1889618828892708, 0.18820535178695405, 0.18767849871745476, 0.18770615259806314, 0.18813964817672968, 0.1881917757647378, 0.18647169768810273, 0.18900501430034639, 0.18880740702152252, 0.18825241261058384, 0.1883378011338851, 0.19129993468523027, 0.18697634637355803, 0.18876056692429952, 0.18695376068353653, 0.18769177049398422, 0.18474705666303634, 0.18671422451734543, 0.18838886264711618, 0.18689024746417998, 0.18800259209596193, 0.18962235748767853, 0.19031326323747635, 0.1863706328652122, 0.18770239055156707, 0.1897143902523177, 0.18990206842621168, 0.18877226228897387, 0.1877259850502014, 0.18723842637105423, 0.1871489676145407, 0.18602960895408283, 0.18591042421758175, 0.1874695054509423, 0.18887648582458497, 0.18812451511621475, 0.1880934089422226, 0.18793681439231424, 0.1884121149778366, 0.18983343839645386, 0.18789956825120108, 0.18802674015363058, 0.18797725563248, 0.18835156614130194, 0.18932577636506823, 0.1875159665942192, 0.18724540372689566, 0.18924730867147446, 0.18775681832007, 0.1874165145250467, 0.1880587374462801, 0.1873454988002777, 0.1908690265633843, 0.18786498308181762, 0.1888094013556838, 0.18828517446915308, 0.18719499959395483, 0.18776819275485146, 0.18829901745686164, 0.18940000360210738, 0.18606087267398835, 0.18561704705158869, 0.1877488995140249, 0.18606014632516438, 0.18728672713041306, 0.18852949539820354, 0.18689067165056863, 0.1884580838183562, 0.1881936722331577, 0.1887194166580836, 0.18575468212366103, 0.18896038371783036, 0.18819371949542651, 0.1875936617453893, 0.18654327883439906, 0.18822013480322702, 0.1868563654522101, 0.18561594784259797, 0.18926736464103064, 0.18712752064069113, 0.187978791197141, 0.18806919881275722, 0.18935241243418524, 0.18752932022599614, 0.18732780516147612, 0.1879237483848225, 0.18986857496201992, 0.1873835576698184, 0.18972228070100147, 0.18613747358322144, 0.18712576131025951, 0.1888506755232811, 0.18704368505212995, 0.1870996816591783, 0.18776382418239818, 0.1876652900661741, 0.18778033554553986, 0.1894822237747056, 0.1877091000477473, 0.18581633965174357, 0.18783277831971645, 0.18710857350379229, 0.18855029081597047, 0.1890630220825022, 0.1876342022105267, 0.18951895708839098, 0.18747569276736334, 0.1879737600684166, 0.1872380319982767, 0.18734445571899414, 0.18808443564921618, 0.18946480005979538, 0.1886454394885472, 0.18639172315597535, 0.18587330728769302, 0.1882594605286916, 0.18928302973508834, 0.1869962126016617, 0.189046248793602, 0.1864880928221871, 0.1878102719783783, 0.18993343263864518, 0.1872117926677068, 0.18921132783095043, 0.1853682020535836, 0.18588617985898798, 0.18908159960718715, 0.18850127886980772, 0.18874166533350945, 0.18553978701432547, 0.1882653066090175, 0.18704456835985184, 0.18920664895664563, 0.18704054206609727, 0.18740994234879813, 0.1889585942029953, 0.18764612516936133, 0.1877531811594963, 0.18892126381397248, 0.18597455961363657, 0.18701388984918593, 0.18718652725219725, 0.187599149843057, 0.18778432626277208, 0.18863351394732794, 0.18557005307891153, 0.18940315395593643, 0.18870013654232026, 0.18717897886579687, 0.18668276497295924, 0.18923674523830414, 0.1875072568655014, 0.18724605292081833, 0.18691213329633077, 0.188629270841678, 0.1859805335601171, 0.18850531280040742, 0.18785282427614386, 0.18868754591260636, 0.18887692460646996, 0.18755718444784483, 0.1877960483233134, 0.18696991067666274, 0.1885944426059723, 0.18725799173116683, 0.18703452348709107, 0.18812162056565285, 0.18805468759753488, 0.18903298013740116, 0.18822822932686126, 0.18754032999277115, 0.18862747848033906, 0.18840001275142035, 0.18728738650679588, 0.18774725248416266, 0.18629114826520285, 0.18827114701271058, 0.18891583979129792, 0.18831580711735618, 0.18956112563610078, 0.18785282075405121, 0.18557047385435838, 0.1863802011523928, 0.1876349260409673, 0.18839644333895514, 0.18717769107648305, 0.18781873136758803, 0.18719015568494796, 0.18931965995579958, 0.18701248683712698, 0.18921536356210708, 0.1866564467549324, 0.1879600505618488, 0.18804638783137004, 0.18806511270148413, 0.18975972181016748, 0.1856736958026886, 0.18646814674139023, 0.1857848401580538, 0.1872597853342692, 0.18899547365995553, 0.19006666716407328, 0.1870110069329922, 0.18822426987545832, 0.18845588266849517, 0.18854997605085372, 0.18732675909996033, 0.1874643698334694, 0.1876912150118086, 0.1884609043598175, 0.1871646205584208, 0.19007814356258937, 0.18663305789232254, 0.1878519167502721, 0.18703017085790635, 0.1885779639085134, 0.18652752600610256, 0.18797071557492018, 0.18788670698801677, 0.188388654589653, 0.18767821341753005, 0.19095501427849135, 0.18799110502004623, 0.18786352773507436, 0.18876636347600392, 0.18744370838006338, 0.18798702706893286, 0.18601992832762854, 0.18820423483848572, 0.1880304974814256, 0.18739063862492056, 0.18743503619642818, 0.18578608002927569, 0.18663584154385787, 0.18795176595449448, 0.1867573618888855, 0.18661917658413157, 0.18818535723469473, 0.1889275197799389, 0.18858853975931802, 0.1890399567782879, 0.18682393431663513, 0.18637228136261305, 0.19041387637456259, 0.1875635920202031, 0.18638597130775453, 0.18834476470947265, 0.18733700489004454, 0.1897525429725647, 0.18720797499020894, 0.18828085200353104, 0.18837689540602945, 0.19047075853897974, 0.1871829793641442, 0.18685083768584512, 0.18674301207065583, 0.18632206519444783, 0.18940783540407816, 0.18741720341719115, 0.18654810923796433, 0.18704123497009278, 0.18736577332019805, 0.18712698072195053, 0.18665811419487, 0.18778921539584795, 0.18825038615614176, 0.18567966466600244, 0.1862479086433138, 0.18808513879776, 0.18798759808907142, 0.18846339384714764, 0.18690217634042103, 0.18828470734032718, 0.18827131688594817, 0.1886294741522182, 0.18765519674007708, 0.18709411285817623, 0.18762877881526946, 0.18708869814872742, 0.18635834629336992, 0.18872929457575083, 0.18844477154991843, 0.18770072857538858, 0.18805741369724274, 0.18917294777929783, 0.18718867500623068, 0.18788589702712166, 0.18508680611848832, 0.18903511336871556, 0.18846574053168297, 0.18751881420612335, 0.18771858857228205, 0.18820250034332275, 0.18958176796634993, 0.18747511735329261, 0.18732271068974546, 0.18820207118988036, 0.18825201419266788, 0.18664567172527313, 0.18786031901836395, 0.18703633453696966, 0.18922362029552459, 0.190508301059405, 0.18887248635292053, 0.18603604286909103, 0.184534852206707, 0.18944795802235603, 0.18738408014178276, 0.18630353609720865, 0.1877563286286134, 0.1857783943414688, 0.1883110972121358, 0.18945737555623055, 0.18529253985200608, 0.18742525442080063, 0.18784896098077297, 0.18714844367720865, 0.1877009914471553, 0.18849637508392333, 0.1859999274214109, 0.18865893594920635, 0.18949884573618572, 0.18835420267922537, 0.18880091722194964, 0.1883462607860565, 0.18811965164016275, 0.18610321109493574, 0.18945086273280057, 0.1881674411041396, 0.18850881205155298, 0.19047467410564423, 0.18733560045560202, 0.18799648582935333, 0.18866720681007093, 0.1880252638033458, 0.18893957883119583, 0.18665752932429314, 0.18727073818445206, 0.18629845678806306, 0.1882023157981726, 0.1877310018647801, 0.1875611419479052, 0.18637752234935762, 0.1876097023487091, 0.1868113562464714, 0.18702734464948828, 0.18663683877541468, 0.18986745774745942, 0.188527449965477, 0.18973338874903592, 0.18946392368525267, 0.18964990228414536, 0.18597282767295836, 0.18558056950569152, 0.18865167597929636, 0.18686605710536242, 0.1869595836509358, 0.18776194378733635, 0.19346078236897787, 0.1855929738708905, 0.18765145327363694, 0.18841836508363485, 0.18693316876888275, 0.18894924372434616, 0.18669752155741057, 0.18795969883600872, 0.18670847813288372, 0.1880679617325465, 0.1903136968612671, 0.1881826788187027, 0.18774506720629605, 0.18833969001259124, 0.1874766210714976, 0.18838381329003503, 0.1871420070528984, 0.1898543406277895, 0.18731866099617697, 0.18728039860725404, 0.18814780563116074, 0.18654435724020005, 0.18858687113970518, 0.18812570869922637, 0.1892564296722412, 0.18822132618654341, 0.18776209404071173, 0.18822044829527537, 0.18781730668111282, 0.1888604977956185, 0.18953588511794806, 0.18656108127190515, 0.18846806748346848, 0.18910464644432068, 0.1883324682712555, 0.18693727552890776, 0.18915454745292665, 0.18645942956209183, 0.1885873136612085, 0.1882120907306671, 0.18755394491282376, 0.1878331889708837, 0.1888814389705658, 0.18706484138965607, 0.19038248275007522, 0.1851396547122435, 0.18425608724355697, 0.18708786616722742, 0.18842589110136032, 0.18764794414693658, 0.18711874024434524, 0.18841522373259068, 0.18783389989818847, 0.19058625400066376, 0.18657404610088893, 0.18820318778355916, 0.18889731081093059, 0.18868315007005418, 0.18700236082077026, 0.19010967245468727, 0.18978019600564783, 0.18744692206382751, 0.18641576170921326, 0.18836573418229818, 0.18673145174980163, 0.18870166058723742, 0.1888796736796697, 0.18935784697532654, 0.1896453956142068, 0.1860509623180736, 0.1864833938223975, 0.1858092195221356, 0.18588617940743765, 0.18590300778547922, 0.18671351273854572, 0.18879767258961996, 0.1879418326748742, 0.18773810916087208, 0.18898574872450394, 0.18825928568840028, 0.1894484988667748, 0.18813051730394365, 0.18612578759590784, 0.18789111884931722, 0.18714772071689367, 0.1890300674871965, 0.1870057868460814, 0.18743893153527202, 0.18765985096494356, 0.18940037576591268, 0.188607924750873, 0.18837602270974052, 0.18809205719402858, 0.1867905743420124, 0.1885822783498203, 0.18769251462072134, 0.18856641921130093, 0.18808193504810333, 0.18901713724647248, 0.18663178559611826, 0.18745058889572436, 0.18611871600151061, 0.18965171803446376, 0.18677062913775444, 0.1874629110097885, 0.18800448005398115, 0.18688894477155474, 0.18740699291229249, 0.18909925435270583, 0.18904317021369935, 0.18767976354468952, 0.1860481703823263, 0.18671754534755433, 0.18917852143446603, 0.1882887507478396, 0.18823629732315356, 0.18951116800308226, 0.1858068938766207, 0.18819402293725448, 0.1887770010666414, 0.1884415845076243, 0.18864221374193826, 0.18682237155735493, 0.19006171280687506, 0.18861641165088205, 0.18590705638582056, 0.18775799081606023, 0.1871312769750754, 0.1884067165000098, 0.18821262940764427, 0.18680940568447113, 0.18648642022162676, 0.18724052939150068, 0.1861611972252528, 0.1882532551884651, 0.18943529895373754, 0.18671044260263442, 0.18789017839091166, 0.1874261498451233, 0.18804309991273013, 0.18872383466133705, 0.18851440196687524, 0.18692976633707684, 0.18690518396241323, 0.18918991982936859, 0.18651013573010763, 0.1864270559128593, 0.18767305260354822, 0.18953734263777733, 0.1884081717580557, 0.1881188968817393, 0.18664738349616528, 0.188584087526097, 0.188142924507459, 0.18674518167972565, 0.1875627025961876, 0.1877853016058604, 0.18914474546909332, 0.1866026669740677, 0.1889011710882187, 0.18853112757205964, 0.1872497722506523, 0.18755917038236344, 0.18976249638944864, 0.1872483303149541, 0.18609285851319632, 0.18634799495339394, 0.1878127617140611, 0.18862432862321535, 0.18942280982931456, 0.18864932358264924, 0.18716413229703904, 0.18786644736925762, 0.18878046490929343, 0.1868887897580862, 0.18765124465738023, 0.18902969360351562, 0.18720770478248597, 0.18819621867603725, 0.18809197843074799, 0.18791484043878667, 0.18932800401340832, 0.1878448560833931, 0.18702295881051284, 0.18692573446493882, 0.18815896511077881, 0.1872472209589822, 0.18816244271066454, 0.18746168712774913, 0.18719962518662214, 0.18702927380800247, 0.18877472976843515, 0.1880919575691223, 0.1870733474691709, 0.18819125462323427, 0.18722984492778777, 0.18762301206588744, 0.18781400119003497, 0.18854795023798943, 0.1871649609370665, 0.19041027501225471, 0.1862532730613436, 0.18853379289309183, 0.1882188431918621, 0.18663394302129746, 0.18774533569812774, 0.1871471146742503, 0.18738534301519394, 0.1872446806657882, 0.185273677110672, 0.18633807450532913, 0.18849970698356627, 0.1897783786058426, 0.18823141952355701, 0.18711348107227913, 0.18955089037234968, 0.18860159814357758, 0.19192640632390975, 0.18666847149531046, 0.1875044566889604, 0.1871014485756556, 0.18771829373306698, 0.18765321373939514, 0.18944514493147532, 0.18686992675065994, 0.18868913998206457, 0.18703577816486358, 0.18669340827248312, 0.18723170210917792, 0.18630889058113098, 0.18875424834814938, 0.1894689007447316, 0.1881946557097965, 0.1877399223546187, 0.18781383459766707, 0.18727042697943175, 0.1864937201142311, 0.18741529909047214, 0.18689829806486766, 0.1866272807121277, 0.18618122339248658, 0.1880482792854309, 0.18654840496870187, 0.18842953741550444, 0.1887517675757408, 0.18588429192701975, 0.18861686151761275, 0.18689123193422955, 0.18564771364132562, 0.18703073915094137, 0.18920948108037314, 0.18758875280618667, 0.18856180662458594, 0.189349594215552, 0.18795574108759563, 0.18877843187914956, 0.18806722164154052, 0.18710841424763203, 0.18873571852842966, 0.18851291884978613, 0.18694105673403966, 0.18736007596765245, 0.18792538158595562, 0.18618279289115558, 0.1881249723955989, 0.1875388224919637, 0.18679122378428778, 0.18623078465461732, 0.18986755217376508, 0.18953509504596391, 0.18718097110589346, 0.18740787655115126, 0.18803763389587402, 0.1869362931359898, 0.187735782066981, 0.18631993141025305, 0.18952870865662894, 0.18691750466823578, 0.18895599246025085, 0.1862002154191335, 0.18843741218249002, 0.18708028495311738, 0.18817241986592612, 0.187995171174407, 0.18908088530103365, 0.18419223874807358, 0.18771211430430412, 0.18749592453241348, 0.18741790503263472, 0.18865229040384293, 0.18760769642316377, 0.18870964348316194, 0.18732150693734487, 0.18541002422571182, 0.1881134882569313, 0.18701922396818796, 0.1888725241025289, 0.19020621134684637, 0.18791196644306182, 0.18905167877674103, 0.18904337783654532, 0.18670026659965516, 0.1890473634004593, 0.18785571945565088, 0.1855953425168991, 0.19003913203875225, 0.18715483908142364, 0.1888621047139168, 0.18787237576075963, 0.18892046958208084, 0.1873744921758771, 0.18523209338838403, 0.18724638885921902, 0.18874920308589935, 0.1872857106583459, 0.1880180761218071, 0.18893239037557083, 0.18691103630944303, 0.18774114400148392, 0.1893295149008433, 0.18793724228938422, 0.18617165661775148, 0.18682037759572268, 0.18943883585078375, 0.18750470131635666, 0.1867763802409172, 0.18645975100142614, 0.18964752554893494, 0.18680228751439315, 0.18573298247960898, 0.18888283371925355, 0.18777905723878316, 0.18867090073498813, 0.18863991608745173, 0.1871332362294197, 0.18954009431249955, 0.18826803006231785, 0.1874055397861144, 0.18725773429169373, 0.18692094832658768, 0.18547340979178747, 0.18942122161388397, 0.18817838728427888, 0.18772638073334327, 0.18757465481758118, 0.1869723866967594, 0.18574591279029845, 0.18894753698259592, 0.18885723352432252, 0.18744655742364771, 0.1906381125251452, 0.18755608338576096, 0.18743922809759775, 0.1878020290066214, 0.18721756990998983, 0.18812993782408097, 0.1868265780309836, 0.18583935728439918, 0.1875700682401657, 0.18842900693416595, 0.18788734277089436, 0.18672060327870504, 0.18863074630498886, 0.18926863830823165, 0.1884087132556098, 0.18731508255004883, 0.18898754634640433, 0.1881870465974013, 0.1883348934352398, 0.18687609296578628, 0.18944785594940186, 0.18504982441663742, 0.1885364423195521, 0.18664503718415895, 0.18679052498191595, 0.18818693436109102, 0.18836538592974345, 0.1866037477465237, 0.18639266956597567, 0.18747235387563704, 0.18888708651065828, 0.1873993082688405, 0.18710450402327947, 0.18828652054071426, 0.18636579314867655, 0.1870215960911342, 0.18706331253051758, 0.18644277056058248, 0.18816510463754335, 0.18615377650541418, 0.1874819823673793, 0.1876767759139721, 0.1859513506293297, 0.18633763392766317, 0.18911046038071314, 0.19027164578437805, 0.18754431419074535, 0.1865274884871074, 0.18908907162646452, 0.1901884824037552, 0.18760428950190544, 0.1873597800731659, 0.18754608432451883, 0.18837083188387063, 0.18779866503817694, 0.1894439200560252, 0.18679499219764362, 0.1887229025363922, 0.18897945899516344, 0.1882635086774826, 0.18612242341041565, 0.18709456734359264, 0.18632776935895284, 0.18851346770922342, 0.1898288604888049, 0.18776611089706421, 0.18508612861235937, 0.18920107632875444, 0.18727996051311493, 0.18460378609597683, 0.18478334523164308, 0.18780999133984247, 0.1874857783317566, 0.18818897096549764, 0.18754542246460915, 0.18871925622224808, 0.18932806700468063, 0.18713783286511898, 0.18719149082899095, 0.18788554867108662, 0.18713664435423338, 0.18636645178000133, 0.1883239284157753, 0.1881219784418742, 0.1883213488118989, 0.18790248334407805, 0.1893812801156725, 0.18706506987412772, 0.18708822925885518, 0.18895262877146404, 0.18707691319286823, 0.1860571801662445, 0.187979186574618, 0.18969072507960455, 0.18756758123636247, 0.18980636046482965, 0.18758190939059624, 0.18922040611505508, 0.18646352205957686, 0.1865880624814467, 0.18828624114394188, 0.18994448830684027, 0.18797683309425006, 0.1887056956688563, 0.18692676424980165, 0.18954277783632278, 0.18598319962620735, 0.18789456288019815, 0.1882283893915323, 0.18842688451210657, 0.18824280003706614, 0.1875849297413459, 0.18752317305873423, 0.1873874694108963, 0.18731702417135238, 0.18749386568864188, 0.18827140650578908, 0.18754265588872573, 0.1889768825335936, 0.187262301998479, 0.18947631418704985, 0.18735497320691744, 0.18877200285593668, 0.18745291233062744, 0.18688857643043294, 0.1859014369547367, 0.18791620153933764, 0.1886877933373818, 0.1878783072416599, 0.1887141764163971, 0.18754782017908597, 0.1886445707999743, 0.1882854536175728, 0.1877222148080667, 0.18672532141208648, 0.18674146011471748, 0.1851034641265869, 0.18713647027810415, 0.18683228691418965, 0.1892902354399363, 0.18649667352437974, 0.1870947824074672, 0.18877004938466208, 0.1886914148926735, 0.18911900743842125, 0.1880561038851738, 0.18836009701093037, 0.18802778948755824, 0.18934184448285538, 0.1873765543103218, 0.18858593702316284, 0.18875889852643013, 0.18781886994838715, 0.18649304285645485, 0.1883987178405126, 0.18705973143760973, 0.18829549998044967, 0.18868274887402853, 0.18688685160416824, 0.1880842074751854, 0.18554286429515252, 0.18899707198143006, 0.18694797654946646, 0.1878413768375621, 0.18872160712877908, 0.18623087727106535, 0.18599807413724753, 0.1882495187661227, 0.18803336471319199, 0.18736913353204726, 0.18699876815080643, 0.1862438138988283, 0.18918149638921022, 0.18685253088672957, 0.18848468363285065, 0.18809750080108642, 0.18670532745974405, 0.18749107207570756, 0.18930546790361405, 0.1873270347714424, 0.18763796182779166, 0.18455227315425873, 0.1897228479385376, 0.18659390343560112, 0.1870768591761589, 0.18638363480567932, 0.18850810453295708, 0.1886858567595482, 0.18827304740746817, 0.1898578594128291, 0.18719041844209036, 0.18575691431760788, 0.18831203753749529, 0.187981943999018, 0.18668079748749733, 0.18653015260185515, 0.18873659173647564, 0.1864490256859706, 0.18618737161159515, 0.18732590104142824, 0.18944894770781198, 0.18848418657268798, 0.1884682455233165, 0.1887638787428538, 0.18865752334778124, 0.1896713837981224, 0.18613286912441254, 0.1858741616209348, 0.18599890066044672, 0.18592752888798714, 0.1862441533141666, 0.19079025983810424, 0.18813845940998622, 0.18812643736600876, 0.19010176807641982, 0.1886272206902504, 0.18725974006312235, 0.1892915889620781, 0.18774191538492838, 0.18748445235765898, 0.18982762098312378, 0.1871697832556332, 0.18791487948461014, 0.18754510475056513, 0.18939213547855616, 0.1842575062598501, 0.18800683745316096, 0.18778840576608977, 0.1875753492116928, 0.18977037320534387, 0.187074343363444, 0.18948779864744705, 0.18719927072525025, 0.1872400850057602, 0.18814880276719728, 0.18873907128969827, 0.1897537223994732, 0.18776124872659383, 0.18791644700935908, 0.18805329501628876, 0.18591163754463197, 0.18857679963111879, 0.18715429902076722, 0.1901072899500529, 0.18646042235195637, 0.19020590037107468, 0.18746475875377655, 0.1861280451218287, 0.18501894582401623, 0.1894331822792689, 0.18697096904118857, 0.18645134419202805, 0.18409910351037978, 0.18876950641473134, 0.18625928576175982, 0.18787558376789093, 0.18761820159852505, 0.18811340088194067, 0.18722946047782899, 0.1868859486920493, 0.1882690687974294, 0.18695004628254816, 0.18920139617779674, 0.19002530599633852, 0.18772360043866293, 0.18733537942171097, 0.18760221948226294, 0.18720823526382446, 0.18661501672532824, 0.18669918392385756, 0.18853391363070562, 0.18666390577952066, 0.1874113341172536, 0.18733225587536306, 0.18838926191840852, 0.18789573344919416, 0.1865910982543772, 0.18711720407009125, 0.18873191624879837, 0.18786558012167612, 0.1879099002107978, 0.18744657536347706, 0.18659915987934386, 0.18737039417028428, 0.18785574845969677, 0.18588502705097198, 0.18801457285881043, 0.18783210813999177, 0.18845755457878113, 0.18786745369434357, 0.1880920504530271, 0.18725696549965784, 0.1870645359158516, 0.18601268880507527, 0.18937096651643515, 0.18730183276865217, 0.18812109132607777, 0.18655448257923127, 0.18706401884555818, 0.18738138526678086, 0.18610222339630128, 0.18834254518151283, 0.18626285683025012, 0.18626393513246017, 0.1884056086602964, 0.18720833040200746, 0.18868026543747296, 0.18927787492672601, 0.18810794028368863, 0.18812595995572898, 0.1898103164775031, 0.187178897857666, 0.18867496997117997, 0.18812886128822962, 0.19031026688489047, 0.18669981509447098, 0.18974916487932206, 0.1888930638631185, 0.18851340413093567, 0.18735745350519817, 0.1869666114449501, 0.18761065282991954, 0.18545578867197038, 0.18640742326776186, 0.1883522351582845, 0.1870352003504248, 0.18808017671108246, 0.18730431381199095, 0.18668372134367625, 0.1894609738479961, 0.18756554027398428, 0.1885617971420288, 0.18703190783659618, 0.1868225023150444, 0.18878018178723074]}