('OC-FakeDect1 (Trained on DFDB Dataset)  \nTested on RND NeuralTextures Dataset  \nRunning Average Evaluation', 'OC-FakeDect1_DFDB', 'DFDB', 'OC-FakeDect1_DFDB_raeonNTrnd')
auroc=0.5011738409975001
f1=0.46216583597643857
prec=0.42218543046357615
recall=0.5105105105105106

fpr=[0.0, 0.5105105105105106, 1.0]

tpr=[0.0, 0.5128581925055107, 1.0]

y_true=[0, 0, 0, 0, 0, 0, 0, 0, 0, 0, 0, 0, 0, 0, 0, 0, 0, 0, 0, 0, 0, 0, 0, 0, 0, 0, 0, 0, 0, 0, 0, 0, 0, 0, 0, 0, 0, 0, 0, 0, 0, 0, 0, 0, 0, 0, 0, 0, 0, 0, 0, 0, 0, 0, 0, 0, 0, 0, 0, 0, 0, 0, 0, 0, 0, 0, 0, 0, 0, 0, 0, 0, 0, 0, 0, 0, 0, 0, 0, 0, 0, 0, 0, 0, 0, 0, 0, 0, 0, 0, 0, 0, 0, 0, 0, 0, 0, 0, 0, 0, 0, 0, 0, 0, 0, 0, 0, 0, 0, 0, 0, 0, 0, 0, 0, 0, 0, 0, 0, 0, 0, 0, 0, 0, 0, 0, 0, 0, 0, 0, 0, 0, 0, 0, 0, 0, 0, 0, 0, 0, 0, 0, 0, 0, 0, 0, 0, 0, 0, 0, 0, 0, 0, 0, 0, 0, 0, 0, 0, 0, 0, 0, 0, 0, 0, 0, 0, 0, 0, 0, 0, 0, 0, 0, 0, 0, 0, 0, 0, 0, 0, 0, 0, 0, 0, 0, 0, 0, 0, 0, 0, 0, 0, 0, 0, 0, 0, 0, 0, 0, 0, 0, 0, 0, 0, 0, 0, 0, 0, 0, 0, 0, 0, 0, 0, 0, 0, 0, 0, 0, 0, 0, 0, 0, 0, 0, 0, 0, 0, 0, 0, 0, 0, 0, 0, 0, 0, 0, 0, 0, 0, 0, 0, 0, 0, 0, 0, 0, 0, 0, 0, 0, 0, 0, 0, 0, 0, 0, 0, 0, 0, 0, 0, 0, 0, 0, 0, 0, 0, 0, 0, 0, 0, 0, 0, 0, 0, 0, 0, 0, 0, 0, 0, 0, 0, 0, 0, 0, 0, 0, 0, 0, 0, 0, 0, 0, 0, 0, 0, 0, 0, 0, 0, 0, 0, 0, 0, 0, 0, 0, 0, 0, 0, 0, 0, 0, 0, 0, 0, 0, 0, 0, 0, 0, 0, 0, 0, 0, 0, 0, 0, 0, 0, 0, 0, 0, 0, 0, 0, 0, 0, 0, 0, 0, 0, 0, 0, 0, 0, 0, 0, 0, 0, 0, 0, 0, 0, 0, 0, 0, 0, 0, 0, 0, 0, 0, 0, 0, 0, 0, 0, 0, 0, 0, 0, 0, 0, 0, 0, 0, 0, 0, 0, 0, 0, 0, 0, 0, 0, 0, 0, 0, 0, 0, 0, 0, 0, 0, 0, 0, 0, 0, 0, 0, 0, 0, 0, 0, 0, 0, 0, 0, 0, 0, 0, 0, 0, 0, 0, 0, 0, 0, 0, 0, 0, 0, 0, 0, 0, 0, 0, 0, 0, 0, 0, 0, 0, 0, 0, 0, 0, 0, 0, 0, 0, 0, 0, 0, 0, 0, 0, 0, 0, 0, 0, 0, 0, 0, 0, 0, 0, 0, 0, 0, 0, 0, 0, 0, 0, 0, 0, 0, 0, 0, 0, 0, 0, 0, 0, 0, 0, 0, 0, 0, 0, 0, 0, 0, 0, 0, 0, 0, 0, 0, 0, 0, 0, 0, 0, 0, 0, 0, 0, 0, 0, 0, 0, 0, 0, 0, 0, 0, 0, 0, 0, 0, 0, 0, 0, 0, 0, 0, 0, 0, 0, 0, 0, 0, 0, 0, 0, 0, 0, 0, 0, 0, 0, 0, 0, 0, 0, 0, 0, 0, 0, 0, 0, 0, 0, 0, 0, 0, 0, 0, 0, 0, 0, 0, 0, 0, 0, 0, 0, 0, 0, 0, 0, 0, 0, 0, 0, 0, 0, 0, 0, 0, 0, 0, 0, 0, 0, 0, 0, 0, 0, 0, 0, 0, 0, 0, 0, 0, 0, 0, 0, 0, 0, 0, 0, 0, 0, 0, 0, 0, 0, 0, 0, 0, 0, 0, 0, 0, 0, 0, 0, 0, 0, 0, 0, 0, 0, 0, 0, 0, 0, 0, 0, 0, 0, 0, 0, 0, 0, 0, 0, 0, 0, 0, 0, 0, 0, 0, 0, 0, 0, 0, 0, 0, 0, 0, 0, 0, 0, 0, 0, 0, 0, 0, 0, 0, 0, 0, 0, 0, 0, 0, 0, 0, 0, 0, 0, 0, 0, 0, 0, 0, 0, 0, 0, 0, 0, 0, 0, 0, 0, 0, 0, 0, 0, 0, 0, 0, 0, 0, 0, 0, 0, 0, 0, 0, 0, 0, 0, 0, 0, 0, 0, 0, 0, 0, 0, 0, 0, 0, 0, 0, 0, 0, 0, 0, 0, 0, 0, 0, 0, 0, 0, 0, 0, 0, 0, 0, 0, 0, 0, 0, 0, 0, 0, 0, 0, 0, 0, 0, 0, 0, 0, 0, 0, 0, 0, 0, 0, 0, 0, 0, 0, 0, 0, 0, 0, 0, 0, 0, 0, 0, 0, 0, 0, 0, 0, 0, 0, 0, 0, 0, 0, 0, 0, 0, 0, 0, 0, 0, 0, 0, 0, 0, 0, 0, 0, 0, 0, 0, 0, 0, 0, 0, 0, 0, 0, 0, 0, 0, 0, 0, 0, 0, 0, 0, 0, 0, 0, 0, 0, 0, 0, 0, 0, 0, 0, 0, 0, 0, 0, 0, 0, 0, 0, 0, 0, 0, 0, 0, 0, 0, 0, 0, 0, 0, 0, 0, 0, 0, 0, 0, 0, 0, 0, 0, 0, 0, 0, 0, 0, 0, 0, 0, 0, 0, 0, 0, 0, 0, 0, 0, 0, 0, 0, 0, 0, 0, 0, 0, 0, 0, 0, 0, 0, 0, 0, 0, 0, 0, 0, 0, 0, 0, 0, 0, 0, 0, 0, 0, 0, 0, 0, 0, 0, 0, 0, 0, 0, 0, 0, 0, 0, 0, 0, 0, 0, 0, 0, 0, 0, 0, 0, 0, 0, 0, 0, 0, 0, 0, 0, 0, 0, 0, 0, 0, 0, 0, 0, 0, 0, 0, 0, 0, 0, 0, 0, 0, 0, 0, 0, 0, 0, 0, 0, 0, 0, 0, 0, 0, 0, 0, 0, 0, 0, 0, 0, 0, 0, 0, 0, 0, 0, 0, 0, 0, 0, 0, 0, 0, 0, 0, 0, 0, 0, 0, 0, 0, 0, 0, 0, 0, 0, 0, 0, 0, 0, 0, 0, 0, 0, 0, 0, 0, 0, 0, 0, 0, 0, 0, 0, 0, 0, 0, 0, 0, 0, 0, 0, 0, 0, 0, 0, 0, 0, 0, 0, 0, 0, 0, 0, 0, 0, 0, 0, 0, 0, 0, 0, 0, 0, 0, 0, 0, 0, 0, 0, 0, 0, 0, 0, 0, 0, 0, 0, 0, 0, 0, 0, 0, 0, 0, 0, 0, 0, 0, 0, 0, 0, 0, 0, 0, 0, 0, 0, 0, 0, 0, 0, 0, 0, 0, 0, 0, 0, 0, 0, 0, 0, 0, 0, 0, 0, 0, 0, 0, 0, 0, 0, 0, 0, 0, 0, 0, 0, 0, 0, 0, 0, 0, 0, 0, 0, 0, 0, 0, 0, 0, 0, 0, 0, 0, 0, 0, 0, 0, 0, 0, 0, 0, 0, 0, 0, 0, 0, 0, 0, 0, 0, 0, 0, 0, 0, 0, 0, 0, 0, 0, 0, 0, 0, 0, 0, 0, 0, 0, 0, 0, 0, 0, 0, 0, 0, 0, 0, 0, 0, 0, 0, 0, 0, 0, 0, 0, 0, 0, 0, 0, 0, 0, 0, 0, 0, 0, 0, 0, 0, 0, 0, 0, 0, 0, 0, 0, 0, 0, 0, 0, 0, 0, 0, 0, 0, 0, 0, 0, 0, 0, 0, 0, 0, 0, 0, 0, 0, 0, 0, 0, 0, 0, 0, 0, 0, 0, 0, 0, 0, 0, 0, 0, 0, 0, 0, 0, 0, 0, 0, 0, 0, 0, 0, 0, 0, 0, 0, 0, 0, 0, 0, 0, 0, 0, 0, 0, 0, 0, 0, 0, 0, 0, 0, 0, 0, 0, 0, 0, 0, 0, 0, 0, 0, 0, 0, 0, 0, 0, 0, 0, 0, 0, 0, 0, 0, 0, 0, 0, 0, 0, 0, 0, 0, 0, 0, 0, 0, 0, 0, 0, 0, 0, 0, 0, 0, 0, 0, 0, 0, 0, 0, 0, 0, 0, 0, 0, 0, 0, 0, 0, 0, 0, 0, 0, 0, 0, 0, 0, 0, 0, 0, 0, 0, 0, 0, 0, 0, 0, 0, 0, 0, 0, 0, 0, 0, 0, 0, 0, 0, 0, 0, 0, 0, 0, 0, 0, 0, 0, 0, 0, 0, 0, 0, 0, 0, 0, 0, 0, 0, 1, 1, 1, 1, 1, 1, 1, 1, 1, 1, 1, 1, 1, 1, 1, 1, 1, 1, 1, 1, 1, 1, 1, 1, 1, 1, 1, 1, 1, 1, 1, 1, 1, 1, 1, 1, 1, 1, 1, 1, 1, 1, 1, 1, 1, 1, 1, 1, 1, 1, 1, 1, 1, 1, 1, 1, 1, 1, 1, 1, 1, 1, 1, 1, 1, 1, 1, 1, 1, 1, 1, 1, 1, 1, 1, 1, 1, 1, 1, 1, 1, 1, 1, 1, 1, 1, 1, 1, 1, 1, 1, 1, 1, 1, 1, 1, 1, 1, 1, 1, 1, 1, 1, 1, 1, 1, 1, 1, 1, 1, 1, 1, 1, 1, 1, 1, 1, 1, 1, 1, 1, 1, 1, 1, 1, 1, 1, 1, 1, 1, 1, 1, 1, 1, 1, 1, 1, 1, 1, 1, 1, 1, 1, 1, 1, 1, 1, 1, 1, 1, 1, 1, 1, 1, 1, 1, 1, 1, 1, 1, 1, 1, 1, 1, 1, 1, 1, 1, 1, 1, 1, 1, 1, 1, 1, 1, 1, 1, 1, 1, 1, 1, 1, 1, 1, 1, 1, 1, 1, 1, 1, 1, 1, 1, 1, 1, 1, 1, 1, 1, 1, 1, 1, 1, 1, 1, 1, 1, 1, 1, 1, 1, 1, 1, 1, 1, 1, 1, 1, 1, 1, 1, 1, 1, 1, 1, 1, 1, 1, 1, 1, 1, 1, 1, 1, 1, 1, 1, 1, 1, 1, 1, 1, 1, 1, 1, 1, 1, 1, 1, 1, 1, 1, 1, 1, 1, 1, 1, 1, 1, 1, 1, 1, 1, 1, 1, 1, 1, 1, 1, 1, 1, 1, 1, 1, 1, 1, 1, 1, 1, 1, 1, 1, 1, 1, 1, 1, 1, 1, 1, 1, 1, 1, 1, 1, 1, 1, 1, 1, 1, 1, 1, 1, 1, 1, 1, 1, 1, 1, 1, 1, 1, 1, 1, 1, 1, 1, 1, 1, 1, 1, 1, 1, 1, 1, 1, 1, 1, 1, 1, 1, 1, 1, 1, 1, 1, 1, 1, 1, 1, 1, 1, 1, 1, 1, 1, 1, 1, 1, 1, 1, 1, 1, 1, 1, 1, 1, 1, 1, 1, 1, 1, 1, 1, 1, 1, 1, 1, 1, 1, 1, 1, 1, 1, 1, 1, 1, 1, 1, 1, 1, 1, 1, 1, 1, 1, 1, 1, 1, 1, 1, 1, 1, 1, 1, 1, 1, 1, 1, 1, 1, 1, 1, 1, 1, 1, 1, 1, 1, 1, 1, 1, 1, 1, 1, 1, 1, 1, 1, 1, 1, 1, 1, 1, 1, 1, 1, 1, 1, 1, 1, 1, 1, 1, 1, 1, 1, 1, 1, 1, 1, 1, 1, 1, 1, 1, 1, 1, 1, 1, 1, 1, 1, 1, 1, 1, 1, 1, 1, 1, 1, 1, 1, 1, 1, 1, 1, 1, 1, 1, 1, 1, 1, 1, 1, 1, 1, 1, 1, 1, 1, 1, 1, 1, 1, 1, 1, 1, 1, 1, 1, 1, 1, 1, 1, 1, 1, 1, 1, 1, 1, 1, 1, 1, 1, 1, 1, 1, 1, 1, 1, 1, 1, 1, 1, 1, 1, 1, 1, 1, 1, 1, 1, 1, 1, 1, 1, 1, 1, 1, 1, 1, 1, 1, 1, 1, 1, 1, 1, 1, 1, 1, 1, 1, 1, 1, 1, 1, 1, 1, 1, 1, 1, 1, 1, 1, 1, 1, 1, 1, 1, 1, 1, 1, 1, 1, 1, 1, 1, 1, 1, 1, 1, 1, 1, 1, 1, 1, 1, 1, 1, 1, 1, 1, 1, 1, 1, 1, 1, 1, 1, 1, 1, 1, 1, 1, 1, 1, 1, 1, 1, 1, 1, 1, 1, 1, 1, 1, 1, 1, 1, 1, 1, 1, 1, 1, 1, 1, 1, 1, 1, 1, 1, 1, 1, 1, 1, 1, 1, 1, 1, 1, 1, 1, 1, 1, 1, 1, 1, 1, 1, 1, 1, 1, 1, 1, 1, 1, 1, 1, 1, 1, 1, 1, 1, 1, 1, 1, 1, 1, 1, 1, 1, 1, 1, 1, 1, 1, 1, 1, 1, 1, 1, 1, 1, 1, 1, 1, 1, 1, 1, 1, 1, 1, 1, 1, 1, 1, 1, 1, 1, 1, 1, 1, 1, 1, 1, 1, 1, 1, 1, 1, 1, 1, 1, 1, 1, 1, 1, 1, 1, 1, 1, 1, 1, 1, 1, 1, 1, 1, 1, 1, 1, 1, 1, 1, 1, 1, 1, 1, 1, 1, 1, 1, 1, 1, 1, 1, 1, 1, 1, 1, 1, 1, 1, 1, 1, 1, 1, 1, 1, 1, 1, 1, 1, 1, 1, 1, 1, 1, 1, 1, 1, 1, 1, 1, 1, 1, 1, 1, 1, 1, 1, 1, 1, 1, 1, 1, 1, 1, 1, 1, 1, 1, 1, 1, 1, 1, 1, 1, 1, 1, 1, 1, 1, 1, 1, 1, 1, 1, 1, 1, 1, 1, 1, 1, 1, 1, 1, 1, 1, 1, 1, 1, 1, 1, 1, 1, 1, 1, 1, 1, 1, 1, 1, 1, 1, 1, 1, 1, 1, 1, 1, 1, 1, 1, 1, 1, 1, 1, 1, 1, 1, 1, 1, 1, 1, 1, 1, 1, 1, 1, 1, 1, 1, 1, 1, 1, 1, 1, 1, 1, 1, 1, 1, 1, 1, 1, 1, 1, 1, 1, 1, 1, 1, 1, 1, 1, 1, 1, 1, 1, 1, 1, 1, 1, 1, 1, 1, 1, 1, 1, 1, 1, 1, 1, 1, 1, 1, 1, 1, 1, 1, 1, 1, 1, 1, 1, 1, 1, 1, 1, 1, 1, 1, 1, 1, 1, 1, 1, 1, 1, 1, 1, 1, 1, 1, 1, 1, 1, 1, 1, 1, 1, 1, 1, 1, 1, 1, 1, 1, 1, 1, 1, 1, 1, 1, 1, 1, 1, 1, 1, 1, 1, 1, 1, 1, 1, 1, 1, 1, 1, 1, 1, 1, 1, 1, 1, 1, 1, 1, 1, 1, 1, 1, 1, 1, 1, 1, 1, 1, 1, 1, 1, 1, 1, 1, 1, 1, 1, 1, 1, 1, 1, 1, 1, 1, 1, 1]

y_pred=[1.0, 0.0, 1.0, 0.0, 1.0, 0.0, 1.0, 0.0, 0.0, 0.0, 1.0, 1.0, 1.0, 1.0, 1.0, 0.0, 0.0, 0.0, 1.0, 0.0, 0.0, 1.0, 1.0, 1.0, 0.0, 1.0, 0.0, 0.0, 0.0, 1.0, 1.0, 0.0, 0.0, 1.0, 0.0, 0.0, 1.0, 0.0, 0.0, 0.0, 0.0, 0.0, 1.0, 1.0, 1.0, 0.0, 1.0, 0.0, 0.0, 0.0, 1.0, 0.0, 1.0, 0.0, 1.0, 1.0, 1.0, 1.0, 1.0, 0.0, 1.0, 1.0, 1.0, 1.0, 1.0, 0.0, 0.0, 0.0, 1.0, 0.0, 1.0, 1.0, 1.0, 0.0, 0.0, 0.0, 0.0, 1.0, 0.0, 0.0, 0.0, 1.0, 0.0, 1.0, 0.0, 1.0, 1.0, 1.0, 1.0, 1.0, 0.0, 0.0, 1.0, 1.0, 1.0, 1.0, 0.0, 1.0, 0.0, 1.0, 1.0, 1.0, 1.0, 1.0, 1.0, 0.0, 1.0, 0.0, 1.0, 1.0, 0.0, 1.0, 0.0, 0.0, 1.0, 1.0, 0.0, 1.0, 0.0, 0.0, 1.0, 1.0, 1.0, 0.0, 1.0, 0.0, 0.0, 1.0, 0.0, 0.0, 1.0, 0.0, 1.0, 1.0, 0.0, 1.0, 1.0, 1.0, 0.0, 0.0, 0.0, 1.0, 1.0, 1.0, 1.0, 0.0, 1.0, 1.0, 0.0, 0.0, 0.0, 0.0, 0.0, 0.0, 1.0, 0.0, 0.0, 1.0, 0.0, 1.0, 1.0, 1.0, 1.0, 0.0, 0.0, 0.0, 1.0, 1.0, 1.0, 1.0, 0.0, 1.0, 1.0, 1.0, 1.0, 1.0, 1.0, 0.0, 0.0, 1.0, 1.0, 1.0, 1.0, 0.0, 0.0, 0.0, 1.0, 0.0, 0.0, 1.0, 0.0, 1.0, 1.0, 0.0, 0.0, 0.0, 1.0, 1.0, 0.0, 1.0, 0.0, 0.0, 1.0, 1.0, 1.0, 1.0, 0.0, 0.0, 1.0, 0.0, 0.0, 0.0, 0.0, 0.0, 1.0, 1.0, 0.0, 0.0, 1.0, 1.0, 0.0, 1.0, 0.0, 1.0, 0.0, 0.0, 0.0, 0.0, 0.0, 0.0, 0.0, 1.0, 0.0, 0.0, 0.0, 0.0, 1.0, 1.0, 1.0, 1.0, 1.0, 1.0, 1.0, 0.0, 1.0, 1.0, 0.0, 1.0, 1.0, 1.0, 0.0, 1.0, 1.0, 1.0, 1.0, 1.0, 0.0, 0.0, 1.0, 1.0, 0.0, 0.0, 0.0, 1.0, 1.0, 1.0, 1.0, 1.0, 0.0, 1.0, 0.0, 1.0, 0.0, 0.0, 0.0, 1.0, 1.0, 1.0, 0.0, 0.0, 1.0, 0.0, 0.0, 0.0, 0.0, 0.0, 0.0, 1.0, 1.0, 0.0, 0.0, 0.0, 0.0, 1.0, 0.0, 1.0, 0.0, 0.0, 1.0, 1.0, 1.0, 1.0, 0.0, 0.0, 1.0, 0.0, 1.0, 1.0, 1.0, 0.0, 0.0, 0.0, 1.0, 0.0, 0.0, 0.0, 0.0, 0.0, 0.0, 1.0, 0.0, 1.0, 0.0, 1.0, 1.0, 0.0, 0.0, 0.0, 1.0, 0.0, 0.0, 0.0, 0.0, 0.0, 1.0, 0.0, 0.0, 1.0, 0.0, 0.0, 1.0, 1.0, 1.0, 1.0, 0.0, 0.0, 1.0, 0.0, 1.0, 1.0, 1.0, 1.0, 0.0, 1.0, 0.0, 0.0, 1.0, 1.0, 0.0, 1.0, 1.0, 0.0, 1.0, 0.0, 0.0, 1.0, 0.0, 0.0, 0.0, 0.0, 1.0, 0.0, 0.0, 1.0, 0.0, 0.0, 0.0, 0.0, 0.0, 1.0, 1.0, 0.0, 0.0, 0.0, 0.0, 1.0, 0.0, 0.0, 1.0, 1.0, 1.0, 1.0, 1.0, 1.0, 1.0, 0.0, 0.0, 1.0, 1.0, 1.0, 1.0, 0.0, 1.0, 0.0, 1.0, 1.0, 0.0, 0.0, 0.0, 1.0, 0.0, 0.0, 0.0, 0.0, 0.0, 0.0, 0.0, 1.0, 1.0, 1.0, 1.0, 0.0, 1.0, 0.0, 0.0, 0.0, 1.0, 0.0, 1.0, 1.0, 1.0, 1.0, 0.0, 0.0, 1.0, 0.0, 0.0, 1.0, 1.0, 0.0, 0.0, 0.0, 0.0, 1.0, 1.0, 1.0, 0.0, 1.0, 1.0, 1.0, 1.0, 1.0, 0.0, 1.0, 1.0, 0.0, 1.0, 0.0, 1.0, 0.0, 1.0, 1.0, 1.0, 0.0, 1.0, 0.0, 1.0, 1.0, 1.0, 0.0, 0.0, 0.0, 0.0, 0.0, 0.0, 1.0, 0.0, 1.0, 0.0, 0.0, 1.0, 1.0, 0.0, 1.0, 1.0, 0.0, 1.0, 0.0, 1.0, 0.0, 1.0, 1.0, 0.0, 0.0, 1.0, 1.0, 1.0, 0.0, 1.0, 0.0, 0.0, 1.0, 0.0, 1.0, 1.0, 0.0, 1.0, 1.0, 0.0, 1.0, 0.0, 0.0, 1.0, 0.0, 0.0, 0.0, 1.0, 1.0, 0.0, 0.0, 1.0, 0.0, 1.0, 0.0, 0.0, 1.0, 0.0, 1.0, 0.0, 1.0, 0.0, 0.0, 0.0, 1.0, 1.0, 1.0, 1.0, 0.0, 0.0, 1.0, 1.0, 1.0, 0.0, 1.0, 0.0, 0.0, 0.0, 0.0, 0.0, 0.0, 1.0, 0.0, 1.0, 1.0, 1.0, 1.0, 0.0, 0.0, 0.0, 0.0, 1.0, 1.0, 1.0, 0.0, 1.0, 1.0, 0.0, 0.0, 0.0, 1.0, 1.0, 0.0, 0.0, 0.0, 0.0, 1.0, 0.0, 1.0, 1.0, 1.0, 1.0, 1.0, 0.0, 1.0, 1.0, 0.0, 1.0, 0.0, 0.0, 1.0, 1.0, 0.0, 0.0, 1.0, 0.0, 1.0, 0.0, 0.0, 1.0, 0.0, 1.0, 0.0, 1.0, 1.0, 1.0, 1.0, 1.0, 0.0, 0.0, 0.0, 1.0, 0.0, 1.0, 1.0, 0.0, 0.0, 0.0, 0.0, 1.0, 0.0, 0.0, 0.0, 1.0, 0.0, 0.0, 0.0, 0.0, 1.0, 0.0, 1.0, 0.0, 1.0, 0.0, 1.0, 0.0, 1.0, 1.0, 0.0, 1.0, 1.0, 1.0, 0.0, 1.0, 0.0, 0.0, 0.0, 0.0, 0.0, 1.0, 0.0, 0.0, 1.0, 0.0, 1.0, 1.0, 1.0, 0.0, 1.0, 1.0, 1.0, 1.0, 1.0, 1.0, 0.0, 0.0, 1.0, 0.0, 0.0, 1.0, 1.0, 1.0, 1.0, 1.0, 0.0, 0.0, 0.0, 0.0, 1.0, 1.0, 0.0, 1.0, 0.0, 0.0, 1.0, 0.0, 0.0, 1.0, 0.0, 1.0, 0.0, 0.0, 1.0, 1.0, 1.0, 1.0, 1.0, 1.0, 0.0, 0.0, 0.0, 0.0, 1.0, 0.0, 1.0, 1.0, 1.0, 1.0, 1.0, 0.0, 0.0, 0.0, 1.0, 0.0, 0.0, 0.0, 0.0, 1.0, 0.0, 1.0, 1.0, 0.0, 1.0, 1.0, 0.0, 0.0, 1.0, 0.0, 0.0, 0.0, 0.0, 1.0, 1.0, 0.0, 0.0, 0.0, 0.0, 1.0, 0.0, 0.0, 1.0, 0.0, 1.0, 0.0, 1.0, 1.0, 0.0, 0.0, 1.0, 0.0, 0.0, 1.0, 1.0, 0.0, 1.0, 1.0, 0.0, 1.0, 1.0, 1.0, 0.0, 1.0, 1.0, 1.0, 1.0, 1.0, 0.0, 1.0, 0.0, 0.0, 0.0, 1.0, 0.0, 1.0, 0.0, 0.0, 0.0, 1.0, 1.0, 0.0, 1.0, 0.0, 0.0, 0.0, 0.0, 0.0, 1.0, 0.0, 1.0, 1.0, 0.0, 0.0, 1.0, 1.0, 1.0, 0.0, 0.0, 1.0, 0.0, 0.0, 1.0, 1.0, 0.0, 0.0, 0.0, 0.0, 0.0, 0.0, 0.0, 1.0, 1.0, 1.0, 0.0, 1.0, 0.0, 1.0, 0.0, 0.0, 1.0, 1.0, 1.0, 1.0, 0.0, 1.0, 0.0, 1.0, 0.0, 1.0, 1.0, 1.0, 0.0, 1.0, 0.0, 0.0, 0.0, 1.0, 0.0, 0.0, 1.0, 1.0, 1.0, 1.0, 1.0, 0.0, 1.0, 1.0, 1.0, 0.0, 0.0, 1.0, 1.0, 0.0, 0.0, 1.0, 1.0, 1.0, 1.0, 1.0, 1.0, 0.0, 0.0, 0.0, 0.0, 0.0, 1.0, 1.0, 1.0, 1.0, 0.0, 0.0, 1.0, 0.0, 1.0, 1.0, 1.0, 1.0, 1.0, 0.0, 1.0, 0.0, 1.0, 1.0, 1.0, 0.0, 1.0, 1.0, 1.0, 0.0, 0.0, 1.0, 0.0, 1.0, 0.0, 1.0, 0.0, 0.0, 1.0, 1.0, 1.0, 0.0, 0.0, 0.0, 0.0, 0.0, 1.0, 1.0, 0.0, 0.0, 1.0, 0.0, 0.0, 1.0, 0.0, 0.0, 0.0, 1.0, 1.0, 0.0, 0.0, 0.0, 0.0, 1.0, 0.0, 0.0, 0.0, 1.0, 0.0, 1.0, 1.0, 1.0, 0.0, 0.0, 1.0, 0.0, 1.0, 0.0, 1.0, 0.0, 1.0, 0.0, 1.0, 0.0, 1.0, 1.0, 0.0, 1.0, 1.0, 0.0, 0.0, 1.0, 1.0, 1.0, 1.0, 1.0, 1.0, 1.0, 1.0, 0.0, 0.0, 1.0, 1.0, 0.0, 1.0, 1.0, 0.0, 0.0, 1.0, 0.0, 0.0, 1.0, 0.0, 1.0, 1.0, 1.0, 0.0, 0.0, 1.0, 1.0, 0.0, 1.0, 0.0, 1.0, 1.0, 1.0, 1.0, 0.0, 0.0, 0.0, 0.0, 1.0, 0.0, 0.0, 1.0, 1.0, 1.0, 1.0, 0.0, 0.0, 1.0, 0.0, 1.0, 1.0, 1.0, 1.0, 1.0, 0.0, 1.0, 1.0, 1.0, 1.0, 0.0, 1.0, 0.0, 0.0, 1.0, 1.0, 0.0, 0.0, 1.0, 1.0, 0.0, 1.0, 0.0, 0.0, 1.0, 0.0, 0.0, 0.0, 0.0, 0.0, 0.0, 0.0, 0.0, 0.0, 0.0, 1.0, 0.0, 0.0, 0.0, 0.0, 1.0, 1.0, 1.0, 1.0, 0.0, 0.0, 1.0, 0.0, 0.0, 1.0, 1.0, 0.0, 1.0, 0.0, 0.0, 0.0, 0.0, 1.0, 0.0, 1.0, 0.0, 0.0, 0.0, 1.0, 1.0, 0.0, 0.0, 1.0, 1.0, 0.0, 1.0, 0.0, 1.0, 0.0, 1.0, 0.0, 0.0, 0.0, 1.0, 0.0, 1.0, 1.0, 1.0, 0.0, 1.0, 1.0, 0.0, 0.0, 0.0, 1.0, 0.0, 0.0, 1.0, 0.0, 0.0, 1.0, 1.0, 0.0, 0.0, 0.0, 0.0, 1.0, 0.0, 1.0, 0.0, 1.0, 1.0, 1.0, 0.0, 1.0, 0.0, 0.0, 0.0, 1.0, 1.0, 1.0, 1.0, 1.0, 0.0, 0.0, 0.0, 0.0, 1.0, 1.0, 1.0, 1.0, 1.0, 0.0, 1.0, 1.0, 0.0, 1.0, 0.0, 0.0, 1.0, 1.0, 1.0, 1.0, 0.0, 0.0, 1.0, 1.0, 0.0, 1.0, 0.0, 0.0, 0.0, 1.0, 0.0, 0.0, 1.0, 0.0, 0.0, 0.0, 1.0, 1.0, 1.0, 1.0, 0.0, 1.0, 1.0, 1.0, 0.0, 1.0, 1.0, 0.0, 1.0, 0.0, 0.0, 1.0, 0.0, 0.0, 1.0, 1.0, 0.0, 1.0, 0.0, 0.0, 0.0, 0.0, 0.0, 1.0, 0.0, 0.0, 1.0, 0.0, 0.0, 1.0, 0.0, 0.0, 1.0, 1.0, 1.0, 1.0, 0.0, 1.0, 0.0, 1.0, 0.0, 0.0, 1.0, 0.0, 1.0, 1.0, 1.0, 1.0, 1.0, 0.0, 0.0, 0.0, 0.0, 1.0, 0.0, 0.0, 1.0, 0.0, 0.0, 1.0, 0.0, 1.0, 0.0, 0.0, 1.0, 1.0, 0.0, 1.0, 0.0, 1.0, 1.0, 0.0, 0.0, 1.0, 0.0, 0.0, 0.0, 0.0, 0.0, 0.0, 0.0, 0.0, 1.0, 0.0, 0.0, 0.0, 1.0, 0.0, 0.0, 0.0, 0.0, 0.0, 0.0, 1.0, 0.0, 0.0, 0.0, 0.0, 1.0, 0.0, 1.0, 0.0, 1.0, 0.0, 0.0, 0.0, 1.0, 0.0, 1.0, 0.0, 1.0, 0.0, 0.0, 0.0, 0.0, 0.0, 1.0, 1.0, 0.0, 0.0, 1.0, 1.0, 1.0, 0.0, 0.0, 1.0, 1.0, 0.0, 1.0, 0.0, 1.0, 0.0, 1.0, 0.0, 1.0, 1.0, 1.0, 1.0, 0.0, 0.0, 0.0, 0.0, 1.0, 1.0, 0.0, 1.0, 1.0, 0.0, 0.0, 0.0, 0.0, 0.0, 1.0, 0.0, 0.0, 0.0, 0.0, 0.0, 0.0, 1.0, 0.0, 1.0, 1.0, 1.0, 0.0, 1.0, 0.0, 0.0, 1.0, 0.0, 0.0, 1.0, 0.0, 0.0, 0.0, 1.0, 0.0, 0.0, 0.0, 0.0, 0.0, 0.0, 1.0, 1.0, 1.0, 1.0, 1.0, 0.0, 1.0, 1.0, 0.0, 1.0, 1.0, 0.0, 0.0, 0.0, 1.0, 0.0, 0.0, 0.0, 0.0, 1.0, 1.0, 1.0, 1.0, 0.0, 0.0, 0.0, 1.0, 1.0, 0.0, 0.0, 0.0, 1.0, 1.0, 0.0, 1.0, 1.0, 1.0, 1.0, 0.0, 0.0, 1.0, 1.0, 0.0, 1.0, 1.0, 0.0, 0.0, 0.0, 1.0, 1.0, 0.0, 0.0, 1.0, 1.0, 1.0, 0.0, 0.0, 0.0, 1.0, 0.0, 0.0, 0.0, 1.0, 1.0, 1.0, 0.0, 0.0, 0.0, 1.0, 1.0, 1.0, 1.0, 0.0, 0.0, 1.0, 0.0, 0.0, 1.0, 1.0, 1.0, 1.0, 1.0, 1.0, 0.0, 0.0, 0.0, 1.0, 1.0, 1.0, 1.0, 0.0, 1.0, 1.0, 0.0, 0.0, 1.0, 0.0, 0.0, 1.0, 1.0, 0.0, 1.0, 0.0, 0.0, 0.0, 0.0, 0.0, 1.0, 1.0, 0.0, 1.0, 1.0, 1.0, 1.0, 1.0, 0.0, 1.0, 0.0, 0.0, 1.0, 0.0, 1.0, 1.0, 0.0, 1.0, 1.0, 1.0, 0.0, 1.0, 1.0, 1.0, 0.0, 1.0, 0.0, 0.0, 0.0, 0.0, 0.0, 1.0, 1.0, 1.0, 1.0, 1.0, 1.0, 0.0, 1.0, 0.0, 1.0, 0.0, 1.0, 1.0, 1.0, 0.0, 0.0, 0.0, 1.0, 1.0, 1.0, 1.0, 0.0, 1.0, 0.0, 0.0, 1.0, 1.0, 1.0, 0.0, 1.0, 0.0, 0.0, 0.0, 1.0, 0.0, 1.0, 1.0, 0.0, 1.0, 1.0, 1.0, 0.0, 0.0, 1.0, 0.0, 1.0, 0.0, 1.0, 1.0, 0.0, 1.0, 1.0, 0.0, 1.0, 0.0, 0.0, 1.0, 0.0, 1.0, 0.0, 0.0, 1.0, 0.0, 0.0, 0.0, 0.0, 1.0, 0.0, 0.0, 0.0, 1.0, 1.0, 0.0, 1.0, 1.0, 0.0, 0.0, 1.0, 1.0, 1.0, 0.0, 0.0, 0.0, 1.0, 0.0, 0.0, 1.0, 1.0, 1.0, 0.0, 0.0, 1.0, 0.0, 1.0, 1.0, 0.0, 1.0, 0.0, 0.0, 0.0, 0.0, 0.0, 1.0, 0.0, 1.0, 1.0, 0.0, 1.0, 0.0, 1.0, 0.0, 1.0, 0.0, 1.0, 1.0, 1.0, 0.0, 0.0, 1.0, 1.0, 0.0, 1.0, 1.0, 0.0, 0.0, 0.0, 1.0, 0.0, 0.0, 1.0, 0.0, 0.0, 1.0, 1.0, 1.0, 1.0, 1.0, 1.0, 1.0, 1.0, 0.0, 0.0, 0.0, 0.0, 1.0, 0.0, 0.0, 0.0, 0.0, 0.0, 1.0, 0.0, 1.0, 0.0, 0.0, 0.0, 1.0, 1.0, 0.0, 1.0, 1.0, 1.0, 1.0, 0.0, 0.0, 0.0, 0.0, 0.0, 1.0, 1.0, 1.0, 1.0, 1.0, 0.0, 0.0, 0.0, 0.0, 1.0, 0.0, 0.0, 0.0, 0.0, 0.0, 0.0, 0.0, 1.0, 0.0, 1.0, 1.0, 1.0, 0.0, 1.0, 0.0, 1.0, 1.0, 1.0, 1.0, 0.0, 1.0, 0.0, 1.0, 0.0, 0.0, 1.0, 0.0, 0.0, 1.0, 1.0, 0.0, 0.0, 0.0, 0.0, 1.0, 1.0, 0.0, 1.0, 1.0, 1.0, 1.0, 1.0, 1.0, 0.0, 0.0, 1.0, 1.0, 1.0, 1.0, 0.0, 0.0, 0.0, 1.0, 1.0, 1.0, 1.0, 1.0, 1.0, 1.0, 1.0, 0.0, 1.0, 1.0, 1.0, 1.0, 1.0, 1.0, 1.0, 0.0, 0.0, 0.0, 0.0, 1.0, 0.0, 0.0, 1.0, 0.0, 0.0, 0.0, 0.0, 1.0, 0.0, 1.0, 0.0, 0.0, 1.0, 1.0, 1.0, 0.0, 1.0, 1.0, 0.0, 0.0, 0.0, 0.0, 1.0, 0.0, 1.0, 1.0, 0.0, 0.0, 1.0, 0.0, 0.0, 0.0, 1.0, 0.0, 0.0, 0.0, 1.0, 0.0, 1.0, 1.0, 0.0, 1.0, 0.0, 1.0, 0.0, 1.0, 1.0, 1.0, 1.0, 1.0, 0.0, 1.0, 0.0, 0.0, 0.0, 0.0, 1.0, 1.0, 1.0, 0.0, 0.0, 1.0, 1.0, 1.0, 0.0, 0.0, 1.0, 0.0, 1.0, 1.0, 1.0, 1.0, 1.0, 0.0, 0.0, 1.0, 0.0, 1.0, 1.0, 1.0, 1.0, 0.0, 0.0, 0.0, 1.0, 1.0, 0.0, 0.0, 1.0, 0.0, 1.0, 1.0, 1.0, 0.0, 1.0, 0.0, 1.0, 1.0, 1.0, 1.0, 1.0, 1.0, 0.0, 1.0, 1.0, 0.0, 0.0, 0.0, 0.0, 1.0, 1.0, 1.0, 1.0, 0.0, 0.0, 1.0, 1.0, 1.0, 0.0, 0.0, 0.0, 1.0, 1.0, 1.0, 0.0, 1.0, 1.0, 1.0, 0.0, 0.0, 1.0, 0.0, 0.0, 0.0, 1.0, 1.0, 1.0, 0.0, 1.0, 0.0, 0.0, 0.0, 0.0, 1.0, 1.0, 0.0, 1.0, 0.0, 0.0, 1.0, 0.0, 0.0, 1.0, 0.0, 0.0, 0.0, 0.0, 1.0, 1.0, 0.0, 1.0, 1.0, 0.0, 0.0, 1.0, 0.0, 0.0, 1.0, 0.0, 1.0, 1.0, 0.0, 0.0, 0.0, 1.0, 0.0, 0.0, 0.0, 0.0, 1.0, 0.0, 1.0, 0.0, 0.0, 0.0, 0.0, 1.0, 0.0, 0.0, 1.0, 1.0, 0.0, 1.0, 0.0, 0.0, 0.0, 1.0, 1.0, 0.0, 0.0, 0.0, 1.0, 1.0, 1.0, 0.0, 0.0, 1.0, 0.0, 1.0, 1.0, 0.0, 1.0, 1.0, 1.0, 0.0, 0.0, 1.0, 0.0, 1.0, 1.0, 0.0, 0.0, 1.0, 0.0, 0.0, 1.0, 0.0, 0.0, 1.0, 0.0, 0.0, 0.0, 1.0, 0.0, 0.0, 1.0, 0.0, 0.0, 0.0, 0.0, 0.0, 0.0, 1.0, 0.0, 1.0, 1.0, 1.0, 1.0, 0.0, 1.0, 1.0, 1.0, 1.0, 1.0, 0.0, 1.0, 0.0, 1.0, 1.0, 0.0, 0.0, 0.0, 0.0, 1.0, 0.0, 0.0, 1.0, 1.0, 0.0, 0.0, 1.0, 0.0, 0.0, 1.0, 1.0, 1.0, 1.0, 0.0, 1.0, 1.0, 0.0, 0.0, 0.0, 1.0, 0.0, 1.0, 1.0, 1.0, 0.0, 1.0, 1.0, 1.0, 0.0, 0.0, 1.0, 1.0, 0.0, 0.0, 1.0, 0.0, 0.0, 0.0, 1.0, 0.0, 1.0, 0.0, 0.0, 0.0, 1.0, 0.0, 1.0, 1.0, 0.0, 1.0, 1.0, 0.0, 1.0, 0.0, 1.0, 0.0, 0.0, 0.0, 0.0, 0.0, 0.0, 1.0, 0.0, 0.0, 0.0, 0.0, 1.0, 1.0, 0.0, 1.0, 1.0, 0.0, 1.0, 0.0, 0.0, 1.0, 0.0, 1.0, 0.0, 0.0, 1.0, 1.0, 1.0, 1.0, 1.0, 0.0, 0.0, 0.0, 0.0, 1.0, 1.0, 1.0, 0.0, 1.0, 0.0, 0.0, 0.0, 0.0, 0.0, 0.0, 1.0, 1.0, 0.0, 1.0, 0.0, 1.0, 0.0, 1.0, 0.0, 0.0, 1.0, 0.0, 0.0, 1.0, 0.0, 1.0, 1.0, 1.0, 0.0, 0.0, 0.0, 1.0, 0.0, 1.0, 1.0, 0.0, 0.0, 0.0, 1.0, 0.0, 1.0, 0.0, 1.0, 1.0, 0.0, 0.0, 0.0, 0.0, 0.0, 1.0, 1.0, 0.0, 0.0, 1.0, 1.0, 1.0, 1.0, 0.0, 0.0, 0.0, 0.0, 1.0, 0.0, 0.0, 1.0, 1.0, 0.0, 1.0, 0.0, 1.0, 0.0, 0.0, 0.0, 0.0, 0.0, 1.0, 0.0, 0.0, 0.0, 1.0, 1.0, 1.0, 1.0, 0.0, 0.0, 1.0, 1.0, 0.0, 1.0, 0.0, 0.0, 1.0, 1.0, 1.0, 1.0, 0.0, 0.0, 0.0, 0.0, 0.0, 0.0, 1.0, 0.0, 1.0, 1.0, 0.0, 1.0, 0.0, 1.0, 1.0, 1.0, 0.0, 1.0, 1.0, 0.0, 1.0, 1.0, 1.0, 1.0, 1.0, 1.0, 1.0, 0.0, 1.0, 1.0, 0.0, 0.0, 0.0, 1.0, 1.0, 0.0, 0.0, 0.0, 1.0, 0.0, 1.0, 1.0, 0.0, 0.0, 0.0, 1.0, 0.0, 1.0, 0.0, 1.0, 1.0, 0.0, 1.0, 1.0, 0.0, 0.0, 0.0, 0.0, 0.0, 1.0, 0.0, 1.0, 1.0, 0.0, 0.0, 0.0, 1.0, 0.0, 1.0, 0.0, 1.0, 1.0, 1.0, 1.0, 0.0, 0.0, 0.0, 1.0, 1.0, 0.0, 1.0, 0.0, 1.0, 0.0, 0.0, 0.0, 1.0, 1.0, 0.0, 0.0, 0.0, 0.0, 1.0, 0.0, 1.0, 0.0, 0.0, 0.0, 0.0, 0.0, 0.0, 1.0, 0.0, 0.0, 0.0, 0.0, 1.0, 1.0, 1.0, 1.0, 1.0, 1.0, 1.0, 0.0, 1.0, 1.0, 1.0, 0.0, 0.0, 1.0, 0.0, 1.0, 0.0, 0.0, 1.0, 0.0, 0.0, 1.0, 1.0, 0.0, 0.0, 1.0, 1.0, 1.0, 0.0, 1.0, 1.0, 1.0, 0.0, 1.0, 1.0, 0.0, 0.0, 0.0, 1.0, 1.0, 1.0, 1.0, 0.0, 0.0, 1.0, 1.0, 0.0, 0.0, 0.0, 0.0, 0.0, 0.0, 0.0, 0.0, 1.0, 0.0, 1.0, 0.0, 0.0, 0.0, 0.0, 1.0, 1.0, 0.0, 0.0, 0.0, 0.0, 0.0, 1.0, 0.0, 0.0, 1.0, 0.0, 1.0, 0.0, 0.0, 1.0]
\score={0: [0.13358393559853235, 0.1325182091930638, 0.13358097184788098, 0.1315181757013003, 0.1336363285779953, 0.13276708953910404, 0.13342561260346444, 0.13299160049511835, 0.1328785702072341, 0.13217547039190927, 0.13345173658693538, 0.13329068897292018, 0.13371020928025246, 0.13312608772708523, 0.13335473778156134, 0.13199741596525366, 0.1329070467215318, 0.13218813592737372, 0.1336029887199402, 0.1317534094507044, 0.13234010934829712, 0.133542747874009, 0.13330791052430868, 0.1332796802934335, 0.13243570923805237, 0.133179548713896, 0.1326967951926318, 0.13230405251185098, 0.1324094133451581, 0.13318213634192944, 0.13363919374735458, 0.13298913439114887, 0.13292753113352734, 0.13467847488143228, 0.13253980036824942, 0.1329102804583888, 0.1337115243077278, 0.13259549935658774, 0.1326169263232838, 0.13295681178569793, 0.13263974835475287, 0.13265049867331982, 0.13359839247690664, 0.13303575168053308, 0.13316106931729751, 0.13144823080963558, 0.13319608155224058, 0.1328149274701164, 0.13191815039941243, 0.13244083447334093, 0.1333691350051335, 0.13284030705690383, 0.13337146739164987, 0.13288636257251105, 0.1338272520474025, 0.13313260277112324, 0.13481680777939883, 0.13300274312496185, 0.1342512261867523, 0.1321815937757492, 0.13363250205293298, 0.13412931230333117, 0.13329810706468728, 0.13365500217134302, 0.1334889680147171, 0.1326054334640503, 0.13221603544319377, 0.13270128890872002, 0.133744434170101, 0.13209440807501474, 0.13341950294044283, 0.1332407192937259, 0.13385717164386401, 0.13172559008786552, 0.13299574398181654, 0.13272625824500775, 0.13276724716027577, 0.13390409449736276, 0.1326904568983161, 0.13125000397364298, 0.13219861189524332, 0.133612581912209, 0.13264982402324677, 0.13365520338217418, 0.13298757780681958, 0.13323468182768142, 0.1333727311828862, 0.13337804022289457, 0.1330530115149238, 0.13367983060223715, 0.1324694554011027, 0.13245672864072464, 0.1330563995318535, 0.1332444168627262, 0.1333306235345927, 0.13344016671180725, 0.1327602462521915, 0.1337043703533709, 0.13201162219047546, 0.13347088992595674, 0.13318035677075385, 0.1331632175931224, 0.1332370301951533, 0.13336703926324844, 0.13351965924868217, 0.1327773317694664, 0.13347682803869249, 0.1324874141386577, 0.13309191438284787, 0.1333896057172255, 0.13278018947570555, 0.13396209561162525, 0.13226084113121034, 0.1325431913137436, 0.13386257255778594, 0.13305421606186899, 0.13082230389118193, 0.1330304424399915, 0.1327634366119609, 0.13256428665236422, 0.13305459333502728, 0.1335051953792572, 0.13331743412547642, 0.13199442873398462, 0.13395058191739595, 0.13269792248805365, 0.13274246950944266, 0.1331728431193725, 0.13134689841951644, 0.13259083860450321, 0.1331538422541185, 0.1326425891546976, 0.1334492415189743, 0.13358966012795767, 0.13158624654724485, 0.13321400806307793, 0.13371853629748026, 0.13347731912747407, 0.1325999786456426, 0.13267186216332696, 0.1328529531464857, 0.13303359729402206, 0.1339436335997148, 0.13366093778091928, 0.13307497118200576, 0.13254888852437338, 0.13384498059749603, 0.13317560136318207, 0.13102826476097107, 0.132476107776165, 0.1321582242846489, 0.1328004798428579, 0.1328837750923066, 0.13290078725133622, 0.1332792350474526, 0.13284409221480875, 0.13116549104452133, 0.13322128904493233, 0.1323363846167922, 0.1338985496097141, 0.13386714323000473, 0.13346150738221627, 0.13381226919591427, 0.13290163019189127, 0.1327873353774731, 0.13270883741123335, 0.133280771119254, 0.13374615907669068, 0.13301367064317068, 0.13342138486249105, 0.13215729187835346, 0.13313469064958167, 0.13381464779376984, 0.1341841838189534, 0.13312548505408422, 0.13334798626601696, 0.13300715386867523, 0.13225974355425155, 0.1323882532971246, 0.13307602237910032, 0.13376719057559966, 0.13309180109124435, 0.13452263176441193, 0.1325624476779591, 0.13291750983758407, 0.13161200826818292, 0.13325868666172028, 0.13243368973857478, 0.1322568091361419, 0.13309420365840197, 0.1329869870096445, 0.13388382217713765, 0.13462420037159553, 0.13193671964108944, 0.13295115996152163, 0.1328858623902003, 0.13384327117134542, 0.13331481407989154, 0.13225501337472131, 0.13314212734500566, 0.1324315706365987, 0.1327262305551105, 0.13433793932199478, 0.13320221201233243, 0.1333667624455232, 0.1331470482624494, 0.13217303844598624, 0.13096120208501816, 0.13325285485812596, 0.1317142058502544, 0.13239359855651855, 0.13264200687408448, 0.132008814252913, 0.1329202315081721, 0.1330460657676061, 0.1337513158718745, 0.13199952244758606, 0.1324216378006068, 0.13366018815173042, 0.13343669593334198, 0.13269468024373055, 0.13314463087805994, 0.13254942924811922, 0.1339502942103606, 0.1327386057147613, 0.13252700368563333, 0.13279124865165123, 0.13290067246327034, 0.13265483923580335, 0.13241124749183655, 0.13299446535664936, 0.1331210190599615, 0.1327825831739526, 0.13269295019132119, 0.13257456535384768, 0.1329940026221068, 0.13427043855190277, 0.13423123757044475, 0.1335990216050829, 0.1339415129688051, 0.13352664262056352, 0.13355347141623497, 0.13432648498564959, 0.13280965342666162, 0.13309046484175183, 0.13362611171811126, 0.13271496883210013, 0.13378153605894608, 0.133184541212885, 0.13312047002492128, 0.13244848056086178, 0.13331872522830962, 0.13371626001137954, 0.13367446015278497, 0.13306969609753838, 0.1337113782763481, 0.13196669359292304, 0.13297253474593163, 0.1331983396300563, 0.1331164598464966, 0.13232102201265447, 0.1324563816189766, 0.13272692263126373, 0.13419055938720703, 0.1333281071856618, 0.13303838223218917, 0.13436863232742657, 0.13332214162630193, 0.1327413852016131, 0.13377448543906212, 0.1321984198358324, 0.13347673884459904, 0.1315376886299678, 0.1325391244005274, 0.13240575194358825, 0.1337033100426197, 0.13336665871051642, 0.1333231053970478, 0.13283801941495194, 0.13234174038682664, 0.13322926384787406, 0.13291136175394058, 0.13102063039938608, 0.13253099674528296, 0.13286493897438048, 0.13179157823324203, 0.1326283427576224, 0.13325380980968476, 0.13380585461854935, 0.1323969163226359, 0.13255559346255133, 0.1327228085561232, 0.1329871072717335, 0.1334434323012829, 0.13072640697161356, 0.13346921155850092, 0.1323122956923076, 0.1329189719338166, 0.1332384165790346, 0.13336551768912208, 0.13406894559209998, 0.13395357934328225, 0.13183014324078193, 0.132988944198146, 0.13401401229202747, 0.13297937535925916, 0.13329173054765253, 0.13334349610588767, 0.13361874676269034, 0.13256715908646582, 0.13291872665286064, 0.13284891426563264, 0.1330237701917306, 0.13208750854520238, 0.13257803976535798, 0.1318780854344368, 0.13118516736560398, 0.13279817700386048, 0.13284757847969347, 0.13341822949322787, 0.1323622653358861, 0.13310170670350394, 0.1329483836889267, 0.13376000724934242, 0.13430119007825853, 0.13239958418740166, 0.1329618148943957, 0.13202325627207756, 0.13359537300391075, 0.13266365304589273, 0.13218437202952124, 0.1326518388731139, 0.13290966302156448, 0.13204445733743556, 0.13315266370773315, 0.13296828866004945, 0.13248936201517397, 0.13309699296951294, 0.1327487137582567, 0.13247302851893686, 0.13305695205926896, 0.13323195103336782, 0.1332390273992832, 0.13306587096303701, 0.13136308557457393, 0.131976251800855, 0.13408859819173813, 0.13276063029964766, 0.13316956056015833, 0.13372093915939331, 0.13448803668672388, 0.1336064711213112, 0.13232954032719135, 0.13359938396347892, 0.13289323035213682, 0.13283078691789083, 0.13354018026468706, 0.13304848689585924, 0.13252334495385487, 0.13337759124605278, 0.1333993822336197, 0.13196074691685764, 0.13348275817492428, 0.13253108141097156, 0.13259060525645813, 0.13435969948768617, 0.13269907923845145, 0.13265016142811095, 0.13235281678763303, 0.13201189041137695, 0.1330360116230117, 0.13271020154158275, 0.13284005224704742, 0.13320380023547582, 0.13227344751358033, 0.13118390165842497, 0.13278015485654274, 0.13286478618780773, 0.13215470401679769, 0.1337691109095301, 0.13335247162510366, 0.13297025382518768, 0.13190812404666627, 0.13197029381990433, 0.13244728637593134, 0.13326767086982727, 0.1322455015675775, 0.1329813335950558, 0.13352469801902772, 0.1333099807854052, 0.1334095233016544, 0.1336706830905034, 0.1338697224855423, 0.13335873825209482, 0.133477026453385, 0.1319270595908165, 0.13213899731636047, 0.13326021709612437, 0.13322523919244608, 0.13331139885953494, 0.13318199887871743, 0.13221909999847412, 0.1334193522731463, 0.132823803707173, 0.13362210988998413, 0.13328908880551657, 0.13185931936554288, 0.1320408711830775, 0.13238459825515747, 0.1334241434931755, 0.13215593722733585, 0.13262213932143319, 0.1324286326766014, 0.13279532108988082, 0.13215816805237218, 0.13230733573436737, 0.1324707470510317, 0.1341020345687866, 0.13334454797409676, 0.13385868221521377, 0.13304230307831483, 0.13286152829726536, 0.13314432553623035, 0.1322436531384786, 0.13266846537590027, 0.13226996800478766, 0.13466063277287918, 0.13141193290551503, 0.13358289003372192, 0.13435548916459084, 0.13387937015957302, 0.1335189745507457, 0.1325249271467328, 0.13244901208773904, 0.13315446178118387, 0.13291124651829403, 0.13277937322854996, 0.13323118537664413, 0.1332576830799763, 0.13253199437568927, 0.13292628526687622, 0.13238515083988509, 0.1321039041504264, 0.13448247584429654, 0.1333536058664322, 0.13347491575405002, 0.13273060212774976, 0.13344463351226987, 0.13388796150684357, 0.13333322337040535, 0.13386207520961763, 0.13325965500647022, 0.1326988461342725, 0.13386689871549606, 0.13306875402728716, 0.1319715638955434, 0.13336241592963535, 0.13222461588242473, 0.1331013548705313, 0.13284661756320434, 0.1334245606110646, 0.13316534108975353, 0.13379937348266444, 0.13183723721239302, 0.13430561994512877, 0.13159825056791305, 0.13319334015250206, 0.13454570402117336, 0.13341893504063287, 0.131813645362854, 0.13273181716601054, 0.13254102653470531, 0.13218553838404742, 0.13263078121577992, 0.13291022032499314, 0.13331361711025239, 0.13279905021190644, 0.1330476732868137, 0.13216862951715788, 0.13299718891319476, 0.13363522916070877, 0.13308434582808437, 0.13278281118939905, 0.13349794844786325, 0.13329723085227765, 0.13293774508767658, 0.13307646848261356, 0.1323431976712667, 0.1343752607703209, 0.13283630061981289, 0.13364849518984556, 0.13376186043024063, 0.1327980140844981, 0.13245326559990644, 0.13353899018517856, 0.13357577405192636, 0.1333307089904944, 0.13264970999696982, 0.13342764228582382, 0.13199784886091948, 0.13289754539728166, 0.13315641383330026, 0.132613615770089, 0.1333689667722758, 0.13335889189139657, 0.13278428837656975, 0.1332432511779997, 0.1336416332051158, 0.13281257538234487, 0.13323798451734625, 0.13279355249621652, 0.13270187919790094, 0.13330299379648985, 0.1322473417157712, 0.13126747757196428, 0.1316231448541988, 0.13469601720571517, 0.13412804088809274, 0.13260374632146624, 0.13215937548213536, 0.13351140916347504, 0.1323453662070361, 0.13301230025918861, 0.13282821854440177, 0.1329723857343197, 0.13335631936788558, 0.1324748771805917, 0.13349210023880004, 0.13256172282355172, 0.13363664783537388, 0.1326537211151684, 0.13203931803053076, 0.13296079356223345, 0.1341570472078664, 0.13349253684282303, 0.13378148051825436, 0.1331327134692991, 0.1324539877474308, 0.13254805618808382, 0.13328005373477936, 0.13328174129128456, 0.13384160553586893, 0.13274785931463595, 0.1332004831896888, 0.1322049766778946, 0.13140529819897243, 0.1325323475258691, 0.13278265297412872, 0.13286463064806803, 0.1317755969034301, 0.1336257176643068, 0.1324843568727374, 0.13318889750086743, 0.1332415113846461, 0.1339465876420339, 0.13318077071259418, 0.13203672915697098, 0.13259082053388868, 0.1319753390092116, 0.1327784959884251, 0.13354477400963122, 0.13374624114770156, 0.13341917955514157, 0.13282112114959294, 0.13346186876296998, 0.13305328662196794, 0.13241402059793472, 0.13278909840367056, 0.13272643569977052, 0.1340430254737536, 0.1335919905792583, 0.13247732905780568, 0.13235159489241513, 0.13286806217261724, 0.13256271887156698, 0.1349372346611584, 0.13279521837830544, 0.13322333577606413, 0.13361710980534552, 0.13364800959825515, 0.13369710472497073, 0.13301421205202738, 0.13231088026710178, 0.13372106601794562, 0.13333244621753693, 0.1320727146588839, 0.1333046332001686, 0.13280228322202509, 0.1327158091244874, 0.1352726055516137, 0.13375137448310853, 0.13289593905210495, 0.13223440809683365, 0.13320206034751164, 0.13283831558444284, 0.133371210817633, 0.1325737124887006, 0.13173485547304153, 0.1343303106725216, 0.13237835925358993, 0.13341641508870655, 0.13258225056860182, 0.1330137737095356, 0.13342801667749882, 0.13394887974629036, 0.13368331268429756, 0.13308251060937581, 0.132264270232274, 0.1328495376639896, 0.13252297756464584, 0.13339853142538377, 0.1328394738957286, 0.13313109013769361, 0.1331052269254412, 0.13240313033262888, 0.1323774355022531, 0.13195436651056464, 0.1328989123304685, 0.1330617368221283, 0.13231882452964783, 0.1328579529243357, 0.13286608535992472, 0.1337005963613247, 0.13237806056675158, 0.13228587143950993, 0.13271748647093773, 0.13167750046533697, 0.1335892735256089, 0.1327297000421418, 0.13499237596988678, 0.1324644938111305, 0.1335034283498923, 0.13219148327003827, 0.13362831515925272, 0.13231312607725462, 0.13307826285776886, 0.1336928497661244, 0.13298953473567962, 0.13377497593561807, 0.13313897512853146, 0.1330474577844143, 0.13297182727943768, 0.13389450950281961, 0.13227544752535997, 0.13213588669896126, 0.1326099842786789, 0.13283123075962067, 0.13240043073892593, 0.13348437157961038, 0.13233793526887894, 0.13248258943741137, 0.1338210664689541, 0.13249827027320862, 0.13312849094127788, 0.13422161175145042, 0.13404495362192392, 0.13255886137485504, 0.13300670918665433, 0.13324354795946014, 0.13345355490843455, 0.13306284891931633, 0.13507435768842696, 0.1340132469222659, 0.13272071594283694, 0.13234086003568438, 0.13313885501452855, 0.13274419849569147, 0.13229926967102548, 0.13680708408355713, 0.13315259722562936, 0.13363894820213318, 0.13323522678443364, 0.1331420044104258, 0.13265789482328627, 0.13292387773593267, 0.1320753521285951, 0.13295146822929382, 0.1339517056065447, 0.13302314106155844, 0.13179199794928234, 0.13386527787555347, 0.13180893808603286, 0.13199024523297945, 0.13302981952826182, 0.13145333528518677, 0.13208553791046143, 0.13374865675965944, 0.13298661808172862, 0.1334252879023552, 0.13203857495234564, 0.1313782347874208, 0.13499915193427692, 0.13375242799520493, 0.13310524706657118, 0.13364037731662393, 0.13322552960169942, 0.13347458938757578, 0.13242620632455154, 0.13271100679412484, 0.13223628970709714, 0.13264139195283253, 0.13362682660420735, 0.1322849464416504, 0.13315096672843485, 0.13433944908055392, 0.134444121685293, 0.13368021417409182, 0.13302638288587332, 0.13166863636838066, 0.13204096630215645, 0.13241132895151775, 0.1338543047507604, 0.1326085085218603, 0.13213896137826583, 0.13159973472356795, 0.13297631252895703, 0.13323820585554297, 0.1317463606595993, 0.1368962973356247, 0.13367731422185897, 0.1325359009206295, 0.13304788893774935, 0.1338712594338826, 0.13294962545235953, 0.13168651782549345, 0.13353312462568284, 0.13218644899981363, 0.13296824072798094, 0.13286072346899244, 0.13243954049216378, 0.13330000753586108, 0.13330261523907, 0.13241200024882951, 0.13217063082589042, 0.13268251446160403, 0.13294470123946667, 0.1337311648660236, 0.13162700488017157, 0.13178154081106186, 0.13373683831271002, 0.13246851815627173, 0.1332374562819799, 0.13229212377752578, 0.1335171436270078, 0.13314091201339448, 0.1329530929696971, 0.13170452117919923, 0.13332379119736806, 0.1327036052942276, 0.13293017864227294, 0.13375744223594666, 0.13318395366271338, 0.13258780539035797, 0.13306044911344847, 0.13342783532359384, 0.1321364998817444, 0.13300941033022745, 0.13332335312258115, 0.1332551572057936, 0.13234690576791763, 0.13365498036146164, 0.13313013056050177, 0.13307031421434312, 0.1331904282172521, 0.1336088988341783, 0.13246458183441842, 0.13387650793248956, 0.13213009184057062, 0.13268076154318723, 0.1326276163260142, 0.13327673951099658, 0.13193044625222683, 0.13419244984785716, 0.132407283782959, 0.13253866561821528, 0.13253788401683173, 0.1335784451049917, 0.13420432806015015, 0.1322022107514468, 0.13321188588937125, 0.13278373926877976, 0.13182304341059464, 0.1329846206036481, 0.13278645277023315, 0.1322427329917749, 0.13315225392580032, 0.1326579683356815, 0.13310691341757774, 0.13305241817777808, 0.1326205677845899, 0.13233986496925354, 0.13350729333857694, 0.13336828500032424, 0.13305677686418807, 0.13247949182987212, 0.1318623641362557, 0.13337085984255137, 0.13218353282321582, 0.13276765834201465, 0.13304553594854143, 0.13331216077009836, 0.13195002930504934, 0.13287879120219837, 0.13266254322869436, 0.1327139765024185, 0.1327835779923659, 0.1327251721830929, 0.13276121467351915, 0.13377973086693706, 0.13312930737932524, 0.13387275139490765, 0.13284464180469513, 0.13442834019660949, 0.1329280585050583, 0.1330020921304822, 0.13192716595672427, 0.13240664364660487, 0.13338056206703186, 0.13371584022586996, 0.133741829257745, 0.13317150953743193, 0.13244721932070597, 0.1335280934969584, 0.13247779282656583, 0.13311805278062822, 0.13202270292318785, 0.1332059462244312, 0.13323500549251382, 0.13316223973577673, 0.13196474381468512, 0.13365077475706735, 0.13259481735851453, 0.13260403689410952, 0.13289381021803076, 0.13360342654314908, 0.1324605093552516, 0.13259475429852804, 0.13306851627734992, 0.13352749049663543, 0.13486608862876892, 0.13385548144578935, 0.13483864441514015, 0.13225715121497278, 0.13339653372764587, 0.13337805755436422, 0.13306651370865957, 0.13268062743273648, 0.13190451885263124, 0.1332896434598499, 0.13301297128200532, 0.13223747096278451, 0.13283933912004744, 0.13327974758364938, 0.13308555053340065, 0.13331921258062687, 0.13423791421311243, 0.1335899144411087, 0.1339263535779098, 0.13278426451885955, 0.1321999016015426, 0.13239696207973692, 0.13273996114730835, 0.13193094450980425, 0.13394021093845368, 0.1336709581888639, 0.13449641615152358, 0.13301174143950145, 0.13218212302993326, 0.13284654504266277, 0.1339616361591551, 0.13253871351480484, 0.13320622816681862, 0.1340889253399589, 0.1331688423048366, 0.13304636830633337, 0.13446746170520782, 0.1328944432735443, 0.13433754561763062, 0.13231540471315384, 0.13353423638777298, 0.13387917975584665, 0.13362738889891926, 0.13128282536159863, 0.13383551515065706, 0.1342638631661733, 0.13316147960722446, 0.13234417828229758, 0.13220928174753985, 0.13311648598084083, 0.13230697148376042, 0.13346358885367712, 0.1326158121228218, 0.13314373352948358, 0.13245712356133896, 0.13249298606229865, 0.1334290714426474, 0.1338020179952894, 0.13376746758034355, 0.13222297021876211, 0.1322767287492752, 0.13273752116879753, 0.13270426638748334, 0.1320435807108879, 0.1332865340842141, 0.13336800783872604, 0.13291965154084293, 0.1329831298854616, 0.13395170299779802, 0.13260911061213568, 0.1323114571472009, 0.1339552879333496, 0.13235938705896078, 0.1317327489455541, 0.13272616320422717, 0.13304905474185943, 0.13307098485529423, 0.13275447368621826, 0.13263102648434816, 0.13272925863663357, 0.13274830356240272, 0.1330527282994369, 0.1317258059978485, 0.13220572329702832, 0.13157757439396597, 0.13347505618418967, 0.13214871204561657, 0.13449747589501468, 0.1340836803118388, 0.13305973600257526, 0.13071079254150392, 0.13265276913131988, 0.13369965553283691, 0.1322627348058364, 0.13321949243545533, 0.1312299988099507, 0.1338838774424333, 0.1329409254008326, 0.13388222726908597, 0.13296470733789298, 0.13370763564982066, 0.13258933371458298, 0.13315261155366898, 0.13328248381614685, 0.13287004947662354, 0.13360666731993356, 0.13387650102376938, 0.13242798772725192, 0.13274890929460526, 0.13330732882022858, 0.13359778457217747, 0.1337085015007428, 0.1338719829916954, 0.13364862352609636, 0.1339499702056249, 0.133356587453322, 0.1333462115038525, 0.13279430906880985, 0.13137943771752444, 0.13313793603863036, 0.13358543125482705, 0.1321303334928328, 0.13504548370838165, 0.13396888673305513, 0.1326785758137703, 0.13204033921162286, 0.13351310044527054, 0.13160474970936775, 0.13296566690717423, 0.13370819985866547, 0.13235477759287909, 0.13358636814005234, 0.1335958774025376, 0.13302992191165686, 0.1322005337902478, 0.1329344384945356, 0.13403336041503483, 0.13323554495970408, 0.1329928667921769, 0.1336359599871295, 0.13291050546935626, 0.1336343823110356, 0.13309451027048957, 0.13310822198788325, 0.13301181495189668, 0.13233099281787872, 0.13262077714457657, 0.13262716059883436, 0.13252623710367414, 0.13474246724085373, 0.13299657301656131, 0.13266729056835175, 0.13315140349524363, 0.1330846505505698, 0.1338066094099207, 0.13324151449912303, 0.1327033084630966, 0.13257774338126183, 0.13303977499405542, 0.13273292034864426, 0.1332315338982476, 0.1344079077243805, 0.1341117868820826, 0.13403347241027014, 0.13325214236974717, 0.13297350456317267, 0.1349147300828587, 0.13348590499824947, 0.1334302626988467, 0.1332932883187344, 0.13282264633612198, 0.1337248478774671, 0.1328786462545395, 0.13243932276964188, 0.1332792043685913, 0.13339237674422885, 0.13234442323446274, 0.13261104268687113, 0.13349051420625888, 0.13345838255352444, 0.1329488241010242, 0.13370977248996496, 0.13294050842523575, 0.13264250953992207, 0.1333792663433335, 0.13281747633996216, 0.13263919625593268, 0.1323939596905428, 0.13204716847223394, 0.13209496140480043, 0.13287600301779234, 0.13223319749037424, 0.13272274285554886, 0.13244438767433167, 0.132402879851205, 0.13365565240383148, 0.13254579808562994, 0.1307871030135588, 0.13168975512186687, 0.1325669932578291, 0.134651368111372, 0.13332779705524445, 0.1336914047598839, 0.13383132591843605, 0.13241544046572276, 0.13264372013509274, 0.1330061758106405, 0.13287617887059847, 0.1315117528041204, 0.13337614387273788, 0.13390449377206656, 0.13274673745036125, 0.1332768841009391, 0.13281390644036806, 0.13279070811612265, 0.13209740734762615, 0.13275222356120744, 0.13434285467321222, 0.13277677090271658, 0.13375863776757166, 0.1314873347679774, 0.1328408643603325, 0.132719486951828, 0.1339496108038085, 0.1342028814057509, 0.13226479291915894, 0.1329274055989165, 0.13351532358389634, 0.13387601698438326, 0.13261735439300537, 0.13335674149649485, 0.1319687185080155, 0.1345612292106335, 0.1329254795398031, 0.13337703049182892, 0.13211002487402695, 0.1328857742688235, 0.13248090694348016, 0.13357584320363544, 0.13164061009883882, 0.13362900386838353, 0.13342737800934734, 0.1333852205425501, 0.13299128082063463, 0.13348795572916666, 0.1332358255982399, 0.13219257091221057, 0.13241870382002421, 0.13251821622252463, 0.13302813558017507, 0.13281379959412984, 0.13129719027451106, 0.13301676511764526, 0.13239279985427857, 0.1320174403488636, 0.1335700735449791, 0.13341619968414306, 0.1326491802930832, 0.13298286903988232, 0.1327090883255005, 0.13288904929702933, 0.13330853581428528, 0.1327391481027007, 0.13324939188632098, 0.1328096091747284, 0.13302236022772612, 0.13381749590237935, 0.1333226218819618, 0.13259440525011582, 0.13419294878840446, 0.1314869776368141, 0.1325521238825538, 0.13181903106825693, 0.1342773520284229, 0.13378473903451646, 0.13356612710391774, 0.13390758335590364, 0.13354522104446703, 0.1328827127814293, 0.13287022709846497, 0.13275998990450585, 0.1325806433504278, 0.13357689587966257, 0.1331486196228952, 0.13310959935188293, 0.13307303190231323, 0.13336941434277427, 0.13291774477277482, 0.13307934254407883, 0.13328133794394406, 0.13160489002863565, 0.13324717031075403, 0.132785032192866, 0.13226296603679658, 0.13311384201049806, 0.13339449128796976, 0.13362925617318405, 0.13324516146413742, 0.13283234387636184, 0.13124935735355725, 0.133157593863351, 0.13421142914078452, 0.13252004981040955, 0.13334250797828037, 0.13248320247816003, 0.13241495862603186, 0.13254510930606297, 0.13304858903090158, 0.13189413111943465, 0.13185936311880747, 0.13318128685156505, 0.13173538127115794, 0.13245690862337747, 0.13189159204130588, 0.13330930663693336, 0.13363700253622873, 0.13376911679903666, 0.13379574092951688, 0.13215781363748735, 0.13346192240715027, 0.1341254899899165, 0.13342337310314178, 0.1326167055883923, 0.13311877101659775, 0.13324238825589418, 0.13248709646555093, 0.13365353643894196, 0.13278576069407994, 0.1324630645768983, 0.13346991563836733, 0.13213603740388696, 0.1316734517996128, 0.13375462144613265, 0.1332049953440825, 0.13230036470023068, 0.1331555595000585, 0.1325893263022105, 0.1322278461673043, 0.13278480957854877, 0.13285894014618613, 0.13221902531736038, 0.13478052616119385, 0.1329714929064115, 0.1329717978835106, 0.13393186529477438, 0.13240966244655497, 0.13267307355999947, 0.13309718397530643, 0.13139998043576875, 0.13240238346836783, 0.13338838943413325, 0.13337047398090363, 0.1332543957978487, 0.13442384558064596, 0.13289575185626745, 0.1332471133382232, 0.13297202505848624, 0.13308605551719666, 0.13225070536136627, 0.13294970095157624, 0.13309147953987122, 0.13245750765005748, 0.13304530208309492, 0.13305773854255676, 0.13337006509304047, 0.13365968144856966, 0.13307712254700838, 0.13174350394142997, 0.13269984993067654, 0.132871180276076, 0.13218432068824768, 0.13307421980425715, 0.1325931946436564, 0.13262535502081332, 0.13307526077215487, 0.1327145557578017, 0.132817271564688, 0.13452495510379472, 0.13264041228426826, 0.13363928347826004, 0.13233277727575862, 0.13124597989595854, 0.13377730394231863, 0.13360468572691866, 0.13146953036387762, 0.13325937550801498, 0.13282041950151324, 0.1332661285996437, 0.1331619712813147, 0.13275501132011414, 0.13233313042866557, 0.1332402300575505, 0.1327801522883502, 0.1320380907167088, 0.13286802917718887, 0.13291743437986117, 0.13241931796073914, 0.1325361901207974, 0.13289116871984383, 0.13170008819836837, 0.13349974811077117, 0.13272807321378163, 0.1324981041252613, 0.1318633167280091, 0.13339406890528543, 0.1328255281998561, 0.13242842356363932, 0.13188702426850796, 0.13297808858064505, 0.13219489292664963, 0.13294269076802515, 0.1333418799771203, 0.1317905462705172, 0.1328617992500464, 0.13251628210911384, 0.1329378881987105, 0.13361064220468202, 0.1328477792441845, 0.13406734710389917, 0.13253625056573323, 0.1335437426964442, 0.13292595479223462, 0.13211728155612945, 0.13233065808361227, 0.13387614294238712, 0.13240911364555358, 0.13345462083816528, 0.13274222268508032, 0.13376549917917985, 0.13172672553495926, 0.13233800066841972, 0.1317674398422241, 0.13285111635923386, 0.1323709636926651, 0.1330145861953497, 0.1330416144596206, 0.13223987779556176, 0.13224414678720328, 0.13325920062405722, 0.1330149884407337, 0.1333459477339472, 0.13277466504862814, 0.13231472820043563, 0.134504880417477, 0.1337496109984138, 0.13290983383302335, 0.1334349771098393, 0.13223951919512314, 0.1330023318529129, 0.13272715270519256, 0.13342886871617773, 0.13286212157635463, 0.13362848237156869, 0.13395915180444717, 0.13391819198926289, 0.1339032668620348, 0.13177639096975327, 0.13293211162090302, 0.13296252861618996, 0.13219235589106879, 0.1338598591585954, 0.13376779718832535, 0.13274904092152914, 0.1347780004143715, 0.13383062034845353, 0.13187107337372644, 0.1319814905524254, 0.13275896478444338, 0.13268071875489992, 0.13270436724027, 0.13425399043730327, 0.13276103138923645, 0.13235384970903397, 0.1325252741575241, 0.1317266856248562, 0.13271694779396057, 0.13269713446497916, 0.1337206612030665, 0.1329408232812528, 0.13313734982952927, 0.13337339886597224, 0.13396655023097992, 0.13284083627737486, 0.13483850251544605, 0.13259346439288214, 0.13137385134513563, 0.13310632854700089, 0.13206971022817823, 0.1329824154575666, 0.13337906387945017, 0.13261985623588166, 0.13270837985552275, 0.13261045953806708, 0.1340712673134274, 0.13237542705610394, 0.13266814034432173, 0.13195470614092691, 0.1327450963167044, 0.1325660009275783, 0.13236863000525367, 0.13311907542603357, 0.13429560629945053, 0.13346971943974495, 0.13304048841414245, 0.1340737055849146, 0.13243691236884506, 0.13368428459292964, 0.13327031410657442, 0.1324728512763977, 0.13380286798757665, 0.13312097986539204, 0.13282575400976035, 0.1315476288398107, 0.13234026291791132, 0.13431959897279738, 0.1324804022908211, 0.1326053806326606, 0.13294574059545994, 0.1327086356846062, 0.13388375689586005, 0.13433766830712557, 0.13361517136747186], 1: [0.13329814672470092, 0.1319222835203012, 0.1319253295660019, 0.13295109226153448, 0.13386305421590805, 0.1337769478559494, 0.1318836601244079, 0.13282029559979072, 0.13271485269069672, 0.13418585807085037, 0.1341101497411728, 0.13158178701996803, 0.13379134663513728, 0.13316509242241198, 0.1353307929303911, 0.13369102776050568, 0.13281315743923186, 0.1322957511459078, 0.13354170421759287, 0.13315847814083098, 0.13090271299535577, 0.1336997929546568, 0.1333794742822647, 0.13235691992136148, 0.13254581662741574, 0.13203589469194413, 0.13395380973815918, 0.1342620588839054, 0.13299239765514026, 0.13277546113187616, 0.13396785110235215, 0.1334948715838519, 0.13365968689322472, 0.13250351494008844, 0.1329864501953125, 0.13256197641877568, 0.13371928135553995, 0.13161084326830777, 0.13194073364138603, 0.1327943652868271, 0.13356600472560295, 0.1346214400096373, 0.1337554708123207, 0.1315695807337761, 0.13204554716746011, 0.13281795103102922, 0.13315702162005685, 0.1331240658958753, 0.13302795588970184, 0.1332164059082667, 0.1323292205731074, 0.1327432944224431, 0.13362456514285162, 0.13229432972994717, 0.1317215457558632, 0.13373677531878153, 0.1331563972764545, 0.13423239507458426, 0.13330159393640664, 0.13343880369382746, 0.13446969495100133, 0.13190717135484403, 0.13270863106376246, 0.13280049924339568, 0.133421328663826, 0.13408160345120865, 0.13345562327991833, 0.13421412500051352, 0.13215609888235727, 0.13315016527970633, 0.13312662889560065, 0.13278580270707607, 0.13274882627385004, 0.13453744671174458, 0.13232136517763138, 0.1322284609079361, 0.13383697317196772, 0.1337060123682022, 0.13082724213600158, 0.13315701349215073, 0.13210885127385458, 0.13272967065374056, 0.13222709745168687, 0.13190338015556335, 0.13216347856955094, 0.13415952346154622, 0.13424545153975487, 0.13216329433701254, 0.13371213457801126, 0.13386299248252595, 0.1337713102499644, 0.13431402905420822, 0.13317586481571198, 0.13215361535549164, 0.13327882438898087, 0.13264005109667779, 0.13298736783591183, 0.1330639665777033, 0.13183716345917096, 0.13326096885344563, 0.13309239720304808, 0.13279497789012062, 0.1336647993639896, 0.13357514142990112, 0.13342412064472833, 0.13182158023118973, 0.13324733536977035, 0.13332001635661492, 0.13401500348533904, 0.1329102764527003, 0.13407623171806335, 0.13237697879473367, 0.1328036868944764, 0.13224692311551836, 0.13239193128214943, 0.13277156380089847, 0.13367502849835616, 0.13338504135608673, 0.13326282586370194, 0.1334469704067006, 0.1336745884683397, 0.1330640604098638, 0.1320185026396876, 0.13354575634002686, 0.13223331489346243, 0.13319124958731912, 0.13294054667154948, 0.13315186821497405, 0.13349593182404837, 0.13308349690016577, 0.1325070980717154, 0.13246647351317936, 0.1322107326525908, 0.13305414671247656, 0.1331079661846161, 0.13425360023975372, 0.13450535100239974, 0.13271406572312117, 0.13342465625868904, 0.13231601019700368, 0.13147217333316802, 0.13320080497685602, 0.13376895752218035, 0.13461820781230927, 0.1322041771241597, 0.13363480981853273, 0.13206048756837846, 0.13212850157703673, 0.1326988410008581, 0.13342350044033743, 0.13265128061175346, 0.13306390697305853, 0.13338043789068857, 0.13175850361585617, 0.13425999879837036, 0.1336063320438067, 0.13352436158392164, 0.13266162127256392, 0.13248303426163538, 0.13423036174340683, 0.13210854747078635, 0.13365371111366484, 0.1324849900077371, 0.1335041398803393, 0.133520784703168, 0.13212701181570688, 0.1338585295847484, 0.1346204270209585, 0.1326171024279161, 0.13315547476796544, 0.1310446098446846, 0.13225889056921006, 0.13332626316696405, 0.1329298441608747, 0.13308258490128952, 0.13285216767536967, 0.13214267364570073, 0.13347126772770515, 0.13124653548002244, 0.13293216947247, 0.1328816626753126, 0.13271436393260955, 0.1337883140032108, 0.13239397704601288, 0.13229668233543634, 0.1323807452406202, 0.1336611041000911, 0.1334020420908928, 0.13195416195826096, 0.13330589905381202, 0.13365376326772901, 0.13205091953277587, 0.13264546626143986, 0.13312430183092752, 0.13349400833249092, 0.13312420547008513, 0.13234907947480679, 0.13209077444943515, 0.13237349263259343, 0.13392995695273083, 0.13273132660172202, 0.13240706796447435, 0.13370700524403498, 0.1335689589381218, 0.13451571265856424, 0.1328906809028826, 0.13297100272029638, 0.1334547996520996, 0.13276521455157886, 0.13360844055811563, 0.13356738469817422, 0.13238116800785066, 0.13383743273360388, 0.1327515650879253, 0.13255148101598024, 0.13216327875852585, 0.1319076418876648, 0.13253134737412134, 0.13362268019806256, 0.13227041278566634, 0.13399944522164084, 0.13321903347969055, 0.13228776007890702, 0.1331876814365387, 0.13188132372769443, 0.1335841583855012, 0.13232499981919923, 0.134587025269866, 0.1319921389222145, 0.13600756227970123, 0.13474849543788217, 0.1339614875614643, 0.1328159252802531, 0.13267273604869842, 0.13389670683277977, 0.13374276012182235, 0.13168918639421462, 0.13308340907096863, 0.13332735137505966, 0.13293918296694757, 0.13253374596436818, 0.13198583126068114, 0.1336660927959851, 0.13243800974809206, 0.13233968913555144, 0.13333095929452352, 0.13200512392954392, 0.13277681668599448, 0.13316569370882853, 0.13341513772805533, 0.13318802153362946, 0.13317893851887097, 0.13414981961250305, 0.13458628264757302, 0.13464068960059772, 0.1336643866130284, 0.13205528110265732, 0.13280336260795594, 0.13216262597304124, 0.132694877187411, 0.13460466130213303, 0.13239866495132446, 0.1325218379497528, 0.1321558016869757, 0.13242842670944002, 0.13280628472566605, 0.13456453382968903, 0.13175365030765535, 0.1333720733722051, 0.13279129700227219, 0.13196866078810257, 0.1323066736970629, 0.13393578068776565, 0.13476849008690228, 0.1324168249964714, 0.13410050708513993, 0.13382525593042374, 0.1338572750488917, 0.13399715349078178, 0.13248638659715653, 0.13245825370152792, 0.13270465582609176, 0.13149092644453048, 0.1322154238820076, 0.1330836871638894, 0.13358324617147446, 0.13314755658308666, 0.13377000178609574, 0.1335502051644855, 0.1318398803472519, 0.13277871635827151, 0.13261126726865768, 0.13229643901189167, 0.13349673287435013, 0.13165707290172576, 0.13242076763084956, 0.13296529471874238, 0.13290719091892242, 0.13234163522720338, 0.13195839648445448, 0.13238572031259538, 0.13411056193021628, 0.13234787502072073, 0.1330860791107019, 0.1334130328435164, 0.1335170552134514, 0.13263661563396453, 0.13395710395915167, 0.1329313317934672, 0.13374159783124923, 0.13325318247079848, 0.1334192156791687, 0.13372656432065097, 0.13280414857647635, 0.1337213462049311, 0.13234867652257284, 0.13335268717745077, 0.1324067223072052, 0.131959651525204, 0.13352826868112272, 0.13236334125200908, 0.1314191154458306, 0.13306020429501167, 0.13402672789313577, 0.1325971089741763, 0.1327269971370697, 0.13281528353691102, 0.1326794229886111, 0.1331795340492612, 0.1337443578701753, 0.13250119984149933, 0.1340351104736328, 0.13305905780621938, 0.1333765298128128, 0.13337255133823914, 0.13319629430770874, 0.13308725563379434, 0.13189476196255004, 0.1329737248329016, 0.13519924134016037, 0.1331339914065141, 0.1343036632646214, 0.13322812914848328, 0.13205682933330537, 0.13217810880054126, 0.13192176141522147, 0.13413190096616745, 0.1337387277321382, 0.13447081636298786, 0.13314793705940248, 0.1336878158829429, 0.13360454142093658, 0.13331530019640922, 0.13342735171318054, 0.13291621953248978, 0.1332553058862686, 0.1333519855271215, 0.1337653324007988, 0.1338757614294688, 0.13309327914164618, 0.13344369935137884, 0.1338821438451608, 0.13212089946395472, 0.13245812952518463, 0.13294211468275854, 0.13263105154037474, 0.13343372816840807, 0.13227220045195687, 0.1326524940404025, 0.13341184622711605, 0.1321497331647312, 0.13218048079447312, 0.13299855589866638, 0.1308669759468599, 0.13359645381569862, 0.13253972507440126, 0.13320757448673248, 0.13189995884895325, 0.13127997219562532, 0.13394415920430963, 0.1330130487680435, 0.1337222382426262, 0.1315584361553192, 0.13440844267606736, 0.13342284709215163, 0.1314574271440506, 0.13254108754071323, 0.1320808470249176, 0.13291228223930707, 0.13375587896867233, 0.13244685232639314, 0.13320458070798355, 0.13315848193385385, 0.13253350662333624, 0.13273456015370108, 0.1343213034172853, 0.13242719254710458, 0.13129368126392366, 0.13218076129754383, 0.13371580176883274, 0.13266247659921646, 0.13188573271036147, 0.13256404548883438, 0.13416354060173036, 0.13119531671206155, 0.13350495425137607, 0.13346655241080693, 0.13274189233779907, 0.1339644730091095, 0.132722945375876, 0.1330222863900034, 0.1326656440893809, 0.1339840916070071, 0.13340798339673451, 0.13493690689404805, 0.133370374639829, 0.13362424501350947, 0.13285025037251985, 0.13396219909191132, 0.13177263059399344, 0.13257986307144165, 0.13271530866622924, 0.1329807164994153, 0.13384477523240176, 0.13421794523795447, 0.13392210413109173, 0.13253620673309674, 0.13251268863677979, 0.13310497161000967, 0.1331254154443741, 0.13457508534193038, 0.13282028088967004, 0.13154140521179547, 0.13422603798764093, 0.13260356254047817, 0.13381809102637426, 0.1347192034125328, 0.13347723931074143, 0.13304083997553046, 0.13353216648101807, 0.13242030888795853, 0.13255429809743707, 0.13421243961368287, 0.13242953187889522, 0.13408870724114505, 0.13324788483706387, 0.13360688611865043, 0.13455662557056972, 0.13240233407570765, 0.1324170689497675, 0.13255460477537578, 0.1330595776438713, 0.1335254894061522, 0.13142112642526627, 0.13227215856313707, 0.13469303051630657, 0.13203211701833284, 0.1337619415587849, 0.13310037950674694, 0.13329435057110256, 0.1324939101934433, 0.13322883385878342, 0.13210612003292357, 0.13503006100654602, 0.1330094039440155, 0.1330078604320685, 0.1339562341570854, 0.1341045916080475, 0.13314999043941497, 0.1309050522171534, 0.13303851419024998, 0.1336391006524746, 0.13256887967387834, 0.13275692434537978, 0.13284578050176302, 0.13209419629790567, 0.13380463272333146, 0.1337151974439621, 0.1337846955832313, 0.13372331857681274, 0.13238168358802796, 0.1319753113720152, 0.13405279950662094, 0.1331368125975132, 0.133359852959128, 0.1324445642530918, 0.13045057654380798, 0.1316968030654467, 0.13317968065922076, 0.13405350798910315, 0.1343096226453781, 0.13293332010507583, 0.13323786705732346, 0.13441107354380868, 0.1351057616147128, 0.1320910778912631, 0.13290909346606997, 0.1330908676609397, 0.13153810302416483, 0.13293183551115148, 0.13187525504165226, 0.133170063522729, 0.13363060699059412, 0.13373349877921017, 0.13232177555561064, 0.13306487132521236, 0.1326795796553294, 0.1328819367018613, 0.13295507360072362, 0.13167129456996918, 0.13361375033855438, 0.13321079313755035, 0.1324487468775581, 0.13430684432387352, 0.13276417234114238, 0.13285604119300842, 0.13350441200392588, 0.13295824080705643, 0.13257363438606262, 0.1341204971075058, 0.13210932579305437, 0.13156670530637105, 0.1328950782616933, 0.13251700080358064, 0.13344159871339797, 0.13371827751398085, 0.13163535870038545, 0.13368697464466095, 0.1337142288684845, 0.1326717192476446, 0.1321678713840597, 0.13369770927561653, 0.13260112443695898, 0.1319937692447142, 0.13381679675408772, 0.1327667236328125, 0.13342542573809624, 0.1340719179974662, 0.13287436149337076, 0.13184389347831407, 0.13055741651491684, 0.1346380916925577, 0.1325103113284478, 0.13262872099876405, 0.13181493282318116, 0.1323787776323465, 0.13328466117382048, 0.1306990568454449, 0.1330050677061081, 0.13250992848322943, 0.13223782002925874, 0.13298708498477935, 0.13291931684528077, 0.13356090124164308, 0.1329857903091531, 0.13253980775674185, 0.13337301313877106, 0.1334512852705442, 0.13244319582978883, 0.13346054553985595, 0.13246544982705796, 0.13256838470697402, 0.13258756426247684, 0.1333139476676782, 0.13468074202537536, 0.13254554569721222, 0.13268166207350218, 0.13297681510448456, 0.13335923965160662, 0.13490555435419083, 0.13316529244184494, 0.1325791414294924, 0.13248946766058603, 0.1331343963742256, 0.132724496225516, 0.13332953786148743, 0.13324622809886932, 0.13257156974739498, 0.13317767828702926, 0.13361594908767277, 0.13334556586212581, 0.13218989819288254, 0.13280802877510295, 0.13346449488943274, 0.13293757086450403, 0.13314328994601965, 0.13308089872201284, 0.13174972209063443, 0.132645200078304, 0.1345424001867121, 0.1323403850197792, 0.13221273322900137, 0.13331631446878114, 0.13133020233362913, 0.1329117827117443, 0.13396463841199874, 0.13266328815370798, 0.13243855097714594, 0.13192561268806458, 0.13300071792169052, 0.13287237882614136, 0.13265475630760193, 0.13386185318231583, 0.13181911679831418, 0.13286606073379517, 0.13231736980378628, 0.13224439918994904, 0.13265403646689194, 0.1321987181901932, 0.13302825162043938, 0.1323260242740313, 0.13301647330323854, 0.13415934517979622, 0.13409571647644042, 0.1330784521996975, 0.13272672572306224, 0.13317713818766855, 0.13345826466878255, 0.13349347859621047, 0.13337990641593933, 0.13336287438869476, 0.13163489401340484, 0.13400532553593317, 0.13299036727232091, 0.1335702786842982, 0.13383356549523093, 0.13256136178970337, 0.13279578941208975, 0.13267296208785131, 0.13290915731340647, 0.1333715572953224, 0.13196220911211437, 0.13237565068098214, 0.13322072533460763, 0.13306459784507751, 0.13276052474975586, 0.13236670196056366, 0.13331715356219898, 0.1329190714491738, 0.13241650412480035, 0.1332273967564106, 0.13386117666959763, 0.13395918092944406, 0.1331162452697754, 0.1324845463037491, 0.13378144949674606, 0.1331931786103682, 0.1327449381351471, 0.13085498958826064, 0.13264438758293787, 0.13417524844408035, 0.131969091296196, 0.13365541274348894, 0.1339836041132609, 0.13345974385738374, 0.1326887935400009, 0.1336309638890353, 0.13390302658081055, 0.1332770992409099, 0.1329200655221939, 0.1323432743549347, 0.13301055554462515, 0.13378001749515533, 0.13272831423415077, 0.13266540914773942, 0.1331921895345052, 0.13284166834571146, 0.13258300721645355, 0.13289562488595644, 0.13313069567084312, 0.13275331258773804, 0.13399434785048167, 0.13186556100845337, 0.13098764568567275, 0.13235218077898026, 0.13355688547546213, 0.13260492434104285, 0.13350343026898123, 0.1331110584239165, 0.1326807224088245, 0.13305592307677636, 0.13384725685630525, 0.13201085410334848, 0.13401573598384858, 0.13274307548999786, 0.13383994525984713, 0.13197948435942333, 0.13263718866639668, 0.13299417652581869, 0.13138498961925507, 0.1319320912544544, 0.13181466812437231, 0.13319940567016603, 0.1321037973348911, 0.13283249735832214, 0.13251865953207015, 0.13197372240178726, 0.13301149159669876, 0.13331500358051723, 0.13279971852898598, 0.13303954750299454, 0.1340656876564026, 0.13262676861551073, 0.13321930294235548, 0.13207828104496003, 0.13240665061907333, 0.1335312710566954, 0.13227720111608504, 0.1332179054617882, 0.13225720716374262, 0.13222349033905909, 0.13322645177443823, 0.13318324834108353, 0.1332658886909485, 0.13334830814883822, 0.13307075947523117, 0.13273424045606094, 0.13286760768720082, 0.13233835046941583, 0.1324031464755535, 0.1337921374610492, 0.1335311010479927, 0.1332822401415218, 0.13257776679737227, 0.13302669478090187, 0.1326254516839981, 0.13163929879665376, 0.13281427489386666, 0.1317113893372672, 0.1326563517252604, 0.13249025290662592, 0.13327026909047907, 0.1330152705311775, 0.13276666309684515, 0.1334093933304151, 0.1326913278211247, 0.13313559144735337, 0.13241145150227981, 0.13339989073574543, 0.13281593844294548, 0.13185491661230722, 0.13325938768684864, 0.13142852038145064, 0.1329270362854004, 0.13348287073048679, 0.1325318142771721, 0.13408087028397453, 0.13346334397792817, 0.13411794751882553, 0.13277201968080857, 0.13249333841460093, 0.13252595768255346, 0.13366519808769226, 0.1328916938768493, 0.13357784083256355, 0.1337960900531875, 0.13264856487512589, 0.13236509175861583, 0.132902292907238, 0.13331076254447302, 0.13249205201864242, 0.13308577835559846, 0.13294017165899277, 0.13347546756267548, 0.13334402441978455, 0.13262949585914613, 0.13259483235222952, 0.13181498926132917, 0.13290856579939525, 0.1326882466673851, 0.1330426126718521, 0.13411953383021885, 0.13135108798742295, 0.13238928094506264, 0.13373703882098198, 0.13328058852089775, 0.13358857855200768, 0.13536891217033067, 0.13228871673345566, 0.1321853602474386, 0.1323375535361907, 0.13262813148044406, 0.13319997365276018, 0.13217533959282768, 0.1325486570596695, 0.13477737795222888, 0.13312722742557526, 0.1318033367395401, 0.1331349015235901, 0.13211381905957273, 0.13423318415880203, 0.13294683572124033, 0.132482069887613, 0.13243616711009631, 0.13263563009408805, 0.1326585570971171, 0.13415736556053162, 0.1325487426736138, 0.13218245208263396, 0.13271440267562867, 0.13351824620495673, 0.1332564800977707, 0.13337960001081228, 0.13383139049013457, 0.13225220414725217, 0.13225619588047266, 0.13341193232271406, 0.1341492874281747, 0.1322493374347687, 0.13336324149912054, 0.13279302330578074, 0.13285479162420546, 0.1337865645235235, 0.13356122374534607, 0.13333827392621475, 0.13313417001204056, 0.13244151771068574, 0.13273926308521858, 0.13280856880274686, 0.1326759927547895, 0.13298746740276163, 0.13208307176828385, 0.13397399385770162, 0.1327421719377691, 0.13405803143978118, 0.13347472101449967, 0.13262582144566945, 0.1332172969977061, 0.13284763395786287, 0.13410203357537587, 0.13315315544605255, 0.1332417408625285, 0.13295547142624856, 0.13540586531162263, 0.133869469165802, 0.13225367996427748, 0.1330152302980423, 0.13397337620457014, 0.13366027568515979, 0.13380576372146608, 0.13312493078410625, 0.13362210326724583, 0.13356410237875851, 0.13294492255557666, 0.13374752899010975, 0.13320007092422909, 0.1324601812022073, 0.1325840719721534, 0.13293306777874628, 0.1335348007934434, 0.133374685049057, 0.13215044943185952, 0.13200969036136354, 0.13084513626315378, 0.133168947967616, 0.13255057185888292, 0.13345773247155276, 0.1331632977182215, 0.1323902290314436, 0.13230285319415006, 0.13298161327838898, 0.13305513064066568, 0.13186501818043844, 0.1337706595659256, 0.13204440474510193, 0.13361636083573103, 0.13385023864415976, 0.13271275783578554, 0.13342377949844708, 0.13435965180397033, 0.13225366837448543, 0.1321204575625333, 0.132244090621288, 0.1322583571860665, 0.13226525634527206, 0.1332148626446724, 0.13182833194732665, 0.13373825699090958, 0.13423909544944762, 0.13283501267433168, 0.13255945468942323, 0.13249206478181091, 0.133153412077162, 0.13261510973626917, 0.13481484519110787, 0.13237134963274003, 0.13350222176975673, 0.13397905528545379, 0.13399221400419872, 0.13311139245827994, 0.13181082606315614, 0.1327955812215805, 0.13202808673183122, 0.13392791281575742, 0.1348840296268463, 0.1328729476247515, 0.1336130052804947, 0.13290487907149576, 0.13350635170936584, 0.13190164310591562, 0.13199498783797026, 0.1317068137228489, 0.13422256832321486, 0.13394700532609766, 0.13288534739438226, 0.13219373524188996, 0.13150856305252423, 0.13253654539585114, 0.13395225914085612, 0.13201952874660491, 0.13362793624401093, 0.1322006663450828, 0.13235035836696624, 0.1323806717991829, 0.13170589953660966, 0.13251798125830563, 0.13222343261752809, 0.1334195819993814, 0.1321829923174598, 0.13233083188533784, 0.132950047403574, 0.13250944289294156, 0.1331461563706398, 0.13353529004823594, 0.13333258032798767, 0.13511274116379873, 0.1331244937398217, 0.13335579862961403, 0.1337062848938836, 0.132678692539533, 0.13461800732395865, 0.13315189331769944, 0.13403807505965232, 0.13190955611375663, 0.13161920259396234, 0.1349197422916239, 0.13230120142300925, 0.13446465879678726, 0.13287080824375153, 0.1326240450143814, 0.13339491933584213, 0.13130823895335197, 0.13255739336212477, 0.13350451606161454, 0.13433556424246895, 0.13278814618076598, 0.13237902224063874, 0.13345701843500138, 0.13415251672267914, 0.13412699972589812, 0.13260197639465332, 0.13332881148044878, 0.1335538536310196, 0.13307457461076624, 0.1317974609487197, 0.1345077097415924, 0.13394279330968856, 0.13276384323835372, 0.1327816198269526, 0.13224871787759993, 0.13302538078278303, 0.1339166134595871, 0.13343211224204615, 0.13440975877973768, 0.1323870350332821, 0.1324337089762968, 0.13462327793240547, 0.13376602259549228, 0.1329229772090912, 0.1321339026093483, 0.13274146704112783, 0.13225141614675523, 0.13187271492047745, 0.13205519318580627, 0.13266044358412424, 0.13296696643034617, 0.1336909715945904, 0.13273223837216694, 0.13460508609811464, 0.13276327235831153, 0.13298853983481726, 0.13299768900170045, 0.13235091737338475, 0.13344677786032358, 0.1331629210284778, 0.13242793541688186, 0.13232922904631672, 0.1325648919894145, 0.1319265477359295, 0.13231384754180908, 0.1333417548583104, 0.1327212073586204, 0.13209832028338783, 0.1332375808404042, 0.13182637414761952, 0.13457587858041128, 0.13171557508982146, 0.13223245469006625, 0.1340853808955713]}