('OC-FakeDect1 (Trained on RND Dataset)  \nTested on AVG Face2Face Dataset  \nRunning Average Evaluation', 'OC-FakeDect1_RND', 'RND', 'OC-FakeDect1_RND_raeonF2Favg')
auroc=0.5038235913413897
f1=0.4619540747411076
prec=0.419460343417825
recall=0.5140280561122245

fpr=[0.0, 0.5140280561122245, 1.0]

tpr=[0.0, 0.5216752387950037, 1.0]

y_true=[0, 0, 0, 0, 0, 0, 0, 0, 0, 0, 0, 0, 0, 0, 0, 0, 0, 0, 0, 0, 0, 0, 0, 0, 0, 0, 0, 0, 0, 0, 0, 0, 0, 0, 0, 0, 0, 0, 0, 0, 0, 0, 0, 0, 0, 0, 0, 0, 0, 0, 0, 0, 0, 0, 0, 0, 0, 0, 0, 0, 0, 0, 0, 0, 0, 0, 0, 0, 0, 0, 0, 0, 0, 0, 0, 0, 0, 0, 0, 0, 0, 0, 0, 0, 0, 0, 0, 0, 0, 0, 0, 0, 0, 0, 0, 0, 0, 0, 0, 0, 0, 0, 0, 0, 0, 0, 0, 0, 0, 0, 0, 0, 0, 0, 0, 0, 0, 0, 0, 0, 0, 0, 0, 0, 0, 0, 0, 0, 0, 0, 0, 0, 0, 0, 0, 0, 0, 0, 0, 0, 0, 0, 0, 0, 0, 0, 0, 0, 0, 0, 0, 0, 0, 0, 0, 0, 0, 0, 0, 0, 0, 0, 0, 0, 0, 0, 0, 0, 0, 0, 0, 0, 0, 0, 0, 0, 0, 0, 0, 0, 0, 0, 0, 0, 0, 0, 0, 0, 0, 0, 0, 0, 0, 0, 0, 0, 0, 0, 0, 0, 0, 0, 0, 0, 0, 0, 0, 0, 0, 0, 0, 0, 0, 0, 0, 0, 0, 0, 0, 0, 0, 0, 0, 0, 0, 0, 0, 0, 0, 0, 0, 0, 0, 0, 0, 0, 0, 0, 0, 0, 0, 0, 0, 0, 0, 0, 0, 0, 0, 0, 0, 0, 0, 0, 0, 0, 0, 0, 0, 0, 0, 0, 0, 0, 0, 0, 0, 0, 0, 0, 0, 0, 0, 0, 0, 0, 0, 0, 0, 0, 0, 0, 0, 0, 0, 0, 0, 0, 0, 0, 0, 0, 0, 0, 0, 0, 0, 0, 0, 0, 0, 0, 0, 0, 0, 0, 0, 0, 0, 0, 0, 0, 0, 0, 0, 0, 0, 0, 0, 0, 0, 0, 0, 0, 0, 0, 0, 0, 0, 0, 0, 0, 0, 0, 0, 0, 0, 0, 0, 0, 0, 0, 0, 0, 0, 0, 0, 0, 0, 0, 0, 0, 0, 0, 0, 0, 0, 0, 0, 0, 0, 0, 0, 0, 0, 0, 0, 0, 0, 0, 0, 0, 0, 0, 0, 0, 0, 0, 0, 0, 0, 0, 0, 0, 0, 0, 0, 0, 0, 0, 0, 0, 0, 0, 0, 0, 0, 0, 0, 0, 0, 0, 0, 0, 0, 0, 0, 0, 0, 0, 0, 0, 0, 0, 0, 0, 0, 0, 0, 0, 0, 0, 0, 0, 0, 0, 0, 0, 0, 0, 0, 0, 0, 0, 0, 0, 0, 0, 0, 0, 0, 0, 0, 0, 0, 0, 0, 0, 0, 0, 0, 0, 0, 0, 0, 0, 0, 0, 0, 0, 0, 0, 0, 0, 0, 0, 0, 0, 0, 0, 0, 0, 0, 0, 0, 0, 0, 0, 0, 0, 0, 0, 0, 0, 0, 0, 0, 0, 0, 0, 0, 0, 0, 0, 0, 0, 0, 0, 0, 0, 0, 0, 0, 0, 0, 0, 0, 0, 0, 0, 0, 0, 0, 0, 0, 0, 0, 0, 0, 0, 0, 0, 0, 0, 0, 0, 0, 0, 0, 0, 0, 0, 0, 0, 0, 0, 0, 0, 0, 0, 0, 0, 0, 0, 0, 0, 0, 0, 0, 0, 0, 0, 0, 0, 0, 0, 0, 0, 0, 0, 0, 0, 0, 0, 0, 0, 0, 0, 0, 0, 0, 0, 0, 0, 0, 0, 0, 0, 0, 0, 0, 0, 0, 0, 0, 0, 0, 0, 0, 0, 0, 0, 0, 0, 0, 0, 0, 0, 0, 0, 0, 0, 0, 0, 0, 0, 0, 0, 0, 0, 0, 0, 0, 0, 0, 0, 0, 0, 0, 0, 0, 0, 0, 0, 0, 0, 0, 0, 0, 0, 0, 0, 0, 0, 0, 0, 0, 0, 0, 0, 0, 0, 0, 0, 0, 0, 0, 0, 0, 0, 0, 0, 0, 0, 0, 0, 0, 0, 0, 0, 0, 0, 0, 0, 0, 0, 0, 0, 0, 0, 0, 0, 0, 0, 0, 0, 0, 0, 0, 0, 0, 0, 0, 0, 0, 0, 0, 0, 0, 0, 0, 0, 0, 0, 0, 0, 0, 0, 0, 0, 0, 0, 0, 0, 0, 0, 0, 0, 0, 0, 0, 0, 0, 0, 0, 0, 0, 0, 0, 0, 0, 0, 0, 0, 0, 0, 0, 0, 0, 0, 0, 0, 0, 0, 0, 0, 0, 0, 0, 0, 0, 0, 0, 0, 0, 0, 0, 0, 0, 0, 0, 0, 0, 0, 0, 0, 0, 0, 0, 0, 0, 0, 0, 0, 0, 0, 0, 0, 0, 0, 0, 0, 0, 0, 0, 0, 0, 0, 0, 0, 0, 0, 0, 0, 0, 0, 0, 0, 0, 0, 0, 0, 0, 0, 0, 0, 0, 0, 0, 0, 0, 0, 0, 0, 0, 0, 0, 0, 0, 0, 0, 0, 0, 0, 0, 0, 0, 0, 0, 0, 0, 0, 0, 0, 0, 0, 0, 0, 0, 0, 0, 0, 0, 0, 0, 0, 0, 0, 0, 0, 0, 0, 0, 0, 0, 0, 0, 0, 0, 0, 0, 0, 0, 0, 0, 0, 0, 0, 0, 0, 0, 0, 0, 0, 0, 0, 0, 0, 0, 0, 0, 0, 0, 0, 0, 0, 0, 0, 0, 0, 0, 0, 0, 0, 0, 0, 0, 0, 0, 0, 0, 0, 0, 0, 0, 0, 0, 0, 0, 0, 0, 0, 0, 0, 0, 0, 0, 0, 0, 0, 0, 0, 0, 0, 0, 0, 0, 0, 0, 0, 0, 0, 0, 0, 0, 0, 0, 0, 0, 0, 0, 0, 0, 0, 0, 0, 0, 0, 0, 0, 0, 0, 0, 0, 0, 0, 0, 0, 0, 0, 0, 0, 0, 0, 0, 0, 0, 0, 0, 0, 0, 0, 0, 0, 0, 0, 0, 0, 0, 0, 0, 0, 0, 0, 0, 0, 0, 0, 0, 0, 0, 0, 0, 0, 0, 0, 0, 0, 0, 0, 0, 0, 0, 0, 0, 0, 0, 0, 0, 0, 0, 0, 0, 0, 0, 0, 0, 0, 0, 0, 0, 0, 0, 0, 0, 0, 0, 0, 0, 0, 0, 0, 0, 0, 0, 0, 0, 0, 0, 0, 0, 0, 0, 0, 0, 0, 0, 0, 0, 0, 0, 0, 0, 0, 0, 0, 0, 0, 0, 0, 0, 0, 0, 0, 0, 0, 0, 0, 0, 0, 0, 0, 0, 0, 0, 0, 0, 0, 0, 0, 0, 0, 0, 0, 0, 0, 0, 0, 0, 0, 0, 0, 0, 0, 0, 0, 0, 0, 0, 0, 0, 0, 0, 0, 0, 0, 0, 0, 0, 0, 0, 0, 0, 0, 0, 0, 0, 0, 0, 0, 0, 0, 0, 0, 0, 0, 0, 0, 0, 0, 0, 0, 0, 0, 0, 0, 0, 0, 0, 0, 0, 0, 0, 0, 0, 0, 0, 0, 0, 0, 0, 0, 0, 0, 0, 0, 0, 0, 0, 0, 0, 0, 0, 0, 0, 0, 0, 0, 0, 0, 0, 0, 0, 0, 0, 0, 0, 0, 0, 0, 0, 0, 0, 0, 0, 0, 0, 0, 0, 0, 0, 0, 0, 0, 0, 0, 0, 0, 0, 0, 0, 0, 0, 0, 0, 0, 0, 0, 0, 0, 0, 0, 0, 0, 0, 0, 0, 0, 0, 0, 0, 0, 0, 0, 0, 0, 0, 0, 0, 0, 0, 0, 0, 0, 0, 0, 0, 0, 0, 0, 0, 0, 0, 0, 0, 0, 0, 0, 0, 0, 0, 0, 0, 0, 0, 0, 0, 0, 0, 0, 0, 0, 0, 0, 0, 0, 0, 0, 0, 0, 0, 0, 0, 0, 0, 0, 0, 0, 0, 0, 0, 0, 0, 0, 0, 0, 0, 0, 0, 0, 0, 0, 0, 0, 0, 0, 0, 0, 0, 0, 0, 0, 0, 0, 0, 0, 0, 0, 0, 0, 0, 0, 0, 0, 0, 0, 0, 0, 0, 0, 0, 0, 0, 0, 0, 0, 0, 0, 0, 0, 0, 0, 0, 0, 0, 0, 0, 0, 0, 0, 0, 0, 0, 0, 0, 0, 0, 0, 0, 0, 0, 0, 0, 0, 0, 0, 0, 0, 0, 0, 0, 0, 0, 0, 0, 0, 0, 0, 0, 0, 0, 1, 1, 1, 1, 1, 1, 1, 1, 1, 1, 1, 1, 1, 1, 1, 1, 1, 1, 1, 1, 1, 1, 1, 1, 1, 1, 1, 1, 1, 1, 1, 1, 1, 1, 1, 1, 1, 1, 1, 1, 1, 1, 1, 1, 1, 1, 1, 1, 1, 1, 1, 1, 1, 1, 1, 1, 1, 1, 1, 1, 1, 1, 1, 1, 1, 1, 1, 1, 1, 1, 1, 1, 1, 1, 1, 1, 1, 1, 1, 1, 1, 1, 1, 1, 1, 1, 1, 1, 1, 1, 1, 1, 1, 1, 1, 1, 1, 1, 1, 1, 1, 1, 1, 1, 1, 1, 1, 1, 1, 1, 1, 1, 1, 1, 1, 1, 1, 1, 1, 1, 1, 1, 1, 1, 1, 1, 1, 1, 1, 1, 1, 1, 1, 1, 1, 1, 1, 1, 1, 1, 1, 1, 1, 1, 1, 1, 1, 1, 1, 1, 1, 1, 1, 1, 1, 1, 1, 1, 1, 1, 1, 1, 1, 1, 1, 1, 1, 1, 1, 1, 1, 1, 1, 1, 1, 1, 1, 1, 1, 1, 1, 1, 1, 1, 1, 1, 1, 1, 1, 1, 1, 1, 1, 1, 1, 1, 1, 1, 1, 1, 1, 1, 1, 1, 1, 1, 1, 1, 1, 1, 1, 1, 1, 1, 1, 1, 1, 1, 1, 1, 1, 1, 1, 1, 1, 1, 1, 1, 1, 1, 1, 1, 1, 1, 1, 1, 1, 1, 1, 1, 1, 1, 1, 1, 1, 1, 1, 1, 1, 1, 1, 1, 1, 1, 1, 1, 1, 1, 1, 1, 1, 1, 1, 1, 1, 1, 1, 1, 1, 1, 1, 1, 1, 1, 1, 1, 1, 1, 1, 1, 1, 1, 1, 1, 1, 1, 1, 1, 1, 1, 1, 1, 1, 1, 1, 1, 1, 1, 1, 1, 1, 1, 1, 1, 1, 1, 1, 1, 1, 1, 1, 1, 1, 1, 1, 1, 1, 1, 1, 1, 1, 1, 1, 1, 1, 1, 1, 1, 1, 1, 1, 1, 1, 1, 1, 1, 1, 1, 1, 1, 1, 1, 1, 1, 1, 1, 1, 1, 1, 1, 1, 1, 1, 1, 1, 1, 1, 1, 1, 1, 1, 1, 1, 1, 1, 1, 1, 1, 1, 1, 1, 1, 1, 1, 1, 1, 1, 1, 1, 1, 1, 1, 1, 1, 1, 1, 1, 1, 1, 1, 1, 1, 1, 1, 1, 1, 1, 1, 1, 1, 1, 1, 1, 1, 1, 1, 1, 1, 1, 1, 1, 1, 1, 1, 1, 1, 1, 1, 1, 1, 1, 1, 1, 1, 1, 1, 1, 1, 1, 1, 1, 1, 1, 1, 1, 1, 1, 1, 1, 1, 1, 1, 1, 1, 1, 1, 1, 1, 1, 1, 1, 1, 1, 1, 1, 1, 1, 1, 1, 1, 1, 1, 1, 1, 1, 1, 1, 1, 1, 1, 1, 1, 1, 1, 1, 1, 1, 1, 1, 1, 1, 1, 1, 1, 1, 1, 1, 1, 1, 1, 1, 1, 1, 1, 1, 1, 1, 1, 1, 1, 1, 1, 1, 1, 1, 1, 1, 1, 1, 1, 1, 1, 1, 1, 1, 1, 1, 1, 1, 1, 1, 1, 1, 1, 1, 1, 1, 1, 1, 1, 1, 1, 1, 1, 1, 1, 1, 1, 1, 1, 1, 1, 1, 1, 1, 1, 1, 1, 1, 1, 1, 1, 1, 1, 1, 1, 1, 1, 1, 1, 1, 1, 1, 1, 1, 1, 1, 1, 1, 1, 1, 1, 1, 1, 1, 1, 1, 1, 1, 1, 1, 1, 1, 1, 1, 1, 1, 1, 1, 1, 1, 1, 1, 1, 1, 1, 1, 1, 1, 1, 1, 1, 1, 1, 1, 1, 1, 1, 1, 1, 1, 1, 1, 1, 1, 1, 1, 1, 1, 1, 1, 1, 1, 1, 1, 1, 1, 1, 1, 1, 1, 1, 1, 1, 1, 1, 1, 1, 1, 1, 1, 1, 1, 1, 1, 1, 1, 1, 1, 1, 1, 1, 1, 1, 1, 1, 1, 1, 1, 1, 1, 1, 1, 1, 1, 1, 1, 1, 1, 1, 1, 1, 1, 1, 1, 1, 1, 1, 1, 1, 1, 1, 1, 1, 1, 1, 1, 1, 1, 1, 1, 1, 1, 1, 1, 1, 1, 1, 1, 1, 1, 1, 1, 1, 1, 1, 1, 1, 1, 1, 1, 1, 1, 1, 1, 1, 1, 1, 1, 1, 1, 1, 1, 1, 1, 1, 1, 1, 1, 1, 1, 1, 1, 1, 1, 1, 1, 1, 1, 1, 1, 1, 1, 1, 1, 1, 1, 1, 1, 1, 1, 1, 1, 1, 1, 1, 1, 1, 1, 1, 1, 1, 1, 1, 1, 1, 1, 1, 1, 1, 1, 1, 1, 1, 1, 1, 1, 1, 1, 1, 1, 1, 1, 1, 1, 1, 1, 1, 1, 1, 1, 1, 1, 1, 1, 1, 1, 1, 1, 1, 1, 1, 1, 1, 1, 1, 1, 1, 1, 1, 1, 1, 1, 1, 1, 1, 1, 1, 1, 1, 1, 1, 1, 1, 1, 1, 1, 1, 1, 1, 1, 1, 1, 1, 1, 1, 1, 1, 1, 1, 1, 1, 1, 1, 1, 1, 1, 1, 1, 1, 1, 1, 1, 1, 1, 1, 1, 1, 1, 1, 1, 1, 1, 1, 1, 1, 1, 1, 1, 1, 1, 1, 1, 1, 1, 1, 1, 1, 1, 1, 1, 1, 1, 1, 1, 1, 1, 1, 1, 1, 1, 1, 1, 1, 1, 1, 1, 1, 1, 1, 1, 1, 1, 1, 1, 1, 1, 1, 1, 1, 1, 1, 1, 1, 1, 1, 1, 1, 1, 1, 1, 1, 1, 1, 1, 1, 1, 1, 1, 1, 1, 1, 1, 1, 1, 1, 1, 1, 1, 1, 1, 1, 1, 1, 1, 1, 1, 1, 1, 1, 1, 1, 1, 1, 1, 1, 1, 1, 1, 1, 1, 1, 1, 1, 1, 1, 1, 1, 1, 1, 1, 1, 1, 1, 1, 1, 1, 1, 1, 1, 1, 1, 1, 1, 1, 1, 1, 1, 1, 1, 1, 1, 1, 1, 1, 1, 1, 1]

y_pred=[0.0, 1.0, 0.0, 1.0, 0.0, 1.0, 0.0, 0.0, 0.0, 1.0, 1.0, 1.0, 1.0, 1.0, 0.0, 1.0, 1.0, 1.0, 1.0, 0.0, 0.0, 0.0, 0.0, 1.0, 0.0, 1.0, 0.0, 1.0, 0.0, 0.0, 0.0, 0.0, 1.0, 0.0, 0.0, 1.0, 0.0, 0.0, 1.0, 0.0, 0.0, 1.0, 0.0, 0.0, 1.0, 1.0, 1.0, 0.0, 1.0, 0.0, 1.0, 0.0, 0.0, 1.0, 1.0, 0.0, 0.0, 1.0, 1.0, 1.0, 0.0, 0.0, 0.0, 0.0, 1.0, 1.0, 0.0, 1.0, 0.0, 0.0, 0.0, 0.0, 0.0, 0.0, 1.0, 1.0, 0.0, 0.0, 0.0, 0.0, 1.0, 1.0, 1.0, 1.0, 0.0, 0.0, 1.0, 0.0, 1.0, 1.0, 0.0, 0.0, 0.0, 0.0, 1.0, 0.0, 0.0, 1.0, 0.0, 0.0, 1.0, 1.0, 1.0, 1.0, 1.0, 1.0, 1.0, 0.0, 1.0, 0.0, 0.0, 1.0, 1.0, 1.0, 1.0, 1.0, 1.0, 0.0, 0.0, 1.0, 0.0, 1.0, 1.0, 0.0, 1.0, 1.0, 0.0, 1.0, 1.0, 1.0, 0.0, 0.0, 1.0, 1.0, 1.0, 0.0, 1.0, 1.0, 1.0, 0.0, 1.0, 0.0, 1.0, 0.0, 0.0, 0.0, 0.0, 0.0, 1.0, 1.0, 0.0, 1.0, 0.0, 0.0, 0.0, 0.0, 0.0, 0.0, 1.0, 1.0, 1.0, 0.0, 0.0, 0.0, 0.0, 0.0, 1.0, 0.0, 1.0, 0.0, 0.0, 1.0, 1.0, 0.0, 1.0, 1.0, 0.0, 1.0, 0.0, 1.0, 0.0, 1.0, 0.0, 0.0, 1.0, 1.0, 0.0, 0.0, 0.0, 1.0, 0.0, 0.0, 0.0, 1.0, 0.0, 1.0, 1.0, 0.0, 0.0, 0.0, 1.0, 1.0, 1.0, 1.0, 1.0, 1.0, 1.0, 1.0, 0.0, 0.0, 1.0, 0.0, 0.0, 1.0, 0.0, 1.0, 0.0, 1.0, 1.0, 1.0, 0.0, 1.0, 1.0, 0.0, 0.0, 0.0, 1.0, 0.0, 1.0, 1.0, 1.0, 1.0, 0.0, 0.0, 0.0, 1.0, 0.0, 0.0, 0.0, 0.0, 0.0, 1.0, 0.0, 1.0, 1.0, 0.0, 0.0, 0.0, 1.0, 0.0, 1.0, 1.0, 0.0, 1.0, 0.0, 1.0, 0.0, 1.0, 1.0, 1.0, 0.0, 0.0, 0.0, 1.0, 1.0, 0.0, 1.0, 0.0, 0.0, 0.0, 1.0, 0.0, 0.0, 0.0, 0.0, 1.0, 0.0, 0.0, 1.0, 1.0, 0.0, 1.0, 0.0, 0.0, 0.0, 1.0, 1.0, 0.0, 1.0, 1.0, 0.0, 0.0, 1.0, 1.0, 1.0, 0.0, 0.0, 1.0, 1.0, 0.0, 0.0, 1.0, 0.0, 0.0, 1.0, 0.0, 1.0, 1.0, 1.0, 0.0, 1.0, 1.0, 1.0, 0.0, 1.0, 1.0, 0.0, 0.0, 0.0, 0.0, 0.0, 0.0, 0.0, 1.0, 0.0, 0.0, 0.0, 0.0, 0.0, 1.0, 1.0, 0.0, 1.0, 1.0, 0.0, 1.0, 1.0, 0.0, 1.0, 0.0, 1.0, 0.0, 0.0, 1.0, 0.0, 1.0, 0.0, 0.0, 0.0, 0.0, 0.0, 0.0, 0.0, 0.0, 0.0, 0.0, 1.0, 1.0, 0.0, 1.0, 0.0, 1.0, 1.0, 0.0, 0.0, 1.0, 0.0, 0.0, 0.0, 0.0, 0.0, 1.0, 0.0, 1.0, 1.0, 1.0, 0.0, 0.0, 1.0, 1.0, 0.0, 0.0, 0.0, 0.0, 1.0, 1.0, 1.0, 1.0, 1.0, 0.0, 0.0, 1.0, 0.0, 1.0, 1.0, 1.0, 1.0, 0.0, 0.0, 1.0, 0.0, 0.0, 1.0, 0.0, 0.0, 0.0, 0.0, 0.0, 0.0, 0.0, 0.0, 0.0, 0.0, 0.0, 0.0, 1.0, 1.0, 1.0, 0.0, 1.0, 1.0, 0.0, 1.0, 0.0, 1.0, 1.0, 1.0, 0.0, 1.0, 1.0, 0.0, 1.0, 1.0, 1.0, 1.0, 1.0, 0.0, 0.0, 0.0, 1.0, 0.0, 0.0, 1.0, 0.0, 1.0, 0.0, 1.0, 0.0, 0.0, 1.0, 1.0, 0.0, 1.0, 1.0, 1.0, 0.0, 0.0, 0.0, 0.0, 0.0, 1.0, 0.0, 1.0, 1.0, 0.0, 1.0, 0.0, 1.0, 1.0, 1.0, 0.0, 0.0, 1.0, 0.0, 1.0, 1.0, 1.0, 0.0, 1.0, 0.0, 1.0, 1.0, 1.0, 1.0, 1.0, 0.0, 1.0, 1.0, 1.0, 1.0, 0.0, 0.0, 0.0, 0.0, 1.0, 0.0, 1.0, 0.0, 0.0, 1.0, 0.0, 0.0, 0.0, 1.0, 1.0, 0.0, 1.0, 1.0, 1.0, 0.0, 0.0, 0.0, 0.0, 0.0, 0.0, 1.0, 0.0, 1.0, 1.0, 0.0, 1.0, 1.0, 1.0, 0.0, 1.0, 0.0, 1.0, 1.0, 0.0, 1.0, 1.0, 1.0, 0.0, 1.0, 0.0, 0.0, 1.0, 1.0, 0.0, 0.0, 1.0, 1.0, 0.0, 1.0, 1.0, 0.0, 0.0, 0.0, 1.0, 0.0, 0.0, 1.0, 1.0, 0.0, 0.0, 0.0, 0.0, 1.0, 1.0, 0.0, 1.0, 1.0, 1.0, 0.0, 1.0, 0.0, 1.0, 0.0, 0.0, 0.0, 1.0, 1.0, 0.0, 1.0, 1.0, 1.0, 0.0, 1.0, 1.0, 0.0, 1.0, 0.0, 0.0, 0.0, 0.0, 1.0, 0.0, 0.0, 0.0, 0.0, 0.0, 0.0, 1.0, 1.0, 0.0, 0.0, 0.0, 1.0, 0.0, 0.0, 0.0, 1.0, 1.0, 1.0, 1.0, 1.0, 0.0, 1.0, 1.0, 1.0, 1.0, 0.0, 0.0, 0.0, 0.0, 1.0, 0.0, 0.0, 0.0, 0.0, 1.0, 0.0, 1.0, 1.0, 1.0, 1.0, 1.0, 1.0, 1.0, 1.0, 1.0, 1.0, 1.0, 1.0, 0.0, 0.0, 0.0, 0.0, 1.0, 1.0, 1.0, 0.0, 1.0, 1.0, 1.0, 0.0, 1.0, 0.0, 0.0, 1.0, 1.0, 1.0, 1.0, 0.0, 0.0, 1.0, 1.0, 1.0, 1.0, 0.0, 0.0, 1.0, 1.0, 1.0, 1.0, 1.0, 1.0, 0.0, 0.0, 0.0, 0.0, 0.0, 0.0, 0.0, 0.0, 0.0, 0.0, 0.0, 1.0, 1.0, 1.0, 0.0, 1.0, 1.0, 0.0, 1.0, 0.0, 0.0, 1.0, 1.0, 1.0, 0.0, 0.0, 0.0, 1.0, 1.0, 0.0, 1.0, 0.0, 0.0, 1.0, 1.0, 1.0, 0.0, 0.0, 1.0, 0.0, 0.0, 1.0, 1.0, 1.0, 1.0, 1.0, 0.0, 0.0, 0.0, 0.0, 0.0, 1.0, 1.0, 1.0, 1.0, 0.0, 0.0, 0.0, 1.0, 0.0, 0.0, 1.0, 0.0, 0.0, 0.0, 1.0, 0.0, 0.0, 0.0, 1.0, 1.0, 0.0, 1.0, 1.0, 0.0, 1.0, 0.0, 0.0, 1.0, 1.0, 0.0, 0.0, 0.0, 1.0, 1.0, 0.0, 1.0, 0.0, 1.0, 0.0, 0.0, 0.0, 1.0, 1.0, 0.0, 1.0, 0.0, 1.0, 1.0, 0.0, 0.0, 0.0, 1.0, 0.0, 1.0, 1.0, 0.0, 1.0, 1.0, 0.0, 1.0, 0.0, 0.0, 0.0, 0.0, 0.0, 0.0, 0.0, 1.0, 1.0, 0.0, 0.0, 0.0, 0.0, 1.0, 1.0, 0.0, 1.0, 0.0, 0.0, 0.0, 0.0, 0.0, 1.0, 1.0, 0.0, 0.0, 0.0, 1.0, 0.0, 1.0, 0.0, 1.0, 1.0, 0.0, 1.0, 1.0, 0.0, 1.0, 0.0, 1.0, 0.0, 0.0, 0.0, 0.0, 0.0, 0.0, 1.0, 0.0, 0.0, 0.0, 1.0, 1.0, 1.0, 1.0, 0.0, 1.0, 1.0, 1.0, 0.0, 1.0, 1.0, 1.0, 0.0, 1.0, 1.0, 0.0, 0.0, 0.0, 0.0, 1.0, 0.0, 0.0, 1.0, 1.0, 0.0, 0.0, 1.0, 1.0, 0.0, 0.0, 0.0, 1.0, 0.0, 0.0, 0.0, 0.0, 0.0, 1.0, 0.0, 0.0, 0.0, 1.0, 1.0, 1.0, 1.0, 1.0, 0.0, 1.0, 1.0, 0.0, 0.0, 0.0, 0.0, 1.0, 1.0, 0.0, 0.0, 0.0, 1.0, 0.0, 1.0, 1.0, 0.0, 0.0, 0.0, 1.0, 0.0, 1.0, 1.0, 0.0, 0.0, 0.0, 1.0, 1.0, 0.0, 0.0, 0.0, 0.0, 1.0, 1.0, 1.0, 1.0, 1.0, 0.0, 0.0, 0.0, 1.0, 1.0, 0.0, 0.0, 0.0, 0.0, 0.0, 1.0, 1.0, 0.0, 0.0, 1.0, 1.0, 0.0, 1.0, 1.0, 0.0, 1.0, 0.0, 0.0, 0.0, 0.0, 1.0, 1.0, 0.0, 1.0, 0.0, 1.0, 0.0, 1.0, 1.0, 0.0, 0.0, 1.0, 1.0, 0.0, 0.0, 0.0, 1.0, 1.0, 1.0, 1.0, 1.0, 0.0, 0.0, 0.0, 1.0, 1.0, 1.0, 1.0, 0.0, 0.0, 1.0, 1.0, 0.0, 0.0, 0.0, 0.0, 1.0, 0.0, 1.0, 1.0, 1.0, 0.0, 0.0, 1.0, 0.0, 0.0, 1.0, 1.0, 0.0, 1.0, 0.0, 0.0, 0.0, 0.0, 1.0, 1.0, 0.0, 0.0, 0.0, 0.0, 0.0, 1.0, 1.0, 0.0, 0.0, 1.0, 1.0, 0.0, 0.0, 0.0, 0.0, 0.0, 1.0, 0.0, 0.0, 1.0, 1.0, 0.0, 1.0, 0.0, 0.0, 1.0, 0.0, 1.0, 1.0, 0.0, 0.0, 0.0, 1.0, 1.0, 1.0, 1.0, 0.0, 1.0, 0.0, 1.0, 0.0, 0.0, 1.0, 0.0, 1.0, 0.0, 0.0, 1.0, 0.0, 0.0, 1.0, 1.0, 0.0, 0.0, 0.0, 1.0, 0.0, 1.0, 1.0, 0.0, 1.0, 1.0, 1.0, 0.0, 0.0, 0.0, 0.0, 1.0, 1.0, 0.0, 1.0, 1.0, 1.0, 0.0, 1.0, 1.0, 0.0, 0.0, 0.0, 0.0, 1.0, 0.0, 0.0, 1.0, 1.0, 1.0, 1.0, 0.0, 1.0, 0.0, 0.0, 1.0, 1.0, 1.0, 1.0, 0.0, 1.0, 0.0, 1.0, 0.0, 1.0, 0.0, 1.0, 1.0, 1.0, 1.0, 0.0, 0.0, 0.0, 0.0, 1.0, 1.0, 1.0, 0.0, 0.0, 1.0, 0.0, 0.0, 0.0, 1.0, 1.0, 1.0, 0.0, 1.0, 0.0, 0.0, 0.0, 1.0, 1.0, 1.0, 0.0, 1.0, 0.0, 0.0, 1.0, 1.0, 0.0, 0.0, 0.0, 0.0, 1.0, 1.0, 1.0, 1.0, 0.0, 1.0, 1.0, 0.0, 0.0, 0.0, 0.0, 0.0, 1.0, 0.0, 0.0, 1.0, 1.0, 1.0, 0.0, 0.0, 0.0, 0.0, 1.0, 0.0, 1.0, 1.0, 0.0, 1.0, 0.0, 0.0, 1.0, 0.0, 0.0, 0.0, 1.0, 0.0, 1.0, 0.0, 1.0, 0.0, 0.0, 0.0, 0.0, 0.0, 1.0, 1.0, 1.0, 0.0, 1.0, 0.0, 0.0, 1.0, 0.0, 1.0, 1.0, 0.0, 1.0, 0.0, 1.0, 1.0, 1.0, 0.0, 1.0, 1.0, 0.0, 1.0, 1.0, 0.0, 1.0, 0.0, 0.0, 1.0, 0.0, 0.0, 0.0, 1.0, 1.0, 0.0, 1.0, 0.0, 0.0, 0.0, 1.0, 0.0, 0.0, 0.0, 0.0, 0.0, 0.0, 0.0, 1.0, 1.0, 1.0, 0.0, 0.0, 1.0, 1.0, 1.0, 1.0, 1.0, 0.0, 1.0, 1.0, 0.0, 1.0, 1.0, 1.0, 1.0, 1.0, 1.0, 0.0, 0.0, 0.0, 0.0, 0.0, 0.0, 0.0, 0.0, 0.0, 0.0, 1.0, 0.0, 0.0, 1.0, 0.0, 0.0, 1.0, 1.0, 0.0, 1.0, 0.0, 1.0, 0.0, 1.0, 1.0, 0.0, 0.0, 1.0, 0.0, 0.0, 0.0, 0.0, 0.0, 1.0, 1.0, 0.0, 0.0, 1.0, 0.0, 1.0, 0.0, 0.0, 0.0, 1.0, 0.0, 1.0, 0.0, 0.0, 1.0, 1.0, 0.0, 0.0, 1.0, 0.0, 0.0, 1.0, 1.0, 1.0, 1.0, 1.0, 1.0, 1.0, 1.0, 1.0, 0.0, 0.0, 0.0, 1.0, 1.0, 1.0, 0.0, 0.0, 0.0, 0.0, 1.0, 0.0, 0.0, 0.0, 1.0, 0.0, 1.0, 1.0, 0.0, 1.0, 1.0, 0.0, 0.0, 0.0, 0.0, 1.0, 1.0, 1.0, 1.0, 0.0, 0.0, 1.0, 0.0, 0.0, 1.0, 1.0, 1.0, 1.0, 1.0, 1.0, 1.0, 1.0, 0.0, 1.0, 0.0, 1.0, 1.0, 0.0, 1.0, 1.0, 0.0, 0.0, 1.0, 1.0, 1.0, 1.0, 0.0, 0.0, 1.0, 0.0, 0.0, 1.0, 1.0, 0.0, 0.0, 1.0, 1.0, 1.0, 0.0, 0.0, 0.0, 0.0, 0.0, 0.0, 0.0, 1.0, 1.0, 1.0, 1.0, 1.0, 1.0, 0.0, 1.0, 1.0, 0.0, 1.0, 0.0, 0.0, 1.0, 1.0, 0.0, 0.0, 0.0, 1.0, 1.0, 0.0, 1.0, 0.0, 1.0, 0.0, 0.0, 0.0, 1.0, 0.0, 1.0, 1.0, 1.0, 0.0, 1.0, 1.0, 1.0, 1.0, 0.0, 1.0, 1.0, 1.0, 1.0, 0.0, 1.0, 0.0, 0.0, 0.0, 1.0, 1.0, 0.0, 1.0, 1.0, 0.0, 0.0, 0.0, 1.0, 0.0, 0.0, 0.0, 0.0, 1.0, 1.0, 1.0, 1.0, 1.0, 1.0, 1.0, 1.0, 0.0, 1.0, 0.0, 0.0, 1.0, 1.0, 0.0, 1.0, 1.0, 1.0, 0.0, 0.0, 1.0, 1.0, 1.0, 1.0, 1.0, 1.0, 0.0, 0.0, 1.0, 1.0, 0.0, 0.0, 1.0, 0.0, 0.0, 1.0, 1.0, 0.0, 0.0, 0.0, 0.0, 1.0, 0.0, 1.0, 1.0, 0.0, 1.0, 1.0, 1.0, 0.0, 1.0, 1.0, 0.0, 0.0, 1.0, 1.0, 0.0, 0.0, 0.0, 0.0, 1.0, 1.0, 0.0, 1.0, 1.0, 1.0, 0.0, 1.0, 0.0, 1.0, 1.0, 1.0, 0.0, 1.0, 1.0, 0.0, 0.0, 0.0, 1.0, 1.0, 1.0, 1.0, 0.0, 0.0, 0.0, 0.0, 0.0, 0.0, 0.0, 1.0, 1.0, 1.0, 0.0, 1.0, 1.0, 1.0, 0.0, 1.0, 1.0, 1.0, 1.0, 0.0, 1.0, 0.0, 0.0, 0.0, 1.0, 0.0, 1.0, 1.0, 1.0, 0.0, 0.0, 1.0, 0.0, 0.0, 0.0, 1.0, 1.0, 1.0, 0.0, 0.0, 0.0, 1.0, 1.0, 0.0, 1.0, 0.0, 0.0, 1.0, 1.0, 1.0, 1.0, 1.0, 0.0, 0.0, 1.0, 1.0, 1.0, 0.0, 0.0, 0.0, 1.0, 0.0, 0.0, 0.0, 0.0, 1.0, 0.0, 0.0, 0.0, 0.0, 0.0, 1.0, 1.0, 1.0, 1.0, 1.0, 0.0, 1.0, 0.0, 1.0, 0.0, 1.0, 0.0, 0.0, 0.0, 1.0, 0.0, 1.0, 0.0, 0.0, 0.0, 0.0, 0.0, 1.0, 1.0, 1.0, 0.0, 0.0, 1.0, 1.0, 0.0, 0.0, 0.0, 1.0, 1.0, 1.0, 1.0, 0.0, 0.0, 1.0, 1.0, 1.0, 0.0, 1.0, 1.0, 0.0, 1.0, 0.0, 1.0, 1.0, 1.0, 0.0, 1.0, 1.0, 0.0, 1.0, 1.0, 0.0, 0.0, 1.0, 0.0, 1.0, 1.0, 0.0, 1.0, 0.0, 0.0, 1.0, 1.0, 0.0, 0.0, 0.0, 0.0, 0.0, 1.0, 1.0, 0.0, 1.0, 1.0, 1.0, 0.0, 1.0, 0.0, 1.0, 1.0, 0.0, 1.0, 1.0, 1.0, 0.0, 1.0, 1.0, 0.0, 1.0, 1.0, 1.0, 1.0, 1.0, 0.0, 0.0, 1.0, 1.0, 0.0, 1.0, 0.0, 1.0, 1.0, 1.0, 0.0, 1.0, 1.0, 0.0, 0.0, 1.0, 1.0, 0.0, 1.0, 0.0, 0.0, 0.0, 0.0, 1.0, 0.0, 1.0, 0.0, 0.0, 1.0, 0.0, 0.0, 1.0, 1.0, 0.0, 1.0, 1.0, 1.0, 1.0, 0.0, 1.0, 0.0, 1.0, 0.0, 1.0, 0.0, 1.0, 0.0, 1.0, 0.0, 1.0, 1.0, 0.0, 1.0, 0.0, 0.0, 1.0, 0.0, 1.0, 1.0, 1.0, 0.0, 1.0, 1.0, 0.0, 1.0, 0.0, 1.0, 1.0, 0.0, 0.0, 1.0, 1.0, 1.0, 1.0, 0.0, 1.0, 0.0, 0.0, 1.0, 0.0, 0.0, 0.0, 0.0, 1.0, 1.0, 1.0, 0.0, 1.0, 0.0, 0.0, 0.0, 0.0, 1.0, 1.0, 1.0, 0.0, 0.0, 0.0, 0.0, 0.0, 1.0, 0.0, 1.0, 0.0, 0.0, 1.0, 0.0, 1.0, 0.0, 0.0, 1.0, 0.0, 1.0, 1.0, 0.0, 0.0, 0.0, 1.0, 0.0, 0.0, 0.0, 0.0, 1.0, 1.0, 1.0, 0.0, 0.0, 0.0, 0.0, 0.0, 1.0, 1.0, 1.0, 1.0, 0.0, 0.0, 1.0, 0.0, 0.0, 0.0, 0.0, 0.0, 1.0, 0.0, 1.0, 0.0, 1.0, 1.0, 0.0, 1.0, 0.0, 0.0, 1.0, 0.0, 1.0, 0.0, 0.0, 1.0, 0.0, 1.0, 0.0, 0.0, 0.0, 1.0, 1.0, 0.0, 0.0, 1.0, 1.0, 1.0, 1.0, 0.0, 1.0, 1.0, 0.0, 1.0, 0.0, 1.0, 1.0, 0.0, 0.0, 0.0, 0.0, 1.0, 1.0, 1.0, 1.0, 1.0, 0.0, 0.0, 1.0, 1.0, 0.0, 0.0, 1.0, 0.0, 1.0, 0.0, 1.0, 0.0, 0.0, 1.0, 0.0, 0.0, 1.0, 0.0, 1.0, 0.0, 0.0, 0.0, 0.0, 1.0, 1.0, 0.0, 0.0, 1.0, 1.0, 0.0, 1.0, 1.0, 1.0, 0.0, 0.0, 1.0, 1.0, 1.0, 1.0, 0.0, 0.0, 0.0, 0.0, 1.0, 0.0, 0.0, 0.0, 0.0, 0.0, 0.0, 0.0, 0.0, 1.0, 0.0, 0.0, 1.0, 1.0, 1.0, 1.0, 0.0, 1.0, 0.0, 1.0, 0.0, 1.0, 0.0, 0.0, 0.0, 1.0, 0.0, 0.0, 1.0, 1.0, 1.0, 0.0, 0.0, 1.0, 1.0, 0.0, 0.0, 0.0, 0.0, 0.0, 0.0, 1.0, 1.0, 0.0, 0.0, 1.0, 1.0, 1.0, 0.0, 0.0, 1.0, 1.0, 0.0, 0.0, 1.0, 1.0, 1.0, 0.0, 0.0, 0.0, 0.0, 1.0, 0.0, 1.0, 0.0, 0.0, 0.0, 0.0, 1.0, 1.0, 1.0, 1.0, 0.0, 1.0, 0.0, 0.0, 1.0, 0.0, 0.0, 0.0, 1.0, 1.0, 0.0, 0.0, 1.0, 0.0, 1.0, 0.0, 1.0, 1.0, 1.0, 0.0, 0.0, 1.0, 0.0, 0.0, 0.0, 1.0, 0.0, 1.0, 0.0, 0.0, 1.0, 0.0, 1.0, 0.0, 1.0, 0.0, 0.0, 0.0, 0.0, 1.0, 0.0, 0.0, 1.0, 1.0, 0.0, 0.0, 0.0, 1.0, 1.0, 1.0, 0.0, 0.0, 0.0, 0.0, 1.0, 0.0, 1.0, 0.0, 0.0, 0.0, 1.0, 1.0, 0.0, 1.0, 0.0, 0.0, 0.0, 0.0, 1.0, 0.0, 0.0, 0.0, 1.0, 0.0, 0.0, 1.0, 1.0, 1.0, 0.0, 1.0, 0.0, 0.0, 1.0, 0.0, 0.0, 0.0, 0.0, 0.0, 0.0, 1.0, 0.0, 0.0, 1.0, 1.0, 0.0, 1.0, 1.0, 0.0, 1.0, 1.0, 1.0, 1.0, 0.0, 0.0, 0.0, 1.0, 1.0, 0.0, 0.0, 1.0, 0.0, 0.0, 0.0, 0.0, 0.0, 0.0, 0.0, 0.0, 1.0, 1.0, 0.0, 0.0, 0.0, 0.0, 0.0, 0.0, 1.0, 0.0, 1.0, 0.0, 1.0, 0.0, 1.0, 1.0, 1.0, 1.0, 0.0, 0.0, 0.0, 0.0, 0.0, 0.0, 0.0, 1.0, 1.0, 0.0, 1.0, 0.0, 0.0, 0.0, 0.0, 1.0, 0.0, 1.0, 0.0, 1.0, 0.0, 0.0, 0.0, 0.0, 0.0, 1.0, 1.0, 1.0, 1.0, 1.0, 1.0, 0.0, 1.0, 1.0, 0.0, 1.0, 0.0, 0.0, 1.0, 1.0, 0.0, 0.0, 0.0, 0.0, 1.0, 1.0, 1.0, 1.0, 1.0, 1.0, 0.0, 0.0, 0.0, 1.0, 0.0, 1.0, 1.0, 0.0, 0.0, 0.0, 1.0, 1.0, 0.0, 1.0, 1.0, 0.0, 0.0, 0.0, 0.0, 1.0, 0.0, 1.0, 1.0, 0.0, 0.0, 0.0, 1.0, 0.0, 1.0, 0.0, 0.0, 1.0, 0.0, 1.0, 1.0, 1.0, 0.0, 1.0, 1.0, 1.0, 0.0, 1.0, 0.0, 0.0, 0.0, 1.0, 1.0, 0.0, 1.0, 0.0, 0.0, 1.0, 1.0, 0.0, 0.0, 1.0, 0.0, 0.0, 0.0, 0.0, 1.0, 0.0, 0.0, 0.0, 1.0, 0.0, 1.0, 0.0, 1.0, 0.0, 1.0, 0.0, 1.0, 1.0, 1.0, 0.0, 0.0, 0.0, 0.0, 1.0, 1.0, 1.0, 1.0, 1.0, 0.0, 1.0, 0.0, 0.0, 0.0, 0.0, 1.0, 0.0, 1.0, 0.0, 0.0, 0.0, 1.0, 1.0, 1.0, 1.0, 1.0, 1.0, 1.0, 1.0, 0.0, 0.0, 0.0, 1.0, 0.0, 0.0, 1.0, 1.0, 0.0, 1.0, 0.0, 1.0, 1.0, 1.0, 0.0, 0.0, 0.0, 0.0, 1.0, 0.0, 0.0, 0.0, 0.0, 1.0, 0.0, 1.0, 1.0, 1.0, 1.0, 1.0, 0.0, 0.0, 1.0, 0.0, 1.0, 1.0, 1.0, 0.0, 0.0, 0.0, 1.0, 1.0, 0.0, 0.0, 1.0, 1.0, 0.0, 1.0, 1.0, 1.0, 1.0, 0.0, 1.0, 1.0, 0.0, 1.0, 0.0, 1.0, 1.0, 0.0, 1.0, 0.0, 0.0, 0.0, 1.0, 1.0, 1.0, 1.0, 0.0, 1.0, 1.0, 0.0, 0.0, 0.0, 1.0]
\score={0: [0.13363474855820337, 0.13409615742663542, 0.133355407842568, 0.13411507649081095, 0.13355595171451567, 0.13418923957007273, 0.13307103865286884, 0.1336583440954035, 0.13369981630852348, 0.13406868565541047, 0.134155168065003, 0.13396474765613675, 0.13458938083865427, 0.1341822251677513, 0.13365059142762964, 0.13427278399467468, 0.13403808139264584, 0.13404501415789127, 0.13407288762656125, 0.13365682065486909, 0.1335518198708693, 0.13252629737059277, 0.13363750408525052, 0.13443624653986522, 0.13363568286101024, 0.1341597523008074, 0.13361382409930228, 0.13389810423056284, 0.13380572758615017, 0.13357987312170175, 0.13380541518712655, 0.13370601718242353, 0.13424598957811082, 0.13387802690267564, 0.1334434715764863, 0.1344330686589946, 0.1338095833857854, 0.13337167033127376, 0.1339733749628067, 0.13331999298599032, 0.1337603305776914, 0.13440100673366995, 0.1336719716588656, 0.1335644362413365, 0.1339771737655004, 0.1340112268924713, 0.1341798702875773, 0.1337843452181135, 0.1342655137181282, 0.13347342924067848, 0.13395240559027746, 0.1335470974445343, 0.13345925374464554, 0.13420507063468298, 0.13395082112401724, 0.13335250123687412, 0.13378929133926118, 0.1349235756529702, 0.13416879177093505, 0.13446451102693877, 0.133275774307549, 0.13339600172536126, 0.1333293579518795, 0.13355011343955994, 0.1346155714530211, 0.13419887920220694, 0.13381840769321687, 0.13439591228961945, 0.13359211534261703, 0.13382938910614361, 0.13380383141338825, 0.13368107836980087, 0.1336651924583647, 0.13358702460924785, 0.1343740362085794, 0.13421538652795734, 0.13381710151831308, 0.13353213492561788, 0.13327911360697312, 0.13381276076490228, 0.13396643508564343, 0.13421965638796488, 0.1341486617046244, 0.13427617996931077, 0.1335892898255381, 0.13357737213373183, 0.13453871309757232, 0.13372760266065598, 0.13390467473954865, 0.1340252198278904, 0.13255816996097564, 0.1336435851725665, 0.13372685511906943, 0.1325017362833023, 0.1340410334282908, 0.13360326305816048, 0.13314294649495018, 0.134240402529637, 0.13387052218119302, 0.13290508091449738, 0.13456377387046814, 0.13431773177887263, 0.13464484065771104, 0.134168840944767, 0.13420295380055905, 0.1341525102439134, 0.1339394986629486, 0.1336761721793343, 0.13404189199209213, 0.13379826545715331, 0.13372713327407837, 0.1344108899702897, 0.1344009299169887, 0.13400247575421081, 0.1343646003649785, 0.1339389899124702, 0.13469229224655363, 0.13386484767709458, 0.13377463682131333, 0.13410146534442902, 0.13346219382115773, 0.1350392520427704, 0.1339174156126223, 0.13362560931004977, 0.1341756491788796, 0.1340849384151656, 0.13372888416051865, 0.13441647440195084, 0.13458852156212456, 0.13402408903295343, 0.13378255382964485, 0.13360282069160825, 0.13393085532718235, 0.1339027001099153, 0.13406164033545387, 0.13388058413629947, 0.1342579067656488, 0.1340162015479544, 0.13424274325370789, 0.13377079314419202, 0.13434617668390275, 0.13370640203356743, 0.13419462191431145, 0.13384392857551575, 0.13379488426905412, 0.13388081746441977, 0.1335772354155779, 0.13370161706751044, 0.1340776112946597, 0.13434471361912215, 0.1338504339967455, 0.13393843436942382, 0.13277902007102965, 0.1336423436800639, 0.13382003506024678, 0.13335358599821726, 0.13357395865023136, 0.13378364525058054, 0.13423604724255014, 0.1339451459546884, 0.13410649945338568, 0.13363737938925624, 0.133666863044103, 0.1335841348538032, 0.13370737504391444, 0.1336388203004996, 0.13436422497034073, 0.13347549163378203, 0.13419682866540447, 0.13218800061278874, 0.1337769165635109, 0.13397275588729166, 0.1339866364002228, 0.1334009501669142, 0.1341037889321645, 0.13399485016570373, 0.13346466693011197, 0.13416932658715683, 0.13263011972109476, 0.13421866945598437, 0.1335882693529129, 0.13405789907385662, 0.13330181936422983, 0.13381435621429133, 0.13428716510534286, 0.13395218162432962, 0.13382802158594131, 0.13369220991929373, 0.13335793962081274, 0.13407530387242636, 0.13340089666215996, 0.13382598385214806, 0.13377223106530997, 0.1343945073229926, 0.1336433966954549, 0.1340005785919899, 0.13396746781137253, 0.13388093362251918, 0.13307496092536233, 0.13372687143938883, 0.13437826745212078, 0.13389557803219015, 0.1341824499624116, 0.13400290770964188, 0.1342142946445025, 0.13410109343628088, 0.13439159361379488, 0.13426896844591413, 0.13334464325624354, 0.13333099583784738, 0.13413337618112564, 0.1335345357656479, 0.13363790214061738, 0.13436872661113738, 0.1337615939287039, 0.13433713614940643, 0.13364262481530506, 0.1340719684958458, 0.13450421392917633, 0.1340475702607954, 0.13340737919012705, 0.13404436906178793, 0.13409749686717987, 0.13374745710329575, 0.1333634838461876, 0.13373117304096618, 0.1354971393942833, 0.1338543862104416, 0.1340761175379157, 0.135100313104116, 0.1338988075653712, 0.13412823852820274, 0.13360999325911205, 0.1330557149999282, 0.13351320177316667, 0.13465472138845003, 0.1337204948067665, 0.13362023035685222, 0.13304264030673288, 0.13362160176038743, 0.13329872861504555, 0.1341284378008409, 0.13356631858782333, 0.13412356674671172, 0.13406119578414494, 0.13383917407742862, 0.13356796979904176, 0.13377139761167414, 0.13395977666917838, 0.13358537521627215, 0.13393724660078685, 0.13447015318605635, 0.13370356615632772, 0.1344435838135806, 0.13285433749357858, 0.1339962345858415, 0.13366061189900275, 0.1346521278222402, 0.1341346926159329, 0.13388574940543022, 0.13351989740675146, 0.13366350061015078, 0.13360731993560437, 0.1346540559421886, 0.13423987545750357, 0.13370757075873288, 0.13397496276431614, 0.13375043869018555, 0.13363782798542695, 0.13370776562779038, 0.13422804651781917, 0.1338273137807846, 0.133551562204957, 0.13348422709264254, 0.13351635905829343, 0.13440947234630585, 0.13371539754526957, 0.13346147537231445, 0.13394265825098212, 0.13419575375669143, 0.13349013317089814, 0.13409662140267237, 0.1335021381576856, 0.13376708648034505, 0.1336921310943106, 0.13410224593602693, 0.13456286092599232, 0.13370739095486128, 0.1345567524433136, 0.13391810655593872, 0.13373414799571037, 0.13281921635974536, 0.13393654860556126, 0.1341109985814375, 0.13405611366033554, 0.13369776793690616, 0.1335608604408446, 0.13469469398260117, 0.13406503573060036, 0.13340912191640764, 0.13312969757960394, 0.13413501232862474, 0.13317087037222727, 0.13386286243244452, 0.13441515917127783, 0.13370503336191178, 0.13407300477442535, 0.13422695604654458, 0.13429793179035188, 0.13339268298525558, 0.13438633285664223, 0.13503679912537336, 0.13403933315441527, 0.1334487110376358, 0.13418608023361725, 0.13461152667349036, 0.13367215237196753, 0.13359493694522165, 0.1338637922616566, 0.13386221151602895, 0.1337106761833032, 0.13372602584687146, 0.13347182761539111, 0.13464413124781388, 0.13384990744731007, 0.13314333693547684, 0.13361508337159952, 0.1334361433982849, 0.1335545281569163, 0.13454000589748225, 0.1346098838580979, 0.13312413375223836, 0.13411794106165567, 0.13417484797537327, 0.13342576419434896, 0.13398961815983057, 0.134307328079428, 0.13345443705717722, 0.13447390794754027, 0.13319032467328584, 0.13400647458102968, 0.13354090750217437, 0.1332436539232731, 0.1340900058376378, 0.1337305282553037, 0.13444920629262924, 0.13342604041099548, 0.1337484249780918, 0.13284259763630954, 0.13378898799419403, 0.1336274031135771, 0.13370008766651154, 0.13385820388793945, 0.13368946770016027, 0.1335825047322682, 0.13370015268976038, 0.1340843683906964, 0.13419687499602637, 0.1335786799589793, 0.1340672986374961, 0.13337073357481705, 0.13395088911056519, 0.13452371316296713, 0.1335267068611251, 0.13376345336437226, 0.13398142755031586, 0.13368804327079228, 0.13387107689465796, 0.1330796629190445, 0.13357866555452347, 0.13301826765139899, 0.13431541249155998, 0.1331729465915311, 0.13403042405843735, 0.13440588668540673, 0.13413315415382385, 0.13327538425272162, 0.13360400001207987, 0.1342328650795895, 0.13395652920007706, 0.13386175916953522, 0.13344692492059299, 0.13359534367918968, 0.13380313522004067, 0.13402574380923962, 0.13399851848097408, 0.1344516265850801, 0.13476088941097258, 0.13398344127031472, 0.13380070527394614, 0.1335482976653359, 0.134142246316461, 0.13373460959304462, 0.1341703236103058, 0.13426519433657327, 0.13396387845277785, 0.1339598155834458, 0.13368103032310805, 0.13386954739689827, 0.13426729088479822, 0.13326586914413116, 0.13353060121121613, 0.13416978468497595, 0.1338715771479266, 0.13365032581182626, 0.13379510030859992, 0.13346461384069352, 0.13356978237628936, 0.1336325412547147, 0.13372225190202394, 0.13380130380392075, 0.1336231486664878, 0.13304897059093823, 0.1335887513730837, 0.13355811971884507, 0.1339658558368683, 0.13406756061774033, 0.13446515798568726, 0.13328533513205393, 0.13410268116880347, 0.13407629499068627, 0.13380117432491198, 0.13400903927243274, 0.1336536238139326, 0.13444612600973674, 0.1347649497911334, 0.13484446406364442, 0.13343335092067718, 0.13443593071265655, 0.13416397661873788, 0.13339738796154657, 0.13398758818705878, 0.13437246178325854, 0.13457111211923453, 0.1341084949672222, 0.13454925096951997, 0.13326265053315597, 0.13377096876502037, 0.13371267914772034, 0.1339256575814, 0.1337039570013682, 0.13337706327438353, 0.13398244678974153, 0.13366184967595177, 0.1339073438536037, 0.13337071053683758, 0.13433124423027037, 0.13355936563533286, 0.13357362151145935, 0.134143897078254, 0.13418434416094133, 0.1335474412356104, 0.13418219089508057, 0.1342721242796291, 0.13425754848867655, 0.13377892717402032, 0.1338341881831487, 0.1337239146232605, 0.13355675687392551, 0.13360395643018907, 0.1339701684191823, 0.13377801685229593, 0.13475259641806284, 0.13420211591503836, 0.1333028558227751, 0.13433430887557365, 0.13326255164363168, 0.1339282989501953, 0.13465036617385018, 0.13405604106049204, 0.1336523428255198, 0.13373591701189677, 0.1341326653957367, 0.13334694699100827, 0.13396127947739192, 0.1340469054877758, 0.1342583163218065, 0.1334629364703831, 0.13399952594880704, 0.1337080028924075, 0.134201441617573, 0.13410195915235412, 0.13412034782496365, 0.13400133326649666, 0.13420132497946421, 0.1332331183883879, 0.13414493203163147, 0.13400308539470038, 0.13392379581928254, 0.1339693973461787, 0.13360497256120046, 0.13350077176635916, 0.1337619200348854, 0.1332249248569662, 0.1341087695430307, 0.13379527297284868, 0.1340887867487394, 0.13333539962768554, 0.13291890689959893, 0.13404028366009393, 0.1337071731686592, 0.1333297643906031, 0.13376197218894958, 0.13406394995175874, 0.13411810650275305, 0.1338832988625481, 0.13442160313328108, 0.13405213836166593, 0.13410547927573876, 0.13352797478437423, 0.13386513392130533, 0.13257786134878793, 0.13351586633003676, 0.1338255341563906, 0.13351109730345861, 0.13410496554876628, 0.13356444788606545, 0.13431163132190704, 0.13408861557642618, 0.13349833568701377, 0.1340791176665913, 0.135309181534327, 0.13434122773734006, 0.13365056238523343, 0.1349026918411255, 0.1338054421875212, 0.13440993428230286, 0.13403641680876413, 0.13380658697514308, 0.13403696770017798, 0.13446666406733648, 0.13433401557532224, 0.13316233997995203, 0.13427837789058686, 0.13377494258540018, 0.1338117852807045, 0.13443698659539222, 0.13399363939578718, 0.13367706620030934, 0.13334000424334877, 0.13413015107313792, 0.1341142934560776, 0.13380759043825996, 0.1342570019118926, 0.13422356869863428, 0.13355937351783118, 0.13359784417682224, 0.1338522419333458, 0.13413873574008112, 0.1337330122788747, 0.13365520943294873, 0.13394515373204885, 0.13403594940900804, 0.1336406687131295, 0.1335340914401141, 0.13379530111948648, 0.1337483674287796, 0.13446367532014847, 0.13438999111002142, 0.13342456643780073, 0.13402531363747336, 0.13408538792282343, 0.13415134996175765, 0.13362961262464523, 0.13389222158326042, 0.1335558526474854, 0.13398227231069046, 0.13371725724293634, 0.13361052349209784, 0.13372310854139782, 0.13455836288630962, 0.13410892540758307, 0.1335032181814313, 0.13428200781345367, 0.13411765238818, 0.13393496990203857, 0.1333808869123459, 0.13396026069919267, 0.13412601525584858, 0.13347125282654396, 0.13391074862169183, 0.13347933134611914, 0.13374025225639344, 0.13375300293167433, 0.13308029825037176, 0.13404922825949533, 0.1334720090031624, 0.13334200233221055, 0.13325902819633484, 0.1338507327295485, 0.1338833746584979, 0.13355901216467223, 0.13416060507297517, 0.1340302157969702, 0.13290616463531146, 0.13373834697099832, 0.13352830134905302, 0.13404401678305405, 0.1336327956782447, 0.13334536831825972, 0.13386080496841007, 0.13420444506186027, 0.13401247039437295, 0.1342385936042537, 0.13458029677470526, 0.13396444331322396, 0.13364955897514635, 0.13395613018009397, 0.13425511742631593, 0.13408070531758395, 0.13397090349878585, 0.133790898654196, 0.13380572696526846, 0.13314185043176016, 0.13303248355021843, 0.13418697814146677, 0.13361354172229767, 0.1337849110364914, 0.13318136582771936, 0.1335021398961544, 0.13468960920969644, 0.13360471322255976, 0.13491785182402685, 0.13393779941227124, 0.13414028693329205, 0.1342623345553875, 0.1340413644261982, 0.13392510207799765, 0.13400077902608448, 0.13427597524658327, 0.13442869782447814, 0.13450585993436667, 0.13430236279964447, 0.1343384006848702, 0.1328994333744049, 0.13381493091583252, 0.13290867564224063, 0.13350165983041126, 0.13388800859451294, 0.1341390758752823, 0.13474981635808944, 0.1337937292727557, 0.13405404053628445, 0.13430361300706864, 0.13424326941884798, 0.1337019892839285, 0.13481261758577257, 0.13380769294936481, 0.13352566405578895, 0.13402335941791535, 0.13401192601989298, 0.13396464089552562, 0.13453794916470846, 0.13344257018145392, 0.13380937163646406, 0.13401146782071968, 0.13459753272710023, 0.13391372902939716, 0.13440351486206054, 0.13357540840903917, 0.13339934746424356, 0.13406823788370406, 0.13396075300195, 0.1340227151910464, 0.13595817983150482, 0.1339064043547426, 0.1340529639273882, 0.133539663006862, 0.13341254851332418, 0.13364551216363907, 0.13315312936902046, 0.1334483688292296, 0.13380955510279713, 0.13370799492387211, 0.13382738828659058, 0.13382039112704142, 0.13330457111199698, 0.13372934692435795, 0.13393231538625863, 0.13407621464946054, 0.13392019697598048, 0.13377744632382546, 0.13405146870924078, 0.13413734627621515, 0.13359815925359725, 0.13475502696302202, 0.13348334862126243, 0.13374795806076792, 0.13435277938842774, 0.13391338288784027, 0.13420423693381822, 0.13344096033661454, 0.1338626593351364, 0.13384968870215946, 0.13395877708407009, 0.13440442477401934, 0.13368221786287096, 0.13408985878190688, 0.13323407918214797, 0.13339932262897491, 0.13443460129201412, 0.13429231678738313, 0.1339795165337049, 0.13320034556090832, 0.13384941007409776, 0.13465430248867383, 0.13376499712467194, 0.13317518830299377, 0.1344435906835965, 0.1340615525841713, 0.13391410724984276, 0.13409025222063065, 0.13425047571460405, 0.1337011041385787, 0.13373668789863585, 0.13376052677631378, 0.13381707295775414, 0.13377800583839417, 0.13409888176690965, 0.13392779623207293, 0.13392759528425005, 0.13428215363195964, 0.13372417092323302, 0.1338395499266111, 0.13347877948372452, 0.13402572373549143, 0.13341091987159517, 0.13292979035112593, 0.1346535161137581, 0.13369459997523914, 0.13313959704505074, 0.13309642175833383, 0.13443651878171498, 0.1331458335573023, 0.1333143992556466, 0.13346980636318526, 0.13439640253782273, 0.13420805800706148, 0.13376542553305626, 0.13445474579930305, 0.13446651995182038, 0.13324572233592763, 0.13426685167683494, 0.1338097033175555, 0.13363618155320486, 0.1340830554564794, 0.1339880625406901, 0.1335858299650929, 0.1337008833885193, 0.13386319816112519, 0.13392788785345414, 0.13399392882218727, 0.13203093111515046, 0.13423942228158314, 0.13379667129586725, 0.13415266924044666, 0.1333690841992696, 0.1336056027147505, 0.13295644372701645, 0.13418298700581427, 0.13445611596107482, 0.1336701676249504, 0.13408838055635752, 0.13322847539728339, 0.13391524839859742, 0.13392591270907173, 0.13333537449707855, 0.13282714784145355, 0.13383332238747522, 0.1339052990078926, 0.13384561240673065, 0.1340558441246257, 0.13436269187010252, 0.13282317618529002, 0.1347541386882464, 0.13406098427044022, 0.13368950597941875, 0.13475431414211497, 0.13351985514163972, 0.13335126196896588, 0.1333208978176117, 0.13317273663622992, 0.13329759074581993, 0.13376858506513678, 0.13366572088316866, 0.134406255050139, 0.13494733326575337, 0.13305052518844604, 0.1337625893453757, 0.1332052598396937, 0.1336507812926644, 0.13404911425378588, 0.1347124893218279, 0.13332050666213036, 0.13409044516497645, 0.1338581416917884, 0.13380540311336517, 0.13377559185028076, 0.13347696512937546, 0.13375593304634095, 0.13396434748873992, 0.13492965791374445, 0.13387960534204135, 0.13348929584026337, 0.13336301445961, 0.13395699086012663, 0.13369615169035065, 0.1341585467259089, 0.1333478791149039, 0.13390932889545665, 0.13420953733079574, 0.13287192955613136, 0.13390619307756424, 0.13433609902858734, 0.13385206212600073, 0.13396940448067404, 0.13374660035659527, 0.13412001468241214, 0.13350183574052957, 0.1332940555044583, 0.13359987437725068, 0.13338005748288384, 0.13370862518038068, 0.13383404413859049, 0.13407989464155057, 0.1333388276398182, 0.13362151384353638, 0.1337702914195902, 0.13401542728145918, 0.13390624672174453, 0.13412192836403847, 0.1341751930969102, 0.13344513028860092, 0.1344360187649727, 0.1339518502354622, 0.13415166018185792, 0.13299735076725483, 0.13395828279581937, 0.1341941212785655, 0.13395839694299197, 0.13274553790688515, 0.13388443951095855, 0.1342611238360405, 0.1338716530137592, 0.13370269749845778, 0.13374936829010645, 0.13365152524784207, 0.13433827109196605, 0.1337948661783467, 0.1333805895768679, 0.1339206104832036, 0.13402590155601501, 0.13387723863124848, 0.13356062228029425, 0.13486745787991417, 0.134626725067695, 0.13364265946780934, 0.13331384685906497, 0.1334834684585703, 0.13412459393342335, 0.13235904276371002, 0.13387412405931032, 0.13371446569051063, 0.13340088818222284, 0.1332292377948761, 0.13389154556004898, 0.13371293353182928, 0.13334451214625284, 0.13373723129431406, 0.13404031610116363, 0.13411088101565838, 0.1339309811592102, 0.1339944890316795, 0.13433908458266938, 0.13307901751250029, 0.13394297262032825, 0.13429436929847882, 0.13369693132964047, 0.13369353742975937, 0.13342617700497308, 0.1335057383403182, 0.1349323699871699, 0.1343544518405741, 0.13333227688615973, 0.13331080145306057, 0.1335331820524656, 0.134300471498416, 0.13359847747617298, 0.13393268430674518, 0.13403889629989862, 0.13315213471651077, 0.13256637006998062, 0.13376112125421824, 0.13401381129568274, 0.13368525531362085, 0.13408350402658636, 0.13457191083580256, 0.1338703704731805, 0.13320054579526186, 0.13372831505078536, 0.13536482751369477, 0.13404707803770347, 0.13386908650398255, 0.13367491158155295, 0.13364166938341582, 0.13358975897232692, 0.13413975685834884, 0.13391842739656568, 0.13419505953788757, 0.13407704886049032, 0.13413283954828215, 0.13363627450806753, 0.13369091848532358, 0.1335544458457402, 0.13397555666811325, 0.13405987154692411, 0.1333551470722471, 0.13375845178961754, 0.1337869182229042, 0.1333309326853071, 0.13386161625385284, 0.1341032013297081, 0.1339259015189277, 0.1331434523065885, 0.13344809909661612, 0.13416280491011484, 0.1339990198612213, 0.13330647349357605, 0.13416701129504613, 0.13452388811856508, 0.13372996178540317, 0.13394758190427508, 0.13363054551576314, 0.1336254725853602, 0.13383777168664066, 0.13377546394864717, 0.13499151170253754, 0.13389050900936128, 0.1335854913507189, 0.13401805570251063, 0.13294876579727447, 0.1340799704194069, 0.13380668085554373, 0.13402959833974423, 0.13395237674315771, 0.13351014782400691, 0.1334149187261408, 0.13420582056045532, 0.13482657074928284, 0.13359020765011126, 0.13311686038970946, 0.13380817417055368, 0.1340070079112875, 0.13390023075044155, 0.13405007922223636, 0.13391272191490447, 0.13448175936937332, 0.13290817159063675, 0.1328512266278267, 0.1335992075693913, 0.13390275173717076, 0.1346540331840515, 0.13401120765642685, 0.13408797979354858, 0.13386378288269044, 0.13358821868896484, 0.13430115456382433, 0.13403576268599585, 0.13358227281193985, 0.13313020020723343, 0.1338122602213513, 0.13383882560513236, 0.13419012166559696, 0.1334779454689277, 0.13408730111338876, 0.13400354143232107, 0.13407067141749643, 0.13377412150100787, 0.13359854174287697, 0.13471133261919022, 0.13372494738835555, 0.13380720797512266, 0.1343366712331772, 0.13450539324964797, 0.1335582137107849, 0.13411442190408707, 0.13378970807089524, 0.13312822952866554, 0.13339570661385855, 0.13366988030346957, 0.1341338496316563, 0.13404888528234818, 0.13336308644368097, 0.1335599824786186, 0.13345722447742114, 0.13196341693401337, 0.1332922875881195, 0.1340282139809508, 0.1347105732330909, 0.13388227485120296, 0.1335523333400488, 0.13409410044550896, 0.13422274589538574, 0.1333506003022194, 0.13369836823807824, 0.13325536306257602, 0.1337943123653531, 0.13340287821160424, 0.13396920077502728, 0.13332024365663528, 0.13377668078129107, 0.1350469427804152, 0.13419868052005768, 0.13353381509130652, 0.13433156410853067, 0.13338074930336163, 0.13363762651429031, 0.13400433343999527, 0.13359591513872146, 0.13427579775452614, 0.13391272297927312, 0.13369258182744184, 0.1334729462862015, 0.13351198136806489, 0.13440586302591406, 0.13401782512664795, 0.1345416766901811, 0.134289345570973, 0.13363211881369352, 0.1341754166143281, 0.13360551446676255, 0.13394069572289785, 0.13288885354995728, 0.13349161616393498, 0.13441863480736227, 0.13295898529199454, 0.1343916138013204, 0.13363057718827173, 0.13384793410378118, 0.13393023898524622, 0.1331667633993285, 0.13330906629562378, 0.1339191183447838, 0.1343715048354605, 0.13341286902626356, 0.13340926319360732, 0.13373564092480406, 0.13426850058815695, 0.13313656128369844, 0.13429609686136246, 0.1341833436283572, 0.1336158961057663, 0.13388655411786046, 0.13430105256182806, 0.13404825058850375, 0.13377798597017923, 0.13331899394591648, 0.13352642506361007, 0.13360627461224794, 0.13388633441466552, 0.13426553245101655, 0.1327188491821289, 0.13415956497192383, 0.13393066958947616, 0.1343880252291759, 0.1327961745361487, 0.1346985325217247, 0.13440437041796172, 0.13361574411392213, 0.1331669270992279, 0.13301534137942575, 0.13346315920352936, 0.13412403936187425, 0.13358605653047562, 0.13370195403695107, 0.13449060254626805, 0.13440620193355962, 0.13472224275271097, 0.1343245365553432, 0.1337696223155312, 0.1340337909758091, 0.1336140214250638, 0.13384330769379935, 0.1343137827657518, 0.1339594547947248, 0.1343273103237152, 0.13414093039252542, 0.1336301022342273, 0.13462949792544046, 0.13346901453203625, 0.13470662775493802, 0.1335319479306539, 0.13400461226701738, 0.13372351229190826, 0.13444727930155667, 0.13399163565852426, 0.13445360958576202, 0.13410687074065208, 0.1336439593949101, 0.13302444327961316, 0.13356365263462067, 0.13382505252957344, 0.13450753564635912, 0.13439410825570425, 0.13398903608322144, 0.1337073509182249, 0.13347861965497335, 0.1349821612238884, 0.13373362469045738, 0.1336481640736262, 0.1337602322592455, 0.1341382242166079, 0.13466334193944932, 0.13412080456813177, 0.1336809652192252, 0.13398060202598572, 0.13381706528803883, 0.13300769425490322, 0.13381036542929137, 0.13425734639167786, 0.13426582859112665, 0.13388743961141222, 0.13381685316562653, 0.13429028491179149, 0.13337862606231982, 0.1338554434478283, 0.13389545828104019, 0.13435777170317514, 0.13365273983091921, 0.1335742652416229, 0.13354609635743228, 0.133368581533432, 0.13401602479544553, 0.1343843787908554, 0.1348261684179306, 0.13440494885047277, 0.13373169600963591, 0.13409799869571412, 0.13443602350625125, 0.1333598711273887, 0.13387110659054346, 0.1335925491792815, 0.1333260212255561, 0.1337578222155571, 0.13401093002822664, 0.1337942959446656, 0.1331313517358568, 0.13511156439781188, 0.13454539701342583, 0.13391102254390716, 0.1336952059767967, 0.1337573512604362, 0.13355277691568648, 0.13328662514686584, 0.1340879574418068, 0.13384348938339635, 0.13438933218518892, 0.1341775053491195, 0.13374097179621458, 0.1341225317230931, 0.13377368971705436, 0.133850974617181, 0.13424469623714685, 0.13374116232520655, 0.13373043192060372, 0.13371946476399899, 0.13424701882260187, 0.13364898264408112, 0.13522700054777992, 0.13372594863176346, 0.13414655178785323, 0.13292612756292024, 0.13356085866689682, 0.13370619828884417, 0.13379766752845362, 0.13357997526015555, 0.13389892429113387, 0.13390051529687994, 0.13392568876345953, 0.1337545375029246, 0.1345339748594496, 0.13383624196052551, 0.13369795680046082, 0.13411371409893036, 0.1337143768866857, 0.13413019691194808, 0.13399751697267806, 0.13376501003901164, 0.13418912074782632, 0.13364566345604098, 0.13416096780981338, 0.1350678520070182, 0.1340697427590688, 0.133454499685246, 0.13397608291019092, 0.13439784497022628, 0.1332857803158138, 0.13438217838605246, 0.1339245650804404, 0.13371682716043373, 0.1344523201970493, 0.133783634590066, 0.13357787132263182, 0.13426397611265597, 0.13342121481895447, 0.133420354263349, 0.13348323355118433, 0.1339525465781872, 0.13405416253954172, 0.133288611471653, 0.13420396648785649, 0.13376740704883228, 0.13381534516811372, 0.13314081728458405, 0.134012115912305, 0.13362974016105428, 0.13383200425993313, 0.13357755939165752, 0.1334078723192215, 0.13316719532012938, 0.13371350877993815, 0.13378252927213907, 0.13403088335067995, 0.13407442304823133, 0.13397048165400824, 0.1335480050607161, 0.1330357180989307, 0.13396751317712996, 0.13390113661686578, 0.1343623861670494, 0.13453440718791065, 0.13401205295866186, 0.13337741140276194, 0.13413457707925278, 0.13428758479216518, 0.13335555233061314, 0.13431272317062726, 0.13400838002562523, 0.13403454224268596, 0.13426709175109863, 0.13445590039094288, 0.13395219345887502, 0.13319374952051374, 0.13347691094333475, 0.13338469656614158, 0.13373542935759933, 0.1332015554110209, 0.13380891233682632, 0.13312394510615955, 0.13365439921617508, 0.1333173726286207, 0.1338188811427071, 0.13399264429296767, 0.13331527709960939, 0.13354724251172123, 0.13408126024638906, 0.13358719766139984, 0.13383973978067698, 0.13416609600667032, 0.13438582867383958, 0.13353302201320386, 0.13494977355003357, 0.13305005182822546, 0.1339890956878662, 0.13369992822408677, 0.13395186987790195, 0.1343721697727839, 0.13354561139236798, 0.13388263548795992, 0.13429746942387688, 0.1334799770955686, 0.1333178041072992, 0.13340441758433977, 0.13375785698493323, 0.13326382885376611, 0.1340366154909134, 0.13401923537254334, 0.13326085441642338, 0.13385486331853, 0.13393355485720512, 0.13368909644043964, 0.13403581760146402, 0.1334505487572063, 0.13236597180366516, 0.13359418231993914, 0.13410375952720643, 0.13362762406468393, 0.13392962467285893, 0.13366692140698433, 0.13354976741330965, 0.13409600300448282, 0.13422309938404295, 0.1337488997599174, 0.13356395562489828, 0.13395404389926366, 0.13321476727724074, 0.1337991970426896, 0.1343583624277796, 0.1341463327407837, 0.1339695083518182, 0.13462133904298146, 0.13389066141098738, 0.1344713205471635, 0.1339262592792511, 0.13406676352024077, 0.13432725591044273, 0.13359036266803742, 0.1333654224872589, 0.1329583798845609, 0.13419844955205917, 0.13435218234856924, 0.13411672413349152, 0.13378919512033463, 0.1334711192619233, 0.13312517241998154, 0.13307082199532053, 0.1339543988307317, 0.1332220360636711, 0.13342386348681015, 0.13335387070070615, 0.13426731238442083, 0.13359392103221682, 0.13428974734700244, 0.134504430492719, 0.13323310390114784, 0.13403205407990348, 0.13423272910026404, 0.13355339744261333, 0.1330316978342393, 0.1335977108942138, 0.133696226137025, 0.13454796539412606, 0.13453377286593118, 0.1341160888734617, 0.13398118791255084, 0.13332040149431962, 0.13351454528478476, 0.13391077944210597, 0.1337689310312271, 0.1335816468511309, 0.13438097685575484, 0.1344106002495839, 0.13401970267295837, 0.13401057442714429, 0.13389092907309533, 0.134796761414584, 0.13394610087076822, 0.13440634144677055, 0.13358468080268188, 0.1348255306482315, 0.1335338471751464, 0.13393581305679522, 0.13453064181587912, 0.133535424345418, 0.13458326910481308, 0.13394757532156432, 0.13380675153298813, 0.133733868598938, 0.13418604309360185, 0.13453142115702996, 0.13479297856489816], 1: [0.1341905097166697, 0.1338478098897373, 0.13280388254385728, 0.13408487396580832, 0.1337227626488759, 0.13331780913803312, 0.1341136395931244, 0.13428115386229295, 0.13377519900148566, 0.13304283916950227, 0.13416437639130485, 0.13401672657993105, 0.13427700599034628, 0.13338735167469298, 0.13294265351512216, 0.1333780580240747, 0.13280755082766216, 0.13383395969867706, 0.13327829304494357, 0.13339539970222272, 0.13394500902204803, 0.13423833747704825, 0.1344583419462045, 0.13403283655643464, 0.13399287245490335, 0.1341486357152462, 0.1331572524811092, 0.13460268424107477, 0.13392170684205162, 0.13354667193359798, 0.1352803043343804, 0.13311323920885723, 0.1325315125286579, 0.1339110754430294, 0.13390845209360122, 0.1338390126824379, 0.1332583659887314, 0.13352636992931366, 0.13465571403503418, 0.13415295034646987, 0.1335475900593926, 0.1339468596612706, 0.13351133872162213, 0.13463547148487784, 0.1330541136364142, 0.13335074140475348, 0.13385665823112836, 0.13415702308217684, 0.1338103989760081, 0.13398629592524636, 0.13396760572989783, 0.13394105753728322, 0.13351208554661792, 0.13451367887583646, 0.13456005255381268, 0.1347022824562513, 0.13405835468854224, 0.13375059677206952, 0.13419945786396661, 0.13410488090344838, 0.13404195273623748, 0.13423120569099078, 0.1338533701804968, 0.13398346056540808, 0.13349364896615346, 0.1337635788050565, 0.1336519850624932, 0.1341986366444164, 0.1339400950819254, 0.1337184997705313, 0.13456594411815917, 0.13412586656900552, 0.13325416213936275, 0.13357796994122592, 0.13382039276453164, 0.13455469671048617, 0.13298359377817673, 0.13315453854474155, 0.1336844388176413, 0.13372555673122405, 0.1339908629655838, 0.13420887167255083, 0.13394826836884022, 0.13430246604340418, 0.1341194987297058, 0.13394783064723015, 0.13412234808007875, 0.134064558479521, 0.13380084931850433, 0.1339436113834381, 0.13385019508691934, 0.1337292492389679, 0.13394923342598808, 0.13396806735545397, 0.13347848103596613, 0.13443092703819276, 0.13456848902361734, 0.13397785648703575, 0.1334204145453193, 0.13379281149669128, 0.1339938875875975, 0.13390925725301106, 0.13425957092217036, 0.13396142330020666, 0.13411947855582604, 0.1343659815636087, 0.13358241319656372, 0.13368542906310824, 0.1339975258578425, 0.13461765895287195, 0.1336471805969874, 0.13344714418053627, 0.13396713634332022, 0.13344184961169958, 0.13350632672126478, 0.13397950027137995, 0.1343409361747595, 0.13328503221273422, 0.13325490140252644, 0.13344975858926772, 0.13374891877174377, 0.13460288399999792, 0.13359526509330386, 0.13465094837275418, 0.13421362459659578, 0.1334927133151463, 0.13390898779034616, 0.13490885902534833, 0.13391804695129395, 0.1337698974779674, 0.1343977689743042, 0.13394514305724037, 0.1338268868301226, 0.13384330960420462, 0.13389921883742015, 0.13396711876759163, 0.13378474613030752, 0.13332065727029527, 0.13360999795523557, 0.13333447184413671, 0.13401978369802237, 0.13404259458184242, 0.1334391249851747, 0.1340728054443995, 0.13431130922757661, 0.13414345243397882, 0.13327996203532586, 0.13448651812293314, 0.13360332223502072, 0.13511485010385513, 0.1344346760407738, 0.1339944318721169, 0.13353701515330207, 0.13429981097579002, 0.13406947361571447, 0.1337983054774148, 0.1335711284325673, 0.13329335649808247, 0.1343739935580422, 0.13442118891647883, 0.13454602286219597, 0.13455681800842284, 0.1334802591138416, 0.1330677568912506, 0.13322545712192854, 0.13361066842780395, 0.13381240665912628, 0.13346763090653854, 0.13386040292680262, 0.1346221359876486, 0.13403755618679908, 0.13442909175699408, 0.13343535634604367, 0.13467940475259507, 0.13432186268843138, 0.13448151372946227, 0.13371408798477866, 0.13405203902059132, 0.13395977155728775, 0.13392744169515722, 0.13397176563739777, 0.13363323417993692, 0.13439100318484837, 0.13319136608730664, 0.13382672145962715, 0.13339752568440003, 0.13421233495076498, 0.1337683427901495, 0.1344794752922925, 0.13469645593847548, 0.13403907418251038, 0.13352599633591516, 0.13301557031544772, 0.13430994342673908, 0.13382065519690514, 0.13373419183951157, 0.13381487457081676, 0.1345767557621002, 0.1340824283659458, 0.13420882550152866, 0.13352324217557907, 0.1338641055756145, 0.13332805136839548, 0.13411882221698762, 0.1345190890133381, 0.1337899386882782, 0.13493307597107357, 0.1337809136935643, 0.13358923196792602, 0.13419641634902438, 0.13408284684022267, 0.13393417136235672, 0.1343282295597924, 0.13389399121789372, 0.13373604552312332, 0.1328164517879486, 0.13409904142220816, 0.1341704588669997, 0.13433354144746606, 0.13374797148363932, 0.13379775539592462, 0.13378327372281448, 0.13395315110683442, 0.1334827629228433, 0.13387849678595862, 0.13359748140761726, 0.1330819378296534, 0.13422541533197677, 0.13379095920494624, 0.13342476685841878, 0.133635898205367, 0.1338309059882986, 0.13340909123420716, 0.1338883770836724, 0.13397575372999365, 0.13408246729522943, 0.13397094394479478, 0.13388675451278687, 0.13356008529663085, 0.13420925086194818, 0.13303479701280593, 0.13422248081157082, 0.13323456048965454, 0.13401114816466966, 0.13367103390833912, 0.13351345488003322, 0.1337816146287051, 0.133957114815712, 0.1335362767179807, 0.13430887460708618, 0.1329478144645691, 0.1337125688791275, 0.13361318036913872, 0.13318485170602798, 0.13376099864641824, 0.13396937251091004, 0.1340961728025885, 0.13392590424593756, 0.13312395537892976, 0.13347901723214559, 0.13390347212553025, 0.13502003997564316, 0.13354932516813278, 0.13306898872057596, 0.13384362682700157, 0.13419856943867423, 0.13424398470669985, 0.13438100406998083, 0.1344006508588791, 0.13358860808174786, 0.1338333065311114, 0.1339039382609454, 0.13432317972183228, 0.1341241883734862, 0.13353614415973425, 0.1340829680363337, 0.13406226251806533, 0.13354183112581572, 0.1340251312806056, 0.13368288800120354, 0.13403200571026122, 0.13398725936810177, 0.13420387038162776, 0.13371955630955873, 0.13443202376365662, 0.13433297066127553, 0.13350871882655405, 0.13411120122129266, 0.1341667560239633, 0.13368351397843198, 0.13354279903265145, 0.13445924065615, 0.1333838775753975, 0.1343171691352671, 0.1339942216873169, 0.13362087508042653, 0.1345880221236836, 0.13387541735873504, 0.13302367329597473, 0.13457440110770139, 0.1344755490620931, 0.13336317241191864, 0.1336528453975916, 0.13363849168474023, 0.13351915031671524, 0.1335799515247345, 0.13419028464704752, 0.13404325302690268, 0.13384357541799546, 0.13426977975500953, 0.13421409224209033, 0.13451055765151979, 0.13377511103947956, 0.13464808762073516, 0.13367300629615783, 0.13434046308199565, 0.13434500247240067, 0.13374218717217445, 0.13392327840511614, 0.1347087595392676, 0.13398540019989014, 0.13344247539838155, 0.1344805426067776, 0.13422974673184482, 0.13356680897149173, 0.1340274319052696, 0.13404657940069833, 0.13391389468541512, 0.1342440820299089, 0.13405691619430268, 0.13373818669630133, 0.13364372625947, 0.13388931471854448, 0.13396286688469075, 0.13369807749986648, 0.13439800441265107, 0.13353485986590385, 0.13477918952703477, 0.13452113792300224, 0.13395515332619348, 0.13361732102930546, 0.1339292606482139, 0.13431381151593966, 0.13379715383052826, 0.1332750107560839, 0.13405578071251512, 0.1339665511623025, 0.13342651453885165, 0.13433583676815034, 0.13299944821526022, 0.13367533102268125, 0.1336447624489665, 0.13382956114682285, 0.13432118567553433, 0.1337111530204614, 0.13413199484348298, 0.13307085037231445, 0.1337880598647254, 0.13412038650777605, 0.13371721827066863, 0.1338676902509871, 0.13400527387857436, 0.13416573290641493, 0.13374208862131293, 0.13498455818210328, 0.13398213014006616, 0.13425018007938677, 0.13392288180497977, 0.13363891520670482, 0.1338859647512436, 0.13385335262864828, 0.13417819887399673, 0.1326400357134202, 0.13425343197125655, 0.13384836339033568, 0.13423997536301613, 0.13351515059669813, 0.13404665440320968, 0.1334954770281911, 0.13435180698122298, 0.13404250890016556, 0.13288049482636982, 0.13479947231032632, 0.13372184680058405, 0.13373961647351582, 0.134446453835283, 0.13385712206363679, 0.13400673667589824, 0.13424570858478546, 0.13416630987610137, 0.1337820768356323, 0.1343330509132809, 0.1339568378109681, 0.13355842729409537, 0.1346875461084502, 0.13255787723594242, 0.13395155454054475, 0.13412872741096898, 0.13315390422940254, 0.13385529496840068, 0.13494589055577913, 0.1343322813510895, 0.13398510714372, 0.13404111663500468, 0.13378916680812836, 0.13389010975758234, 0.1336736294784044, 0.1337354454127225, 0.13445920390742166, 0.1334362976691302, 0.13384846597909927, 0.1330637365579605, 0.13325008682229303, 0.13414410045070033, 0.1346503684395238, 0.1339402857579683, 0.13388337194919586, 0.13422251327170265, 0.13377592116594314, 0.13375510772069296, 0.13333502953702753, 0.13332241773605347, 0.13398155445853868, 0.13442413638467374, 0.13406046107411385, 0.1333343368023634, 0.13372708283937895, 0.13347585168149737, 0.1335235616335502, 0.1336808963255449, 0.13407879509031773, 0.13358163291757758, 0.13406932950019837, 0.13369466364383698, 0.13344958153637973, 0.1344663543360574, 0.13380148820579052, 0.1350948918949474, 0.1335257776081562, 0.13361262055960568, 0.13404870884759085, 0.13308219753560566, 0.1340553772946199, 0.1349718004465103, 0.13370769151619502, 0.13383369033153242, 0.13374701307879555, 0.13429380357265472, 0.13358705952053979, 0.13384329775969186, 0.13359433909257254, 0.13350458099291876, 0.13416435569524765, 0.13494170606136321, 0.13392208381132645, 0.13381973803043365, 0.1336673786242803, 0.13362588981787363, 0.1334880512693654, 0.13385111531790564, 0.13398701591151102, 0.13400045826154597, 0.1347751799556944, 0.13390924817039854, 0.13359580232816584, 0.13295586000789295, 0.13422702794725244, 0.1338318328965794, 0.13375713489949703, 0.133732414804399, 0.13375093705124325, 0.1333644951765354, 0.13432586027516258, 0.1335491348396648, 0.1339200612376718, 0.1330080893304613, 0.134347602725029, 0.13402942348929012, 0.13365957339604695, 0.13407886454037257, 0.13256168216466904, 0.13367743896586554, 0.13398683071136475, 0.13323901686817408, 0.1338952640692393, 0.13374497244755426, 0.13353743124753237, 0.1343001154837785, 0.1336354985833168, 0.1349572932178324, 0.1337915907303492, 0.1338059683640798, 0.1336690526869562, 0.13442505300045013, 0.13424881126569665, 0.13359058558940887, 0.1332615257965194, 0.13411925882101058, 0.13407259583473205, 0.1342062994837761, 0.13407219733510697, 0.1333483127611024, 0.13465802371501923, 0.13396919767061868, 0.1336873635649681, 0.1339756273306333, 0.13384131930376353, 0.1339453160762787, 0.13398381119424646, 0.1327132284641266, 0.13342142899831136, 0.1336044152577718, 0.13343890011310577, 0.13428427577018737, 0.13433551717372166, 0.1340990842630466, 0.133888628333807, 0.13416674597696823, 0.1330253630876541, 0.13342308377226195, 0.1346429277743612, 0.1343578052791682, 0.13248788515726725, 0.1338616892695427, 0.13467731936411423, 0.13346847342817406, 0.1343126835094558, 0.13319370856410578, 0.13393538196881613, 0.13372403755784035, 0.1337833603223165, 0.13408507779240608, 0.13350573647767305, 0.1337621510028839, 0.13393877645333607, 0.13325914846999304, 0.1340498716703483, 0.13345909789204596, 0.13381983786821366, 0.13359456807374953, 0.1336551931771365, 0.1343776612327649, 0.13399765888849893, 0.13325662538409233, 0.13328800102074942, 0.13412788199881712, 0.13433287164260602, 0.1333783082664013, 0.13431235991026225, 0.13396305455402893, 0.13458788841962815, 0.13385279228289923, 0.13345894323928015, 0.13447079341858625, 0.1339890267699957, 0.1341177262365818, 0.1349774867296219, 0.13324114431937537, 0.13351563811302186, 0.13387762289494276, 0.13375756458232277, 0.13394954800605774, 0.13310752974616158, 0.1332965912297368, 0.13378360867500305, 0.13366024769269502, 0.13377256443103155, 0.133614382147789, 0.1336328238248825, 0.13363632494988648, 0.133947491645813, 0.13358962237834932, 0.13328524430592856, 0.13424989737962423, 0.1345242749560963, 0.13413875363767147, 0.13439466059207916, 0.13293036818504333, 0.13493915647268295, 0.1336604416370392, 0.1342751730014296, 0.13388202866403068, 0.13426803679842697, 0.13371870734474875, 0.13373072915955594, 0.133759101996055, 0.13411231764725276, 0.13358608867440905, 0.13385307262925542, 0.13428336381912231, 0.1341744123233689, 0.13396911947957932, 0.13330648604192233, 0.13366822827429997, 0.1340687396004796, 0.13400174985671864, 0.1337652706674167, 0.13379452645778656, 0.13344700634479523, 0.13363562524318695, 0.13386595249176025, 0.1336449131369591, 0.1352158635854721, 0.13393914461135864, 0.13367783935631022, 0.13379086689515549, 0.13402092385859715, 0.13416057147762991, 0.13472705582777658, 0.13302581757307053, 0.13357019318001612, 0.13455887883901596, 0.1340461807946364, 0.133654145033736, 0.133413361509641, 0.13411337633927664, 0.13451004028320312, 0.1346263825893402, 0.13384076952934265, 0.13323065065420592, 0.13344390491644542, 0.1332575104066304, 0.13429036564551866, 0.13355269151575425, 0.1345070501168569, 0.13357141874730588, 0.13372575408882564, 0.13336688104797811, 0.1336670903996988, 0.1339645211895307, 0.1344836766903217, 0.13444867432117463, 0.134401412172751, 0.13357409834861755, 0.1343254953622818, 0.13338239897381177, 0.13363792534385407, 0.13415743112564088, 0.13385659862648358, 0.1332116911285802, 0.13367149531841277, 0.1341844156384468, 0.1341848766261881, 0.13379559453044618, 0.1330863180068823, 0.13404405117034912, 0.13336118310689926, 0.13410979438395726, 0.13308439336039804, 0.1346974926335471, 0.13396558750952994, 0.13392049223184585, 0.13383754634338876, 0.13335304639556192, 0.13422391936182976, 0.13316786785920462, 0.1335555853115188, 0.1334537375304434, 0.13409641198813915, 0.13373388579258552, 0.13454569379488626, 0.1335177501806846, 0.13376710954166593, 0.13437282294034958, 0.1338054824758459, 0.13431877814806426, 0.13383422927422958, 0.1340452188795263, 0.13367817728292375, 0.13351162429898977, 0.13384986957725215, 0.13360934238880873, 0.1349531998236974, 0.13374535395548895, 0.1337934502146461, 0.13418209208891943, 0.13445664713015923, 0.13381924006071957, 0.13381946384906768, 0.13382326904684305, 0.13396127074956893, 0.133904207083914, 0.13395240215154794, 0.13372920224299797, 0.13333797454833984, 0.13386454598771202, 0.13367294010363126, 0.1339702534675598, 0.13355084469443873, 0.1338912671804428, 0.13333898451593187, 0.13384334902678216, 0.13371426679871298, 0.13408940374851228, 0.1339089554898879, 0.1335019390372669, 0.1339639706744088, 0.13359072538358824, 0.1335365902632475, 0.13337755925727612, 0.13357115469195627, 0.13447541699689977, 0.13359277229756117, 0.13363603228016904, 0.133842300091471, 0.13398907171643298, 0.13381681342919668, 0.13276205509901046, 0.13412055909633636, 0.13411241869131724, 0.13421174138784409, 0.13371917936537, 0.13390745329005377, 0.1334607516941817, 0.13371368249257407, 0.13398267328739166, 0.1335094038110513, 0.13333058208227158, 0.1338535425337878, 0.1329708065498959, 0.13377573384958155, 0.1333380937576294, 0.13391659763597308, 0.13338296674191952, 0.13362626054070212, 0.1339364973257999, 0.13435008548773253, 0.13330003943132318, 0.13399507340631986, 0.1344094140963121, 0.1336155092716217, 0.1344424592597144, 0.13395657390356064, 0.13424840486711925, 0.1338977919270595, 0.13371544622856638, 0.13372642343694513, 0.13361671877404055, 0.13467920743502104, 0.1343786766131719, 0.13361845552921295, 0.13366769328713418, 0.13420794109503428, 0.1333880564197898, 0.13375211209058763, 0.1338453652958075, 0.13352417349815368, 0.1336951865391298, 0.13377768379084917, 0.13335848450660706, 0.133819055557251, 0.13459778825441995, 0.13425696045160293, 0.13335950020700693, 0.1338821937640508, 0.1331157928163355, 0.13325139259298643, 0.13381739883195787, 0.13338733812173206, 0.13457036456641028, 0.13377062107125917, 0.13454443059469523, 0.13341497629880905, 0.13427159314354262, 0.1338381523435766, 0.13424814343452454, 0.13389074405034382, 0.13408343866467476, 0.13464885746890848, 0.1334789790213108, 0.13335919643149657, 0.13348460137844087, 0.13371076566331527, 0.1334803245961666, 0.13361671354089463, 0.13335009732029654, 0.13410258751649123, 0.13427987992763518, 0.1335953332128979, 0.13401638106866318, 0.13382979333400727, 0.13361859215157373, 0.1337545703757893, 0.13362739607691765, 0.13404802748790154, 0.1337084365742547, 0.13428035378456116, 0.13360781617024364, 0.13420442965897647, 0.13372449576854706, 0.13386590944396126, 0.13385320703188577, 0.1334277242422104, 0.13331092298030853, 0.13473414949008397, 0.1341003048069337, 0.1342687264084816, 0.13479175892743198, 0.13465973287820815, 0.13454404473304749, 0.13384374298832633, 0.1344402327257044, 0.13417791426181794, 0.13385595459687083, 0.13395602504412332, 0.13385402113199235, 0.1337762942368334, 0.13436793842736414, 0.1341556026176973, 0.13362289326531546, 0.13321370184421538, 0.1337322092482022, 0.13338758945465087, 0.1340295374393463, 0.13449640423059464, 0.13416190516381038, 0.13421062380075455, 0.1340479999780655, 0.1343830587423366, 0.13357796323926827, 0.13384391168753307, 0.13346141462142652, 0.1341008163160748, 0.13338602781295777, 0.1340504065155983, 0.13390189680186185, 0.13357804650845734, 0.13370987125065015, 0.13349867669435647, 0.134187621374925, 0.1338933875163396, 0.13378913223743438, 0.13391012224284085, 0.1344780031591654, 0.13380461434523264, 0.13340437526886278, 0.13318616462250552, 0.1338400739160451, 0.1347322329878807, 0.13351456182343618, 0.13449946377012464, 0.1339208839031366, 0.1338367404209243, 0.13334900456847568, 0.13350001722574234, 0.13411506017049155, 0.13388202610340985, 0.13412035604317982, 0.13323637749999762, 0.13353103399276733, 0.1340994656085968, 0.13339411066128656, 0.13397100691994032, 0.13427409827709197, 0.13394287547894887, 0.1333266603095191, 0.13500312648036264, 0.13412299113614218, 0.13397058156820443, 0.13387399166822433, 0.13407150616771296, 0.13344663828611375, 0.13379344573387733, 0.1338783378402392, 0.13432083858384025, 0.13423340767621994, 0.13346388362921202, 0.13404579266257907, 0.1333590274055799, 0.1338750545097434, 0.13450707346200944, 0.1342790186405182, 0.1336550921201706, 0.13381961839539663, 0.13413782553239303, 0.1334378346800804, 0.13380655646324158, 0.1335865773937919, 0.13375933965047201, 0.133900414620127, 0.1334465266693206, 0.13386964946985244, 0.13383676382628354, 0.1341691811879476, 0.13374459266662597, 0.13395491937796275, 0.1335024485985438, 0.13392234458164734, 0.1329927918585864, 0.13418050309022267, 0.13381466388702393, 0.13410028535872698, 0.13427130485835828, 0.13389033824205399, 0.13371764800765298, 0.1333963841199875, 0.1336055502295494, 0.13354697666670146, 0.13432607675592104, 0.1341622918844223, 0.13413223010652206, 0.134130344622665, 0.13407558699448904, 0.13333261664956808, 0.13411388014044082, 0.13368311879180728, 0.13341170218255785, 0.1337708716883379, 0.1338530884069555, 0.1340242177248001, 0.1334903436271768, 0.13437670185452416, 0.1335282397011052, 0.13365389099892447, 0.1338622226164891, 0.13494993249575296, 0.13410132779524878, 0.13390671800483356, 0.13502789475023746, 0.13479660898447038, 0.1344529315829277, 0.134268004108559, 0.13500491115781996, 0.13379442285407672, 0.1332893358035521, 0.13333346843719482, 0.13463208178679148, 0.13327458500862122, 0.1338566966354847, 0.13460317660461774, 0.13413951992988588, 0.13350655635197958, 0.13413522360117539, 0.1333855523874885, 0.13407196700572968, 0.1345375284552574, 0.13422024927356027, 0.13314116994539896, 0.1336984470486641, 0.13386785896385417, 0.1338408007737129, 0.1340617319712272, 0.13379552339514098, 0.13342796017726263, 0.13337437402118335, 0.1332358970091893, 0.1347899243235588, 0.13356605172157288, 0.1343522681431337, 0.13405610900372267, 0.13433455303311348, 0.13417775928974152, 0.13388572964403364, 0.13378317455450695, 0.1337786465883255, 0.13444884028285742, 0.13355014959107275, 0.134862852593263, 0.13413948784856236, 0.1342022493481636, 0.13381598172364412, 0.13344747496062312, 0.13342892597703374, 0.13451352715492249, 0.13458564345325744, 0.13344088196754456, 0.1333536324756486, 0.13426755092762135, 0.13412026464939117, 0.132539533755996, 0.13419349704469954, 0.13396288206179938, 0.13396013379096985, 0.1341498812039693, 0.133513813217481, 0.13388984212104013, 0.13425011022223365, 0.13358336925506592, 0.13450947506674404, 0.13375966664817598, 0.134036673949315, 0.13411853313446045, 0.1334377184510231, 0.13419419858190748, 0.13386500626802444, 0.13364973122423346, 0.13382823900742966, 0.13445085287094116, 0.13390129059553146, 0.13400548696517944, 0.1340669488365, 0.13371826509634654, 0.13403663716532968, 0.13409341714884104, 0.1338070368482953, 0.13388162444938312, 0.13371988435586293, 0.1344419314580805]}