('OC-FakeDect1 (Trained on AVG Dataset) \nTested on RND CDFv2 Dataset \nRunning Average Evaluation', 'OC-FakeDect1_AVG', 'AVG', 'OC-FakeDect1_AVG_raeonRND')
auroc=0.5071873231465761
f1=0.6469248291571753
prec=0.922077922077922
recall=0.4982456140350877

fpr=[0.0, 0.4838709677419355, 1.0]

tpr=[0.0, 0.4982456140350877, 1.0]

y_true=[0, 0, 0, 0, 0, 0, 0, 0, 0, 0, 0, 0, 0, 0, 0, 0, 0, 0, 0, 0, 0, 0, 0, 0, 0, 0, 0, 0, 0, 0, 0, 0, 0, 0, 0, 0, 0, 0, 0, 0, 0, 0, 0, 0, 0, 0, 0, 0, 0, 0, 0, 0, 0, 0, 0, 0, 0, 0, 0, 0, 0, 0, 0, 0, 0, 0, 0, 0, 0, 0, 0, 0, 0, 0, 0, 0, 0, 0, 0, 0, 0, 0, 0, 0, 0, 0, 0, 0, 0, 0, 0, 0, 0, 0, 0, 0, 0, 0, 0, 0, 0, 0, 0, 0, 0, 0, 0, 0, 0, 0, 0, 0, 0, 0, 0, 0, 0, 0, 0, 0, 0, 0, 0, 0, 1, 1, 1, 1, 1, 1, 1, 1, 1, 1, 1, 1, 1, 1, 1, 1, 1, 1, 1, 1, 1, 1, 1, 1, 1, 1, 1, 1, 1, 1, 1, 1, 1, 1, 1, 1, 1, 1, 1, 1, 1, 1, 1, 1, 1, 1, 1, 1, 1, 1, 1, 1, 1, 1, 1, 1, 1, 1, 1, 1, 1, 1, 1, 1, 1, 1, 1, 1, 1, 1, 1, 1, 1, 1, 1, 1, 1, 1, 1, 1, 1, 1, 1, 1, 1, 1, 1, 1, 1, 1, 1, 1, 1, 1, 1, 1, 1, 1, 1, 1, 1, 1, 1, 1, 1, 1, 1, 1, 1, 1, 1, 1, 1, 1, 1, 1, 1, 1, 1, 1, 1, 1, 1, 1, 1, 1, 1, 1, 1, 1, 1, 1, 1, 1, 1, 1, 1, 1, 1, 1, 1, 1, 1, 1, 1, 1, 1, 1, 1, 1, 1, 1, 1, 1, 1, 1, 1, 1, 1, 1, 1, 1, 1, 1, 1, 1, 1, 1, 1, 1, 1, 1, 1, 1, 1, 1, 1, 1, 1, 1, 1, 1, 1, 1, 1, 1, 1, 1, 1, 1, 1, 1, 1, 1, 1, 1, 1, 1, 1, 1, 1, 1, 1, 1, 1, 1, 1, 1, 1, 1, 1, 1, 1, 1, 1, 1, 1, 1, 1, 1, 1, 1, 1, 1, 1, 1, 1, 1, 1, 1, 1, 1, 1, 1, 1, 1, 1, 1, 1, 1, 1, 1, 1, 1, 1, 1, 1, 1, 1, 1, 1, 1, 1, 1, 1, 1, 1, 1, 1, 1, 1, 1, 1, 1, 1, 1, 1, 1, 1, 1, 1, 1, 1, 1, 1, 1, 1, 1, 1, 1, 1, 1, 1, 1, 1, 1, 1, 1, 1, 1, 1, 1, 1, 1, 1, 1, 1, 1, 1, 1, 1, 1, 1, 1, 1, 1, 1, 1, 1, 1, 1, 1, 1, 1, 1, 1, 1, 1, 1, 1, 1, 1, 1, 1, 1, 1, 1, 1, 1, 1, 1, 1, 1, 1, 1, 1, 1, 1, 1, 1, 1, 1, 1, 1, 1, 1, 1, 1, 1, 1, 1, 1, 1, 1, 1, 1, 1, 1, 1, 1, 1, 1, 1, 1, 1, 1, 1, 1, 1, 1, 1, 1, 1, 1, 1, 1, 1, 1, 1, 1, 1, 1, 1, 1, 1, 1, 1, 1, 1, 1, 1, 1, 1, 1, 1, 1, 1, 1, 1, 1, 1, 1, 1, 1, 1, 1, 1, 1, 1, 1, 1, 1, 1, 1, 1, 1, 1, 1, 1, 1, 1, 1, 1, 1, 1, 1, 1, 1, 1, 1, 1, 1, 1, 1, 1, 1, 1, 1, 1, 1, 1, 1, 1, 1, 1, 1, 1, 1, 1, 1, 1, 1, 1, 1, 1, 1, 1, 1, 1, 1, 1, 1, 1, 1, 1, 1, 1, 1, 1, 1, 1, 1, 1, 1, 1, 1, 1, 1, 1, 1, 1, 1, 1, 1, 1, 1, 1, 1, 1, 1, 1, 1, 1, 1, 1, 1, 1, 1, 1, 1, 1, 1, 1, 1, 1, 1, 1, 1, 1, 1, 1, 1, 1, 1, 1, 1, 1, 1, 1, 1, 1, 1, 1, 1, 1, 1, 1, 1, 1, 1, 1, 1, 1, 1, 1, 1, 1, 1, 1, 1, 1, 1, 1, 1, 1, 1, 1, 1, 1, 1, 1, 1, 1, 1, 1, 1, 1, 1, 1, 1, 1, 1, 1, 1, 1, 1, 1, 1, 1, 1, 1, 1, 1, 1, 1, 1, 1, 1, 1, 1, 1, 1, 1, 1, 1, 1, 1, 1, 1, 1, 1, 1, 1, 1, 1, 1, 1, 1, 1, 1, 1, 1, 1, 1, 1, 1, 1, 1, 1, 1, 1, 1, 1, 1, 1, 1, 1, 1, 1, 1, 1, 1, 1, 1, 1, 1, 1, 1, 1, 1, 1, 1, 1, 1, 1, 1, 1, 1, 1, 1, 1, 1, 1, 1, 1, 1, 1, 1, 1, 1, 1, 1, 1, 1, 1, 1, 1, 1, 1, 1, 1, 1, 1, 1, 1, 1, 1, 1, 1, 1, 1, 1, 1, 1, 1, 1, 1, 1, 1, 1, 1, 1, 1, 1, 1, 1, 1, 1, 1, 1, 1, 1, 1, 1, 1, 1, 1, 1, 1, 1, 1, 1, 1, 1, 1, 1, 1, 1, 1, 1, 1, 1, 1, 1, 1, 1, 1, 1, 1, 1, 1, 1, 1, 1, 1, 1, 1, 1, 1, 1, 1, 1, 1, 1, 1, 1, 1, 1, 1, 1, 1, 1, 1, 1, 1, 1, 1, 1, 1, 1, 1, 1, 1, 1, 1, 1, 1, 1, 1, 1, 1, 1, 1, 1, 1, 1, 1, 1, 1, 1, 1, 1, 1, 1, 1, 1, 1, 1, 1, 1, 1, 1, 1, 1, 1, 1, 1, 1, 1, 1, 1, 1, 1, 1, 1, 1, 1, 1, 1, 1, 1, 1, 1, 1, 1, 1, 1, 1, 1, 1, 1, 1, 1, 1, 1, 1, 1, 1, 1, 1, 1, 1, 1, 1, 1, 1, 1, 1, 1, 1, 1, 1, 1, 1, 1, 1, 1, 1, 1, 1, 1, 1, 1, 1, 1, 1, 1, 1, 1, 1, 1, 1, 1, 1, 1, 1, 1, 1, 1, 1, 1, 1, 1, 1, 1, 1, 1, 1, 1, 1, 1, 1, 1, 1, 1, 1, 1, 1, 1, 1, 1, 1, 1, 1, 1, 1, 1, 1, 1, 1, 1, 1, 1, 1, 1, 1, 1, 1, 1, 1, 1, 1, 1, 1, 1, 1, 1, 1, 1, 1, 1, 1, 1, 1, 1, 1, 1, 1, 1, 1, 1, 1, 1, 1, 1, 1, 1, 1, 1, 1, 1, 1, 1, 1, 1, 1, 1, 1, 1, 1, 1, 1, 1, 1, 1, 1, 1, 1, 1, 1, 1, 1, 1, 1, 1, 1, 1, 1, 1, 1, 1, 1, 1, 1, 1, 1, 1, 1, 1, 1, 1, 1, 1, 1, 1, 1, 1, 1, 1, 1, 1, 1, 1, 1, 1, 1, 1, 1, 1, 1, 1, 1, 1, 1, 1, 1, 1, 1, 1, 1, 1, 1, 1, 1, 1, 1, 1, 1, 1, 1, 1, 1, 1, 1, 1, 1, 1, 1, 1, 1, 1, 1, 1, 1, 1, 1, 1, 1, 1, 1, 1, 1, 1, 1, 1, 1, 1, 1, 1, 1, 1, 1, 1, 1, 1, 1, 1, 1, 1, 1, 1, 1, 1, 1, 1, 1, 1, 1, 1, 1, 1, 1, 1, 1, 1, 1, 1, 1, 1, 1, 1, 1, 1, 1, 1, 1, 1, 1, 1, 1, 1, 1, 1, 1, 1, 1, 1, 1, 1, 1, 1, 1, 1, 1, 1, 1, 1, 1, 1, 1, 1, 1, 1, 1, 1, 1, 1, 1, 1, 1, 1, 1, 1, 1, 1, 1, 1, 1, 1, 1, 1, 1, 1, 1, 1, 1, 1, 1, 1, 1, 1, 1, 1, 1, 1, 1, 1, 1, 1, 1, 1, 1, 1, 1, 1, 1, 1, 1, 1, 1, 1, 1, 1, 1, 1, 1, 1, 1, 1, 1, 1, 1, 1, 1, 1, 1, 1, 1, 1, 1, 1, 1, 1, 1, 1, 1, 1, 1, 1, 1, 1, 1, 1, 1, 1, 1, 1, 1, 1, 1, 1, 1, 1, 1, 1, 1, 1, 1, 1, 1, 1, 1, 1, 1, 1, 1, 1, 1, 1, 1, 1, 1, 1, 1, 1, 1, 1, 1, 1, 1, 1, 1, 1, 1, 1, 1, 1, 1, 1, 1, 1, 1, 1, 1, 1, 1, 1, 1, 1, 1, 1, 1, 1, 1, 1, 1, 1, 1, 1, 1, 1, 1, 1, 1, 1, 1, 1, 1, 1, 1, 1, 1, 1, 1, 1, 1, 1, 1, 1, 1, 1, 1, 1, 1, 1, 1, 1, 1, 1, 1, 1, 1, 1, 1, 1, 1, 1, 1, 1, 1, 1, 1, 1, 1, 1, 1, 1, 1, 1, 1, 1, 1, 1, 1, 1, 1, 1, 1, 1, 1, 1, 1, 1, 1, 1, 1, 1, 1, 1, 1, 1, 1, 1, 1, 1, 1, 1, 1, 1, 1, 1, 1, 1, 1, 1, 1, 1, 1, 1, 1, 1, 1, 1, 1, 1, 1, 1, 1, 1, 1, 1, 1, 1, 1, 1, 1, 1, 1, 1, 1, 1, 1, 1, 1, 1, 1, 1, 1, 1, 1, 1, 1, 1, 1, 1, 1, 1, 1, 1, 1, 1, 1, 1, 1, 1, 1, 1, 1, 1, 1, 1, 1, 1, 1, 1, 1, 1, 1, 1, 1, 1, 1, 1, 1, 1, 1, 1, 1, 1, 1, 1, 1, 1, 1, 1, 1, 1, 1, 1, 1, 1, 1, 1, 1, 1]

y_pred=[1.0, 0.0, 0.0, 1.0, 1.0, 0.0, 1.0, 0.0, 0.0, 0.0, 1.0, 0.0, 1.0, 0.0, 0.0, 1.0, 0.0, 1.0, 1.0, 1.0, 1.0, 1.0, 0.0, 1.0, 1.0, 1.0, 1.0, 0.0, 0.0, 0.0, 0.0, 0.0, 0.0, 1.0, 0.0, 1.0, 1.0, 0.0, 0.0, 0.0, 0.0, 0.0, 0.0, 0.0, 1.0, 1.0, 0.0, 1.0, 0.0, 1.0, 0.0, 1.0, 1.0, 1.0, 0.0, 0.0, 1.0, 1.0, 1.0, 0.0, 1.0, 1.0, 1.0, 0.0, 0.0, 0.0, 0.0, 1.0, 0.0, 1.0, 0.0, 0.0, 0.0, 0.0, 0.0, 1.0, 1.0, 0.0, 0.0, 0.0, 1.0, 1.0, 1.0, 1.0, 0.0, 0.0, 1.0, 1.0, 0.0, 1.0, 1.0, 1.0, 1.0, 1.0, 0.0, 0.0, 1.0, 1.0, 0.0, 1.0, 1.0, 1.0, 0.0, 0.0, 0.0, 0.0, 0.0, 1.0, 1.0, 1.0, 0.0, 0.0, 0.0, 0.0, 1.0, 0.0, 1.0, 1.0, 0.0, 1.0, 1.0, 0.0, 0.0, 0.0, 0.0, 1.0, 1.0, 1.0, 0.0, 0.0, 1.0, 1.0, 0.0, 0.0, 1.0, 1.0, 0.0, 1.0, 0.0, 1.0, 0.0, 0.0, 0.0, 0.0, 0.0, 0.0, 1.0, 1.0, 1.0, 0.0, 0.0, 1.0, 0.0, 0.0, 1.0, 1.0, 1.0, 0.0, 0.0, 0.0, 1.0, 1.0, 1.0, 1.0, 1.0, 0.0, 0.0, 1.0, 0.0, 0.0, 1.0, 0.0, 1.0, 1.0, 1.0, 0.0, 1.0, 0.0, 1.0, 0.0, 0.0, 1.0, 0.0, 0.0, 1.0, 1.0, 0.0, 0.0, 1.0, 0.0, 0.0, 0.0, 1.0, 0.0, 0.0, 1.0, 1.0, 0.0, 0.0, 1.0, 0.0, 1.0, 0.0, 1.0, 0.0, 1.0, 0.0, 0.0, 1.0, 0.0, 0.0, 0.0, 1.0, 0.0, 1.0, 1.0, 0.0, 1.0, 1.0, 1.0, 0.0, 0.0, 1.0, 1.0, 0.0, 0.0, 0.0, 1.0, 1.0, 0.0, 1.0, 0.0, 1.0, 0.0, 1.0, 0.0, 0.0, 1.0, 1.0, 1.0, 1.0, 0.0, 1.0, 1.0, 0.0, 0.0, 0.0, 0.0, 0.0, 0.0, 0.0, 0.0, 1.0, 1.0, 1.0, 0.0, 1.0, 0.0, 1.0, 0.0, 0.0, 1.0, 0.0, 0.0, 1.0, 1.0, 1.0, 0.0, 0.0, 1.0, 1.0, 1.0, 1.0, 0.0, 0.0, 1.0, 1.0, 1.0, 0.0, 0.0, 0.0, 1.0, 1.0, 1.0, 0.0, 0.0, 1.0, 1.0, 1.0, 1.0, 0.0, 1.0, 1.0, 1.0, 1.0, 1.0, 0.0, 1.0, 0.0, 1.0, 1.0, 0.0, 0.0, 1.0, 1.0, 0.0, 1.0, 0.0, 1.0, 0.0, 1.0, 1.0, 1.0, 0.0, 1.0, 1.0, 0.0, 1.0, 1.0, 0.0, 1.0, 1.0, 0.0, 0.0, 0.0, 1.0, 0.0, 1.0, 0.0, 1.0, 0.0, 0.0, 0.0, 1.0, 1.0, 1.0, 0.0, 0.0, 1.0, 0.0, 0.0, 1.0, 1.0, 1.0, 1.0, 0.0, 1.0, 1.0, 0.0, 0.0, 1.0, 1.0, 0.0, 1.0, 1.0, 1.0, 1.0, 0.0, 1.0, 1.0, 0.0, 1.0, 1.0, 0.0, 1.0, 0.0, 0.0, 0.0, 1.0, 1.0, 1.0, 0.0, 1.0, 1.0, 0.0, 1.0, 1.0, 1.0, 0.0, 0.0, 0.0, 1.0, 1.0, 1.0, 1.0, 1.0, 0.0, 1.0, 0.0, 1.0, 1.0, 0.0, 1.0, 0.0, 1.0, 0.0, 0.0, 1.0, 0.0, 1.0, 1.0, 0.0, 1.0, 0.0, 0.0, 1.0, 1.0, 1.0, 1.0, 0.0, 1.0, 0.0, 0.0, 0.0, 1.0, 1.0, 1.0, 1.0, 0.0, 1.0, 0.0, 1.0, 1.0, 0.0, 0.0, 0.0, 1.0, 0.0, 0.0, 1.0, 1.0, 0.0, 1.0, 1.0, 1.0, 1.0, 1.0, 1.0, 0.0, 1.0, 1.0, 1.0, 1.0, 1.0, 0.0, 1.0, 1.0, 0.0, 1.0, 1.0, 0.0, 0.0, 1.0, 0.0, 1.0, 1.0, 1.0, 1.0, 0.0, 0.0, 0.0, 0.0, 1.0, 1.0, 0.0, 0.0, 0.0, 0.0, 1.0, 0.0, 1.0, 1.0, 1.0, 1.0, 1.0, 1.0, 0.0, 0.0, 0.0, 0.0, 1.0, 1.0, 0.0, 1.0, 0.0, 0.0, 1.0, 1.0, 1.0, 0.0, 1.0, 1.0, 0.0, 1.0, 1.0, 1.0, 1.0, 0.0, 0.0, 1.0, 1.0, 1.0, 0.0, 0.0, 1.0, 0.0, 1.0, 0.0, 1.0, 0.0, 1.0, 1.0, 0.0, 0.0, 0.0, 1.0, 0.0, 1.0, 1.0, 0.0, 0.0, 0.0, 0.0, 1.0, 0.0, 0.0, 1.0, 0.0, 1.0, 0.0, 0.0, 0.0, 1.0, 0.0, 1.0, 0.0, 0.0, 0.0, 0.0, 0.0, 1.0, 0.0, 1.0, 0.0, 0.0, 0.0, 0.0, 1.0, 0.0, 0.0, 0.0, 0.0, 1.0, 1.0, 1.0, 0.0, 1.0, 0.0, 1.0, 1.0, 0.0, 1.0, 1.0, 1.0, 1.0, 0.0, 1.0, 0.0, 1.0, 0.0, 0.0, 0.0, 1.0, 0.0, 0.0, 0.0, 0.0, 0.0, 1.0, 1.0, 1.0, 0.0, 0.0, 1.0, 1.0, 1.0, 1.0, 1.0, 0.0, 1.0, 1.0, 0.0, 0.0, 0.0, 0.0, 0.0, 0.0, 1.0, 1.0, 0.0, 0.0, 0.0, 1.0, 1.0, 0.0, 0.0, 1.0, 0.0, 0.0, 1.0, 1.0, 0.0, 1.0, 1.0, 1.0, 0.0, 1.0, 0.0, 0.0, 1.0, 0.0, 1.0, 1.0, 0.0, 0.0, 0.0, 0.0, 1.0, 1.0, 1.0, 1.0, 1.0, 0.0, 1.0, 0.0, 0.0, 0.0, 0.0, 1.0, 0.0, 1.0, 1.0, 0.0, 0.0, 1.0, 1.0, 0.0, 1.0, 0.0, 0.0, 1.0, 0.0, 0.0, 1.0, 1.0, 0.0, 0.0, 1.0, 1.0, 1.0, 0.0, 0.0, 1.0, 0.0, 1.0, 1.0, 0.0, 0.0, 0.0, 0.0, 0.0, 0.0, 0.0, 0.0, 0.0, 0.0, 0.0, 1.0, 1.0, 1.0, 1.0, 1.0, 1.0, 1.0, 0.0, 1.0, 1.0, 0.0, 0.0, 1.0, 0.0, 1.0, 1.0, 1.0, 1.0, 0.0, 0.0, 1.0, 0.0, 1.0, 0.0, 1.0, 0.0, 1.0, 0.0, 0.0, 1.0, 0.0, 1.0, 1.0, 1.0, 0.0, 0.0, 0.0, 1.0, 0.0, 0.0, 1.0, 0.0, 1.0, 1.0, 1.0, 0.0, 1.0, 1.0, 1.0, 0.0, 1.0, 1.0, 0.0, 1.0, 1.0, 0.0, 0.0, 0.0, 1.0, 0.0, 0.0, 1.0, 0.0, 1.0, 0.0, 1.0, 1.0, 1.0, 0.0, 1.0, 0.0, 0.0, 0.0, 0.0, 0.0, 1.0, 0.0, 1.0, 0.0, 1.0, 0.0, 1.0, 1.0, 1.0, 0.0, 0.0, 1.0, 1.0, 0.0, 0.0, 0.0, 1.0, 0.0, 0.0, 1.0, 1.0, 0.0, 0.0, 1.0, 1.0, 1.0, 1.0, 0.0, 1.0, 0.0, 0.0, 0.0, 1.0, 0.0, 1.0, 1.0, 0.0, 0.0, 1.0, 1.0, 1.0, 0.0, 1.0, 1.0, 1.0, 1.0, 0.0, 0.0, 0.0, 1.0, 0.0, 1.0, 0.0, 0.0, 0.0, 0.0, 1.0, 0.0, 1.0, 0.0, 1.0, 1.0, 0.0, 0.0, 0.0, 1.0, 1.0, 1.0, 0.0, 0.0, 0.0, 0.0, 0.0, 0.0, 1.0, 0.0, 0.0, 0.0, 1.0, 1.0, 0.0, 1.0, 0.0, 0.0, 1.0, 0.0, 0.0, 1.0, 1.0, 0.0, 1.0, 0.0, 1.0, 0.0, 1.0, 0.0, 1.0, 0.0, 0.0, 1.0, 0.0, 1.0, 1.0, 0.0, 0.0, 1.0, 0.0, 0.0, 1.0, 0.0, 0.0, 1.0, 0.0, 1.0, 1.0, 1.0, 0.0, 1.0, 0.0, 1.0, 1.0, 1.0, 1.0, 0.0, 1.0, 1.0, 1.0, 0.0, 1.0, 1.0, 0.0, 0.0, 0.0, 0.0, 1.0, 1.0, 0.0, 0.0, 0.0, 1.0, 1.0, 1.0, 1.0, 0.0, 1.0, 1.0, 0.0, 1.0, 0.0, 0.0, 1.0, 1.0, 1.0, 0.0, 1.0, 0.0, 1.0, 1.0, 0.0, 0.0, 1.0, 0.0, 0.0, 0.0, 1.0, 1.0, 0.0, 0.0, 1.0, 1.0, 1.0, 1.0, 1.0, 0.0, 1.0, 0.0, 1.0, 0.0, 1.0, 0.0, 0.0, 1.0, 1.0, 1.0, 1.0, 0.0, 1.0, 1.0, 0.0, 0.0, 0.0, 0.0, 1.0, 0.0, 1.0, 0.0, 0.0, 0.0, 0.0, 1.0, 0.0, 0.0, 1.0, 1.0, 1.0, 0.0, 1.0, 0.0, 1.0, 1.0, 0.0, 0.0, 1.0, 0.0, 1.0, 0.0, 0.0, 1.0, 1.0, 0.0, 1.0, 0.0, 1.0, 0.0, 1.0, 0.0, 1.0, 0.0, 1.0, 1.0, 1.0, 1.0, 0.0, 1.0, 0.0, 0.0, 0.0, 1.0, 0.0, 1.0, 0.0, 0.0, 1.0, 0.0, 1.0, 1.0, 0.0, 1.0, 1.0, 0.0, 1.0, 0.0, 0.0, 0.0, 0.0, 0.0, 1.0, 0.0, 0.0, 1.0, 0.0, 1.0, 1.0, 0.0, 0.0, 0.0, 0.0, 0.0, 0.0, 0.0, 1.0, 1.0, 1.0, 1.0, 1.0, 0.0, 0.0, 0.0, 1.0, 1.0, 1.0, 1.0, 0.0, 1.0, 1.0, 0.0, 0.0, 1.0, 0.0, 1.0, 0.0, 0.0, 0.0, 0.0, 0.0, 0.0, 1.0, 0.0, 1.0, 1.0, 1.0, 1.0, 1.0, 0.0, 0.0, 0.0, 1.0, 1.0, 1.0, 1.0, 0.0, 1.0, 0.0, 1.0, 1.0, 0.0, 1.0, 0.0, 1.0, 1.0, 1.0, 0.0, 1.0, 0.0, 0.0, 1.0, 1.0, 1.0, 1.0, 1.0, 0.0, 1.0, 0.0, 1.0, 0.0, 0.0, 0.0, 1.0, 0.0, 0.0, 1.0, 0.0, 0.0, 0.0, 1.0, 0.0, 0.0, 1.0, 1.0, 0.0, 1.0, 0.0, 1.0, 0.0, 0.0, 1.0, 0.0, 1.0, 0.0, 1.0, 1.0, 0.0, 1.0, 1.0, 0.0, 1.0, 0.0, 0.0, 1.0, 0.0, 0.0, 0.0, 1.0, 1.0, 1.0, 0.0, 0.0, 0.0, 0.0, 0.0, 1.0, 1.0, 1.0, 0.0, 0.0, 1.0, 1.0, 1.0, 0.0, 1.0, 0.0, 0.0, 0.0, 0.0, 0.0, 1.0, 0.0, 0.0, 0.0, 0.0, 1.0, 1.0, 1.0, 1.0, 0.0, 1.0, 0.0, 1.0, 1.0, 1.0, 1.0, 1.0, 0.0, 1.0, 1.0, 0.0, 0.0, 1.0, 0.0, 1.0, 0.0, 0.0, 0.0, 0.0, 1.0, 0.0, 1.0, 1.0, 1.0, 1.0, 0.0, 0.0, 1.0, 1.0, 0.0, 0.0, 0.0, 1.0, 0.0, 0.0, 0.0, 1.0, 0.0, 0.0, 0.0, 1.0, 0.0, 0.0, 1.0, 0.0, 0.0, 1.0, 0.0, 0.0, 1.0, 1.0, 1.0, 0.0, 1.0, 0.0, 0.0, 1.0, 1.0, 0.0, 0.0, 1.0, 0.0, 1.0, 1.0, 1.0, 1.0, 0.0, 0.0, 0.0, 0.0, 1.0, 0.0, 1.0, 1.0, 0.0, 1.0, 0.0, 1.0, 1.0, 0.0, 1.0, 1.0, 0.0, 1.0, 1.0, 0.0, 0.0, 1.0, 1.0, 1.0, 0.0, 0.0, 0.0, 1.0, 0.0, 1.0, 0.0, 0.0, 0.0, 0.0, 0.0, 1.0, 1.0, 0.0, 1.0, 0.0, 1.0, 1.0, 1.0, 0.0, 1.0, 0.0, 0.0, 0.0, 1.0, 1.0, 1.0, 1.0, 0.0, 1.0, 1.0, 0.0, 1.0, 0.0, 1.0, 0.0, 1.0, 0.0, 0.0, 0.0, 0.0, 0.0, 1.0, 0.0, 0.0, 1.0, 0.0, 0.0, 0.0, 0.0, 0.0, 0.0, 0.0, 0.0, 0.0, 0.0, 1.0, 0.0, 0.0, 1.0, 0.0, 1.0, 1.0, 1.0, 0.0, 1.0, 1.0, 0.0, 0.0, 1.0, 0.0, 1.0, 1.0, 0.0, 1.0, 0.0, 0.0, 1.0, 1.0, 0.0, 0.0, 1.0, 1.0, 0.0, 0.0, 0.0, 1.0, 0.0, 1.0, 0.0, 0.0, 0.0, 0.0, 0.0, 0.0, 1.0, 0.0, 1.0, 1.0, 1.0, 0.0, 0.0, 1.0, 1.0, 1.0, 1.0, 1.0, 1.0, 0.0, 1.0, 1.0, 1.0, 0.0, 1.0, 0.0, 0.0, 0.0, 1.0, 0.0, 0.0, 1.0, 0.0, 0.0, 1.0, 1.0, 0.0, 0.0, 0.0, 0.0, 1.0, 1.0, 1.0, 0.0, 0.0, 1.0, 1.0, 0.0, 0.0, 1.0, 1.0, 1.0, 0.0, 1.0, 0.0, 1.0, 0.0, 1.0, 0.0, 1.0, 0.0, 0.0, 1.0, 1.0, 0.0, 1.0, 1.0, 0.0, 0.0, 1.0, 1.0, 0.0, 1.0, 1.0, 0.0, 0.0, 0.0, 1.0, 1.0, 1.0, 1.0, 1.0, 0.0, 1.0, 1.0, 1.0, 0.0, 1.0, 0.0, 1.0, 0.0, 1.0, 0.0, 1.0, 0.0, 1.0, 1.0, 1.0, 0.0, 0.0, 0.0, 0.0, 0.0, 1.0, 0.0, 1.0, 0.0, 0.0, 1.0, 0.0, 0.0, 1.0, 1.0, 0.0, 0.0, 1.0, 1.0, 1.0, 1.0, 0.0, 0.0, 0.0, 0.0, 1.0, 0.0, 0.0, 0.0, 1.0, 0.0, 0.0, 0.0, 0.0, 1.0, 1.0, 1.0, 1.0, 0.0, 0.0, 1.0, 0.0, 0.0, 0.0, 0.0, 0.0, 1.0, 1.0, 1.0, 0.0, 0.0, 1.0, 0.0, 1.0, 0.0, 0.0, 0.0, 1.0, 1.0, 1.0, 0.0, 0.0, 0.0, 1.0, 0.0, 1.0, 1.0, 0.0, 1.0, 1.0, 0.0, 0.0, 0.0, 0.0, 1.0, 1.0, 1.0, 1.0, 1.0, 1.0, 1.0, 0.0, 1.0, 1.0, 0.0, 1.0, 0.0, 0.0, 0.0, 0.0, 1.0, 0.0, 0.0, 1.0, 0.0, 1.0, 0.0, 0.0, 0.0, 1.0, 0.0, 1.0, 1.0, 0.0, 1.0, 0.0, 1.0, 1.0, 1.0, 1.0, 1.0, 1.0, 0.0, 0.0, 0.0]
\score={0: [0.16000173021765315, 0.16040505593021712, 0.1616977538381304, 0.15944039324919382, 0.15957830225427946, 0.16053188145160674, 0.15966302156448364, 0.1608148619532585, 0.16094931662082673, 0.16083980202674866, 0.15965034067630768, 0.1613330215215683, 0.15927638288806467, 0.1608139251669248, 0.16048606019467115, 0.1582863450050354, 0.16023356815179188, 0.15936771780252457, 0.15979181826114655, 0.15918688125470104, 0.15963091070835406, 0.15781378944714863, 0.16116510196165604, 0.16009634360671043, 0.15943679213523865, 0.15972214937210083, 0.15979701115025413, 0.16167593002319336, 0.1605391866630978, 0.1608832168082396, 0.16046315316970533, 0.1602417677640915, 0.1613357663154602, 0.15967345500693603, 0.16140367441317616, 0.15953732069049562, 0.1594619168476625, 0.16051315069198607, 0.16029930313428242, 0.1618087669977775, 0.16059170166651407, 0.16051174849271774, 0.16041671656645262, 0.16101780202653673, 0.1584639271100362, 0.1593899408976237, 0.16092967348439352, 0.1596347558147767, 0.16074127356211346, 0.1595270795126756, 0.16162459272891283, 0.15992052108049393, 0.1601417250931263, 0.16021899382273355, 0.16028188694925868, 0.16156817310386234, 0.15920462924987078, 0.16013683300269277, 0.1601153463125229, 0.16093434568713694, 0.1597057598478654, 0.15947819975289432, 0.1595453992486, 0.160461810502139, 0.16061085015535354, 0.16022363092218125, 0.16048191587130228, 0.15848158134354484, 0.16156857518049386, 0.15927610297997793, 0.16028638382752736, 0.16065094340592623, 0.1603170344058205, 0.16047746563951173, 0.16089031673394716, 0.1600345169956034, 0.16007868846257528, 0.16107500141317194, 0.16224399457375208, 0.1609216958284378, 0.15897458046674728, 0.15991958840326828, 0.15959344059228897, 0.15939282586700038, 0.16094107031822205, 0.16027928094069163, 0.15852734297513962, 0.15927853931983313, 0.16028749836342676, 0.15904599970037286, 0.16017771884799004, 0.1579653105952523, 0.15931865945458412, 0.16020393206013572, 0.16034321216019717, 0.16040142998099327, 0.1571888199874333, 0.15939659682603982, 0.16163892423113188, 0.1598551978667577, 0.15964297577738762, 0.1601262718439102, 0.16116835176944733, 0.16033974091211955, 0.16090266979657686, 0.16139490787799543, 0.16120763335909163, 0.1588002241083554, 0.159879808979375, 0.15852932173472184, 0.16154517233371735, 0.16086507439613343, 0.1609957754611969, 0.16177476793527604, 0.1597849394266422, 0.16104620974510908, 0.15972387169798216, 0.15881972346040937, 0.16049388853403238, 0.15956556453154638, 0.16015082001686096, 0.160902878003461, 0.16054412325223286, 0.16061473531382425], 1: [0.1610464652379354, 0.16007880742351213, 0.15960703790187836, 0.15915081248833582, 0.16053696225086847, 0.1612465406457583, 0.15985416372617087, 0.15955018848180771, 0.16076744280078195, 0.16064475157431193, 0.15878157211201532, 0.1577008306980133, 0.1604420279081051, 0.15950484772523243, 0.1608145962158839, 0.1590509428219362, 0.16068365105560847, 0.16189575514623097, 0.1611305090288321, 0.16068668934431943, 0.16059977561235428, 0.16134136666854224, 0.16001264480027286, 0.15993326902389526, 0.15887445509433745, 0.16088452339172363, 0.16130015403032302, 0.15852257036245787, 0.16052410006523132, 0.16155427545309067, 0.15998827200382948, 0.15956871584057808, 0.15950106233358383, 0.16065531291744925, 0.16029503090041025, 0.1607022477047784, 0.15955487688382466, 0.15897347629070283, 0.15991111894448598, 0.16004071831703187, 0.15963441539894452, 0.16071900924046834, 0.1611662834882736, 0.1601444403330485, 0.16054927706718444, 0.16114033460617067, 0.15987202723821003, 0.16035744920372963, 0.16004683928830282, 0.1600947380065918, 0.15914662778377534, 0.16097926199436188, 0.15918631425925664, 0.16273209750652312, 0.15927931666374207, 0.16103298217058182, 0.1602868914604187, 0.15944633322457472, 0.1606664104121072, 0.1618029609322548, 0.15982847474515438, 0.15934004837816412, 0.1607780858874321, 0.160756678879261, 0.16015422195196152, 0.1609065698252784, 0.16179672082265217, 0.16071489716277404, 0.15864958200189802, 0.16081145405769348, 0.1604594310124715, 0.15939220879226923, 0.15944882695164, 0.16055859476327897, 0.16069704294204712, 0.15933018922805786, 0.16094062626361846, 0.15859941325404428, 0.16141336131840944, 0.15933452546596527, 0.16034310483015501, 0.16021245438605547, 0.16063438994543894, 0.16043698574815476, 0.15989082120358944, 0.1620201344291369, 0.1603725443283717, 0.16033226350943247, 0.15948033928871155, 0.16075913359721503, 0.15778647634116086, 0.15960932970046998, 0.16044067763365233, 0.1591773618544851, 0.15983429231813975, 0.15849400435884795, 0.16039982562263808, 0.16037232130765916, 0.1590534483685213, 0.16016711430116135, 0.16056966483592988, 0.1612405021985372, 0.1609998807311058, 0.15909757713476816, 0.1592545300722122, 0.16022845401483424, 0.15928453020751476, 0.16082188487052917, 0.1591762462630868, 0.16056828101476034, 0.15975618362426758, 0.16124489307403564, 0.16070532997449238, 0.15938594499055078, 0.16020011359995062, 0.15916052162647248, 0.1600295236477485, 0.16077677756547928, 0.15973501652479172, 0.15928603410720826, 0.16110334651810782, 0.16036022106806438, 0.16038334518671035, 0.16038486808538438, 0.1604313884790127, 0.16024989783763885, 0.16149403899908066, 0.16071467101573944, 0.1581166297197342, 0.16014049854129553, 0.15995067243392652, 0.16192820916573206, 0.15969646126031875, 0.16033443659543992, 0.15997819229960442, 0.16024984419345856, 0.16061046421527864, 0.15991400058070818, 0.1606818586587906, 0.16089155418532236, 0.15984446081248196, 0.15994110306104023, 0.15829363092780113, 0.16057614733775458, 0.16084220890815443, 0.15953481635626623, 0.15992698445916176, 0.15974073391407728, 0.15988649278879166, 0.16105698155505316, 0.16039649304002523, 0.1596997999227964, 0.15981143800651326, 0.15956385521327748, 0.16036579864365713, 0.16159450434721434, 0.16151454597711562, 0.160073222219944, 0.16002312633726332, 0.16007100343704223, 0.16051101498305798, 0.16078689508140087, 0.15982407904588258, 0.15979518741369247, 0.15974081390433842, 0.1599276676774025, 0.16213604943318802, 0.15866241604089737, 0.1600184366106987, 0.16014852225780488, 0.15980017320676285, 0.15986938029527664, 0.1618109777569771, 0.158303287896243, 0.16199891956952903, 0.15873042345046998, 0.16014090638894302, 0.16031027904578618, 0.1607058460895832, 0.16020074337720872, 0.1591985046863556, 0.16082559674978256, 0.1589554361999035, 0.16061082358161607, 0.15997323393821716, 0.16081856886545817, 0.15971902188132792, 0.15909047238528728, 0.15998474614960806, 0.16030399799346923, 0.15972631850412913, 0.15909320754664286, 0.16099326933423677, 0.15979616343975067, 0.15977680770789876, 0.16136932174364726, 0.1599070280790329, 0.15903550386428833, 0.1620590632612055, 0.16226790696382523, 0.1609125297803145, 0.15860158503055571, 0.1619422420859337, 0.1593792036175728, 0.1610839023039891, 0.16002687718719244, 0.16024126708507538, 0.1607165899541643, 0.16074474155902863, 0.1587607585466825, 0.1594730280339718, 0.1595750441774726, 0.1613237053155899, 0.1619123195608457, 0.15900556047757466, 0.16060422162214916, 0.16112931538373232, 0.15988120312492052, 0.16019790312823126, 0.15991087393327194, 0.16005747641126314, 0.1602694266117536, 0.16012091246935037, 0.1601651430130005, 0.16115549703439078, 0.16073899396828242, 0.1597253015408149, 0.15874635707587004, 0.1602849339445432, 0.15973071889443832, 0.15970642678439617, 0.15962283685803413, 0.16012338201204937, 0.16118700901667277, 0.15850786119699478, 0.16016646921634675, 0.16109576324621835, 0.15971165299415588, 0.159608227511247, 0.16101264084378877, 0.15896503627300262, 0.1621064856648445, 0.16035508811473848, 0.16031532138586044, 0.15976654489835104, 0.16021915401021639, 0.16018523834645748, 0.1611047320895725, 0.15966111794114113, 0.16013312339782715, 0.16077336095846617, 0.15875990688800812, 0.15892845019698143, 0.16015721298754215, 0.16043679267168046, 0.16081381761110747, 0.16040378170354025, 0.15955916171272597, 0.1601395824780831, 0.1593710883305623, 0.15738384832035412, 0.15980035960674285, 0.16037492950757345, 0.15914012864232063, 0.16076246183365583, 0.16001942868416125, 0.15849031656980514, 0.16040626540780067, 0.1597084140076357, 0.1602693110704422, 0.1597182388816561, 0.16071591354333437, 0.16087411493062972, 0.15943471003662457, 0.16089006265004477, 0.16017722189426423, 0.15947844237089157, 0.16070731977621713, 0.15983745853106182, 0.16122198104858398, 0.160819497373369, 0.15980246464411418, 0.15870184164780837, 0.15961294248700142, 0.15763157606124878, 0.1608906558581761, 0.15915460437536239, 0.160546238720417, 0.16075244775185218, 0.16168099216052464, 0.1591129241620793, 0.15930745953863318, 0.1583104759454727, 0.1599075384438038, 0.16086333564349584, 0.16008630726072523, 0.16026145658072302, 0.15881015261014303, 0.15940624300171347, 0.16084330826997756, 0.16056752910739497, 0.16125941773255667, 0.1590484446949429, 0.16031599789857864, 0.16166047503550848, 0.15928817416230837, 0.1594040863789045, 0.16129199117422105, 0.15931455418467522, 0.15980572005112967, 0.1597397904843092, 0.15925196952679577, 0.1597562823444605, 0.15962012310822804, 0.16059659859713385, 0.16011035740375518, 0.1594122052192688, 0.1595755536109209, 0.15980722927130186, 0.16018871046029604, 0.16172705441713334, 0.1599601743852391, 0.15967284249407904, 0.16089770644903184, 0.15889172454675038, 0.15977600855486734, 0.16145346110517328, 0.16059753919641176, 0.15915889923389143, 0.16056527495384215, 0.15984312891960145, 0.15989420413970948, 0.1587989568710327, 0.1591198742389679, 0.16211856994777918, 0.16066113114356995, 0.16125331819057465, 0.16029873490333557, 0.16017012447118759, 0.15949013964696365, 0.16062662204106648, 0.16056947906812033, 0.16141879955927532, 0.16092736216691825, 0.160109306871891, 0.16036608666181565, 0.1597028707082455, 0.15839812325106728, 0.15983415927205766, 0.15869262255728245, 0.15849543043545314, 0.15882576543551225, 0.16062834646020616, 0.16024535447359084, 0.16033818324406943, 0.1609043450582595, 0.15981959244784186, 0.16018557442086084, 0.16029564142227173, 0.16008631512522697, 0.16026833951473235, 0.1605096799986703, 0.15969757209805882, 0.1593625247478485, 0.1586493899424871, 0.16163684707134962, 0.15860725566744804, 0.15903603699472216, 0.16124754355234258, 0.16009913053777483, 0.15987620800733565, 0.15999130308628082, 0.15934540737758984, 0.1606489047408104, 0.1606723725795746, 0.15987671567843512, 0.15873492807149886, 0.1600986033678055, 0.16217894174835898, 0.1613914450773826, 0.1602095792690913, 0.16036907881498336, 0.16014323234558106, 0.16026181859128616, 0.15944327507168055, 0.1618155281652104, 0.15894083182017008, 0.15903865893681843, 0.1604204120544287, 0.16032407906922427, 0.16030369699001312, 0.16001553386449813, 0.16221936643123627, 0.1597111960252126, 0.16017493704954783, 0.16063655788699785, 0.1617263617614905, 0.16154767125844954, 0.16090045124292374, 0.15992755958667168, 0.16047405501206716, 0.16113440015099265, 0.15901757776737213, 0.16185978055000305, 0.15983930230140686, 0.16174278340556406, 0.16084818989038469, 0.16027239308907434, 0.15890852808952333, 0.16044452786445618, 0.15907397866249084, 0.1602685766087638, 0.16138300987390372, 0.16090155325152658, 0.16036660510760087, 0.16198310628533363, 0.1600903421640396, 0.16036393865942955, 0.15927049103710386, 0.1606631651520729, 0.1604123427109285, 0.16056894659996032, 0.16112330014055426, 0.16016669706864792, 0.16059697487137534, 0.1613026112318039, 0.16129019483923912, 0.16085561644285917, 0.15873580425977707, 0.15968626290559768, 0.1596420258283615, 0.16130479318755014, 0.15971068862606497, 0.16215330362319946, 0.1595920053395358, 0.15958856452595105, 0.16028082966804505, 0.1592608019709587, 0.15963393822312355, 0.15996766835451126, 0.15896045714616774, 0.16032322843869526, 0.16021547615528106, 0.16063957313696545, 0.15940814548068577, 0.1623419776558876, 0.1611725091934204, 0.16095754305521648, 0.15978955756872892, 0.16165662681063017, 0.1610455572605133, 0.16064143379529316, 0.1604347676038742, 0.16155457496643066, 0.159868460893631, 0.15990986923376718, 0.1601096551333155, 0.16042609398181623, 0.16095344044945456, 0.15955258707205455, 0.15968866553157568, 0.15923346877098082, 0.16021607257425785, 0.16018551919195387, 0.16041027754545212, 0.16018967926502228, 0.15950523565212885, 0.16034895525528833, 0.16027232316824105, 0.1603554387887319, 0.16100623905658723, 0.16067651872123992, 0.1605340199811118, 0.1598707756825856, 0.16017985194921494, 0.16141595970839262, 0.16062406247312372, 0.16089515388011932, 0.1601097563902537, 0.15960241109132767, 0.1606038322051366, 0.1612450361251831, 0.1595013990998268, 0.1605300779143969, 0.1612998048464457, 0.15929618030786513, 0.15887604802846908, 0.16083740293979645, 0.1595786895070757, 0.15931770205497742, 0.15914559364318848, 0.1612991472849479, 0.160016264518102, 0.16095857818921408, 0.1608154892921448, 0.15967224289973578, 0.1603726459046205, 0.15840460856755575, 0.15955288357594433, 0.16086260761533464, 0.16066798025911505, 0.16096283266177544, 0.16114193544938013, 0.15820070298818442, 0.15981114208698272, 0.1595806669105183, 0.1600198671221733, 0.15926047116518022, 0.16133105556170146, 0.15951115588347117, 0.16090592471036044, 0.1603245511651039, 0.16102084632103258, 0.16127300560474395, 0.1600065054371953, 0.162318255007267, 0.15805587278945105, 0.15987102801983172, 0.16123810783028603, 0.16092315465211868, 0.1597315796783992, 0.15838842193285624, 0.16120422631502151, 0.16017881848595358, 0.1614890375307628, 0.16103864926844835, 0.15951227058063855, 0.16026372959216437, 0.16128382086753845, 0.15994148784213597, 0.1599177728806223, 0.1611605485280355, 0.1604454755783081, 0.15996595621109008, 0.15953382849693298, 0.16018908023834227, 0.16091975238588122, 0.16037054040602275, 0.15997702926397322, 0.16154869024952254, 0.15905229449272157, 0.159230931528977, 0.16121791965431637, 0.16058351205927984, 0.1609963339108687, 0.16071470479170483, 0.1603961338599523, 0.16068632900714874, 0.16050695202180318, 0.16183792452017468, 0.1611829236149788, 0.16033315824137795, 0.16164930164813995, 0.15962380858568045, 0.15954822038902955, 0.15980354820688566, 0.16009202475349107, 0.1577882734792573, 0.15945589542388916, 0.1600206739136151, 0.16086903338630995, 0.15994168023268382, 0.1593195249636968, 0.16106555128798766, 0.16145113607247671, 0.16004423002401988, 0.1616194173693657, 0.1597730537255605, 0.15916923032357141, 0.15936860193808874, 0.1591857761144638, 0.1603618010878563, 0.1603934238354365, 0.15898663830012083, 0.1603602409362793, 0.15982862015565236, 0.160598486661911, 0.15949758142232895, 0.16028252563306264, 0.160147026181221, 0.16108730733394622, 0.16120003362496693, 0.15999846458435057, 0.16187883913516998, 0.1587792754173279, 0.15993216633796692, 0.15903454770644507, 0.16167577356100082, 0.16106954216957092, 0.1612103948990504, 0.15925354616982595, 0.16050051472016744, 0.16076693470988954, 0.15973994135856628, 0.1614959016442299, 0.1599742074807485, 0.15898580253124237, 0.15807500596229845, 0.16052448749542236, 0.15952623188495635, 0.15992441922426223, 0.1593967340886593, 0.16060895047017507, 0.1594216791646821, 0.15855446550995111, 0.16093506217002868, 0.15963512857755024, 0.1599034477363933, 0.16161339605847994, 0.16051207184791566, 0.1608408659696579, 0.15985777415335178, 0.161534312580313, 0.1604220427964863, 0.15924933701753616, 0.16035554309686026, 0.1593027114868164, 0.16068385541439056, 0.15998447212305936, 0.15940457209944725, 0.15959162903683527, 0.16048086931308111, 0.1579153910279274, 0.1603389395908876, 0.16066227853298187, 0.16063585728406907, 0.16150300353765487, 0.1610027402639389, 0.15973261892795562, 0.1604634171182459, 0.15989266708493233, 0.16153440326452256, 0.15890725363384595, 0.1608217399228703, 0.15834448085381433, 0.15970799114022935, 0.16012710928916932, 0.1604998428374529, 0.1603330746293068, 0.16012279838323593, 0.1596245487531026, 0.16033040285110473, 0.16066445037722588, 0.1603178693489595, 0.1601818948984146, 0.16154596886851572, 0.16081649561723074, 0.15980789065361023, 0.16022054163309243, 0.16032326221466064, 0.16104895689270712, 0.15972844064235686, 0.15954691490956716, 0.15895076637918298, 0.15913948010314594, 0.16030814964324236, 0.15969849626223245, 0.1608690653855984, 0.1604190543293953, 0.16119946403936905, 0.16004156991839408, 0.16025533576806386, 0.1599566400051117, 0.15881567200024924, 0.16067099695404372, 0.16098856248638846, 0.1601725874038843, 0.1596646338701248, 0.15877841040492058, 0.16056881248950958, 0.1598840393126011, 0.159708072245121, 0.1598576029141744, 0.159577216295635, 0.1605496605237325, 0.16091189736669714, 0.16182017605751753, 0.15867855697870253, 0.16148888766765596, 0.1581246003508568, 0.1624073252081871, 0.16149076246298277, 0.1617232710123062, 0.16024891326301977, 0.15999230593442917, 0.160974965741237, 0.15914293378591537, 0.1618888649073514, 0.15843959401051202, 0.15915537774562835, 0.16041685889164606, 0.1613372005522251, 0.16109323501586914, 0.1596748853723208, 0.15895581369598707, 0.1599200746187797, 0.16178549329439798, 0.1616006572456921, 0.16036156917873182, 0.16057521663606167, 0.16054102902611098, 0.16081968943277994, 0.15977222758990067, 0.16080802381038667, 0.1612766465315452, 0.1623345104356607, 0.15912414466341337, 0.15924526857478277, 0.16141406446695328, 0.15971818069616953, 0.16079703718423843, 0.16029422916471958, 0.16018869914114475, 0.1618057519197464, 0.16068978065794165, 0.15882237553596495, 0.15924647450447083, 0.16039200524489086, 0.1587867574258284, 0.16124062917449258, 0.15995684266090393, 0.16049210478862128, 0.16003897339105605, 0.16063345968723297, 0.15952021162956953, 0.16105806976556777, 0.16034964174032212, 0.1601342662022664, 0.16045470436414083, 0.15924753599307118, 0.15976541365186372, 0.16168172428241143, 0.16119994398425608, 0.15914912670850753, 0.16023683299620947, 0.1623702570796013, 0.15945164317434485, 0.16070546333988509, 0.16024419239589147, 0.1595207372537026, 0.16040880978107452, 0.1587684191763401, 0.15916831562152275, 0.1601317008336385, 0.16087670177221297, 0.16018186695873737, 0.16153152137994767, 0.16005604962507883, 0.1600955307483673, 0.15849106945097446, 0.159670826792717, 0.16068627685308456, 0.1592272251844406, 0.15942023694515228, 0.1593634174628691, 0.16151185929775239, 0.15967135280370712, 0.15922881215810775, 0.16105197866757712, 0.16180162959628636, 0.16034387753290288, 0.1605348629610879, 0.16018662750720977, 0.1602191686630249, 0.16092799145441788, 0.1607350603892253, 0.16039585322141647, 0.15990814417600632, 0.15976674482226372, 0.1600513458251953, 0.15833992660045623, 0.16032462567090988, 0.15968780318895975, 0.15977521240711212, 0.16131104081869124, 0.15873672641240633, 0.1609989943412634, 0.160857760480472, 0.15957341889540355, 0.159436763326327, 0.1594819098711014, 0.1611326601770189, 0.1599570780992508, 0.16089316606521606, 0.16013070940971375, 0.1598028649886449, 0.1613556461201774, 0.16068270057439804, 0.15935365429946355, 0.1613382895787557, 0.16027972400188445, 0.16075146347284316, 0.15977664291858673, 0.15987558563550314, 0.1613901648670435, 0.16042282219444, 0.15928005675474802, 0.1596330011432821, 0.15990970842540264, 0.16012102663516997, 0.15977021865546703, 0.16346688382327557, 0.16004886083743153, 0.1607925941546758, 0.16005462751938745, 0.1609414686759313, 0.15798728995853, 0.16023036295717413, 0.1616819848616918, 0.15982483900510347, 0.16015616804361343, 0.160068935581616, 0.15821264684200287, 0.1605292595922947, 0.16009517931021178, 0.15972242504358292, 0.1608082522948583, 0.160429697483778, 0.16033408915003142, 0.16147133558988572, 0.15872830748558045, 0.16059266154964766, 0.15932117490207448, 0.16042536621292433, 0.1608114257454872, 0.16070237229852116, 0.16160727838675182, 0.16011133248155768, 0.16248660832643508, 0.1603064462542534, 0.15911837584442562, 0.16014600438731058, 0.15901204446951547, 0.16122944752375284, 0.1600989368226793, 0.16027999955874223, 0.15998674077647074, 0.15963288396596909, 0.16096993618541294, 0.16055727005004883, 0.16022087740046637, 0.1611368735631307, 0.15907483504099004, 0.16052858875348017, 0.16153482863536248, 0.15952054858207704, 0.15920520226160687, 0.16143985589345297, 0.15919461314167296, 0.16115275551291072, 0.1600835658609867, 0.16059420767583346, 0.15991150587797165, 0.16052726904551187, 0.15922801941633224, 0.16035174578428268, 0.1598128399678639, 0.15831413368384042, 0.15863383254584143, 0.15863957752784094, 0.16114483152826628, 0.15836150447527567, 0.16053403582837847, 0.16080920823982783, 0.16088265925645828, 0.1596629574894905, 0.1603912368416786, 0.16008072346448898, 0.16036098450422287, 0.16140875841180483, 0.1601707674562931, 0.16163498014211655, 0.15874198973178863, 0.15972074071566264, 0.16177784353494645, 0.15922905154087963, 0.15877972145875294, 0.16070320350783213, 0.1596184717491269, 0.16094473097473383, 0.16107658843199413, 0.16084424938474381, 0.16085860431194304, 0.16181570440530776, 0.15976817676654229, 0.16103186326868393, 0.16058530658483505, 0.15953248739242554, 0.1614923786658507, 0.15931697615555354, 0.1591833810011546, 0.16051735557042635, 0.1607533200429036, 0.16144008934497833, 0.1606176386276881, 0.16086958348751068, 0.160921735689044, 0.16078922351201375, 0.16001116010275754, 0.15925921102364857, 0.15974559914320707, 0.16003784239292146, 0.16007016201814014, 0.16070430974165598, 0.16049596071243286, 0.16069221725830665, 0.15930408363540968, 0.1588020369410515, 0.15836555510759354, 0.1594721719622612, 0.16149221475307757, 0.15960693359375, 0.15978894848376513, 0.16178376823663712, 0.16088695930583136, 0.159867591659228, 0.16049599796533584, 0.15986687317490578, 0.16053619980812073, 0.16189626265655865, 0.16059977605062373, 0.16115167240301767, 0.16052556037902832, 0.160493777348445, 0.15906340380509695, 0.16057965294881302, 0.16022046994079242, 0.15987907449404398, 0.16008249737999655, 0.15947876125574112, 0.15880140165487924, 0.1604879155755043, 0.16049376428127288, 0.16051859259605408, 0.1596533130196964, 0.15801715850830078, 0.1598641574382782, 0.1593768149614334, 0.1607234925031662, 0.16008452574412027, 0.16046027342478433, 0.15918334871530532, 0.1591171957552433, 0.16121160282808192, 0.15956171695142984, 0.16034283431676719, 0.15964447110891342, 0.15981772329126084, 0.15923575793995576, 0.16063469052314758, 0.15951129220999205, 0.16115723736584187, 0.1603294551372528, 0.15955969939629236, 0.16009730299313862, 0.157662995159626, 0.15955247854193053, 0.15958835861899637, 0.16074625828436442, 0.15964070281812123, 0.16027890010313553, 0.15958822518587112, 0.16068661638668605, 0.1607627673791005, 0.16037189108984812, 0.15984680553277333, 0.1604721356521953, 0.16155809299512344, 0.15706843733787537, 0.16085496048132578, 0.1606145269340939, 0.16174275800585747, 0.15962045001132147, 0.16229222076279776, 0.16038419771939516, 0.1601522296667099, 0.1601036953575471, 0.16076382795969646, 0.15867576152086257, 0.16116033345460892, 0.15999319752057392, 0.16205822974443435, 0.1607904446621736, 0.16000438605745634, 0.16140341070982125, 0.1595274493098259, 0.16136246422926584, 0.15935148100058238, 0.16014784966644488, 0.16214533150196075, 0.15948898683894763, 0.15993585685888925, 0.16025693466265997, 0.15979377552866936, 0.16162167191505433, 0.16050440967082977, 0.16005062598448533, 0.16047456488013268, 0.16097373391191164, 0.16152131259441377, 0.15881260931491853, 0.15955440004666646, 0.16018052995204926, 0.1611171793192625, 0.16187842054800552, 0.16033996641635895, 0.16137927621603013, 0.160298490524292, 0.15977620780467988, 0.1599080095688502, 0.16019447147846222, 0.1629532441496849, 0.1607202577094237, 0.15949380929980958, 0.15912491530179979, 0.15958286076784134, 0.16171917219956716, 0.1598208133990948, 0.1604977786540985, 0.16070018594081587, 0.1610710322856903, 0.16030634840329488, 0.16081472337245942, 0.15985422531763713, 0.16279265013608066, 0.16032032966613768, 0.160534612261332, 0.16032245258490244, 0.15936224850324485, 0.15923331181208292, 0.16008040947573526, 0.15908974607785542, 0.16028563678264618, 0.15934284315222785, 0.1603682804852724, 0.15995977570613226, 0.1598079102113843, 0.15972731601108203, 0.1598594550575529, 0.1601952165365219, 0.16051931977272033, 0.15987873716013773, 0.15984416703383128, 0.16030080243945122, 0.16078308011804307, 0.1600178082784017, 0.1612541601061821, 0.1596802532672882, 0.16028554861744246, 0.16164082884788514, 0.1614415854215622, 0.16125506162643433, 0.15986399001934948, 0.16131389141082764, 0.159616494551301, 0.1599565843741099, 0.15959768493970236, 0.16007530689239502, 0.16161425005305896, 0.16105348151177168, 0.15809093813101452, 0.1599730835719542, 0.16128761149369752, 0.16122541030248005, 0.1606981810182333, 0.1601967141032219, 0.16063075214624406, 0.16041828443606695, 0.16097870469093323, 0.15897513926029205, 0.1604804154485464, 0.1607797620818019, 0.16033840365707874, 0.15889290851705215, 0.1605661580959956, 0.16023742204362695, 0.15984908325804603, 0.1610570251941681, 0.16054194420576096, 0.15975898504257202, 0.16133340795834858, 0.16176412906497717, 0.16004515332835062, 0.160125932097435, 0.1599915439591688, 0.16025160352389017, 0.1597307759981889, 0.16071320611696976, 0.160917772911489, 0.1591947994061879, 0.15807850956916808, 0.16096907960517065, 0.16319702794918647, 0.15944279052994467, 0.1603447987752802, 0.1596637312322855, 0.1588745633761088, 0.15985116693708631, 0.1593962639570236, 0.16037958966834204, 0.16054759174585342, 0.16028702352195978, 0.16039426011197708, 0.1598151521757245, 0.1605349002139909, 0.15953926493724188, 0.15862890457113585, 0.16056094732549456, 0.15906035775939623, 0.16060122274435484, 0.1600395917892456, 0.15882588757408989, 0.16035148948431016, 0.16000760478131912, 0.15987807086535863, 0.16117468600471815, 0.15962379376093547, 0.16010111967722576, 0.1605544199546178, 0.1615654473954981, 0.16000930302672917, 0.16007676223913828, 0.1586747666200002, 0.1612590119242668, 0.16206717615326247, 0.1602533459663391, 0.15936333406716585, 0.1606255597793139, 0.1587465203860227, 0.16103503573685884, 0.16041354022242807, 0.161180579662323, 0.16170897583166757, 0.16065641966733066, 0.1599449356396993, 0.15956861525774002, 0.16044171452522277, 0.15905614476650953, 0.16077255764428308, 0.16014775953122548, 0.15968153422529047, 0.15990934873882093, 0.16083902716636658, 0.15982242157826057, 0.16095555893012456, 0.1611430888826197, 0.16120793451281154, 0.16005023221174877, 0.15988057752450308, 0.15933372204502425, 0.15925651888052622, 0.1603098377585411, 0.15988317131996155, 0.15724056462446848, 0.16158877164125443, 0.15892518205302103, 0.16135285581861222, 0.1588044259697199, 0.16058435291051865, 0.15917117645343146, 0.1606227119763692, 0.16118089705705643, 0.16038332134485245, 0.16063425689935684, 0.16118646413087845, 0.15803278237581253, 0.1607644043185494, 0.1607166322923842, 0.16022276878356934, 0.16133999917656183, 0.1613169578569276, 0.16301184743642808, 0.16161588579416275, 0.16248450775941212, 0.16099989299590772, 0.1606869141260783, 0.16051097214221954, 0.16180557283488187, 0.1617689182360967, 0.16000391418735185, 0.16074781119823456, 0.16035294852086476, 0.15963271558284758, 0.16031555716808027, 0.15815120190382004, 0.1596887367112296, 0.1592003298657281, 0.1611540892294475, 0.1596031258503596, 0.15895465558225458, 0.16195112764835357, 0.16077843308448792, 0.15920815936156682, 0.160550530803831, 0.15949864898409163, 0.1588319182395935, 0.16045323014259338, 0.16021689400076866, 0.1606667274609208, 0.16071370542049407, 0.15925459213116588, 0.1591211912723688, 0.1607187420129776, 0.16109269857406616, 0.15961623630102942, 0.1593734949827194, 0.16094774156808853, 0.16037439741194248, 0.16112809628248215, 0.16008580476045609, 0.16116196910540262, 0.15993796927588327, 0.16024398230589354, 0.16230879588560623, 0.16024043812201574, 0.16054651041825613, 0.16118447482585907, 0.16031352430582047, 0.15996537481745085, 0.16070520182450612, 0.15921438485383987, 0.15957074544646524, 0.15985167261801267, 0.16240516901016236, 0.16065176390111446, 0.15913726687431334, 0.15932478507359824, 0.15906952321529388, 0.15942877431710561, 0.1594503310819467, 0.1588398903608322, 0.1622425764799118, 0.15959408779939016, 0.15986345584193865, 0.15968260616064073, 0.16137285828590392, 0.1598897079626719, 0.16151130323608717, 0.16142845831134103, 0.16098167615778305, 0.1582522874369341, 0.16055200062692165, 0.16066503524780273, 0.1591712276140849, 0.16066153513060677, 0.16170767611927456, 0.16020013391971588, 0.15915963053703308, 0.16136288311746386, 0.16054856338921716, 0.16059228281180063, 0.16030387173999439, 0.15949237595001856, 0.16012132565180462, 0.15966517571359873, 0.16027817968279123, 0.16263648681342602, 0.15996461013952892, 0.15977796018123627, 0.16046392023563386, 0.16111209839582444, 0.15947549896580832, 0.15791961848735808, 0.15979697108268737, 0.1605207920074463, 0.15913473069667816, 0.1609754047610543, 0.15989658385515212, 0.1605469822883606, 0.1596630858257413, 0.16092215925455094, 0.15927878518899283, 0.1607088851077216, 0.16031383474667868, 0.16016551958663122, 0.1594332918524742, 0.1609670233268004, 0.16008674850066504, 0.15960847934087116, 0.16031115927866527, 0.16042247911294302, 0.15985611293997085, 0.15919706454643837, 0.1606284027749842, 0.1590144857764244, 0.1600243017077446, 0.16075809796651205, 0.16155152171850204, 0.16031301617622376, 0.1577061653137207, 0.15877770135800043, 0.15981299181779227, 0.15971475218733153, 0.16010398864746095, 0.16048624645918608, 0.1587142307649959, 0.15824113165338835, 0.15894318372011185, 0.16028969238201776, 0.15914037078619003, 0.16183757285277048, 0.1592053079179355, 0.1607762835919857, 0.15956267217795053, 0.16139901336282492, 0.15965778529644012, 0.16056921929121018, 0.15955812822688709, 0.1600479895577711, 0.15991692369182905, 0.16162493359297514, 0.16112680119626663, 0.16156864592007228, 0.16083597786286297, 0.16077405959367752, 0.1592129424214363, 0.16035385131835939, 0.15912164059969094, 0.16118189791838328, 0.1603115806976954, 0.15928019334872565, 0.16070399433374405, 0.16130701303482056, 0.1599307894706726, 0.15958359465003014, 0.16081471390583935, 0.1611436147774969, 0.15985301450679176, 0.15871136703274466, 0.159656067378819, 0.15888592153787612, 0.16104374676942826, 0.16031558467791632, 0.16090272217988968, 0.16163383051753044, 0.1599596245214343, 0.16057185928026835, 0.16098160296678543, 0.1609203706185023, 0.16016471220387352, 0.16066109761595726, 0.1604497029500849, 0.16156044974923134, 0.16196465939283372, 0.15941840197358811, 0.1596423844496409, 0.15973350033164024, 0.15892453704561507, 0.1605932042002678, 0.1606598235666752, 0.15877198179562887, 0.16093111700481838, 0.16083835164705912, 0.16027256375864932, 0.16053850120968288, 0.16059782356023788, 0.15947087506453198, 0.1595204532146454, 0.16008462928808653, 0.16092583800063415, 0.1611125667889913, 0.15961746871471405, 0.1615913478391511, 0.15989325543244678, 0.1608409583568573, 0.16130327731370925, 0.16075314084688822, 0.16016768713792165, 0.15949066976706186, 0.15932815968990327, 0.16084887484709423, 0.16173087060451508, 0.1605438877429281, 0.1582972418803435, 0.16030644501248995, 0.15797780305147172, 0.1594999237702443, 0.16094015538692474, 0.16016193255782127, 0.15958138505617778, 0.160396571457386, 0.16094553569952647, 0.16096943353905396, 0.16052205860614777, 0.1591658502817154, 0.15957343684775488, 0.15980550249417622, 0.1602061003446579, 0.15982890874147415, 0.15954960286617278, 0.15975911319255828, 0.16119358214465054, 0.15958740015824635, 0.1593009611734977, 0.16079112887382507, 0.15976778311388834, 0.16080999509854751, 0.16023222839131074, 0.160862684994936, 0.1612552646547556, 0.16020555387843738, 0.16096770763397217, 0.16068794392049313, 0.1587473601102829, 0.16078221400578815, 0.15979059487581254, 0.16076770890504122, 0.16076661894718805, 0.16333336234092713, 0.15903197973966599, 0.1624800850238119, 0.15997261621735312, 0.16005627997219563, 0.1607238959807616, 0.16008560891662324, 0.16124555812432215, 0.15879464149475098, 0.15957824289798736, 0.15990758474384034, 0.15923423171043397, 0.15887500616637143, 0.1589936539530754, 0.16034283936023713, 0.1607937216758728, 0.16119511154564944]}