('OC-FakeDect1 (Trained on AVG Dataset)  \nTested on AVG FaceShifter Dataset  \nRunning Average Evaluation', 'OC-FakeDect1_AVG', 'AVG', 'OC-FakeDect1_AVG_raeonFSHFTavg')
auroc=0.501152562288427
f1=0.4631483166515014
prec=0.4241666666666667
recall=0.5100200400801603

fpr=[0.0, 0.5077149155033064, 1.0]

tpr=[0.0, 0.5100200400801603, 1.0]

y_true=[0, 0, 0, 0, 0, 0, 0, 0, 0, 0, 0, 0, 0, 0, 0, 0, 0, 0, 0, 0, 0, 0, 0, 0, 0, 0, 0, 0, 0, 0, 0, 0, 0, 0, 0, 0, 0, 0, 0, 0, 0, 0, 0, 0, 0, 0, 0, 0, 0, 0, 0, 0, 0, 0, 0, 0, 0, 0, 0, 0, 0, 0, 0, 0, 0, 0, 0, 0, 0, 0, 0, 0, 0, 0, 0, 0, 0, 0, 0, 0, 0, 0, 0, 0, 0, 0, 0, 0, 0, 0, 0, 0, 0, 0, 0, 0, 0, 0, 0, 0, 0, 0, 0, 0, 0, 0, 0, 0, 0, 0, 0, 0, 0, 0, 0, 0, 0, 0, 0, 0, 0, 0, 0, 0, 0, 0, 0, 0, 0, 0, 0, 0, 0, 0, 0, 0, 0, 0, 0, 0, 0, 0, 0, 0, 0, 0, 0, 0, 0, 0, 0, 0, 0, 0, 0, 0, 0, 0, 0, 0, 0, 0, 0, 0, 0, 0, 0, 0, 0, 0, 0, 0, 0, 0, 0, 0, 0, 0, 0, 0, 0, 0, 0, 0, 0, 0, 0, 0, 0, 0, 0, 0, 0, 0, 0, 0, 0, 0, 0, 0, 0, 0, 0, 0, 0, 0, 0, 0, 0, 0, 0, 0, 0, 0, 0, 0, 0, 0, 0, 0, 0, 0, 0, 0, 0, 0, 0, 0, 0, 0, 0, 0, 0, 0, 0, 0, 0, 0, 0, 0, 0, 0, 0, 0, 0, 0, 0, 0, 0, 0, 0, 0, 0, 0, 0, 0, 0, 0, 0, 0, 0, 0, 0, 0, 0, 0, 0, 0, 0, 0, 0, 0, 0, 0, 0, 0, 0, 0, 0, 0, 0, 0, 0, 0, 0, 0, 0, 0, 0, 0, 0, 0, 0, 0, 0, 0, 0, 0, 0, 0, 0, 0, 0, 0, 0, 0, 0, 0, 0, 0, 0, 0, 0, 0, 0, 0, 0, 0, 0, 0, 0, 0, 0, 0, 0, 0, 0, 0, 0, 0, 0, 0, 0, 0, 0, 0, 0, 0, 0, 0, 0, 0, 0, 0, 0, 0, 0, 0, 0, 0, 0, 0, 0, 0, 0, 0, 0, 0, 0, 0, 0, 0, 0, 0, 0, 0, 0, 0, 0, 0, 0, 0, 0, 0, 0, 0, 0, 0, 0, 0, 0, 0, 0, 0, 0, 0, 0, 0, 0, 0, 0, 0, 0, 0, 0, 0, 0, 0, 0, 0, 0, 0, 0, 0, 0, 0, 0, 0, 0, 0, 0, 0, 0, 0, 0, 0, 0, 0, 0, 0, 0, 0, 0, 0, 0, 0, 0, 0, 0, 0, 0, 0, 0, 0, 0, 0, 0, 0, 0, 0, 0, 0, 0, 0, 0, 0, 0, 0, 0, 0, 0, 0, 0, 0, 0, 0, 0, 0, 0, 0, 0, 0, 0, 0, 0, 0, 0, 0, 0, 0, 0, 0, 0, 0, 0, 0, 0, 0, 0, 0, 0, 0, 0, 0, 0, 0, 0, 0, 0, 0, 0, 0, 0, 0, 0, 0, 0, 0, 0, 0, 0, 0, 0, 0, 0, 0, 0, 0, 0, 0, 0, 0, 0, 0, 0, 0, 0, 0, 0, 0, 0, 0, 0, 0, 0, 0, 0, 0, 0, 0, 0, 0, 0, 0, 0, 0, 0, 0, 0, 0, 0, 0, 0, 0, 0, 0, 0, 0, 0, 0, 0, 0, 0, 0, 0, 0, 0, 0, 0, 0, 0, 0, 0, 0, 0, 0, 0, 0, 0, 0, 0, 0, 0, 0, 0, 0, 0, 0, 0, 0, 0, 0, 0, 0, 0, 0, 0, 0, 0, 0, 0, 0, 0, 0, 0, 0, 0, 0, 0, 0, 0, 0, 0, 0, 0, 0, 0, 0, 0, 0, 0, 0, 0, 0, 0, 0, 0, 0, 0, 0, 0, 0, 0, 0, 0, 0, 0, 0, 0, 0, 0, 0, 0, 0, 0, 0, 0, 0, 0, 0, 0, 0, 0, 0, 0, 0, 0, 0, 0, 0, 0, 0, 0, 0, 0, 0, 0, 0, 0, 0, 0, 0, 0, 0, 0, 0, 0, 0, 0, 0, 0, 0, 0, 0, 0, 0, 0, 0, 0, 0, 0, 0, 0, 0, 0, 0, 0, 0, 0, 0, 0, 0, 0, 0, 0, 0, 0, 0, 0, 0, 0, 0, 0, 0, 0, 0, 0, 0, 0, 0, 0, 0, 0, 0, 0, 0, 0, 0, 0, 0, 0, 0, 0, 0, 0, 0, 0, 0, 0, 0, 0, 0, 0, 0, 0, 0, 0, 0, 0, 0, 0, 0, 0, 0, 0, 0, 0, 0, 0, 0, 0, 0, 0, 0, 0, 0, 0, 0, 0, 0, 0, 0, 0, 0, 0, 0, 0, 0, 0, 0, 0, 0, 0, 0, 0, 0, 0, 0, 0, 0, 0, 0, 0, 0, 0, 0, 0, 0, 0, 0, 0, 0, 0, 0, 0, 0, 0, 0, 0, 0, 0, 0, 0, 0, 0, 0, 0, 0, 0, 0, 0, 0, 0, 0, 0, 0, 0, 0, 0, 0, 0, 0, 0, 0, 0, 0, 0, 0, 0, 0, 0, 0, 0, 0, 0, 0, 0, 0, 0, 0, 0, 0, 0, 0, 0, 0, 0, 0, 0, 0, 0, 0, 0, 0, 0, 0, 0, 0, 0, 0, 0, 0, 0, 0, 0, 0, 0, 0, 0, 0, 0, 0, 0, 0, 0, 0, 0, 0, 0, 0, 0, 0, 0, 0, 0, 0, 0, 0, 0, 0, 0, 0, 0, 0, 0, 0, 0, 0, 0, 0, 0, 0, 0, 0, 0, 0, 0, 0, 0, 0, 0, 0, 0, 0, 0, 0, 0, 0, 0, 0, 0, 0, 0, 0, 0, 0, 0, 0, 0, 0, 0, 0, 0, 0, 0, 0, 0, 0, 0, 0, 0, 0, 0, 0, 0, 0, 0, 0, 0, 0, 0, 0, 0, 0, 0, 0, 0, 0, 0, 0, 0, 0, 0, 0, 0, 0, 0, 0, 0, 0, 0, 0, 0, 0, 0, 0, 0, 0, 0, 0, 0, 0, 0, 0, 0, 0, 0, 0, 0, 0, 0, 0, 0, 0, 0, 0, 0, 0, 0, 0, 0, 0, 0, 0, 0, 0, 0, 0, 0, 0, 0, 0, 0, 0, 0, 0, 0, 0, 0, 0, 0, 0, 0, 0, 0, 0, 0, 0, 0, 0, 0, 0, 0, 0, 0, 0, 0, 0, 0, 0, 0, 0, 0, 0, 0, 0, 0, 0, 0, 0, 0, 0, 0, 0, 0, 0, 0, 0, 0, 0, 0, 0, 0, 0, 0, 0, 0, 0, 0, 0, 0, 0, 0, 0, 0, 0, 0, 0, 0, 0, 0, 0, 0, 0, 0, 0, 0, 0, 0, 0, 0, 0, 0, 0, 0, 0, 0, 0, 0, 0, 0, 0, 0, 0, 0, 0, 0, 0, 0, 0, 0, 0, 0, 0, 0, 0, 0, 0, 0, 0, 0, 0, 0, 0, 0, 0, 0, 0, 0, 0, 0, 0, 0, 0, 0, 0, 0, 0, 0, 0, 0, 0, 0, 0, 0, 0, 0, 0, 0, 0, 0, 0, 0, 0, 0, 0, 0, 0, 0, 0, 0, 0, 0, 0, 0, 0, 0, 0, 0, 0, 0, 0, 0, 0, 0, 0, 0, 0, 0, 0, 0, 0, 0, 0, 0, 0, 0, 0, 0, 0, 0, 0, 0, 0, 0, 0, 0, 0, 0, 0, 0, 0, 0, 0, 0, 0, 0, 0, 0, 0, 0, 0, 0, 0, 0, 0, 0, 0, 0, 0, 0, 0, 0, 0, 0, 0, 0, 0, 0, 0, 0, 0, 0, 0, 0, 0, 0, 0, 0, 0, 0, 0, 0, 0, 0, 0, 0, 0, 0, 0, 0, 0, 0, 0, 0, 0, 0, 0, 0, 0, 0, 0, 0, 0, 0, 0, 0, 0, 0, 0, 0, 0, 0, 0, 0, 0, 0, 0, 0, 0, 0, 0, 0, 0, 0, 0, 0, 0, 0, 0, 0, 0, 0, 0, 0, 0, 0, 0, 0, 0, 0, 0, 0, 0, 0, 0, 0, 0, 0, 0, 0, 0, 0, 0, 0, 0, 0, 0, 0, 0, 0, 0, 0, 0, 0, 0, 0, 0, 0, 0, 0, 0, 0, 0, 0, 0, 0, 0, 0, 0, 0, 0, 0, 0, 0, 0, 0, 0, 0, 0, 0, 0, 0, 0, 0, 0, 0, 0, 0, 0, 0, 1, 1, 1, 1, 1, 1, 1, 1, 1, 1, 1, 1, 1, 1, 1, 1, 1, 1, 1, 1, 1, 1, 1, 1, 1, 1, 1, 1, 1, 1, 1, 1, 1, 1, 1, 1, 1, 1, 1, 1, 1, 1, 1, 1, 1, 1, 1, 1, 1, 1, 1, 1, 1, 1, 1, 1, 1, 1, 1, 1, 1, 1, 1, 1, 1, 1, 1, 1, 1, 1, 1, 1, 1, 1, 1, 1, 1, 1, 1, 1, 1, 1, 1, 1, 1, 1, 1, 1, 1, 1, 1, 1, 1, 1, 1, 1, 1, 1, 1, 1, 1, 1, 1, 1, 1, 1, 1, 1, 1, 1, 1, 1, 1, 1, 1, 1, 1, 1, 1, 1, 1, 1, 1, 1, 1, 1, 1, 1, 1, 1, 1, 1, 1, 1, 1, 1, 1, 1, 1, 1, 1, 1, 1, 1, 1, 1, 1, 1, 1, 1, 1, 1, 1, 1, 1, 1, 1, 1, 1, 1, 1, 1, 1, 1, 1, 1, 1, 1, 1, 1, 1, 1, 1, 1, 1, 1, 1, 1, 1, 1, 1, 1, 1, 1, 1, 1, 1, 1, 1, 1, 1, 1, 1, 1, 1, 1, 1, 1, 1, 1, 1, 1, 1, 1, 1, 1, 1, 1, 1, 1, 1, 1, 1, 1, 1, 1, 1, 1, 1, 1, 1, 1, 1, 1, 1, 1, 1, 1, 1, 1, 1, 1, 1, 1, 1, 1, 1, 1, 1, 1, 1, 1, 1, 1, 1, 1, 1, 1, 1, 1, 1, 1, 1, 1, 1, 1, 1, 1, 1, 1, 1, 1, 1, 1, 1, 1, 1, 1, 1, 1, 1, 1, 1, 1, 1, 1, 1, 1, 1, 1, 1, 1, 1, 1, 1, 1, 1, 1, 1, 1, 1, 1, 1, 1, 1, 1, 1, 1, 1, 1, 1, 1, 1, 1, 1, 1, 1, 1, 1, 1, 1, 1, 1, 1, 1, 1, 1, 1, 1, 1, 1, 1, 1, 1, 1, 1, 1, 1, 1, 1, 1, 1, 1, 1, 1, 1, 1, 1, 1, 1, 1, 1, 1, 1, 1, 1, 1, 1, 1, 1, 1, 1, 1, 1, 1, 1, 1, 1, 1, 1, 1, 1, 1, 1, 1, 1, 1, 1, 1, 1, 1, 1, 1, 1, 1, 1, 1, 1, 1, 1, 1, 1, 1, 1, 1, 1, 1, 1, 1, 1, 1, 1, 1, 1, 1, 1, 1, 1, 1, 1, 1, 1, 1, 1, 1, 1, 1, 1, 1, 1, 1, 1, 1, 1, 1, 1, 1, 1, 1, 1, 1, 1, 1, 1, 1, 1, 1, 1, 1, 1, 1, 1, 1, 1, 1, 1, 1, 1, 1, 1, 1, 1, 1, 1, 1, 1, 1, 1, 1, 1, 1, 1, 1, 1, 1, 1, 1, 1, 1, 1, 1, 1, 1, 1, 1, 1, 1, 1, 1, 1, 1, 1, 1, 1, 1, 1, 1, 1, 1, 1, 1, 1, 1, 1, 1, 1, 1, 1, 1, 1, 1, 1, 1, 1, 1, 1, 1, 1, 1, 1, 1, 1, 1, 1, 1, 1, 1, 1, 1, 1, 1, 1, 1, 1, 1, 1, 1, 1, 1, 1, 1, 1, 1, 1, 1, 1, 1, 1, 1, 1, 1, 1, 1, 1, 1, 1, 1, 1, 1, 1, 1, 1, 1, 1, 1, 1, 1, 1, 1, 1, 1, 1, 1, 1, 1, 1, 1, 1, 1, 1, 1, 1, 1, 1, 1, 1, 1, 1, 1, 1, 1, 1, 1, 1, 1, 1, 1, 1, 1, 1, 1, 1, 1, 1, 1, 1, 1, 1, 1, 1, 1, 1, 1, 1, 1, 1, 1, 1, 1, 1, 1, 1, 1, 1, 1, 1, 1, 1, 1, 1, 1, 1, 1, 1, 1, 1, 1, 1, 1, 1, 1, 1, 1, 1, 1, 1, 1, 1, 1, 1, 1, 1, 1, 1, 1, 1, 1, 1, 1, 1, 1, 1, 1, 1, 1, 1, 1, 1, 1, 1, 1, 1, 1, 1, 1, 1, 1, 1, 1, 1, 1, 1, 1, 1, 1, 1, 1, 1, 1, 1, 1, 1, 1, 1, 1, 1, 1, 1, 1, 1, 1, 1, 1, 1, 1, 1, 1, 1, 1, 1, 1, 1, 1, 1, 1, 1, 1, 1, 1, 1, 1, 1, 1, 1, 1, 1, 1, 1, 1, 1, 1, 1, 1, 1, 1, 1, 1, 1, 1, 1, 1, 1, 1, 1, 1, 1, 1, 1, 1, 1, 1, 1, 1, 1, 1, 1, 1, 1, 1, 1, 1, 1, 1, 1, 1, 1, 1, 1, 1, 1, 1, 1, 1, 1, 1, 1, 1, 1, 1, 1, 1, 1, 1, 1, 1, 1, 1, 1, 1, 1, 1, 1, 1, 1, 1, 1, 1, 1, 1, 1, 1, 1, 1, 1, 1, 1, 1, 1, 1, 1, 1, 1, 1, 1, 1, 1, 1, 1, 1, 1, 1, 1, 1, 1, 1, 1, 1, 1, 1, 1, 1, 1, 1, 1, 1, 1, 1, 1, 1, 1, 1, 1, 1, 1, 1, 1, 1, 1, 1, 1, 1, 1, 1, 1, 1, 1, 1, 1, 1, 1, 1, 1, 1, 1, 1, 1, 1, 1, 1, 1, 1, 1, 1, 1, 1, 1, 1, 1, 1, 1, 1, 1, 1, 1, 1, 1, 1, 1, 1, 1, 1, 1, 1, 1, 1, 1, 1, 1, 1, 1, 1, 1, 1, 1, 1, 1, 1, 1, 1, 1, 1, 1, 1, 1, 1, 1, 1, 1, 1, 1, 1, 1, 1, 1, 1, 1, 1, 1, 1, 1, 1, 1, 1, 1, 1, 1, 1, 1, 1, 1, 1, 1, 1, 1, 1, 1, 1, 1, 1, 1, 1, 1, 1, 1, 1, 1, 1, 1, 1, 1, 1, 1, 1, 1, 1, 1, 1, 1, 1, 1, 1, 1, 1, 1, 1, 1, 1, 1, 1, 1, 1, 1, 1, 1, 1, 1, 1, 1, 1, 1, 1, 1, 1, 1, 1, 1, 1, 1, 1, 1, 1, 1, 1, 1, 1, 1, 1, 1, 1, 1, 1, 1, 1, 1, 1, 1, 1, 1]

y_pred=[1.0, 1.0, 1.0, 1.0, 1.0, 0.0, 1.0, 0.0, 0.0, 0.0, 0.0, 1.0, 1.0, 0.0, 0.0, 0.0, 1.0, 1.0, 0.0, 0.0, 1.0, 0.0, 0.0, 1.0, 0.0, 1.0, 1.0, 0.0, 0.0, 1.0, 0.0, 1.0, 1.0, 1.0, 0.0, 0.0, 0.0, 1.0, 0.0, 0.0, 0.0, 1.0, 0.0, 1.0, 1.0, 1.0, 1.0, 1.0, 1.0, 1.0, 1.0, 0.0, 1.0, 1.0, 0.0, 1.0, 0.0, 1.0, 1.0, 0.0, 0.0, 0.0, 0.0, 1.0, 0.0, 0.0, 1.0, 0.0, 1.0, 0.0, 0.0, 0.0, 1.0, 0.0, 0.0, 1.0, 0.0, 1.0, 0.0, 1.0, 0.0, 0.0, 1.0, 0.0, 1.0, 0.0, 1.0, 1.0, 1.0, 1.0, 0.0, 0.0, 1.0, 1.0, 1.0, 0.0, 0.0, 0.0, 0.0, 1.0, 0.0, 1.0, 0.0, 0.0, 1.0, 1.0, 0.0, 1.0, 1.0, 0.0, 0.0, 1.0, 1.0, 1.0, 1.0, 0.0, 0.0, 0.0, 1.0, 1.0, 1.0, 0.0, 0.0, 1.0, 0.0, 0.0, 1.0, 1.0, 0.0, 0.0, 0.0, 0.0, 0.0, 0.0, 0.0, 1.0, 1.0, 1.0, 1.0, 0.0, 0.0, 0.0, 0.0, 1.0, 0.0, 1.0, 1.0, 0.0, 1.0, 1.0, 1.0, 1.0, 1.0, 1.0, 1.0, 0.0, 1.0, 0.0, 0.0, 1.0, 0.0, 1.0, 1.0, 0.0, 0.0, 0.0, 0.0, 0.0, 1.0, 1.0, 1.0, 0.0, 0.0, 0.0, 0.0, 0.0, 1.0, 0.0, 0.0, 1.0, 0.0, 0.0, 1.0, 1.0, 0.0, 0.0, 1.0, 0.0, 1.0, 0.0, 0.0, 0.0, 0.0, 1.0, 0.0, 0.0, 1.0, 0.0, 0.0, 1.0, 1.0, 1.0, 1.0, 0.0, 0.0, 1.0, 1.0, 1.0, 1.0, 1.0, 1.0, 0.0, 0.0, 1.0, 0.0, 1.0, 0.0, 0.0, 0.0, 0.0, 0.0, 1.0, 1.0, 1.0, 1.0, 0.0, 0.0, 1.0, 0.0, 0.0, 1.0, 0.0, 1.0, 1.0, 0.0, 1.0, 1.0, 1.0, 0.0, 0.0, 0.0, 0.0, 1.0, 1.0, 0.0, 1.0, 0.0, 0.0, 1.0, 1.0, 0.0, 0.0, 1.0, 1.0, 1.0, 0.0, 0.0, 1.0, 0.0, 0.0, 1.0, 0.0, 1.0, 0.0, 0.0, 1.0, 1.0, 0.0, 0.0, 0.0, 0.0, 1.0, 0.0, 0.0, 1.0, 1.0, 1.0, 0.0, 1.0, 1.0, 1.0, 0.0, 1.0, 1.0, 0.0, 0.0, 0.0, 1.0, 0.0, 1.0, 0.0, 1.0, 1.0, 0.0, 0.0, 1.0, 1.0, 1.0, 0.0, 1.0, 0.0, 0.0, 0.0, 1.0, 1.0, 0.0, 1.0, 1.0, 0.0, 0.0, 0.0, 0.0, 0.0, 0.0, 0.0, 0.0, 1.0, 0.0, 1.0, 1.0, 1.0, 0.0, 0.0, 0.0, 1.0, 1.0, 0.0, 1.0, 0.0, 1.0, 0.0, 1.0, 0.0, 1.0, 1.0, 1.0, 1.0, 0.0, 1.0, 1.0, 0.0, 1.0, 1.0, 1.0, 1.0, 1.0, 0.0, 1.0, 1.0, 0.0, 0.0, 1.0, 0.0, 0.0, 0.0, 0.0, 0.0, 0.0, 1.0, 0.0, 0.0, 0.0, 0.0, 1.0, 0.0, 1.0, 1.0, 0.0, 1.0, 0.0, 1.0, 1.0, 1.0, 0.0, 1.0, 0.0, 0.0, 1.0, 0.0, 0.0, 0.0, 1.0, 1.0, 1.0, 1.0, 1.0, 0.0, 0.0, 0.0, 0.0, 0.0, 0.0, 1.0, 1.0, 1.0, 1.0, 1.0, 1.0, 1.0, 1.0, 1.0, 1.0, 0.0, 1.0, 0.0, 1.0, 1.0, 0.0, 0.0, 0.0, 1.0, 1.0, 1.0, 1.0, 1.0, 1.0, 1.0, 1.0, 0.0, 0.0, 1.0, 0.0, 1.0, 0.0, 1.0, 0.0, 1.0, 0.0, 0.0, 0.0, 0.0, 1.0, 0.0, 1.0, 1.0, 0.0, 1.0, 0.0, 1.0, 0.0, 1.0, 1.0, 0.0, 0.0, 1.0, 0.0, 1.0, 1.0, 1.0, 0.0, 1.0, 0.0, 0.0, 1.0, 0.0, 1.0, 0.0, 0.0, 0.0, 1.0, 1.0, 1.0, 0.0, 0.0, 0.0, 0.0, 0.0, 0.0, 0.0, 1.0, 1.0, 1.0, 1.0, 1.0, 1.0, 1.0, 1.0, 0.0, 0.0, 1.0, 1.0, 0.0, 0.0, 1.0, 1.0, 0.0, 0.0, 0.0, 0.0, 0.0, 0.0, 1.0, 0.0, 0.0, 1.0, 1.0, 1.0, 1.0, 0.0, 1.0, 1.0, 0.0, 1.0, 1.0, 1.0, 0.0, 1.0, 0.0, 1.0, 0.0, 1.0, 0.0, 0.0, 1.0, 1.0, 1.0, 0.0, 1.0, 0.0, 1.0, 0.0, 0.0, 0.0, 0.0, 1.0, 0.0, 0.0, 0.0, 0.0, 1.0, 1.0, 1.0, 1.0, 1.0, 0.0, 1.0, 0.0, 1.0, 1.0, 1.0, 0.0, 1.0, 0.0, 1.0, 1.0, 1.0, 0.0, 1.0, 1.0, 0.0, 1.0, 0.0, 0.0, 0.0, 1.0, 0.0, 1.0, 1.0, 1.0, 0.0, 0.0, 0.0, 1.0, 1.0, 1.0, 0.0, 1.0, 1.0, 1.0, 0.0, 1.0, 1.0, 1.0, 1.0, 0.0, 0.0, 1.0, 0.0, 0.0, 0.0, 1.0, 0.0, 0.0, 1.0, 1.0, 0.0, 1.0, 0.0, 1.0, 1.0, 0.0, 1.0, 0.0, 1.0, 1.0, 0.0, 0.0, 0.0, 1.0, 0.0, 1.0, 1.0, 0.0, 0.0, 1.0, 0.0, 0.0, 1.0, 0.0, 1.0, 0.0, 0.0, 1.0, 0.0, 1.0, 1.0, 1.0, 1.0, 1.0, 1.0, 0.0, 0.0, 1.0, 0.0, 0.0, 1.0, 1.0, 0.0, 1.0, 0.0, 0.0, 1.0, 0.0, 1.0, 0.0, 1.0, 0.0, 0.0, 0.0, 0.0, 0.0, 1.0, 1.0, 0.0, 1.0, 0.0, 1.0, 0.0, 0.0, 0.0, 1.0, 1.0, 1.0, 1.0, 1.0, 1.0, 1.0, 0.0, 0.0, 0.0, 1.0, 1.0, 0.0, 0.0, 1.0, 1.0, 1.0, 1.0, 1.0, 0.0, 1.0, 0.0, 1.0, 0.0, 1.0, 1.0, 0.0, 0.0, 1.0, 0.0, 0.0, 1.0, 0.0, 1.0, 1.0, 1.0, 0.0, 0.0, 1.0, 0.0, 0.0, 0.0, 0.0, 0.0, 0.0, 1.0, 0.0, 0.0, 0.0, 1.0, 0.0, 1.0, 0.0, 0.0, 1.0, 1.0, 0.0, 0.0, 1.0, 1.0, 1.0, 0.0, 1.0, 0.0, 1.0, 1.0, 1.0, 0.0, 1.0, 1.0, 0.0, 0.0, 1.0, 0.0, 1.0, 0.0, 0.0, 0.0, 1.0, 1.0, 0.0, 0.0, 1.0, 1.0, 0.0, 0.0, 0.0, 0.0, 0.0, 0.0, 1.0, 0.0, 1.0, 1.0, 0.0, 1.0, 0.0, 1.0, 1.0, 0.0, 1.0, 1.0, 1.0, 0.0, 1.0, 1.0, 0.0, 0.0, 0.0, 1.0, 1.0, 1.0, 0.0, 1.0, 0.0, 1.0, 0.0, 1.0, 1.0, 1.0, 1.0, 0.0, 0.0, 1.0, 1.0, 1.0, 0.0, 0.0, 1.0, 0.0, 1.0, 1.0, 1.0, 0.0, 0.0, 0.0, 0.0, 0.0, 1.0, 0.0, 1.0, 0.0, 0.0, 1.0, 0.0, 0.0, 1.0, 0.0, 1.0, 0.0, 0.0, 0.0, 0.0, 1.0, 1.0, 0.0, 1.0, 1.0, 1.0, 1.0, 0.0, 1.0, 1.0, 0.0, 1.0, 1.0, 1.0, 1.0, 1.0, 0.0, 0.0, 1.0, 0.0, 0.0, 1.0, 0.0, 0.0, 1.0, 0.0, 0.0, 0.0, 1.0, 0.0, 0.0, 1.0, 1.0, 0.0, 1.0, 1.0, 1.0, 1.0, 1.0, 0.0, 1.0, 0.0, 1.0, 1.0, 0.0, 0.0, 0.0, 1.0, 1.0, 1.0, 0.0, 0.0, 0.0, 0.0, 0.0, 1.0, 1.0, 1.0, 1.0, 0.0, 1.0, 1.0, 1.0, 1.0, 1.0, 0.0, 1.0, 1.0, 1.0, 1.0, 1.0, 1.0, 0.0, 0.0, 1.0, 0.0, 0.0, 0.0, 0.0, 0.0, 1.0, 1.0, 1.0, 1.0, 1.0, 0.0, 0.0, 0.0, 1.0, 0.0, 1.0, 1.0, 1.0, 0.0, 1.0, 1.0, 1.0, 1.0, 0.0, 0.0, 0.0, 1.0, 0.0, 1.0, 0.0, 0.0, 0.0, 0.0, 0.0, 1.0, 1.0, 0.0, 0.0, 1.0, 1.0, 1.0, 1.0, 0.0, 1.0, 0.0, 1.0, 0.0, 0.0, 0.0, 0.0, 1.0, 1.0, 1.0, 1.0, 1.0, 1.0, 1.0, 1.0, 0.0, 0.0, 1.0, 1.0, 0.0, 0.0, 0.0, 1.0, 1.0, 1.0, 0.0, 0.0, 1.0, 1.0, 0.0, 0.0, 0.0, 0.0, 1.0, 1.0, 0.0, 0.0, 1.0, 1.0, 0.0, 1.0, 1.0, 0.0, 0.0, 1.0, 0.0, 0.0, 0.0, 0.0, 1.0, 0.0, 0.0, 0.0, 0.0, 1.0, 0.0, 1.0, 0.0, 0.0, 0.0, 1.0, 1.0, 1.0, 0.0, 1.0, 1.0, 0.0, 0.0, 1.0, 1.0, 1.0, 1.0, 1.0, 0.0, 1.0, 0.0, 0.0, 0.0, 1.0, 0.0, 0.0, 1.0, 0.0, 0.0, 0.0, 1.0, 0.0, 0.0, 0.0, 1.0, 0.0, 0.0, 0.0, 0.0, 0.0, 1.0, 1.0, 0.0, 1.0, 1.0, 0.0, 1.0, 0.0, 0.0, 1.0, 1.0, 0.0, 1.0, 0.0, 1.0, 1.0, 0.0, 1.0, 1.0, 1.0, 0.0, 0.0, 1.0, 1.0, 0.0, 1.0, 0.0, 1.0, 0.0, 1.0, 1.0, 1.0, 0.0, 1.0, 0.0, 1.0, 1.0, 0.0, 0.0, 1.0, 0.0, 1.0, 1.0, 1.0, 1.0, 0.0, 0.0, 0.0, 1.0, 0.0, 1.0, 0.0, 0.0, 0.0, 0.0, 1.0, 0.0, 1.0, 1.0, 0.0, 1.0, 1.0, 1.0, 1.0, 1.0, 0.0, 1.0, 1.0, 0.0, 1.0, 0.0, 1.0, 0.0, 0.0, 0.0, 0.0, 0.0, 1.0, 1.0, 0.0, 1.0, 1.0, 0.0, 0.0, 1.0, 1.0, 1.0, 0.0, 1.0, 1.0, 0.0, 0.0, 0.0, 0.0, 1.0, 0.0, 1.0, 1.0, 1.0, 0.0, 1.0, 1.0, 1.0, 1.0, 0.0, 1.0, 1.0, 0.0, 0.0, 1.0, 0.0, 0.0, 1.0, 0.0, 1.0, 0.0, 1.0, 0.0, 1.0, 0.0, 0.0, 1.0, 1.0, 0.0, 1.0, 0.0, 0.0, 0.0, 0.0, 0.0, 1.0, 0.0, 1.0, 1.0, 1.0, 1.0, 0.0, 0.0, 1.0, 1.0, 0.0, 1.0, 1.0, 1.0, 1.0, 1.0, 0.0, 0.0, 1.0, 0.0, 1.0, 0.0, 1.0, 0.0, 1.0, 0.0, 1.0, 0.0, 1.0, 0.0, 1.0, 0.0, 1.0, 0.0, 1.0, 1.0, 0.0, 1.0, 0.0, 0.0, 0.0, 1.0, 1.0, 1.0, 0.0, 1.0, 1.0, 1.0, 1.0, 0.0, 1.0, 1.0, 0.0, 0.0, 1.0, 1.0, 1.0, 0.0, 1.0, 0.0, 0.0, 0.0, 1.0, 0.0, 0.0, 1.0, 1.0, 0.0, 1.0, 0.0, 1.0, 0.0, 1.0, 1.0, 1.0, 1.0, 1.0, 0.0, 1.0, 1.0, 1.0, 0.0, 0.0, 0.0, 0.0, 1.0, 1.0, 1.0, 0.0, 1.0, 1.0, 1.0, 0.0, 0.0, 0.0, 0.0, 1.0, 1.0, 0.0, 1.0, 1.0, 0.0, 0.0, 0.0, 0.0, 1.0, 1.0, 0.0, 0.0, 1.0, 0.0, 0.0, 1.0, 0.0, 1.0, 0.0, 1.0, 0.0, 0.0, 0.0, 0.0, 0.0, 1.0, 0.0, 0.0, 0.0, 0.0, 0.0, 1.0, 0.0, 1.0, 0.0, 1.0, 0.0, 0.0, 0.0, 0.0, 1.0, 1.0, 0.0, 0.0, 1.0, 0.0, 0.0, 1.0, 1.0, 0.0, 1.0, 1.0, 1.0, 0.0, 0.0, 1.0, 0.0, 0.0, 0.0, 1.0, 0.0, 0.0, 1.0, 0.0, 0.0, 0.0, 1.0, 0.0, 0.0, 0.0, 0.0, 0.0, 0.0, 1.0, 1.0, 0.0, 0.0, 1.0, 1.0, 1.0, 1.0, 1.0, 1.0, 1.0, 1.0, 1.0, 0.0, 1.0, 1.0, 1.0, 0.0, 0.0, 1.0, 1.0, 0.0, 1.0, 0.0, 0.0, 0.0, 1.0, 1.0, 1.0, 1.0, 1.0, 0.0, 1.0, 0.0, 1.0, 0.0, 1.0, 1.0, 0.0, 1.0, 1.0, 0.0, 1.0, 1.0, 0.0, 0.0, 1.0, 1.0, 0.0, 0.0, 0.0, 1.0, 0.0, 0.0, 0.0, 0.0, 0.0, 0.0, 1.0, 1.0, 1.0, 1.0, 0.0, 1.0, 0.0, 1.0, 1.0, 1.0, 1.0, 1.0, 1.0, 1.0, 1.0, 0.0, 1.0, 1.0, 0.0, 1.0, 0.0, 0.0, 0.0, 0.0, 0.0, 0.0, 0.0, 1.0, 0.0, 0.0, 0.0, 1.0, 1.0, 0.0, 1.0, 0.0, 0.0, 0.0, 0.0, 1.0, 0.0, 0.0, 0.0, 1.0, 1.0, 1.0, 0.0, 0.0, 0.0, 1.0, 0.0, 1.0, 0.0, 1.0, 1.0, 0.0, 1.0, 0.0, 1.0, 0.0, 0.0, 1.0, 1.0, 1.0, 0.0, 1.0, 0.0, 1.0, 0.0, 1.0, 0.0, 0.0, 1.0, 1.0, 0.0, 0.0, 1.0, 1.0, 1.0, 0.0, 0.0, 0.0, 1.0, 0.0, 0.0, 1.0, 1.0, 0.0, 0.0, 0.0, 1.0, 0.0, 1.0, 1.0, 1.0, 1.0, 1.0, 0.0, 1.0, 0.0, 0.0, 0.0, 1.0, 0.0, 1.0, 0.0, 0.0, 0.0, 1.0, 1.0, 0.0, 1.0, 1.0, 0.0, 1.0, 1.0, 0.0, 1.0, 0.0, 1.0, 0.0, 0.0, 1.0, 0.0, 0.0, 0.0, 1.0, 1.0, 1.0, 1.0, 1.0, 0.0, 1.0, 1.0, 0.0, 1.0, 0.0, 0.0, 1.0, 1.0, 1.0, 1.0, 1.0, 0.0, 0.0, 1.0, 0.0, 0.0, 1.0, 1.0, 1.0, 0.0, 1.0, 1.0, 0.0, 1.0, 1.0, 1.0, 0.0, 0.0, 0.0, 1.0, 0.0, 1.0, 1.0, 1.0, 1.0, 1.0, 0.0, 1.0, 1.0, 0.0, 0.0, 0.0, 0.0, 1.0, 0.0, 0.0, 0.0, 1.0, 1.0, 0.0, 1.0, 1.0, 1.0, 0.0, 0.0, 1.0, 1.0, 1.0, 1.0, 0.0, 1.0, 1.0, 0.0, 0.0, 0.0, 1.0, 0.0, 1.0, 1.0, 1.0, 1.0, 1.0, 0.0, 0.0, 1.0, 1.0, 1.0, 1.0, 1.0, 1.0, 1.0, 0.0, 0.0, 0.0, 1.0, 1.0, 0.0, 0.0, 1.0, 0.0, 0.0, 0.0, 1.0, 0.0, 0.0, 1.0, 1.0, 1.0, 1.0, 0.0, 1.0, 1.0, 1.0, 0.0, 0.0, 0.0, 0.0, 0.0, 0.0, 0.0, 0.0, 0.0, 0.0, 0.0, 1.0, 0.0, 1.0, 0.0, 1.0, 1.0, 0.0, 1.0, 0.0, 0.0, 0.0, 1.0, 0.0, 0.0, 0.0, 1.0, 1.0, 1.0, 0.0, 1.0, 0.0, 0.0, 0.0, 0.0, 1.0, 1.0, 0.0, 1.0, 0.0, 0.0, 0.0, 1.0, 1.0, 0.0, 0.0, 0.0, 0.0, 1.0, 1.0, 1.0, 0.0, 1.0, 1.0, 0.0, 0.0, 0.0, 1.0, 1.0, 1.0, 1.0, 1.0, 0.0, 1.0, 0.0, 1.0, 0.0, 1.0, 1.0, 0.0, 0.0, 1.0, 0.0, 0.0, 0.0, 0.0, 1.0, 0.0, 0.0, 0.0, 0.0, 0.0, 0.0, 1.0, 1.0, 0.0, 1.0, 0.0, 1.0, 1.0, 1.0, 0.0, 0.0, 0.0, 1.0, 1.0, 1.0, 1.0, 0.0, 1.0, 0.0, 0.0, 0.0, 1.0, 0.0, 0.0, 1.0, 1.0, 1.0, 0.0, 1.0, 1.0, 0.0, 0.0, 1.0, 0.0, 0.0, 1.0, 1.0, 1.0, 1.0, 1.0, 0.0, 0.0, 0.0, 1.0, 1.0, 1.0, 1.0, 0.0, 0.0, 1.0, 1.0, 0.0, 1.0, 1.0, 0.0, 0.0, 0.0, 1.0, 0.0, 1.0, 0.0, 0.0, 1.0, 1.0, 1.0, 1.0, 0.0, 1.0, 0.0, 0.0, 1.0, 0.0, 0.0, 1.0, 1.0, 0.0, 0.0, 1.0, 1.0, 1.0, 0.0, 0.0, 0.0, 1.0, 0.0, 1.0, 1.0, 1.0, 1.0, 1.0, 0.0, 1.0, 0.0, 1.0, 0.0, 0.0, 0.0, 0.0, 1.0, 0.0, 0.0, 0.0, 0.0, 1.0, 1.0, 1.0, 0.0, 0.0, 0.0, 0.0, 1.0, 0.0, 1.0, 1.0, 0.0, 1.0, 1.0, 1.0, 0.0, 0.0, 0.0, 0.0, 1.0, 1.0, 1.0, 0.0, 0.0, 1.0, 0.0, 0.0, 1.0, 1.0, 1.0, 0.0, 1.0, 0.0, 0.0, 1.0, 1.0, 1.0, 1.0, 1.0, 0.0, 1.0, 1.0, 1.0, 1.0, 1.0, 0.0, 0.0, 0.0, 1.0, 1.0, 1.0, 1.0, 0.0, 0.0, 0.0, 0.0, 1.0, 0.0, 1.0, 0.0, 1.0, 0.0, 0.0, 0.0, 0.0, 1.0, 1.0, 0.0, 0.0, 0.0, 1.0, 0.0, 0.0, 0.0, 1.0, 0.0, 1.0, 1.0, 1.0, 0.0, 0.0, 1.0, 0.0, 0.0, 0.0, 0.0, 0.0, 1.0, 1.0, 1.0, 1.0, 1.0, 1.0, 1.0, 1.0, 1.0, 0.0, 0.0, 0.0, 1.0, 0.0, 0.0, 1.0, 1.0, 1.0, 0.0, 1.0, 1.0, 1.0, 1.0, 0.0, 0.0, 0.0, 1.0, 1.0, 1.0, 0.0, 0.0, 1.0, 1.0, 1.0, 1.0, 1.0, 0.0, 1.0, 0.0, 0.0, 0.0, 1.0, 1.0, 0.0, 0.0, 0.0, 0.0, 0.0, 0.0, 1.0, 0.0, 1.0, 0.0, 0.0, 1.0, 0.0, 0.0, 0.0, 0.0, 1.0, 0.0, 1.0, 1.0, 0.0, 0.0, 0.0, 1.0, 0.0, 0.0, 0.0, 1.0, 0.0, 1.0, 0.0, 1.0, 0.0, 1.0, 0.0, 1.0, 1.0, 0.0, 0.0, 0.0, 1.0, 0.0, 0.0, 1.0, 0.0, 1.0, 1.0, 0.0, 0.0, 0.0, 0.0, 1.0, 1.0, 1.0, 0.0, 1.0, 1.0, 0.0, 0.0, 0.0, 0.0, 1.0, 0.0, 1.0, 0.0, 0.0, 1.0, 1.0, 1.0, 1.0, 0.0, 0.0, 1.0, 0.0, 1.0, 0.0, 0.0, 1.0, 1.0, 1.0, 1.0, 1.0, 1.0, 0.0, 1.0, 1.0, 1.0, 0.0, 0.0, 1.0, 0.0, 1.0, 1.0, 0.0, 0.0, 0.0, 0.0, 1.0, 1.0, 0.0, 1.0, 0.0, 1.0, 1.0, 1.0, 1.0, 0.0, 1.0, 0.0, 0.0, 0.0, 0.0, 0.0, 1.0, 1.0, 0.0, 1.0, 1.0, 0.0, 0.0, 1.0, 1.0, 0.0, 1.0, 1.0, 1.0, 1.0, 0.0, 0.0, 0.0, 0.0, 1.0, 1.0, 0.0, 1.0, 1.0, 0.0, 0.0, 1.0, 0.0, 0.0, 1.0, 1.0, 1.0, 1.0, 1.0, 1.0, 0.0, 0.0, 1.0, 0.0, 1.0, 0.0, 1.0, 0.0, 0.0, 1.0, 1.0, 1.0, 1.0, 1.0, 1.0, 1.0, 1.0, 0.0, 1.0, 0.0, 0.0, 1.0, 1.0, 1.0, 0.0, 0.0, 1.0, 0.0, 1.0, 1.0, 0.0, 0.0, 1.0, 0.0, 0.0, 0.0, 0.0, 1.0, 1.0, 1.0, 1.0, 1.0, 1.0, 1.0, 0.0, 0.0, 1.0, 1.0, 0.0, 0.0, 0.0, 1.0, 0.0, 1.0, 1.0, 1.0, 0.0, 0.0, 1.0, 1.0, 1.0, 1.0, 1.0, 0.0, 1.0, 0.0, 0.0, 0.0, 1.0, 1.0, 0.0, 1.0, 0.0, 0.0, 0.0, 0.0, 1.0, 1.0, 0.0, 1.0, 0.0, 0.0, 1.0, 1.0, 1.0, 0.0, 0.0, 0.0, 1.0, 1.0, 0.0, 0.0, 1.0, 0.0, 0.0, 0.0, 1.0, 1.0, 1.0, 0.0, 0.0, 1.0, 1.0, 1.0, 0.0, 0.0, 1.0, 1.0, 0.0, 1.0, 1.0, 1.0, 0.0, 0.0, 1.0, 0.0, 0.0, 0.0, 0.0, 1.0, 0.0, 1.0, 0.0, 1.0, 0.0, 1.0, 0.0, 0.0, 0.0, 0.0, 1.0, 1.0, 0.0, 0.0, 0.0, 0.0, 0.0, 1.0, 1.0, 1.0, 1.0, 0.0, 0.0, 1.0, 1.0, 1.0, 0.0, 1.0, 1.0, 0.0, 1.0, 1.0, 1.0, 0.0, 0.0, 0.0, 0.0, 0.0, 1.0, 0.0, 1.0, 0.0, 1.0, 1.0, 0.0, 1.0, 0.0, 0.0, 1.0, 1.0, 1.0, 0.0, 0.0, 1.0, 1.0, 1.0, 1.0, 1.0, 1.0, 0.0, 1.0, 0.0, 1.0, 0.0, 1.0, 1.0, 0.0, 0.0, 0.0, 1.0, 0.0, 0.0, 1.0, 1.0, 0.0, 1.0, 0.0, 0.0, 1.0, 1.0, 1.0, 0.0, 0.0, 0.0, 1.0, 0.0, 1.0, 0.0, 1.0, 1.0, 0.0, 0.0, 1.0, 1.0, 1.0, 1.0, 1.0, 1.0, 0.0, 1.0, 1.0, 1.0, 1.0, 1.0, 1.0, 0.0, 1.0, 1.0, 1.0, 1.0, 0.0, 0.0, 1.0, 0.0, 0.0, 0.0, 0.0, 1.0, 0.0, 0.0, 1.0, 1.0, 1.0, 0.0, 1.0, 1.0, 0.0, 1.0, 1.0, 1.0, 0.0, 0.0, 1.0, 0.0, 1.0, 1.0, 0.0, 1.0, 0.0, 1.0, 0.0, 1.0, 1.0, 0.0, 0.0, 1.0, 0.0, 0.0, 1.0, 1.0, 0.0, 1.0, 0.0, 0.0, 1.0, 1.0, 0.0, 0.0, 0.0, 1.0, 0.0, 1.0, 0.0, 1.0, 1.0, 0.0, 0.0, 1.0]
\score={0: [0.10801660498747459, 0.10818297014786647, 0.10822991728782654, 0.108518469085296, 0.1079500076862482, 0.10878366728623708, 0.10832865660389264, 0.10930940167357524, 0.10882562398910522, 0.10928119041702965, 0.10902159909407298, 0.10850271334250768, 0.10821269287003411, 0.10905638039112091, 0.10925080940911644, 0.10911669290584067, 0.10871040169149637, 0.1085248968817971, 0.10879389702209405, 0.10978549122810363, 0.1077606671235778, 0.10937148197130724, 0.10881250806980663, 0.10853262777839388, 0.1090103355050087, 0.10833985060453415, 0.10846886747493976, 0.10904268361628056, 0.10939300892984166, 0.10869583384744053, 0.10876416308539254, 0.10861931941830195, 0.10863754685435976, 0.10851419477590493, 0.10903783917427062, 0.10892595847447713, 0.1087774987022082, 0.10847118386515865, 0.10911557683721185, 0.10902660020760127, 0.10891503585796607, 0.10872084131607643, 0.10877101741186003, 0.10852236131375487, 0.10860734929641087, 0.10864857956767082, 0.10873528897035413, 0.10795018342988831, 0.10834545902907848, 0.10869869672589832, 0.10866005346179008, 0.11001122097174326, 0.10854318196123297, 0.10803335494008558, 0.10898668766021728, 0.10803593748382159, 0.10910528840926978, 0.10861954325810075, 0.10803511813282966, 0.10877320433364195, 0.10958705756526727, 0.1090614612524708, 0.10917886393144727, 0.10863678495992314, 0.10947344824671745, 0.10945148562843149, 0.10772951692342758, 0.10962693731893193, 0.10842312892016612, 0.1094506358106931, 0.10910918495871803, 0.10879948089520136, 0.10828303021413309, 0.10904838825975145, 0.11005838140845299, 0.10839740825550896, 0.1088155354373157, 0.10864239806930225, 0.10900775977858791, 0.10838777978311885, 0.10888442148764928, 0.10915591443578403, 0.10802778669378975, 0.1096275742015531, 0.10803535695259388, 0.10891613985101382, 0.10855698792470826, 0.10873327404260635, 0.10863255556015407, 0.1079590054494994, 0.10912746998171012, 0.1096141442656517, 0.10783109482791689, 0.10845489009763255, 0.10721031725406646, 0.10890769557310985, 0.11063360422849655, 0.10910419939920821, 0.1091045685685598, 0.10854439301924272, 0.1088630435988307, 0.10834961708473123, 0.10885322690010071, 0.10887574053862516, 0.10849157182706727, 0.10844996305448669, 0.10878807445988059, 0.10864567756652832, 0.10796565275925857, 0.10892774495813581, 0.10935050674847194, 0.1076211528852582, 0.10777316242456436, 0.10822798853570764, 0.10810452305218753, 0.10875328427011316, 0.10939388108604095, 0.1090326726436615, 0.10827489362822638, 0.10855282785800788, 0.10867394134402275, 0.11035071387887001, 0.1087730907435928, 0.10864866130492266, 0.10888590663671494, 0.10888899912436803, 0.10848461836576462, 0.1087238285690546, 0.10967664691534909, 0.10927351872468817, 0.1091781346635385, 0.1096254751086235, 0.10881673317888509, 0.10906904258511284, 0.10875118832136023, 0.10829167188824834, 0.1077677710698201, 0.1087194721807133, 0.10874626084285624, 0.10932584657617238, 0.10885427072644234, 0.10905192333918351, 0.1088168549661835, 0.10861952556297183, 0.10949053790639429, 0.10859371870756149, 0.10820382554084063, 0.10897518135607243, 0.10779180851849643, 0.10863784971562299, 0.10873713557209287, 0.10818374454975128, 0.10850067775357854, 0.10841606743633747, 0.10837913077810536, 0.10930273739191201, 0.10843059793114662, 0.10922756634260479, 0.10944622829556465, 0.1086287667353948, 0.11039357408881187, 0.1082862839102745, 0.10867027714848518, 0.10928686873780356, 0.1089426295033523, 0.10902236605232413, 0.1090557336807251, 0.10939334069981295, 0.10813066239158313, 0.10848703395043101, 0.10830268473364413, 0.10993851934160505, 0.10907410383224488, 0.11068031936883926, 0.10880664736032486, 0.10903167094175632, 0.1073957695202394, 0.10922634307491152, 0.1091196786831407, 0.1081458172864384, 0.1090347311562962, 0.10899870743354162, 0.10853888373821974, 0.10803717092193406, 0.10947737875192062, 0.1090421812100844, 0.10853601756848787, 0.10912678713599841, 0.1086571758819951, 0.10908324519793193, 0.10901446108307157, 0.1095331191368725, 0.10952638275921345, 0.10808599591255189, 0.10877081056435903, 0.10997327620332892, 0.10866386719323971, 0.10950132180005312, 0.10914283866683643, 0.1087272047996521, 0.10830450554688771, 0.10849935832348737, 0.1087195721268654, 0.1087581268733456, 0.10934257921245363, 0.10799171301451596, 0.10857178562361261, 0.10857269826989907, 0.108002969622612, 0.10855770331214774, 0.10816866531968117, 0.10875950567424297, 0.10932742121318977, 0.10794009193778038, 0.10898623721940177, 0.10770031152402654, 0.1090478037794431, 0.10909331454472108, 0.10991010591387748, 0.10875721573829651, 0.10880211765567462, 0.1082849644124508, 0.10837776533194951, 0.10824201181530953, 0.10854654014110565, 0.10945862904191017, 0.10898206502199173, 0.108120496571064, 0.1096850335597992, 0.10910818512950625, 0.10803633017672433, 0.1093699023837135, 0.10873196815902536, 0.10789741002596341, 0.10894125635209291, 0.10809422880411149, 0.10864026797935367, 0.10844761654734611, 0.1093542268499732, 0.10982151495085822, 0.10875577107071877, 0.10908287156511236, 0.1086182314902544, 0.10863914553608213, 0.10897636814759327, 0.10756648172225271, 0.10908009247346358, 0.11031608148054643, 0.10810388403910177, 0.10873800963163376, 0.10898067734458229, 0.10936140020688374, 0.10851218870707921, 0.10826623141765594, 0.1081555609901746, 0.10921388995998046, 0.10961916526922813, 0.1085503130323357, 0.10918532386422157, 0.10981055484576659, 0.10819894951932571, 0.10921382521455353, 0.10832368901797704, 0.109300208510831, 0.10946057467824882, 0.10791960426352241, 0.10862405598163605, 0.10876938886940479, 0.10994338740905125, 0.10894214577580753, 0.10892033278942108, 0.10829461578811918, 0.10900094339976439, 0.10927390732935496, 0.10836853696541353, 0.10859413707957548, 0.10821669052044551, 0.10886961066474517, 0.10803238505666907, 0.10866123888381692, 0.10862425441543261, 0.10907625605662664, 0.10830957349389791, 0.10843154855749824, 0.10958205023780465, 0.10956829989498312, 0.10927089614172776, 0.10831832140684128, 0.10896078944206238, 0.1087297552398273, 0.10890883124536938, 0.10851887406574355, 0.10816865574036326, 0.10894715366885066, 0.10876143962144852, 0.10871390402317047, 0.10860906484035346, 0.1087322465398095, 0.10905177599709967, 0.10853215207656225, 0.10975058681585571, 0.1091655528261548, 0.10984471440315247, 0.10863507252473098, 0.10868261423375872, 0.10895666005936536, 0.10855791121721267, 0.10852823737594816, 0.1089929211884737, 0.10969834464291732, 0.1087590679526329, 0.10911313651336564, 0.10904340852390636, 0.10892611320899881, 0.10877894077982221, 0.1089712975339757, 0.1084151491522789, 0.10956665060736916, 0.10828246126572291, 0.10843216356906024, 0.10833587124943733, 0.10912768826598213, 0.10882874764502048, 0.10894140079617501, 0.10798719575007756, 0.10792129983504613, 0.10881153494119644, 0.10846418514847755, 0.10875636786222458, 0.10862091236880847, 0.1089050720135371, 0.10763734430074692, 0.10940040754420417, 0.1083417296409607, 0.10864071840686458, 0.10840570616225402, 0.10860049419782379, 0.10960590061934097, 0.10812974239096922, 0.10864468100103172, 0.10887627303600311, 0.10842933931521007, 0.10838777225996767, 0.10813025087118149, 0.1087449850248439, 0.10844607192736405, 0.10890341008251364, 0.10823170314816867, 0.10865773330442607, 0.10875295024986069, 0.10886302883877899, 0.10873802548105066, 0.10945599898695946, 0.10925981091956298, 0.1091218228851046, 0.10878560764174308, 0.10949491212765376, 0.10964518243616278, 0.108169547336943, 0.1090657575563951, 0.10907508209347724, 0.10888649220578372, 0.10884490564013972, 0.10799151286482811, 0.10958383471838065, 0.10835837057003608, 0.10828575044870377, 0.1092921399644443, 0.10854756790730688, 0.10943734397490819, 0.10818187553774226, 0.10758815752342343, 0.1079980899890264, 0.10915090060896343, 0.10869159632258946, 0.10966714657843113, 0.10929380164992425, 0.10786309025504372, 0.10884968081006298, 0.10889671832323074, 0.10890793643499676, 0.1087225291877985, 0.10848730988800526, 0.10846645633379619, 0.10866906028240919, 0.10785060065488021, 0.10946959505478542, 0.10925798733597217, 0.1089993342757225, 0.10926461006913867, 0.10908620979856043, 0.10931552449862163, 0.10804104283452035, 0.10865238253027201, 0.10809804731979966, 0.10816667322069407, 0.10836510484417279, 0.10812039859592915, 0.10814912120501201, 0.10838067076272434, 0.1074116403857867, 0.10796995976796517, 0.10933751063911538, 0.10824355408549309, 0.10937200012532147, 0.10870138247465265, 0.10815112026674407, 0.1094979556898276, 0.10945741222663359, 0.10944258020474361, 0.10833478387859133, 0.10854196974209376, 0.10863020111407552, 0.10866905593623717, 0.10800694343116549, 0.10871472320070973, 0.10861441791057587, 0.10844349763963533, 0.10878951871587385, 0.10895900940522552, 0.1083906888961792, 0.10911448175708453, 0.1084588115865534, 0.10922979219601704, 0.10817372021467789, 0.10905467222134273, 0.10874969470832083, 0.1088621485978365, 0.10914454526371425, 0.1092486593284105, 0.1093552905533995, 0.10844897590577603, 0.10971276256544836, 0.10710181519389153, 0.1079476464758901, 0.10900697315281088, 0.10865922204472801, 0.10880867938200632, 0.1083326164413901, 0.10956799983978271, 0.1082608914446263, 0.10821565892547369, 0.1096319061953847, 0.10891421511769295, 0.10847141792376837, 0.1090770810842514, 0.1085266951057646, 0.10779801354958461, 0.10855684205889701, 0.10890332119805472, 0.10822925513440912, 0.10917498228641656, 0.1087971270084381, 0.10850962416993247, 0.10926938135372966, 0.10835456997156143, 0.10925073955546726, 0.10955461859703064, 0.10917486995458603, 0.10795170259781373, 0.10870794595583626, 0.10835811557869117, 0.10897637158632278, 0.10947596803307533, 0.10878472824891408, 0.10922701507806779, 0.10964365303516388, 0.10924934397141138, 0.10892526060342789, 0.1086417662778071, 0.10819576545195146, 0.10779543627392162, 0.10814101073671789, 0.10793670043349265, 0.10809901617467403, 0.10832153526800019, 0.10863545164465904, 0.10879978176319238, 0.1088247730543739, 0.10858356667792096, 0.10858482630415396, 0.10947150439023971, 0.10889142978450526, 0.10822759754955769, 0.10731435567140579, 0.10923270036776861, 0.10880667716264725, 0.10895514516876294, 0.10879725217819214, 0.10905755249162515, 0.10945878860851128, 0.10873038436357792, 0.10888339479764303, 0.10892988951542439, 0.10860245278541078, 0.10821714868833279, 0.10778792649507522, 0.10780658400975741, 0.10937316072258083, 0.10844796672463416, 0.10853777825832367, 0.1089225133945202, 0.10871400429229987, 0.10847587917338718, 0.10627710074186325, 0.10893735885620118, 0.10801813192665577, 0.10905819696684678, 0.10844080522656441, 0.10901441086422313, 0.10849337550726804, 0.10897470849591333, 0.10970410475364098, 0.10861076088622212, 0.1083522868710895, 0.10872888828025144, 0.1089929505251348, 0.1080680346259704, 0.10903149917721748, 0.10863132238388061, 0.10948630024989446, 0.10909709557890893, 0.10927464178314915, 0.10896008595442161, 0.10867321005334026, 0.10921330555625584, 0.10958343148231506, 0.10890084607847805, 0.10937309596273634, 0.10821346292893091, 0.10857922424163137, 0.10867184577953248, 0.10827027771759916, 0.10862222553363868, 0.10935655236244202, 0.10851958606924329, 0.10973840206861496, 0.10800253661970298, 0.10839474263290565, 0.10804986953735352, 0.10905320729528155, 0.10832489488853349, 0.10905542895197869, 0.10863538143726495, 0.10761077627539635, 0.10752249012390773, 0.10935013876719908, 0.10866293467973408, 0.10843622353341845, 0.10940434671938419, 0.10855130776762963, 0.10880572976250398, 0.10982576409975688, 0.10898429390631224, 0.10757726211758221, 0.1091158848117899, 0.10854307065407436, 0.10847345480452412, 0.10801503754087857, 0.1089139071603616, 0.10896353423595428, 0.10923549979925155, 0.10800511370363988, 0.10830428471436372, 0.10816895894028923, 0.1095226440578699, 0.10864289443601262, 0.10798060645659764, 0.10854683887390863, 0.10950134579951946, 0.10848122984170913, 0.10843377932906151, 0.10851429220702913, 0.10797297823078492, 0.1089856669306755, 0.10929560075913157, 0.10829191605250041, 0.10964249074459076, 0.10931684821844101, 0.10879143970933827, 0.10860772717457551, 0.10949575901031494, 0.11031615287065506, 0.10857720848392038, 0.10851711886269706, 0.10994661930534574, 0.10860008224844933, 0.10885138415238436, 0.10862649455666543, 0.10754412636160851, 0.10912734079499577, 0.10863904587247154, 0.10891401577134464, 0.1080582637239147, 0.10848460346460342, 0.1089430194762018, 0.10957170449770413, 0.10941451558699974, 0.10848578033239945, 0.10924275070428849, 0.10762121794479233, 0.10851424538037356, 0.10943500407867962, 0.10911665360132854, 0.10843359033266703, 0.10886084507493411, 0.10939218447758602, 0.10853929977331843, 0.10877695341001857, 0.10863926634192467, 0.1093838308006525, 0.10928393304347991, 0.10863965063502914, 0.1093459902331233, 0.10844644324647056, 0.10855617513880134, 0.10864350978623737, 0.10783046881357829, 0.10851195082068443, 0.10858600214123726, 0.10890851742946185, 0.10917836874723434, 0.1077006177178451, 0.10950180429678696, 0.10883869081735612, 0.10819311868399381, 0.10871796023387176, 0.10916109612354866, 0.10835023944576581, 0.1090945622750691, 0.10875556617975235, 0.10871115733276714, 0.10904644200435051, 0.1085909472571479, 0.10952267118475655, 0.10856783258564331, 0.10879134251312776, 0.10885276713154533, 0.10924058987034692, 0.10899883779612454, 0.10901513695716858, 0.10868005501106381, 0.10873335706336158, 0.10946687523807798, 0.1086691008771167, 0.10893188652239348, 0.10870175891452366, 0.1089257150888443, 0.10902482564702179, 0.10945314429700374, 0.10853747007521716, 0.10846006231648582, 0.10839477149040802, 0.1085958037039508, 0.10798800973729654, 0.107944056391716, 0.10841359943151474, 0.10894379697062752, 0.10925739134351413, 0.10894540807715168, 0.10858232841679924, 0.10844658382914284, 0.10941292058963042, 0.11018124493685635, 0.10853642737492919, 0.10815309546887875, 0.10852899981869592, 0.10801342502236366, 0.10846005774596158, 0.10884125854658044, 0.1086873003305533, 0.10885796882212162, 0.10864358628168702, 0.10912951053335117, 0.10823381044294524, 0.10849537327885628, 0.10910043521569325, 0.10908434024223915, 0.10865302566024992, 0.10879429119328658, 0.10877638789159912, 0.10861393362283707, 0.10910980444815424, 0.1087267876137048, 0.10795080289244652, 0.10834339834176578, 0.10906640778888356, 0.10893478890260061, 0.10823159012943506, 0.10882345587015152, 0.10895052669863951, 0.10888653654943813, 0.10880434140563011, 0.10902969563199628, 0.10933804288506507, 0.1080491589727225, 0.10936840275923411, 0.10928071621391508, 0.10897661931812763, 0.10792489275336266, 0.10901829972863197, 0.10855919246872266, 0.10925621947934551, 0.10936702902500446, 0.10717864086230595, 0.10864455671980977, 0.10880994151035944, 0.10887241214513779, 0.10869855566748551, 0.1084017012682226, 0.10824735214312871, 0.10928098484873772, 0.10813253104686738, 0.10914584696292877, 0.10751681443717745, 0.1086838458265577, 0.1081326049235132, 0.10942202508449554, 0.10826702903096493, 0.1084647849202156, 0.10931286116441091, 0.10882845578285363, 0.10853325507857582, 0.10949212359264493, 0.1084108006209135, 0.10926423408091068, 0.109196391295303, 0.10913680046796799, 0.10855239629745483, 0.10864497721195221, 0.10916250695784886, 0.10949013754725456, 0.10792808548400276, 0.10869539848395757, 0.10902108252048492, 0.10958848501506605, 0.10911369654867384, 0.1089713148334447, 0.10920538912926402, 0.10889098552926894, 0.10822835679237659, 0.1091104056686163, 0.10871563363691857, 0.10813865184783936, 0.10897794585017596, 0.10774247914552688, 0.1090459514941488, 0.10765412449836731, 0.10849407185678897, 0.10931681273014922, 0.10844091475009918, 0.10829417258501053, 0.1085717515261085, 0.1091127770918387, 0.10842760031421979, 0.10851435889216031, 0.11020163844029109, 0.10893268585205078, 0.1089630275964737, 0.10815264758738605, 0.10871257023377852, 0.1085451324780782, 0.10881007189551989, 0.10866491838047902, 0.10889873579144478, 0.10801202431321144, 0.10909374281764031, 0.10868838056921959, 0.10840269426504771, 0.10814561819036801, 0.10832690913230181, 0.10910947856150176, 0.10876440663229335, 0.1086745411157608, 0.1077527004480362, 0.10870735347270966, 0.10947728086085547, 0.10902385165294011, 0.10791020485616866, 0.10875630849286129, 0.1086961348419604, 0.1085130667144602, 0.10866695467163534, 0.1087547205388546, 0.10918410494923592, 0.10888157039880753, 0.10895445730004992, 0.10904808863997459, 0.10867587409236214, 0.10927044512594447, 0.10871951575532104, 0.10917645059525967, 0.10881553412902922, 0.10869820077310909, 0.10928896889090538, 0.10911476239562035, 0.10867367290398654, 0.10921810567378998, 0.1083458999269887, 0.1097509923734163, 0.10884856134653091, 0.10876069643667766, 0.10892627865076066, 0.10831776667724956, 0.10852163471281528, 0.10907190789779027, 0.10858733183704317, 0.10782340880144727, 0.10843457552519711, 0.10839005170956902, 0.1087760366499424, 0.10804916758622442, 0.10818179531229867, 0.10885507799685001, 0.10847586430609227, 0.10813276183146697, 0.10868371058912839, 0.10853333241409725, 0.10858581215143204, 0.10886555723845959, 0.10914890273757603, 0.10861921625641677, 0.10885499828324026, 0.10950041615537234, 0.10863568410277366, 0.10925416871905327, 0.10916880575510171, 0.10795698016881942, 0.10907747775316239, 0.10968562670879894, 0.10957293659448623, 0.10848791152238846, 0.10915673702955246, 0.10896860808134079, 0.10845335014164448, 0.10872270360037133, 0.10895940711100896, 0.10841763019561768, 0.10808087208054283, 0.10871637039459668, 0.10814766585826874, 0.10864565521478653, 0.10925304455061753, 0.10874304198659956, 0.1092306544121943, 0.10816182024203815, 0.10858110338449478, 0.10907414209629808, 0.10896168221478109, 0.10906037229758042, 0.10870678097009659, 0.10872072638834224, 0.10865340307354927, 0.10878406596534393, 0.10875831420222919, 0.10960435707654272, 0.10879517731166655, 0.10920707967418891, 0.10827154759317636, 0.10830397864705638, 0.10839496972039342, 0.10794453007670549, 0.10934420336376537, 0.1084077574312687, 0.10815822333097458, 0.10760528437401119, 0.1087431845868506, 0.10859321430325508, 0.10887755141142876, 0.10873795631859037, 0.10814254730939865, 0.10837748708824317, 0.10845240764319897, 0.10842665756742159, 0.1085293039213866, 0.1088259478028004, 0.10941463874446021, 0.10872387270564618, 0.10903542775374192, 0.10908229947090149, 0.10899719080099693, 0.10920727940706107, 0.109616269916296, 0.10874002639736448, 0.10855354194839796, 0.10852141864597797, 0.10850066194931667, 0.10867755115032196, 0.10970563712445172, 0.10919664506659363, 0.1095660953172322, 0.10816199860225122, 0.10883864909410476, 0.10810331453879675, 0.108466083353216, 0.10822441263331307, 0.1090996094668905, 0.10860392637550831, 0.10863912813365459, 0.10797006264328957, 0.1081574588186211, 0.10913590385633357, 0.10881339601780239, 0.10881538384340027, 0.10742289572954178, 0.10908657443874023, 0.10833180360496045, 0.10900728031992912, 0.1091550728854011, 0.10903243074814478, 0.10898485982959921, 0.10897895991802216, 0.10807866957925615, 0.10835083860617417, 0.10915930032730102, 0.1088677189852062, 0.10793614679056665, 0.10831339806318283, 0.1084872904419899, 0.10853501102503608, 0.1092552552404611, 0.10840062114099662, 0.10890415476428138, 0.10862062179616519, 0.10993142053484917, 0.10875108279287815, 0.10911811329424381, 0.10881736295090781, 0.10831120817197694, 0.10829102297623952, 0.108561174677951, 0.10868780863912482, 0.10849038263161977, 0.10752513135472934, 0.10828640311956406, 0.10861036885115835, 0.10915668855110804, 0.10880094319581986, 0.10855938059588273, 0.108187319389705, 0.1088027987967838, 0.11018365249037743, 0.10930945144759284, 0.10841933596465322, 0.10770366042852401, 0.10791360028088093, 0.10920953073284843, 0.10958932050400311, 0.10802579400214282, 0.10847062769311445, 0.10875778817213498, 0.10900644287467003, 0.10947302480538686, 0.10902858227491379, 0.10871505848270782, 0.10860985455413659, 0.1089261778526836, 0.10935352539474313, 0.10856776894070208, 0.10836238100340492, 0.10894959047436714, 0.1075982241467996, 0.10861941377321879, 0.10894277249462903, 0.10891117957922128, 0.10826741605997085, 0.10949833265372685, 0.10927883411447208, 0.10907834144879361, 0.10913298211314461, 0.10855101235210896, 0.10927132095979608, 0.10952437215525171, 0.10891727437930447, 0.10892915974060695, 0.10849866271018982, 0.10922529209743846, 0.10845087385839886, 0.108956521583928, 0.10942544748908595, 0.10893706977367401, 0.10866391754919483, 0.10874431624132044, 0.1084472301759218, 0.10946496203541756, 0.1085617830571921, 0.1081865573158631, 0.10926077400262539, 0.10903222031063503, 0.10859342385083437, 0.10855966628245685, 0.1081819738591871, 0.10858077217232097, 0.10829145610332488, 0.10964382710781964, 0.10824523642659187, 0.10939322287837665, 0.1088073879480362, 0.10926901797453563, 0.10831293370574713, 0.11020313128829003, 0.1089860051870346, 0.10831384026798709, 0.10879431664943695, 0.10929209863146146, 0.10895516510520663, 0.10808626287861874, 0.10884441232139414, 0.10891945032696974, 0.1094459354877472, 0.10852351132780313, 0.10893551943202813, 0.10884490112463634, 0.10875615179538727, 0.10920552810033163, 0.10922803776338696, 0.10769574513489549, 0.10859323292970657, 0.10939685503641765, 0.10819756761193275, 0.10803851071331236, 0.10899643574295373, 0.1074999173482259, 0.10879720995823543, 0.10967927113656074, 0.10822807831896676, 0.10819026548415422, 0.1092231348156929, 0.10843982473015785, 0.10969973686668608, 0.10865797982974486, 0.10824404594798882, 0.1092706284132497, 0.10843270373615352, 0.10837931955854098, 0.10867706686258316, 0.10927797155454755, 0.10901924169489316, 0.10776275048653285, 0.10843733298342402, 0.10899844765663147, 0.1084323727991432, 0.10946312773486842, 0.10817423462867737, 0.10908613850673039, 0.1082577258348465, 0.10840927606279199, 0.1082686296466625, 0.10917650398455168, 0.10870942056179046, 0.10923090706700864, 0.10854119672016664, 0.10866796737536788, 0.10902559056001551, 0.10974836200475693, 0.1082465047282832, 0.10898289566530901, 0.10738921612501144, 0.10862483580907185, 0.10849782522465731, 0.1086774082346396, 0.10898388719016855, 0.10941760167479515, 0.10893524438142776, 0.10871384896942086, 0.10923765152692795, 0.10829080979932439, 0.1088761208312852, 0.1092954386646549, 0.10919063584879041, 0.10878246667032893, 0.10807843595743179, 0.10896679498255253, 0.10840919900398988, 0.10868966672569513, 0.10882535800337792, 0.10729304254055023, 0.10864668164183111, 0.10855741193518043, 0.10844967412677678, 0.10865796221928163, 0.10899554135707709, 0.1075937919318676, 0.10855972518523534, 0.10887892114428374, 0.1082650466511647, 0.10938031474749248, 0.10799968125004518, 0.10954264644533396, 0.10892528919754801, 0.10921305812457029, 0.10916347987949848, 0.1089086290448904, 0.10824759171477386, 0.10845963922994477, 0.10924381149165771, 0.10837855504618751, 0.10847271634982182, 0.10887237976897847, 0.10900294193715761, 0.10806210406801918, 0.10864033922553062, 0.1082902964333008, 0.10905818343162536, 0.1081832007450216, 0.10830545226732889, 0.10885054274247243, 0.11035012143353622, 0.10900310054421425, 0.10904653204811944, 0.1087449685885356, 0.109094956682788, 0.10830636952932064, 0.10865837974207741, 0.10775848220174129, 0.10896866442635655, 0.10874784893045823, 0.10813289061188698, 0.10844519154893027, 0.10804642462416698, 0.10951576754450798, 0.10841071009635925, 0.10863461751829494, 0.10882714505379017, 0.10944179445505142, 0.10848948527728358, 0.10886689826198247, 0.10966918021440505, 0.10695393451235512, 0.10885447849120412, 0.1084628775715828, 0.1091233773955277, 0.108405703264806, 0.10889428826393904, 0.10835440185937015, 0.10876768981588297, 0.10921334248522054, 0.10810619493325552, 0.10815600580290745, 0.10918326958500106, 0.10827895863489671, 0.10912240147590638, 0.10983079671859741, 0.1093257246048827, 0.10908652395009995, 0.10944951964276177, 0.1085944943703138, 0.10938612478119987, 0.10861923421422641, 0.10855925446137404, 0.10867668750385444, 0.10808024419979616, 0.1089453840484986, 0.10884064783652624, 0.10866681283170526, 0.10867667740041559, 0.10909099979647274, 0.1085474133491516, 0.10839938124020894, 0.1083752814680338, 0.10815201355860783, 0.10844327555969357, 0.10883064327701446, 0.1088557777052023, 0.10835250715414683, 0.10970730632543564, 0.10839759036898614, 0.1090659985647482, 0.10869217884761316, 0.10875242602612291, 0.10832891710426497, 0.1093864546102636, 0.10832729190587997, 0.10890905722044408, 0.10603921115398407, 0.10885935111178292, 0.10805683135986328, 0.108913302029434, 0.10868897083504446, 0.10894789919257164, 0.10830612305332632, 0.10755146776928622, 0.10915863079329331, 0.10874053778556678, 0.10962464178309721, 0.10905881380212717, 0.10939948836510832, 0.10850844979286194, 0.10861384800889275, 0.10868899764553193, 0.10916909643194893, 0.10832939017564058, 0.10829682967492513, 0.10822455510497093, 0.10851308032870292, 0.10921635952862827, 0.10825584381818772, 0.10857910600801308, 0.10917891375720501, 0.1093240248469206, 0.10856384343721649, 0.10843682289123535, 0.10851370356976986, 0.10926779338291713, 0.10870145787211026, 0.10910962262879247, 0.1088396197427874, 0.10953813791275024, 0.10853716383377711, 0.10906557706387146, 0.10895345422128837, 0.10814165696501732, 0.10781847685575485, 0.10990782827138901, 0.1082910651510412, 0.10910201301941505, 0.1087325138264689, 0.10930701568722725, 0.10794483125209808, 0.10872735921293497, 0.10832714642349042, 0.10864357948303223, 0.10858685970306396, 0.10922755833183016, 0.10802530099948247, 0.1078925833106041, 0.10817476036027074, 0.10890312120318413, 0.10889947075735439, 0.10956222042441369, 0.10926647265167798, 0.10849851979450746, 0.108548420553024, 0.10795030655229793, 0.10903830412361357, 0.10865075886249542, 0.1081242832617882, 0.10841289048011486, 0.1093132109804587, 0.10915575264131322, 0.10879088789224625, 0.10942270945418965, 0.10845721483230591, 0.10774244300343773, 0.10946531829081084, 0.10870461165904999, 0.10861909855157137, 0.10901707361141841, 0.10940112348865061, 0.10920531143035207, 0.10889739874336454, 0.10793933322032292, 0.1079375021159649, 0.1091849161311984, 0.10894062582935606, 0.10862166434526443, 0.10924750397151167, 0.10982151058587161, 0.10848310852752012, 0.10890337652884997, 0.10833324758069855, 0.1087982336228544, 0.1086722734783377, 0.10881541827411363, 0.10889176846969695, 0.10935322808868744, 0.1089430539868772, 0.10961872786283493, 0.10751299973991182, 0.10968843516376284, 0.10904997384006326, 0.10949481511488557, 0.10879708950718243, 0.10891507134625786, 0.10865976223174263, 0.10915382509982144, 0.1072981905724321, 0.10885880456158989, 0.10831716191023588, 0.10881279612129385, 0.10938072428107262, 0.10886939517829729, 0.10880913197994233, 0.10818940959870815, 0.10856957840068, 0.10901425062463833, 0.10880894660949707, 0.10845434123819525, 0.10885289311408997, 0.10893781212243167, 0.10821573436260223, 0.1086831251357464, 0.10902921706438065, 0.10848633412803922, 0.10776774126749772, 0.10832264691591263, 0.10976440678624545, 0.10890847719029377, 0.10785344615578651, 0.10901978180596703, 0.10943788952297634, 0.10878403391689062, 0.10855429867903392, 0.1089014820754528, 0.10935846716165543, 0.10801829575073152, 0.10955697774887085, 0.10932428808882833, 0.10917493226853284, 0.1084520318790486, 0.10933248969641599, 0.10881577618420124, 0.10889894713958105, 0.10911045968532562, 0.10915664429294653, 0.10876778127818272, 0.1078263810939259, 0.10776662329832713, 0.10956570133566856, 0.10911950667699179, 0.10827228261364831, 0.10871624201536179, 0.10851914786240634, 0.10734587609767914, 0.10842830950722974, 0.10864105489518908, 0.10808303393423557, 0.10820475965738297, 0.10832341925965415, 0.10911695878295337, 0.10854789258345314, 0.1086981724947691, 0.10837434604763985, 0.10893174670636654, 0.10907764732837677, 0.10782818496227264, 0.10791945084929466, 0.1087896620685404, 0.10810382291674614, 0.10923735740093085, 0.109009708588322, 0.10897685300845367, 0.10869514383375645, 0.10839178732463292, 0.10781566132056086, 0.1078530021366619, 0.10870235748589038, 0.1095216100414594, 0.1086013303803546, 0.11000592708587646, 0.10853565910032817, 0.10892155442548834, 0.10844025015830994, 0.10864667221903801, 0.10927486419677734, 0.10847905981871817, 0.10873563079671426, 0.10879247966739866, 0.10836728789976664, 0.1082628784435136, 0.10888655260205268], 1: [0.10905445019404093, 0.10849033254716131, 0.10806856883896722, 0.10913687820235889, 0.10877230810001493, 0.10896401276642625, 0.10849366883436838, 0.10909377224743366, 0.10886803097449817, 0.10883613641966473, 0.10975044220685959, 0.10981288672454896, 0.10880128697802623, 0.10870631145579475, 0.10842439066618681, 0.10871531221676957, 0.1083115387488814, 0.10902245417237282, 0.1082545096675555, 0.1088258685036139, 0.10792938161354798, 0.1081817928287718, 0.10749238481124242, 0.10831229795109142, 0.10838176765375668, 0.10770481824874878, 0.10837438838048415, 0.10743321664631367, 0.10885741340893286, 0.1086970709619068, 0.10734395044190544, 0.11022935497264068, 0.10823855251073837, 0.10921110548079013, 0.10897973383014853, 0.10953746532851999, 0.1090878030019147, 0.10935147851705551, 0.10939012542366981, 0.10931667419416564, 0.10825790751438874, 0.11011490888065761, 0.10967780079911738, 0.10940626894052212, 0.10821004211902618, 0.10782489836215974, 0.10891119797121394, 0.10833543166518211, 0.10953209955583919, 0.1100007505977855, 0.10876110196113586, 0.10971839477618535, 0.10810400545597076, 0.10991510583294763, 0.10904889067877895, 0.10882808081805706, 0.10872537642717361, 0.10857889403899511, 0.1074655793607235, 0.10912784644299084, 0.10931638055122815, 0.10883125605491492, 0.10830394582202037, 0.10902935537424954, 0.10854557795183999, 0.1092583868991245, 0.10820935260165822, 0.10793618361155193, 0.1090278389553229, 0.10830207106967767, 0.1089022047817707, 0.10867855580229509, 0.10927187432261075, 0.10971586778759956, 0.10816757846623659, 0.10821629925207658, 0.1085716833670934, 0.10916585909823577, 0.1084519089622931, 0.10894780978560448, 0.10868799743744043, 0.11006314708636357, 0.10874099972156379, 0.10899926473697026, 0.109123245626688, 0.10855525781710942, 0.10811779361504775, 0.10951681534449259, 0.10901516526937485, 0.10855679448161806, 0.10834218504337165, 0.10843660682439804, 0.1094990120165878, 0.10923945841689904, 0.10878839237349373, 0.1086052202930053, 0.10877854923407236, 0.10881214688221613, 0.10855569750070572, 0.10754873813129961, 0.10910741725693578, 0.10910102725028992, 0.10995557865029887, 0.10824256693013012, 0.10946485197002237, 0.10815078200715961, 0.10839368488107409, 0.1081445241967837, 0.10848238691687584, 0.10791743712292777, 0.1094613070289294, 0.10838186477913576, 0.10959200274485809, 0.10884927809238434, 0.10918737016618252, 0.10847007855772972, 0.10939363187009638, 0.10776118320577285, 0.10943460667675192, 0.10931909048841112, 0.10891473018809368, 0.10734786614775657, 0.108349432322112, 0.10888490482018544, 0.10797207504510879, 0.10758051946759224, 0.10891281068325043, 0.10854430124163628, 0.10870879586483981, 0.1089242332511478, 0.1084450689645914, 0.10880924485347888, 0.10864245808786815, 0.10905521788767406, 0.10915364387134711, 0.10827901096720445, 0.10911234468221664, 0.10913600474596023, 0.10903673905592698, 0.10868771700188518, 0.1082697899213859, 0.1074430994116343, 0.10872370066742103, 0.1080317203886807, 0.1088965345512737, 0.10860348607485111, 0.10856001756407997, 0.1088364386620621, 0.10704035229153103, 0.10877362364216854, 0.10928275218854348, 0.10867838934063911, 0.1084592454135418, 0.10801025304724188, 0.1086658495478332, 0.1081674905384288, 0.10986780375242233, 0.10877319899472324, 0.10860130538543065, 0.10908290457267028, 0.1091070162213367, 0.10851736304660638, 0.10862499156168529, 0.10782576724886894, 0.1092203862965107, 0.10790528704722722, 0.10867078283003398, 0.1094764863451322, 0.1085808514194055, 0.10789774109919865, 0.10844532453588077, 0.10916148945689201, 0.10935207977890968, 0.11000023186206817, 0.10874551941048015, 0.10909213125705719, 0.10815611694540296, 0.10747685432434081, 0.10850531095638871, 0.10854864971978324, 0.10860650176587312, 0.10892214919581558, 0.10793750679918698, 0.10873787353436153, 0.10902876034379005, 0.1093866724301787, 0.10883307456970215, 0.10912674123590643, 0.10741389294465382, 0.10881147194992412, 0.10952171683311462, 0.10932901501655579, 0.10868501228590806, 0.10874873787164688, 0.10909907439989704, 0.10873498921764307, 0.10847174330633513, 0.10875014012510126, 0.10885263349001224, 0.10894591964426495, 0.10861014920685973, 0.10821985155344009, 0.10787348635494709, 0.10831777937710285, 0.10918705239892006, 0.10817471494277318, 0.10764736817641692, 0.1095219754746982, 0.10933499730059079, 0.10913807356899435, 0.10779632674530149, 0.10996632929891348, 0.10766190066933631, 0.10754728317260742, 0.10821623454491297, 0.10849589192205006, 0.10835682302713394, 0.1092303530736403, 0.10882263833826239, 0.10847205402595657, 0.10845312593798888, 0.10830220974543515, 0.10799491015218553, 0.10830469677845637, 0.10837980589041343, 0.10859924554824829, 0.1091492809355259, 0.1098686195909977, 0.10893548130989075, 0.10790191726251082, 0.10861879234251223, 0.10900522797153546, 0.10924040774504344, 0.10850987629964948, 0.10931675881147385, 0.10913200851748972, 0.10899814831859925, 0.10769692932566007, 0.109019881646548, 0.11014445735649629, 0.10795598663389683, 0.10867933556437492, 0.10812470316886902, 0.10859084278345107, 0.10910884752160027, 0.10840415412729437, 0.10847979411482811, 0.10847262552250987, 0.10934543526834911, 0.10896006455788246, 0.108894944190979, 0.10924366234164488, 0.1088415967921416, 0.10877233773469924, 0.10961209034377878, 0.10977690145373345, 0.10882132364944978, 0.1099636306365331, 0.10890357693036397, 0.10835871721307437, 0.10992082380331479, 0.1082705145603732, 0.10876495912671089, 0.10845620350705253, 0.10855836123228073, 0.10884001145237371, 0.10796914948150516, 0.1087975304792909, 0.10921204388141632, 0.10894260487773201, 0.1085152185776017, 0.1094632910994383, 0.1089290129867467, 0.10892565874382854, 0.10866324559730642, 0.10863596242335108, 0.10859295825163523, 0.10959443946679433, 0.10862445086240768, 0.10942848523457845, 0.10905247260081141, 0.10881604999303818, 0.10905499364200391, 0.10845150705426931, 0.1087098503485322, 0.10938027128577232, 0.10795414845148722, 0.10932937907901677, 0.1093190398067236, 0.10892578804244597, 0.10854590591043234, 0.10792194157838822, 0.10959912060449521, 0.10894290953874589, 0.10882726171985269, 0.1094220403362723, 0.10868007796151298, 0.10837332208951314, 0.1087451641758283, 0.10930662974715233, 0.10781897341503817, 0.10826822876930237, 0.10890122540295125, 0.10882670134305954, 0.1093589100572798, 0.1086571535893849, 0.10852589085698128, 0.10852203382687135, 0.10815723538398743, 0.10822310637344014, 0.10934411275845307, 0.10831267572939396, 0.10876244008541107, 0.1082535737327167, 0.10904775857925415, 0.10857766465498851, 0.10850942424601978, 0.10915192067623139, 0.10916851403621528, 0.10873728206283167, 0.10880682617425919, 0.10905762389302254, 0.10914401254720157, 0.10892621495506981, 0.10849065964038555, 0.10885334312915802, 0.10929699838161469, 0.1091785229742527, 0.10946062749082391, 0.10921258742318433, 0.10933543327781889, 0.1083256018658479, 0.10817853268235922, 0.10919722852607568, 0.1084384965269189, 0.1088890874137481, 0.10855162640412648, 0.10841012789922602, 0.10741477534174919, 0.10904558002948761, 0.10899980059441398, 0.10905644031507629, 0.10795606537298723, 0.10826247238687106, 0.10837369511524836, 0.10837250317518528, 0.10905575193464756, 0.1086374537221023, 0.10961583554744721, 0.10896380177953026, 0.10889445534166024, 0.10787801619838266, 0.10914892468013261, 0.10920829066763753, 0.1079948429018259, 0.1083557562281688, 0.10864537049617086, 0.10900735755761465, 0.10792750521348073, 0.10856576164563497, 0.10959454104304314, 0.10962695280710856, 0.10835120199542296, 0.10965516832139757, 0.10950503701513464, 0.10873860344290734, 0.10851503733326406, 0.10842399512018476, 0.1086576905633722, 0.10788278620351445, 0.10890133865177631, 0.10915039479732513, 0.1092441163957119, 0.10820218920707703, 0.10857817191969264, 0.10861936143853447, 0.10813165828585625, 0.10957478158749066, 0.10950836195395543, 0.10870096140674182, 0.10799721529086431, 0.1089690091709296, 0.10798310041427613, 0.10788136955938842, 0.10975107976368495, 0.10886793312701312, 0.10994718697938052, 0.10827002323725644, 0.10968837887048721, 0.10867390825467951, 0.10897943101547382, 0.10888641034111832, 0.10832063108682632, 0.10857706405222416, 0.10851658992469311, 0.10822404618375003, 0.10893671959638596, 0.10856963892777761, 0.10876882324616115, 0.10885056509421422, 0.10835651824107537, 0.10912847071886063, 0.10885203629732132, 0.1078914510352271, 0.10852131024003028, 0.10945538717966813, 0.1095137782394886, 0.10817029780667761, 0.10869682828585307, 0.10732270376040386, 0.10927272513508797, 0.10956360896428426, 0.10893338376825507, 0.10871618892997503, 0.10908388293215207, 0.1081664684940787, 0.10829769959673285, 0.10849215870811826, 0.1078454926609993, 0.1084943161560939, 0.10920663271099329, 0.1085569593641493, 0.10889882691528487, 0.1084334398893749, 0.10898916497826576, 0.10882641645995053, 0.10909181833267212, 0.10887504617373149, 0.10840363427996635, 0.10935898373524348, 0.110106068530253, 0.10886772327563342, 0.10927510261535645, 0.10786944206642068, 0.10856303796172143, 0.10856590318408879, 0.10933406536395733, 0.10902901256785673, 0.1091449529580448, 0.10980274069767731, 0.1078894894856673, 0.10888100054956251, 0.1079754076898098, 0.1086694672703743, 0.10884016876419385, 0.10820523649454117, 0.10859586745500564, 0.10839843144640326, 0.10908952484960141, 0.1097135110758245, 0.1088008525279852, 0.10886494442820549, 0.10840453654527664, 0.10824991390109062, 0.10820136148305166, 0.10888697920988004, 0.10973770713264291, 0.10787397463406835, 0.10909195125102997, 0.1092033221253327, 0.10806173495948315, 0.10837413743138313, 0.10855745524168015, 0.1092069954611361, 0.10769740864634514, 0.10909143046421163, 0.10931074479594827, 0.10808741611738999, 0.10813701339066029, 0.1085581769545873, 0.10827107677857081, 0.10863703049042008, 0.10884639248251915, 0.10841220105066895, 0.10821846012885754, 0.10846382938325405, 0.10842317236321312, 0.1085906675771663, 0.10880698977659146, 0.10892862224808106, 0.10954982712864876, 0.10862759451071421, 0.10862357679166292, 0.10777224543002936, 0.10868484489619731, 0.10930565812370995, 0.10908200253139842, 0.10882972925901413, 0.10914073235565616, 0.10816665531860457, 0.10940469490985076, 0.1084472664245745, 0.10926833395895205, 0.10872829762788919, 0.10912052262574434, 0.10877383053302765, 0.10983311520381407, 0.10945812240242958, 0.1082341686675423, 0.10853538413842519, 0.1091226115822792, 0.109755477309227, 0.10892304198609458, 0.10858207792043686, 0.1092109801247716, 0.10891745487848918, 0.10889396769925952, 0.10855330235284308, 0.10876481980085373, 0.10862210330863793, 0.10842536504452045, 0.10796540975570679, 0.10981331410862151, 0.10889385268092155, 0.10836785393101829, 0.10978454961018129, 0.10898450933969937, 0.10941112712025643, 0.10912743164226413, 0.10898645445704461, 0.10778747573494911, 0.10874526489239472, 0.1083430852741003, 0.10840217826458123, 0.10860966208080451, 0.10806384332039777, 0.10713489869466195, 0.10836571980925168, 0.10835259105078876, 0.10916368210954326, 0.10875785785416762, 0.10891757547855377, 0.10871689240722095, 0.10909107617206043, 0.110414975322783, 0.1086258463561535, 0.10792248122967206, 0.10842857882380486, 0.10905649575094382, 0.10858436301350594, 0.10871770880792452, 0.10844003533323605, 0.1085666014716543, 0.10909482633525674, 0.1089376409848531, 0.10930185968225653, 0.10874271446040698, 0.10833603956482628, 0.108577910810709, 0.10957979038357735, 0.10893881916999817, 0.1085986549204046, 0.10848827660083771, 0.10868526196905545, 0.10850581713020802, 0.10871103299515587, 0.10973542657765475, 0.1082589328289032, 0.1096743293106556, 0.10926382350070137, 0.10911573783347481, 0.10849179395220497, 0.10841950674851736, 0.10889520815440587, 0.10886273607611656, 0.10884769695500533, 0.10928956717252732, 0.10929347397316069, 0.1091599775744336, 0.10790220598379771, 0.10904815130763584, 0.10800341719930823, 0.10909024017552535, 0.10920991152524948, 0.10773285776376725, 0.10889797710946628, 0.10925835438750008, 0.10881278054280714, 0.10907695229564394, 0.1081076670776714, 0.1088810723561507, 0.10783432898196307, 0.10811223503616121, 0.10968236294057634, 0.10884826671746042, 0.1096177672346433, 0.10860388253520174, 0.10892161888920743, 0.10925056579811819, 0.10886540865668884, 0.10802005773240869, 0.1092262262744563, 0.10851368045105654, 0.10885684270607798, 0.10836717933416366, 0.10940219947825307, 0.1073317475616932, 0.10961620947893928, 0.10848529830023095, 0.10856876469084195, 0.10933670614446912, 0.10927167882521947, 0.1088768432245535, 0.10869246542453766, 0.10906927213072777, 0.10894061625003815, 0.10807592828165401, 0.10903918899987873, 0.1086477790685261, 0.1080953910946846, 0.10913758552991427, 0.10970401696183464, 0.10990004055202007, 0.10879894904792309, 0.10860732087382564, 0.1085425615310669, 0.1086620894762186, 0.10889445130641644, 0.108405125412074, 0.1083599179983139, 0.1093675047159195, 0.10939725373799984, 0.10926045051642827, 0.10923906229436398, 0.10830508332167353, 0.10886018930210008, 0.10849988578181517, 0.10936660319566727, 0.1091260313987732, 0.10792715305631811, 0.10873111197724938, 0.10872401759542268, 0.10735302492976188, 0.10875784673474052, 0.10914425651232401, 0.10783710330724716, 0.10955876401729053, 0.10828837226418887, 0.10942310156921546, 0.10926058966862529, 0.10864355880767107, 0.10734488070011139, 0.10835408948754009, 0.10813121804419686, 0.10874081183882321, 0.10763687267899513, 0.10876676514744758, 0.10828127298090193, 0.10786274742139013, 0.10869885236024857, 0.10913797244429588, 0.1092542095316781, 0.10856108367443085, 0.10970719655354817, 0.10811108960346742, 0.10799521004611795, 0.10882038303783961, 0.10938619822263718, 0.10907548268636068, 0.10913165252317082, 0.1085425221494266, 0.10865418555644843, 0.10918287319295547, 0.1081773569541318, 0.10926059606884207, 0.10870185904204846, 0.10792442917823791, 0.10850072801113128, 0.10812998252610366, 0.10907673729317528, 0.10845272784883325, 0.10878658394018809, 0.10886595274011295, 0.10976508549518055, 0.10946973363558452, 0.10902149162509224, 0.10814118074874084, 0.10853551179170609, 0.10910385321168338, 0.10871389425463146, 0.10860310445229213, 0.10911050496193078, 0.10974224209785462, 0.10822311653332277, 0.10869106401999791, 0.10980415069743206, 0.10836838132568768, 0.10840495261881086, 0.1079235550548349, 0.10779936747117476, 0.10884473100304604, 0.10891229783495267, 0.10945343831554055, 0.10887060910463334, 0.10849060341715813, 0.10765881057490002, 0.10962854102253913, 0.10870442774735, 0.10834074978317533, 0.10907206187645595, 0.10880444275921788, 0.10752130597829819, 0.10901305675506592, 0.10918193757534027, 0.10831403819953694, 0.10843728420635064, 0.10800927057862282, 0.1076161719181321, 0.10858063623309136, 0.1085701258136676, 0.10918277502059937, 0.10891174897551537, 0.10844574496150017, 0.10903910073367032, 0.10816520104805628, 0.10886931349523365, 0.10870180732530096, 0.10951816886663437, 0.10905588045716286, 0.10871488638222218, 0.10847961100248191, 0.10866328159516508, 0.10805187970399857, 0.10868972912430763, 0.10827651371558507, 0.10866630416024815, 0.10845925990078184, 0.10909103163901497, 0.10865515563637018, 0.10953433960676193, 0.10924339145421982, 0.10838240385055542, 0.10853745080530644, 0.10839254054285231, 0.1089305192232132, 0.10939778853207827, 0.10816561144131881, 0.1093582275013129, 0.10839606347409161, 0.10809357762336731, 0.10936240805312991, 0.10917338401079178, 0.10869085267186165, 0.10944616496562957, 0.10888689383864403, 0.10920307826664713, 0.10909147063891093, 0.10859932460718685, 0.1076755290850997, 0.10854217807451884, 0.10857124924659729, 0.1084594557944097, 0.10801722268973078, 0.10863335570320487, 0.1087805214855406, 0.10921040425697963, 0.10860268365253102, 0.10852712268630664, 0.10907915780941645, 0.10935988463461399, 0.1089344228307406, 0.10861094606419404, 0.10915385304312956, 0.10823155492544174, 0.10857305365304153, 0.1081975797812144, 0.11016372069716454, 0.10950823331421072, 0.10862213969230652, 0.10779426371057828, 0.10841421329456827, 0.1073532531207258, 0.10808486331786428, 0.10915956811772452, 0.10875025101833874, 0.10931492497523626, 0.10989511690356514, 0.1090902505736602, 0.10826841838981795, 0.10857598036527634, 0.10986156078676383, 0.10845097354971446, 0.1089813622335593, 0.1087850426202235, 0.10878793561929151, 0.10895037917154175, 0.1085875542326407, 0.10856045186519622, 0.1092252869296957, 0.10816298872232437, 0.10950833352075683, 0.10957696040471394, 0.10853003058582544, 0.10836405781182376, 0.10837338811584882, 0.10892011269050486, 0.10946706723835734, 0.10906175659461455, 0.10862733796238899, 0.10819901122401158, 0.1094845935702324, 0.1089191778886075, 0.10798778881629308, 0.10935824438929558, 0.10925973504781723, 0.10942745547402989, 0.1083673357963562, 0.10869452978173892, 0.10796498879790306, 0.10903133964166045, 0.10948749333620071, 0.10850277589634061, 0.10769863612949848, 0.1081937924027443, 0.10885375539461771, 0.10931558832526207, 0.10840405635535717, 0.10873229056596756, 0.10879602432250976, 0.10793375886148876, 0.10856970518827438, 0.10816156268119811, 0.10908425952258863, 0.10876156491312114, 0.10870209723711013, 0.10882472412453757, 0.10949244781544334, 0.10911158960441063, 0.10924300092917222, 0.10856887742000468, 0.10932328376699896, 0.1085923494477021, 0.10935191437602043, 0.10871947184205055, 0.10894872108474374, 0.10795312239365144, 0.11001551821827889, 0.10893267299979925, 0.10992009490728379, 0.10971447080373764, 0.10739656165242195, 0.10814079235900532, 0.10883418098092079, 0.10907991869109017, 0.10901634891827901, 0.10913914581760764, 0.10910817210872968, 0.10807978903705423, 0.10832225463607094, 0.10802883968541496, 0.1085066992789507, 0.10982481473022038, 0.10892534318069617, 0.1087016307494857, 0.10864334418015047, 0.10802082403710014, 0.1093093603849411, 0.10789682219425838, 0.1080581322312355, 0.10892780937931755, 0.10858923802152276, 0.10858662649989129, 0.10784518583254381, 0.10880308655592111, 0.10951015488667921, 0.1088237777352333, 0.10881368567546208, 0.10968928039073944, 0.1085564936785137, 0.10993210226297379, 0.10858406946063041, 0.10963713477055231, 0.107722745700316, 0.10871231826868924, 0.10986111015081405, 0.10789209935400221, 0.1089182584123178, 0.10880921239202673, 0.10752282698046077, 0.10832648552381076, 0.10819418186491186, 0.10965925827622414, 0.10901025596719521, 0.10867884269227153, 0.10859433859586716, 0.10833629658993553, 0.10849293167976772, 0.10821541112202865, 0.10864387926730243, 0.10891401835463264, 0.10870659408661035, 0.10904755691687266, 0.10796046108007432, 0.1090851951804426, 0.10854894067678186, 0.10856767650693655, 0.10895936454043668, 0.10942680867654937, 0.10882585048675537, 0.10810691175552514, 0.10901597780840737, 0.10886195003986358, 0.10812263248058465, 0.10822316110134125, 0.10916998440569098, 0.10820239835551806, 0.10897961766882376, 0.10921104358775276, 0.10768889500336214, 0.10862994996400979, 0.10857911981069125, 0.10925244074314833, 0.10931521539504711, 0.1090756898952855, 0.10819320778052012, 0.10922417715191841, 0.10781721432100642, 0.10912064131763247, 0.10873860011740429, 0.10812650553204796, 0.10921580189218123, 0.10893850214779377, 0.10808501595800574, 0.10837840572709129, 0.10863420296282995, 0.10744358971714973, 0.10838551345196637, 0.10797996344891461, 0.10956931043238867, 0.10793828032910824, 0.10856959262960836, 0.108684822562195, 0.10775513499975205, 0.10874181078827899, 0.10839560018344359, 0.10968754387327603, 0.10865028351545333, 0.10764838308095932, 0.10867207531224597, 0.10846043452620506, 0.10925787755034187, 0.10902189463376999, 0.10804279396931331, 0.10911710518929693, 0.10910482879947214, 0.10922848362298239, 0.10950454771518707, 0.10812851786613464, 0.10876810467905468, 0.10945785045623779, 0.10851821824908256, 0.10837693810462952, 0.10831221118569374, 0.10934071739514668, 0.10841321732316699, 0.1087150476872921, 0.1096606575525724, 0.10869537815451621, 0.1086804944844473, 0.10860732534239369, 0.10882653721741267, 0.10914869127529007, 0.10844971239566803, 0.10976305468515916, 0.10867159813642502, 0.1079318868842992, 0.10882247578014027, 0.10839660891464778, 0.10875700316999269, 0.10870326213214708, 0.10928294062614441, 0.1087059172300192, 0.10792226791381836, 0.10893214258708452, 0.10913407938046889, 0.1085487577048215, 0.10907277411648206, 0.10949636119253495, 0.10857371703304093, 0.10866384416818618, 0.10900189780763217, 0.10873257679243882, 0.10983020588755607, 0.10938529421885808, 0.10858051708111396, 0.10823192074894905, 0.1087532074501117, 0.10961516743356531, 0.10882018879055977, 0.10873462073504925, 0.10882669687271118, 0.10858131891914777, 0.10961426571011543, 0.1080612912774086, 0.10825687771042188, 0.10920326991213693, 0.1091457836329937, 0.10868131901536669]}