('OC-FakeDect1 (Trained on DFDB Dataset)  \nTested on AVG Face2Face Dataset  \nRunning Average Evaluation', 'OC-FakeDect1_DFDB', 'DFDB', 'OC-FakeDect1_DFDB_raeonF2Favg')
auroc=0.5025212069988617
f1=0.46105072463768115
prec=0.4206611570247934
recall=0.5100200400801603

fpr=[0.0, 0.5100200400801603, 1.0]

tpr=[0.0, 0.5150624540778839, 1.0]

y_true=[0, 0, 0, 0, 0, 0, 0, 0, 0, 0, 0, 0, 0, 0, 0, 0, 0, 0, 0, 0, 0, 0, 0, 0, 0, 0, 0, 0, 0, 0, 0, 0, 0, 0, 0, 0, 0, 0, 0, 0, 0, 0, 0, 0, 0, 0, 0, 0, 0, 0, 0, 0, 0, 0, 0, 0, 0, 0, 0, 0, 0, 0, 0, 0, 0, 0, 0, 0, 0, 0, 0, 0, 0, 0, 0, 0, 0, 0, 0, 0, 0, 0, 0, 0, 0, 0, 0, 0, 0, 0, 0, 0, 0, 0, 0, 0, 0, 0, 0, 0, 0, 0, 0, 0, 0, 0, 0, 0, 0, 0, 0, 0, 0, 0, 0, 0, 0, 0, 0, 0, 0, 0, 0, 0, 0, 0, 0, 0, 0, 0, 0, 0, 0, 0, 0, 0, 0, 0, 0, 0, 0, 0, 0, 0, 0, 0, 0, 0, 0, 0, 0, 0, 0, 0, 0, 0, 0, 0, 0, 0, 0, 0, 0, 0, 0, 0, 0, 0, 0, 0, 0, 0, 0, 0, 0, 0, 0, 0, 0, 0, 0, 0, 0, 0, 0, 0, 0, 0, 0, 0, 0, 0, 0, 0, 0, 0, 0, 0, 0, 0, 0, 0, 0, 0, 0, 0, 0, 0, 0, 0, 0, 0, 0, 0, 0, 0, 0, 0, 0, 0, 0, 0, 0, 0, 0, 0, 0, 0, 0, 0, 0, 0, 0, 0, 0, 0, 0, 0, 0, 0, 0, 0, 0, 0, 0, 0, 0, 0, 0, 0, 0, 0, 0, 0, 0, 0, 0, 0, 0, 0, 0, 0, 0, 0, 0, 0, 0, 0, 0, 0, 0, 0, 0, 0, 0, 0, 0, 0, 0, 0, 0, 0, 0, 0, 0, 0, 0, 0, 0, 0, 0, 0, 0, 0, 0, 0, 0, 0, 0, 0, 0, 0, 0, 0, 0, 0, 0, 0, 0, 0, 0, 0, 0, 0, 0, 0, 0, 0, 0, 0, 0, 0, 0, 0, 0, 0, 0, 0, 0, 0, 0, 0, 0, 0, 0, 0, 0, 0, 0, 0, 0, 0, 0, 0, 0, 0, 0, 0, 0, 0, 0, 0, 0, 0, 0, 0, 0, 0, 0, 0, 0, 0, 0, 0, 0, 0, 0, 0, 0, 0, 0, 0, 0, 0, 0, 0, 0, 0, 0, 0, 0, 0, 0, 0, 0, 0, 0, 0, 0, 0, 0, 0, 0, 0, 0, 0, 0, 0, 0, 0, 0, 0, 0, 0, 0, 0, 0, 0, 0, 0, 0, 0, 0, 0, 0, 0, 0, 0, 0, 0, 0, 0, 0, 0, 0, 0, 0, 0, 0, 0, 0, 0, 0, 0, 0, 0, 0, 0, 0, 0, 0, 0, 0, 0, 0, 0, 0, 0, 0, 0, 0, 0, 0, 0, 0, 0, 0, 0, 0, 0, 0, 0, 0, 0, 0, 0, 0, 0, 0, 0, 0, 0, 0, 0, 0, 0, 0, 0, 0, 0, 0, 0, 0, 0, 0, 0, 0, 0, 0, 0, 0, 0, 0, 0, 0, 0, 0, 0, 0, 0, 0, 0, 0, 0, 0, 0, 0, 0, 0, 0, 0, 0, 0, 0, 0, 0, 0, 0, 0, 0, 0, 0, 0, 0, 0, 0, 0, 0, 0, 0, 0, 0, 0, 0, 0, 0, 0, 0, 0, 0, 0, 0, 0, 0, 0, 0, 0, 0, 0, 0, 0, 0, 0, 0, 0, 0, 0, 0, 0, 0, 0, 0, 0, 0, 0, 0, 0, 0, 0, 0, 0, 0, 0, 0, 0, 0, 0, 0, 0, 0, 0, 0, 0, 0, 0, 0, 0, 0, 0, 0, 0, 0, 0, 0, 0, 0, 0, 0, 0, 0, 0, 0, 0, 0, 0, 0, 0, 0, 0, 0, 0, 0, 0, 0, 0, 0, 0, 0, 0, 0, 0, 0, 0, 0, 0, 0, 0, 0, 0, 0, 0, 0, 0, 0, 0, 0, 0, 0, 0, 0, 0, 0, 0, 0, 0, 0, 0, 0, 0, 0, 0, 0, 0, 0, 0, 0, 0, 0, 0, 0, 0, 0, 0, 0, 0, 0, 0, 0, 0, 0, 0, 0, 0, 0, 0, 0, 0, 0, 0, 0, 0, 0, 0, 0, 0, 0, 0, 0, 0, 0, 0, 0, 0, 0, 0, 0, 0, 0, 0, 0, 0, 0, 0, 0, 0, 0, 0, 0, 0, 0, 0, 0, 0, 0, 0, 0, 0, 0, 0, 0, 0, 0, 0, 0, 0, 0, 0, 0, 0, 0, 0, 0, 0, 0, 0, 0, 0, 0, 0, 0, 0, 0, 0, 0, 0, 0, 0, 0, 0, 0, 0, 0, 0, 0, 0, 0, 0, 0, 0, 0, 0, 0, 0, 0, 0, 0, 0, 0, 0, 0, 0, 0, 0, 0, 0, 0, 0, 0, 0, 0, 0, 0, 0, 0, 0, 0, 0, 0, 0, 0, 0, 0, 0, 0, 0, 0, 0, 0, 0, 0, 0, 0, 0, 0, 0, 0, 0, 0, 0, 0, 0, 0, 0, 0, 0, 0, 0, 0, 0, 0, 0, 0, 0, 0, 0, 0, 0, 0, 0, 0, 0, 0, 0, 0, 0, 0, 0, 0, 0, 0, 0, 0, 0, 0, 0, 0, 0, 0, 0, 0, 0, 0, 0, 0, 0, 0, 0, 0, 0, 0, 0, 0, 0, 0, 0, 0, 0, 0, 0, 0, 0, 0, 0, 0, 0, 0, 0, 0, 0, 0, 0, 0, 0, 0, 0, 0, 0, 0, 0, 0, 0, 0, 0, 0, 0, 0, 0, 0, 0, 0, 0, 0, 0, 0, 0, 0, 0, 0, 0, 0, 0, 0, 0, 0, 0, 0, 0, 0, 0, 0, 0, 0, 0, 0, 0, 0, 0, 0, 0, 0, 0, 0, 0, 0, 0, 0, 0, 0, 0, 0, 0, 0, 0, 0, 0, 0, 0, 0, 0, 0, 0, 0, 0, 0, 0, 0, 0, 0, 0, 0, 0, 0, 0, 0, 0, 0, 0, 0, 0, 0, 0, 0, 0, 0, 0, 0, 0, 0, 0, 0, 0, 0, 0, 0, 0, 0, 0, 0, 0, 0, 0, 0, 0, 0, 0, 0, 0, 0, 0, 0, 0, 0, 0, 0, 0, 0, 0, 0, 0, 0, 0, 0, 0, 0, 0, 0, 0, 0, 0, 0, 0, 0, 0, 0, 0, 0, 0, 0, 0, 0, 0, 0, 0, 0, 0, 0, 0, 0, 0, 0, 0, 0, 0, 0, 0, 0, 0, 0, 0, 0, 0, 0, 0, 0, 0, 0, 0, 0, 0, 0, 0, 0, 0, 0, 0, 0, 0, 0, 0, 0, 0, 0, 0, 0, 0, 0, 0, 0, 0, 0, 0, 0, 0, 0, 0, 0, 0, 0, 0, 0, 0, 0, 0, 0, 0, 0, 0, 0, 0, 0, 0, 0, 0, 0, 0, 0, 0, 0, 0, 0, 0, 0, 0, 0, 0, 0, 0, 0, 0, 0, 0, 0, 0, 0, 0, 0, 0, 0, 0, 0, 0, 0, 0, 0, 0, 0, 0, 0, 0, 0, 0, 0, 0, 0, 0, 0, 0, 0, 0, 0, 0, 0, 0, 0, 0, 0, 0, 0, 0, 0, 0, 0, 0, 0, 0, 0, 0, 0, 0, 0, 0, 0, 0, 0, 0, 0, 0, 0, 0, 0, 0, 0, 0, 0, 0, 0, 0, 0, 0, 0, 0, 0, 0, 0, 0, 0, 0, 0, 0, 0, 0, 0, 0, 0, 0, 0, 0, 0, 0, 0, 0, 0, 0, 0, 0, 0, 0, 0, 0, 0, 0, 0, 0, 0, 0, 0, 0, 0, 0, 0, 0, 0, 0, 0, 0, 0, 0, 0, 0, 0, 0, 0, 0, 0, 0, 0, 0, 0, 0, 0, 0, 0, 0, 0, 0, 0, 0, 0, 0, 0, 0, 0, 0, 0, 0, 0, 0, 0, 0, 0, 0, 0, 0, 0, 0, 0, 0, 0, 0, 0, 0, 0, 0, 0, 0, 0, 0, 0, 0, 0, 0, 0, 0, 0, 0, 0, 0, 0, 0, 0, 0, 0, 0, 0, 0, 0, 0, 0, 0, 0, 0, 0, 0, 0, 0, 0, 0, 0, 0, 0, 0, 0, 0, 0, 0, 0, 0, 0, 0, 0, 0, 0, 0, 0, 0, 0, 0, 0, 0, 0, 0, 0, 0, 0, 0, 0, 0, 0, 0, 0, 0, 0, 0, 0, 0, 0, 0, 0, 0, 0, 0, 1, 1, 1, 1, 1, 1, 1, 1, 1, 1, 1, 1, 1, 1, 1, 1, 1, 1, 1, 1, 1, 1, 1, 1, 1, 1, 1, 1, 1, 1, 1, 1, 1, 1, 1, 1, 1, 1, 1, 1, 1, 1, 1, 1, 1, 1, 1, 1, 1, 1, 1, 1, 1, 1, 1, 1, 1, 1, 1, 1, 1, 1, 1, 1, 1, 1, 1, 1, 1, 1, 1, 1, 1, 1, 1, 1, 1, 1, 1, 1, 1, 1, 1, 1, 1, 1, 1, 1, 1, 1, 1, 1, 1, 1, 1, 1, 1, 1, 1, 1, 1, 1, 1, 1, 1, 1, 1, 1, 1, 1, 1, 1, 1, 1, 1, 1, 1, 1, 1, 1, 1, 1, 1, 1, 1, 1, 1, 1, 1, 1, 1, 1, 1, 1, 1, 1, 1, 1, 1, 1, 1, 1, 1, 1, 1, 1, 1, 1, 1, 1, 1, 1, 1, 1, 1, 1, 1, 1, 1, 1, 1, 1, 1, 1, 1, 1, 1, 1, 1, 1, 1, 1, 1, 1, 1, 1, 1, 1, 1, 1, 1, 1, 1, 1, 1, 1, 1, 1, 1, 1, 1, 1, 1, 1, 1, 1, 1, 1, 1, 1, 1, 1, 1, 1, 1, 1, 1, 1, 1, 1, 1, 1, 1, 1, 1, 1, 1, 1, 1, 1, 1, 1, 1, 1, 1, 1, 1, 1, 1, 1, 1, 1, 1, 1, 1, 1, 1, 1, 1, 1, 1, 1, 1, 1, 1, 1, 1, 1, 1, 1, 1, 1, 1, 1, 1, 1, 1, 1, 1, 1, 1, 1, 1, 1, 1, 1, 1, 1, 1, 1, 1, 1, 1, 1, 1, 1, 1, 1, 1, 1, 1, 1, 1, 1, 1, 1, 1, 1, 1, 1, 1, 1, 1, 1, 1, 1, 1, 1, 1, 1, 1, 1, 1, 1, 1, 1, 1, 1, 1, 1, 1, 1, 1, 1, 1, 1, 1, 1, 1, 1, 1, 1, 1, 1, 1, 1, 1, 1, 1, 1, 1, 1, 1, 1, 1, 1, 1, 1, 1, 1, 1, 1, 1, 1, 1, 1, 1, 1, 1, 1, 1, 1, 1, 1, 1, 1, 1, 1, 1, 1, 1, 1, 1, 1, 1, 1, 1, 1, 1, 1, 1, 1, 1, 1, 1, 1, 1, 1, 1, 1, 1, 1, 1, 1, 1, 1, 1, 1, 1, 1, 1, 1, 1, 1, 1, 1, 1, 1, 1, 1, 1, 1, 1, 1, 1, 1, 1, 1, 1, 1, 1, 1, 1, 1, 1, 1, 1, 1, 1, 1, 1, 1, 1, 1, 1, 1, 1, 1, 1, 1, 1, 1, 1, 1, 1, 1, 1, 1, 1, 1, 1, 1, 1, 1, 1, 1, 1, 1, 1, 1, 1, 1, 1, 1, 1, 1, 1, 1, 1, 1, 1, 1, 1, 1, 1, 1, 1, 1, 1, 1, 1, 1, 1, 1, 1, 1, 1, 1, 1, 1, 1, 1, 1, 1, 1, 1, 1, 1, 1, 1, 1, 1, 1, 1, 1, 1, 1, 1, 1, 1, 1, 1, 1, 1, 1, 1, 1, 1, 1, 1, 1, 1, 1, 1, 1, 1, 1, 1, 1, 1, 1, 1, 1, 1, 1, 1, 1, 1, 1, 1, 1, 1, 1, 1, 1, 1, 1, 1, 1, 1, 1, 1, 1, 1, 1, 1, 1, 1, 1, 1, 1, 1, 1, 1, 1, 1, 1, 1, 1, 1, 1, 1, 1, 1, 1, 1, 1, 1, 1, 1, 1, 1, 1, 1, 1, 1, 1, 1, 1, 1, 1, 1, 1, 1, 1, 1, 1, 1, 1, 1, 1, 1, 1, 1, 1, 1, 1, 1, 1, 1, 1, 1, 1, 1, 1, 1, 1, 1, 1, 1, 1, 1, 1, 1, 1, 1, 1, 1, 1, 1, 1, 1, 1, 1, 1, 1, 1, 1, 1, 1, 1, 1, 1, 1, 1, 1, 1, 1, 1, 1, 1, 1, 1, 1, 1, 1, 1, 1, 1, 1, 1, 1, 1, 1, 1, 1, 1, 1, 1, 1, 1, 1, 1, 1, 1, 1, 1, 1, 1, 1, 1, 1, 1, 1, 1, 1, 1, 1, 1, 1, 1, 1, 1, 1, 1, 1, 1, 1, 1, 1, 1, 1, 1, 1, 1, 1, 1, 1, 1, 1, 1, 1, 1, 1, 1, 1, 1, 1, 1, 1, 1, 1, 1, 1, 1, 1, 1, 1, 1, 1, 1, 1, 1, 1, 1, 1, 1, 1, 1, 1, 1, 1, 1, 1, 1, 1, 1, 1, 1, 1, 1, 1, 1, 1, 1, 1, 1, 1, 1, 1, 1, 1, 1, 1, 1, 1, 1, 1, 1, 1, 1, 1, 1, 1, 1, 1, 1, 1, 1, 1, 1, 1, 1, 1, 1, 1, 1, 1, 1, 1, 1, 1, 1, 1, 1, 1, 1, 1, 1, 1, 1, 1, 1, 1, 1, 1, 1, 1, 1, 1, 1, 1, 1, 1, 1, 1, 1, 1, 1, 1, 1, 1, 1, 1, 1, 1, 1, 1, 1, 1, 1, 1, 1, 1, 1, 1, 1, 1, 1, 1, 1, 1, 1, 1, 1, 1, 1, 1, 1, 1, 1, 1, 1, 1, 1, 1, 1, 1, 1, 1, 1, 1, 1, 1, 1, 1, 1, 1, 1, 1, 1, 1, 1, 1, 1, 1, 1, 1, 1, 1, 1, 1, 1, 1, 1, 1, 1, 1, 1, 1, 1, 1, 1, 1, 1, 1, 1, 1, 1, 1, 1, 1, 1, 1, 1, 1, 1, 1, 1, 1, 1, 1, 1, 1, 1, 1, 1, 1, 1, 1, 1, 1, 1, 1, 1, 1, 1, 1, 1, 1, 1, 1, 1, 1, 1, 1, 1, 1, 1, 1, 1, 1, 1, 1, 1, 1, 1, 1, 1, 1, 1, 1, 1, 1, 1, 1, 1, 1, 1, 1, 1, 1, 1, 1, 1, 1, 1, 1, 1, 1, 1, 1, 1, 1, 1, 1, 1, 1, 1, 1, 1, 1, 1, 1, 1, 1, 1, 1, 1, 1, 1, 1, 1, 1, 1, 1, 1, 1, 1, 1, 1, 1, 1, 1, 1, 1, 1, 1]

y_pred=[1.0, 0.0, 0.0, 0.0, 0.0, 1.0, 1.0, 0.0, 0.0, 0.0, 1.0, 1.0, 0.0, 0.0, 1.0, 1.0, 1.0, 1.0, 1.0, 0.0, 1.0, 1.0, 1.0, 0.0, 0.0, 0.0, 1.0, 0.0, 1.0, 1.0, 0.0, 0.0, 1.0, 1.0, 0.0, 1.0, 0.0, 1.0, 1.0, 1.0, 1.0, 0.0, 0.0, 1.0, 1.0, 0.0, 0.0, 0.0, 0.0, 0.0, 0.0, 1.0, 1.0, 1.0, 0.0, 1.0, 1.0, 1.0, 1.0, 1.0, 0.0, 0.0, 0.0, 0.0, 1.0, 1.0, 1.0, 0.0, 0.0, 1.0, 0.0, 0.0, 1.0, 0.0, 0.0, 1.0, 0.0, 0.0, 1.0, 0.0, 0.0, 0.0, 1.0, 1.0, 1.0, 0.0, 0.0, 1.0, 0.0, 1.0, 1.0, 0.0, 0.0, 0.0, 1.0, 0.0, 0.0, 1.0, 0.0, 0.0, 1.0, 0.0, 0.0, 1.0, 0.0, 0.0, 1.0, 0.0, 0.0, 0.0, 0.0, 0.0, 1.0, 1.0, 1.0, 0.0, 1.0, 0.0, 0.0, 0.0, 0.0, 0.0, 0.0, 0.0, 0.0, 1.0, 1.0, 0.0, 0.0, 0.0, 0.0, 1.0, 0.0, 1.0, 0.0, 1.0, 0.0, 0.0, 0.0, 1.0, 1.0, 0.0, 0.0, 1.0, 0.0, 0.0, 0.0, 1.0, 0.0, 1.0, 1.0, 1.0, 0.0, 0.0, 0.0, 1.0, 1.0, 1.0, 0.0, 0.0, 1.0, 0.0, 1.0, 0.0, 1.0, 0.0, 1.0, 1.0, 1.0, 1.0, 0.0, 0.0, 1.0, 0.0, 0.0, 1.0, 0.0, 1.0, 0.0, 1.0, 1.0, 1.0, 0.0, 0.0, 1.0, 1.0, 0.0, 0.0, 0.0, 0.0, 1.0, 0.0, 1.0, 0.0, 0.0, 1.0, 0.0, 0.0, 0.0, 0.0, 1.0, 1.0, 1.0, 1.0, 1.0, 1.0, 0.0, 1.0, 1.0, 1.0, 0.0, 0.0, 0.0, 0.0, 1.0, 0.0, 0.0, 0.0, 0.0, 1.0, 1.0, 0.0, 1.0, 1.0, 0.0, 1.0, 0.0, 0.0, 1.0, 1.0, 0.0, 1.0, 1.0, 1.0, 0.0, 0.0, 0.0, 1.0, 1.0, 1.0, 0.0, 0.0, 0.0, 0.0, 0.0, 0.0, 0.0, 1.0, 0.0, 1.0, 0.0, 1.0, 0.0, 1.0, 1.0, 1.0, 0.0, 1.0, 0.0, 0.0, 1.0, 0.0, 0.0, 1.0, 0.0, 1.0, 1.0, 0.0, 0.0, 1.0, 1.0, 0.0, 1.0, 1.0, 0.0, 0.0, 0.0, 1.0, 1.0, 0.0, 0.0, 1.0, 0.0, 1.0, 0.0, 1.0, 1.0, 1.0, 0.0, 0.0, 0.0, 1.0, 1.0, 1.0, 1.0, 0.0, 1.0, 1.0, 0.0, 0.0, 1.0, 0.0, 1.0, 0.0, 1.0, 1.0, 0.0, 0.0, 0.0, 1.0, 0.0, 0.0, 0.0, 0.0, 0.0, 1.0, 0.0, 1.0, 1.0, 0.0, 0.0, 1.0, 1.0, 0.0, 1.0, 0.0, 0.0, 0.0, 1.0, 0.0, 1.0, 0.0, 0.0, 0.0, 0.0, 0.0, 1.0, 0.0, 0.0, 1.0, 0.0, 0.0, 0.0, 1.0, 1.0, 0.0, 0.0, 0.0, 0.0, 0.0, 1.0, 0.0, 0.0, 1.0, 0.0, 0.0, 0.0, 1.0, 0.0, 1.0, 0.0, 1.0, 1.0, 1.0, 1.0, 0.0, 1.0, 1.0, 0.0, 1.0, 0.0, 0.0, 1.0, 1.0, 0.0, 1.0, 1.0, 0.0, 1.0, 0.0, 1.0, 0.0, 1.0, 0.0, 0.0, 0.0, 0.0, 0.0, 0.0, 1.0, 1.0, 1.0, 1.0, 0.0, 0.0, 1.0, 1.0, 1.0, 1.0, 0.0, 1.0, 0.0, 1.0, 0.0, 0.0, 1.0, 1.0, 1.0, 0.0, 0.0, 1.0, 0.0, 1.0, 0.0, 0.0, 0.0, 0.0, 0.0, 0.0, 1.0, 1.0, 0.0, 1.0, 1.0, 1.0, 1.0, 1.0, 1.0, 1.0, 1.0, 0.0, 1.0, 1.0, 0.0, 0.0, 0.0, 0.0, 1.0, 1.0, 1.0, 1.0, 0.0, 0.0, 1.0, 0.0, 0.0, 0.0, 1.0, 1.0, 1.0, 1.0, 0.0, 1.0, 1.0, 1.0, 0.0, 0.0, 1.0, 1.0, 0.0, 0.0, 1.0, 1.0, 0.0, 0.0, 1.0, 0.0, 1.0, 0.0, 0.0, 0.0, 0.0, 0.0, 0.0, 0.0, 1.0, 1.0, 1.0, 0.0, 1.0, 0.0, 0.0, 1.0, 0.0, 0.0, 1.0, 0.0, 1.0, 1.0, 1.0, 1.0, 0.0, 0.0, 0.0, 0.0, 1.0, 0.0, 1.0, 1.0, 0.0, 1.0, 0.0, 0.0, 1.0, 0.0, 0.0, 0.0, 0.0, 0.0, 0.0, 0.0, 0.0, 0.0, 0.0, 1.0, 0.0, 1.0, 0.0, 0.0, 0.0, 0.0, 0.0, 1.0, 0.0, 1.0, 1.0, 0.0, 1.0, 1.0, 1.0, 1.0, 0.0, 0.0, 0.0, 0.0, 1.0, 0.0, 1.0, 0.0, 0.0, 0.0, 1.0, 0.0, 0.0, 0.0, 0.0, 1.0, 0.0, 1.0, 0.0, 0.0, 0.0, 0.0, 1.0, 0.0, 1.0, 1.0, 0.0, 1.0, 0.0, 1.0, 0.0, 1.0, 0.0, 1.0, 0.0, 1.0, 1.0, 0.0, 1.0, 1.0, 0.0, 0.0, 1.0, 1.0, 1.0, 1.0, 0.0, 0.0, 0.0, 1.0, 0.0, 0.0, 1.0, 1.0, 0.0, 0.0, 1.0, 0.0, 0.0, 0.0, 0.0, 1.0, 1.0, 0.0, 0.0, 0.0, 1.0, 0.0, 1.0, 1.0, 1.0, 1.0, 0.0, 1.0, 1.0, 0.0, 0.0, 0.0, 0.0, 0.0, 1.0, 0.0, 0.0, 1.0, 1.0, 0.0, 0.0, 1.0, 0.0, 0.0, 0.0, 1.0, 0.0, 0.0, 0.0, 1.0, 0.0, 0.0, 1.0, 0.0, 1.0, 0.0, 1.0, 1.0, 0.0, 0.0, 1.0, 1.0, 0.0, 1.0, 1.0, 0.0, 1.0, 1.0, 1.0, 0.0, 0.0, 1.0, 1.0, 0.0, 1.0, 1.0, 1.0, 1.0, 1.0, 0.0, 0.0, 1.0, 1.0, 1.0, 1.0, 0.0, 1.0, 1.0, 0.0, 0.0, 0.0, 1.0, 1.0, 1.0, 1.0, 0.0, 1.0, 1.0, 1.0, 0.0, 1.0, 0.0, 0.0, 1.0, 0.0, 0.0, 0.0, 0.0, 1.0, 1.0, 1.0, 1.0, 0.0, 1.0, 0.0, 1.0, 1.0, 1.0, 1.0, 0.0, 0.0, 0.0, 0.0, 0.0, 1.0, 0.0, 0.0, 0.0, 1.0, 1.0, 0.0, 1.0, 1.0, 1.0, 0.0, 0.0, 0.0, 1.0, 0.0, 0.0, 0.0, 1.0, 0.0, 1.0, 1.0, 1.0, 1.0, 0.0, 0.0, 1.0, 0.0, 1.0, 1.0, 0.0, 0.0, 1.0, 1.0, 0.0, 0.0, 0.0, 0.0, 0.0, 0.0, 0.0, 1.0, 1.0, 1.0, 1.0, 1.0, 1.0, 1.0, 0.0, 0.0, 1.0, 0.0, 0.0, 0.0, 0.0, 0.0, 1.0, 0.0, 1.0, 1.0, 1.0, 0.0, 1.0, 1.0, 1.0, 1.0, 0.0, 0.0, 1.0, 1.0, 0.0, 0.0, 1.0, 1.0, 0.0, 1.0, 1.0, 0.0, 1.0, 0.0, 1.0, 0.0, 0.0, 0.0, 0.0, 0.0, 0.0, 0.0, 0.0, 1.0, 1.0, 1.0, 0.0, 1.0, 1.0, 1.0, 1.0, 0.0, 1.0, 1.0, 1.0, 1.0, 0.0, 0.0, 0.0, 0.0, 0.0, 1.0, 0.0, 0.0, 0.0, 1.0, 1.0, 0.0, 0.0, 1.0, 0.0, 0.0, 0.0, 0.0, 0.0, 1.0, 1.0, 0.0, 0.0, 1.0, 1.0, 0.0, 0.0, 1.0, 1.0, 0.0, 1.0, 1.0, 1.0, 0.0, 1.0, 0.0, 1.0, 1.0, 1.0, 1.0, 1.0, 0.0, 0.0, 1.0, 0.0, 1.0, 1.0, 1.0, 0.0, 0.0, 0.0, 1.0, 1.0, 0.0, 0.0, 1.0, 0.0, 0.0, 1.0, 0.0, 1.0, 1.0, 1.0, 1.0, 1.0, 1.0, 1.0, 0.0, 1.0, 0.0, 1.0, 1.0, 1.0, 0.0, 1.0, 1.0, 0.0, 0.0, 1.0, 1.0, 0.0, 1.0, 0.0, 1.0, 1.0, 1.0, 1.0, 0.0, 1.0, 0.0, 0.0, 1.0, 0.0, 1.0, 0.0, 0.0, 1.0, 0.0, 1.0, 0.0, 1.0, 0.0, 0.0, 1.0, 0.0, 0.0, 0.0, 1.0, 0.0, 0.0, 0.0, 1.0, 0.0, 0.0, 0.0, 0.0, 1.0, 1.0, 1.0, 0.0, 0.0, 0.0, 0.0, 1.0, 1.0, 1.0, 1.0, 0.0, 0.0, 1.0, 1.0, 1.0, 0.0, 0.0, 0.0, 0.0, 0.0, 1.0, 0.0, 0.0, 0.0, 1.0, 1.0, 1.0, 1.0, 1.0, 1.0, 1.0, 0.0, 1.0, 1.0, 0.0, 0.0, 1.0, 1.0, 0.0, 1.0, 1.0, 0.0, 1.0, 1.0, 0.0, 1.0, 0.0, 0.0, 0.0, 0.0, 1.0, 1.0, 0.0, 0.0, 0.0, 1.0, 0.0, 1.0, 0.0, 0.0, 0.0, 0.0, 0.0, 1.0, 1.0, 1.0, 1.0, 0.0, 1.0, 1.0, 0.0, 0.0, 0.0, 0.0, 0.0, 1.0, 1.0, 0.0, 1.0, 1.0, 1.0, 1.0, 0.0, 1.0, 1.0, 1.0, 1.0, 1.0, 0.0, 1.0, 0.0, 1.0, 1.0, 0.0, 0.0, 1.0, 1.0, 1.0, 0.0, 0.0, 0.0, 1.0, 1.0, 0.0, 1.0, 0.0, 0.0, 1.0, 1.0, 1.0, 0.0, 0.0, 1.0, 1.0, 1.0, 0.0, 0.0, 1.0, 0.0, 1.0, 0.0, 0.0, 1.0, 0.0, 0.0, 0.0, 0.0, 0.0, 1.0, 0.0, 1.0, 0.0, 0.0, 0.0, 0.0, 1.0, 1.0, 1.0, 0.0, 0.0, 1.0, 0.0, 1.0, 0.0, 0.0, 1.0, 0.0, 1.0, 1.0, 1.0, 1.0, 0.0, 1.0, 1.0, 0.0, 1.0, 0.0, 1.0, 1.0, 1.0, 0.0, 0.0, 0.0, 0.0, 1.0, 1.0, 1.0, 0.0, 1.0, 1.0, 1.0, 1.0, 1.0, 1.0, 0.0, 0.0, 1.0, 0.0, 0.0, 1.0, 1.0, 1.0, 1.0, 1.0, 1.0, 0.0, 0.0, 0.0, 0.0, 1.0, 1.0, 0.0, 1.0, 1.0, 0.0, 0.0, 0.0, 1.0, 1.0, 1.0, 0.0, 1.0, 1.0, 0.0, 0.0, 0.0, 0.0, 0.0, 0.0, 1.0, 1.0, 0.0, 1.0, 0.0, 0.0, 0.0, 0.0, 1.0, 1.0, 0.0, 1.0, 1.0, 1.0, 0.0, 0.0, 1.0, 0.0, 1.0, 1.0, 0.0, 0.0, 1.0, 1.0, 1.0, 1.0, 0.0, 1.0, 0.0, 0.0, 1.0, 1.0, 1.0, 1.0, 0.0, 0.0, 0.0, 0.0, 0.0, 0.0, 1.0, 0.0, 0.0, 1.0, 1.0, 0.0, 0.0, 1.0, 0.0, 0.0, 1.0, 0.0, 0.0, 1.0, 1.0, 1.0, 0.0, 0.0, 1.0, 1.0, 0.0, 0.0, 0.0, 0.0, 0.0, 0.0, 0.0, 1.0, 0.0, 1.0, 0.0, 0.0, 0.0, 1.0, 1.0, 0.0, 1.0, 1.0, 0.0, 1.0, 0.0, 0.0, 1.0, 1.0, 1.0, 1.0, 0.0, 0.0, 0.0, 1.0, 1.0, 0.0, 0.0, 0.0, 1.0, 1.0, 0.0, 1.0, 0.0, 1.0, 1.0, 0.0, 0.0, 0.0, 0.0, 1.0, 0.0, 0.0, 0.0, 0.0, 0.0, 1.0, 1.0, 1.0, 1.0, 0.0, 0.0, 1.0, 0.0, 1.0, 1.0, 0.0, 1.0, 1.0, 0.0, 0.0, 1.0, 0.0, 1.0, 0.0, 1.0, 0.0, 1.0, 1.0, 1.0, 0.0, 1.0, 0.0, 1.0, 0.0, 1.0, 0.0, 0.0, 1.0, 1.0, 1.0, 0.0, 1.0, 0.0, 1.0, 0.0, 1.0, 1.0, 1.0, 0.0, 1.0, 0.0, 1.0, 0.0, 0.0, 1.0, 1.0, 1.0, 1.0, 0.0, 0.0, 0.0, 1.0, 0.0, 1.0, 0.0, 1.0, 1.0, 1.0, 0.0, 1.0, 1.0, 1.0, 1.0, 1.0, 1.0, 1.0, 0.0, 0.0, 0.0, 1.0, 1.0, 1.0, 0.0, 1.0, 0.0, 0.0, 1.0, 0.0, 0.0, 1.0, 0.0, 0.0, 1.0, 0.0, 1.0, 1.0, 1.0, 1.0, 0.0, 1.0, 1.0, 0.0, 1.0, 0.0, 1.0, 0.0, 1.0, 1.0, 0.0, 1.0, 1.0, 0.0, 0.0, 1.0, 1.0, 0.0, 1.0, 0.0, 1.0, 1.0, 1.0, 0.0, 1.0, 0.0, 0.0, 0.0, 0.0, 1.0, 0.0, 0.0, 1.0, 1.0, 1.0, 1.0, 0.0, 0.0, 1.0, 0.0, 0.0, 1.0, 1.0, 1.0, 0.0, 0.0, 1.0, 1.0, 0.0, 1.0, 0.0, 1.0, 1.0, 1.0, 1.0, 1.0, 1.0, 0.0, 1.0, 0.0, 0.0, 0.0, 1.0, 1.0, 0.0, 1.0, 0.0, 0.0, 0.0, 1.0, 0.0, 1.0, 0.0, 0.0, 1.0, 0.0, 0.0, 1.0, 0.0, 0.0, 1.0, 1.0, 0.0, 1.0, 1.0, 1.0, 0.0, 0.0, 0.0, 0.0, 0.0, 1.0, 1.0, 0.0, 0.0, 1.0, 0.0, 0.0, 1.0, 1.0, 1.0, 1.0, 1.0, 1.0, 0.0, 1.0, 0.0, 0.0, 1.0, 0.0, 0.0, 1.0, 1.0, 0.0, 1.0, 1.0, 1.0, 0.0, 0.0, 0.0, 1.0, 1.0, 0.0, 1.0, 0.0, 0.0, 0.0, 0.0, 1.0, 1.0, 0.0, 1.0, 0.0, 1.0, 0.0, 1.0, 0.0, 1.0, 1.0, 0.0, 0.0, 0.0, 1.0, 0.0, 1.0, 0.0, 1.0, 1.0, 1.0, 1.0, 1.0, 1.0, 0.0, 1.0, 1.0, 0.0, 1.0, 1.0, 0.0, 0.0, 0.0, 0.0, 0.0, 0.0, 0.0, 0.0, 0.0, 0.0, 1.0, 0.0, 0.0, 0.0, 0.0, 0.0, 0.0, 0.0, 0.0, 1.0, 0.0, 1.0, 0.0, 0.0, 1.0, 1.0, 1.0, 0.0, 0.0, 0.0, 0.0, 0.0, 0.0, 1.0, 0.0, 0.0, 1.0, 1.0, 1.0, 0.0, 0.0, 1.0, 0.0, 0.0, 1.0, 1.0, 0.0, 0.0, 0.0, 0.0, 0.0, 0.0, 1.0, 0.0, 0.0, 1.0, 1.0, 0.0, 1.0, 1.0, 0.0, 1.0, 1.0, 0.0, 0.0, 1.0, 1.0, 1.0, 1.0, 0.0, 0.0, 1.0, 0.0, 0.0, 1.0, 0.0, 0.0, 0.0, 0.0, 0.0, 0.0, 1.0, 0.0, 1.0, 0.0, 0.0, 0.0, 0.0, 0.0, 0.0, 0.0, 1.0, 0.0, 1.0, 1.0, 1.0, 1.0, 1.0, 1.0, 1.0, 1.0, 1.0, 0.0, 0.0, 0.0, 1.0, 0.0, 1.0, 0.0, 1.0, 1.0, 1.0, 1.0, 1.0, 0.0, 1.0, 0.0, 0.0, 1.0, 1.0, 0.0, 1.0, 0.0, 0.0, 1.0, 1.0, 1.0, 1.0, 1.0, 1.0, 1.0, 0.0, 0.0, 1.0, 1.0, 1.0, 0.0, 1.0, 0.0, 1.0, 0.0, 1.0, 0.0, 1.0, 0.0, 0.0, 1.0, 1.0, 0.0, 0.0, 0.0, 0.0, 1.0, 1.0, 1.0, 0.0, 1.0, 1.0, 1.0, 0.0, 1.0, 0.0, 0.0, 0.0, 0.0, 1.0, 1.0, 0.0, 0.0, 1.0, 0.0, 1.0, 1.0, 0.0, 1.0, 1.0, 1.0, 0.0, 0.0, 1.0, 0.0, 1.0, 0.0, 1.0, 0.0, 0.0, 0.0, 0.0, 0.0, 1.0, 1.0, 0.0, 0.0, 0.0, 1.0, 1.0, 1.0, 0.0, 0.0, 1.0, 1.0, 0.0, 1.0, 1.0, 0.0, 0.0, 0.0, 0.0, 1.0, 0.0, 0.0, 0.0, 0.0, 1.0, 1.0, 0.0, 0.0, 0.0, 1.0, 0.0, 1.0, 1.0, 0.0, 0.0, 0.0, 0.0, 1.0, 0.0, 0.0, 0.0, 0.0, 0.0, 0.0, 0.0, 1.0, 0.0, 1.0, 0.0, 1.0, 1.0, 0.0, 0.0, 1.0, 1.0, 1.0, 1.0, 0.0, 1.0, 1.0, 0.0, 1.0, 0.0, 1.0, 0.0, 1.0, 1.0, 1.0, 0.0, 0.0, 0.0, 1.0, 0.0, 1.0, 0.0, 1.0, 1.0, 0.0, 0.0, 0.0, 0.0, 0.0, 0.0, 1.0, 0.0, 0.0, 0.0, 1.0, 0.0, 1.0, 0.0, 1.0, 1.0, 0.0, 1.0, 1.0, 1.0, 0.0, 1.0, 0.0, 0.0, 1.0, 0.0, 0.0, 1.0, 1.0, 0.0, 0.0, 0.0, 0.0, 0.0, 1.0, 1.0, 0.0, 1.0, 0.0, 1.0, 0.0, 0.0, 1.0, 0.0, 0.0, 1.0, 1.0, 0.0, 0.0, 0.0, 0.0, 1.0, 0.0, 0.0, 1.0, 1.0, 0.0, 0.0, 1.0, 1.0, 0.0, 1.0, 1.0, 1.0, 1.0, 1.0, 0.0, 1.0, 0.0, 1.0, 0.0, 1.0, 1.0, 1.0, 0.0, 1.0, 1.0, 0.0, 1.0, 0.0, 0.0, 1.0, 1.0, 0.0, 1.0, 0.0, 1.0, 0.0, 0.0, 0.0, 1.0, 0.0, 0.0, 1.0, 0.0, 1.0, 1.0, 0.0, 1.0, 0.0, 0.0, 0.0, 0.0, 1.0, 0.0, 0.0, 0.0, 1.0, 1.0, 1.0, 0.0, 0.0, 0.0, 1.0, 0.0, 0.0, 1.0, 0.0, 1.0, 1.0, 1.0, 0.0, 0.0, 0.0, 1.0, 0.0, 1.0, 0.0, 0.0, 0.0, 0.0, 0.0, 0.0, 0.0, 0.0, 0.0, 0.0, 1.0, 0.0, 0.0, 1.0, 0.0, 1.0, 1.0, 1.0, 1.0, 0.0, 1.0, 0.0, 0.0, 1.0, 0.0, 0.0, 1.0, 1.0, 1.0, 0.0, 0.0, 0.0, 1.0, 0.0, 0.0, 0.0, 0.0, 0.0, 1.0, 1.0, 0.0, 1.0, 0.0, 1.0, 0.0, 1.0, 1.0, 0.0, 0.0, 0.0, 1.0, 1.0, 1.0, 1.0, 0.0, 1.0, 1.0, 1.0, 1.0, 1.0, 0.0, 0.0, 0.0, 0.0, 1.0, 0.0, 1.0, 1.0, 1.0, 1.0, 1.0, 1.0, 0.0, 1.0, 1.0, 1.0, 0.0, 0.0, 0.0, 1.0, 1.0, 0.0, 1.0, 0.0, 0.0, 1.0, 0.0, 1.0, 0.0, 0.0, 0.0, 0.0, 0.0, 0.0, 1.0, 0.0, 1.0, 1.0, 1.0, 0.0, 1.0, 0.0, 1.0, 0.0, 1.0, 0.0, 0.0, 1.0, 1.0, 0.0, 0.0, 1.0, 0.0, 0.0, 0.0, 1.0, 1.0, 1.0, 0.0, 0.0, 1.0, 0.0, 1.0, 0.0, 0.0, 0.0, 0.0, 0.0, 1.0, 0.0, 1.0, 0.0, 0.0, 0.0, 1.0, 0.0, 1.0, 0.0, 1.0, 1.0, 1.0, 0.0, 1.0, 0.0, 1.0, 1.0, 0.0, 0.0, 0.0, 1.0, 1.0, 1.0, 0.0, 0.0, 0.0, 0.0, 0.0, 0.0, 0.0, 0.0, 0.0, 1.0, 1.0, 0.0, 0.0, 0.0, 0.0, 1.0, 0.0, 1.0, 1.0, 0.0, 1.0, 1.0, 1.0, 1.0, 1.0, 1.0, 1.0, 1.0, 1.0, 0.0, 0.0, 0.0, 0.0, 0.0, 0.0, 0.0, 0.0, 1.0, 0.0, 1.0, 0.0, 0.0, 0.0, 0.0, 0.0, 0.0, 1.0, 1.0, 0.0, 1.0, 0.0, 0.0, 1.0, 1.0, 0.0, 1.0, 0.0, 1.0, 1.0, 1.0, 0.0, 1.0, 0.0, 0.0, 0.0, 0.0, 1.0, 1.0, 1.0, 0.0, 1.0, 0.0, 0.0, 1.0, 0.0, 1.0, 1.0, 1.0, 0.0, 1.0, 1.0, 0.0, 1.0, 1.0, 1.0, 1.0, 0.0, 1.0, 1.0, 1.0, 0.0, 0.0, 0.0, 1.0, 0.0, 0.0, 1.0, 1.0, 0.0, 0.0, 1.0, 1.0, 0.0, 0.0, 1.0, 1.0, 1.0, 1.0, 1.0, 1.0, 1.0, 1.0, 1.0, 1.0, 1.0, 0.0, 1.0, 0.0, 0.0, 0.0, 0.0, 1.0, 1.0, 1.0, 1.0, 0.0, 1.0, 0.0, 1.0, 1.0, 1.0, 0.0, 0.0, 0.0, 1.0, 1.0, 0.0, 1.0, 0.0, 1.0, 0.0, 1.0, 0.0, 1.0, 0.0, 1.0, 0.0, 0.0, 1.0, 1.0, 0.0, 0.0, 1.0, 1.0, 0.0, 1.0, 1.0, 0.0, 0.0, 1.0, 1.0, 1.0, 1.0, 0.0, 0.0, 1.0, 1.0, 1.0, 1.0, 1.0, 1.0, 1.0, 1.0, 1.0, 0.0, 0.0, 1.0, 1.0, 0.0, 1.0, 0.0, 1.0, 1.0, 1.0, 1.0, 1.0, 0.0, 0.0, 1.0, 1.0, 1.0, 0.0, 1.0, 0.0, 1.0, 0.0, 0.0, 1.0, 0.0, 0.0, 0.0, 0.0, 0.0, 1.0, 0.0, 1.0, 0.0, 1.0, 1.0, 1.0, 1.0, 0.0, 0.0, 0.0, 0.0, 0.0, 1.0, 1.0, 1.0, 1.0, 1.0, 1.0, 1.0, 0.0, 0.0, 1.0, 0.0, 0.0, 1.0, 0.0, 1.0, 1.0, 0.0, 1.0, 1.0, 1.0, 1.0, 1.0, 1.0, 1.0, 1.0, 0.0, 0.0, 0.0, 1.0, 0.0, 1.0, 1.0, 0.0, 0.0, 0.0, 0.0, 0.0, 1.0, 0.0, 1.0, 0.0, 0.0, 0.0, 1.0, 1.0, 1.0, 1.0, 0.0, 0.0, 1.0, 1.0, 1.0, 1.0, 1.0, 1.0, 1.0, 1.0, 1.0, 0.0, 0.0, 1.0, 0.0, 1.0, 0.0, 0.0, 1.0, 1.0, 0.0, 1.0, 1.0, 0.0, 0.0, 0.0, 1.0, 0.0, 1.0, 1.0, 1.0, 1.0, 1.0, 0.0, 1.0, 0.0, 0.0, 1.0, 1.0, 0.0, 0.0, 0.0, 0.0, 1.0, 1.0, 1.0, 1.0, 0.0, 0.0, 1.0, 1.0, 0.0, 0.0, 1.0, 1.0, 1.0, 0.0, 0.0, 0.0, 0.0, 0.0]
\score={0: [0.1281208193136586, 0.12738719485376193, 0.1273304129188711, 0.1270999734600385, 0.12626351565122604, 0.12821105039781994, 0.12804919745652907, 0.12636175694373938, 0.12752299241978546, 0.12682107463479042, 0.1277568809249822, 0.1278800144791603, 0.12707809465272085, 0.1274111895791946, 0.1276328724164229, 0.12799186936833643, 0.12755144674044389, 0.1286273314194246, 0.1276355691254139, 0.12722412700002844, 0.12785404324531555, 0.128273669826357, 0.12770315632224083, 0.1269358875496047, 0.12675234749913217, 0.12685131695535448, 0.12781393934379925, 0.12748927809298038, 0.12775783147662878, 0.12790956192960343, 0.12742968778247418, 0.12668776313463848, 0.12784649496493133, 0.12881166962060062, 0.12692120391875505, 0.12784507558230432, 0.1270156337155236, 0.12923872098326683, 0.12834469770843332, 0.12856545348962148, 0.12822343160708746, 0.12716371063143014, 0.12648722469001203, 0.12780183522651592, 0.12790696153586562, 0.125419852634271, 0.1270890442861451, 0.1273604046021189, 0.1271341054567269, 0.12734664460787407, 0.1265406422317028, 0.12757267355918883, 0.12796332985162734, 0.12840299432476363, 0.12749025225639343, 0.1280438075462977, 0.1279572695493698, 0.1290515119639727, 0.12765960544347763, 0.1281283050775528, 0.12680027703754604, 0.1273687800599469, 0.1271106285544542, 0.12665378776463596, 0.1282203263706631, 0.1284947246313095, 0.1275954882011694, 0.1267130482941866, 0.12733716712049817, 0.12757175522191183, 0.12713084866603216, 0.1274001490453194, 0.12798060544512488, 0.12705208047440178, 0.12752220711924814, 0.1279928501823853, 0.12726003030935923, 0.1275092146048943, 0.12788704361604608, 0.1270944687227408, 0.1269705177595218, 0.12735761921195424, 0.12817053143915377, 0.12755004713932674, 0.12816995517774063, 0.12710689859730856, 0.12701588771913364, 0.1289008664233344, 0.12739515778693286, 0.12762724973109305, 0.12781797039012113, 0.12716307622544906, 0.12738142487330315, 0.12699029557406902, 0.12834820185195317, 0.1268323328346014, 0.12662746500352334, 0.12769656907767057, 0.12660230763933875, 0.12665732055902482, 0.1298675134778023, 0.127257591182435, 0.1268549671639567, 0.12831548270252016, 0.12738794632829153, 0.12699732854962348, 0.12774320965011915, 0.12721968867949077, 0.12675501880320636, 0.12661940130320462, 0.12675533972440228, 0.12742651253938675, 0.1279029091199239, 0.12816418936619392, 0.1277557563255815, 0.1267085832453543, 0.1284957557916641, 0.12713105944187744, 0.12701558847637737, 0.1271308131123844, 0.12647565421850784, 0.12730521559715272, 0.1262810081243515, 0.12734882367981804, 0.12734937467254126, 0.12859165420134863, 0.12765769846737385, 0.12750158345569734, 0.1269013062119484, 0.12732140995838023, 0.1271281520074064, 0.12807846388646535, 0.1270219710740176, 0.12775774896144867, 0.12652553085769927, 0.12820692965760827, 0.126751105984052, 0.12698606153329214, 0.12736945698658625, 0.12760548225857996, 0.12759550354060004, 0.1270588220042341, 0.12666039778427643, 0.12774721824604532, 0.12714851700833865, 0.12741389208369786, 0.12729866430163383, 0.12768994212150575, 0.1266746073961258, 0.12791932225227357, 0.12792304009199143, 0.12803506190803918, 0.12749996036291122, 0.12742322417242186, 0.12745953745701732, 0.12817086980623357, 0.1278510607779026, 0.12790441709129433, 0.1266650054603815, 0.12710649892687798, 0.12807165695862335, 0.12747313937655202, 0.12789078941568732, 0.12697315160874967, 0.12782714544580534, 0.12739561923912593, 0.12838939843433245, 0.1281377948820591, 0.1286311112344265, 0.12853186018764973, 0.12699593908407472, 0.12653378713311572, 0.12765074521303177, 0.12717108854225703, 0.12649786844849586, 0.12796989222988486, 0.12718501177273298, 0.1277103881750788, 0.12721963679151876, 0.12841456942260265, 0.12841713279485703, 0.12838989064881676, 0.12663294300436972, 0.12701202229116904, 0.12774029035459866, 0.12796842543916268, 0.12692922919988633, 0.12644472522170921, 0.12705433984165607, 0.12701851455494761, 0.12893836433067918, 0.12746627149837358, 0.12762445555283472, 0.12729616882279515, 0.12675364594906569, 0.12765554785728456, 0.1273214291123783, 0.12596966529434378, 0.12742355728850646, 0.12707117820779482, 0.12814675036229586, 0.12767639921771157, 0.12845516055822373, 0.12783849595681482, 0.1277517808171419, 0.12766125454352453, 0.1259482021515186, 0.12930693477392197, 0.12800986766815187, 0.12774135104634546, 0.12731515057384968, 0.12737552523612977, 0.12754066311754286, 0.12745974439641702, 0.12819761137167612, 0.12741832832495373, 0.1272439228800627, 0.12683999775485558, 0.12713348617156348, 0.12806906670331955, 0.12835662811994553, 0.12749851301864343, 0.12822041763313885, 0.1277271990592663, 0.12685173004865646, 0.12855290745695433, 0.127134366104236, 0.1273442627145694, 0.12857108368821765, 0.12777147690455118, 0.12712795529947724, 0.12794087420810352, 0.1287952524266745, 0.12785035813296283, 0.1270043385170755, 0.12680012603168903, 0.12623616084456443, 0.1280778869986534, 0.12793122790753841, 0.1283543093336953, 0.126519525796175, 0.12753153890371322, 0.12723954115062952, 0.12713711550741486, 0.12748464764583678, 0.12716958827750627, 0.12751131592427983, 0.12808384543115442, 0.1270759819369567, 0.12758730931414497, 0.1274215717767847, 0.12812853381037712, 0.12686901367627657, 0.12805628341933092, 0.12757932497509594, 0.12759775370359422, 0.12738918938807078, 0.12860062532126904, 0.1275217305454943, 0.12697573602199555, 0.12814672817202175, 0.12690407186746597, 0.126756493623058, 0.12869915490349135, 0.12739212857559323, 0.12820109948515893, 0.12814259800043973, 0.12662139228161642, 0.1275176964700222, 0.12783509008586408, 0.12937637666861215, 0.12746009464774813, 0.12786979068602836, 0.12776621679464975, 0.12736792713403702, 0.12692957992355028, 0.1275154177386027, 0.12763255006737179, 0.12792449326891647, 0.12742084903376444, 0.12741647756868793, 0.12836131932479994, 0.12626544572412968, 0.12780466269363056, 0.1268182972073555, 0.12845311015844346, 0.12784184236079454, 0.12820086777210235, 0.12737269947926202, 0.12718470710696597, 0.12712892627014832, 0.1277791837399656, 0.12838518295599066, 0.12757031433284283, 0.1277775764465332, 0.1270631808373663, 0.1276458581643445, 0.127602114489204, 0.12738535470432705, 0.12662379319469133, 0.1293081058697267, 0.12678710829753143, 0.1285757508415442, 0.12753158830332034, 0.12866330379620194, 0.12843641952464455, 0.12689572616535075, 0.12707829678600485, 0.12723208899083344, 0.12785647623240948, 0.12584354231754938, 0.12721473962068558, 0.1274930464151578, 0.1269009490223492, 0.12739345997571946, 0.12760633006691932, 0.12753151978055635, 0.12873235791921617, 0.12819846203693977, 0.12701639126647601, 0.1264849752187729, 0.12783150303931462, 0.12759456038475037, 0.1269406160792789, 0.12803592830896376, 0.1273049215475718, 0.12605075275196748, 0.12667608633637428, 0.1278948969183824, 0.12683025673031806, 0.12772229381582953, 0.12743085995316505, 0.12694436335004866, 0.1270086861708585, 0.12715228784967353, 0.1274199977517128, 0.12760753786334625, 0.12750284895300865, 0.12688458214203516, 0.1279460056261583, 0.12736246585845948, 0.12723877938354716, 0.12722670286893845, 0.12839778931811452, 0.12758608410755792, 0.12742689855041958, 0.12697689533233641, 0.12676302871356407, 0.12746818150792802, 0.1272148609161377, 0.1287425790320743, 0.12726489901542665, 0.12731238827109337, 0.12773326453235415, 0.12715640167395273, 0.1274790641452585, 0.12698501059595418, 0.12769097648561, 0.1265489414334297, 0.12776433519626917, 0.12728695488638347, 0.12776050716638565, 0.12765533367500587, 0.12854760512709618, 0.12767775651688376, 0.12711838036775588, 0.12855053807680422, 0.1278364472091198, 0.12717949124899777, 0.1278229460120201, 0.1272457597984208, 0.12699029048283894, 0.128523800522089, 0.12840189518673079, 0.12734555825591087, 0.12795512435527948, 0.12804197877024612, 0.12677303006251653, 0.12761284630088246, 0.1270833175097193, 0.12770064087475047, 0.12675969749689103, 0.12822591726269042, 0.12718595564365387, 0.12692012079060078, 0.1270043578826719, 0.12736970032083578, 0.12713306683760422, 0.12605532333254815, 0.1278300335009893, 0.12764519701401392, 0.12780771060631826, 0.1280480132383459, 0.12754090875387192, 0.1273361828464728, 0.1278927929699421, 0.12850768864154816, 0.1278430808867727, 0.1278254526356856, 0.12694933957287244, 0.1276921894401312, 0.1271123118698597, 0.1285576360921065, 0.12754154362176595, 0.1269167073071003, 0.1280928978489505, 0.1282326750781225, 0.12932416001955668, 0.12733166398746626, 0.12619304209947585, 0.12794654884121634, 0.12700033767355812, 0.12833371087908746, 0.1268889946596963, 0.12678535596320503, 0.1263859277325017, 0.1273072653490564, 0.12728673617045086, 0.12742729303804604, 0.12885136380791665, 0.12815174767199686, 0.1273355543613434, 0.12761746444132016, 0.12776749233404797, 0.12772872840816324, 0.12921064215547898, 0.12831487913023343, 0.1283859595656395, 0.1279397321672275, 0.12843016100426516, 0.1273268291519748, 0.12809662470086056, 0.1286453944630921, 0.1274607505487359, 0.12720662024286059, 0.12729680115977923, 0.1267226979136467, 0.12799500999972224, 0.1277395896613598, 0.12782568381778125, 0.12843385338783264, 0.12729950663116243, 0.1270632976666093, 0.12759911133484406, 0.12702926910585827, 0.1270240074954927, 0.12733692203353092, 0.12774524979648136, 0.12892835090557733, 0.12804395361588553, 0.12781835123896598, 0.12745240330696106, 0.1279753250154582, 0.1281826707224051, 0.128217538818717, 0.12688730408747992, 0.12728103573123614, 0.12780618930564208, 0.12767283990979195, 0.12692825970324603, 0.12743320430700594, 0.1285353175857488, 0.12805086156974235, 0.12736290155185592, 0.12676932600637278, 0.12771361768245698, 0.12739117567737898, 0.12802341887179544, 0.12701925697426, 0.12666627290573987, 0.12680583695570627, 0.12711658097546677, 0.1267385303296826, 0.12699435432167613, 0.12698645889759064, 0.12793651248017948, 0.12778856009244918, 0.1278578569040154, 0.12731765831510225, 0.12793950579668345, 0.12748229359426805, 0.12730637762476416, 0.12791846341946544, 0.1266922985514005, 0.12700832713591426, 0.12778153477443588, 0.1274896333925426, 0.12835568332901368, 0.1276806816458702, 0.12825744495142338, 0.12757760658860207, 0.1265840099917518, 0.1266764501730601, 0.12724772421643138, 0.12715385854244232, 0.1278925734487447, 0.12700477987527847, 0.1279156920702561, 0.12780226580798626, 0.12729344912804663, 0.12825631611049176, 0.12743145103255907, 0.12680958525130623, 0.12806655904825995, 0.12721589402012204, 0.12713730947247573, 0.12717648678355747, 0.12751880567520857, 0.12721066352199106, 0.1272966162018154, 0.12728515809232538, 0.12735480882904746, 0.1273761237109149, 0.1269706082732781, 0.12832470163702964, 0.12746816060759805, 0.12796034291386604, 0.12745320322838696, 0.12753738049003813, 0.127045681907071, 0.12726122572233803, 0.12739571861245416, 0.12812416686823494, 0.12699132121917678, 0.12802455155178905, 0.12780120633542538, 0.1272923588272064, 0.12866120859980584, 0.12771333924361639, 0.12823955388739705, 0.12783754178706339, 0.12646423347971655, 0.12615484185516834, 0.12727031324590957, 0.1270530752837658, 0.12806439738381992, 0.12749652343021856, 0.12756162248551844, 0.12730740152654194, 0.1270980305969715, 0.12737219198606908, 0.128370256002607, 0.12745787727612037, 0.12712396874471946, 0.1263262413442135, 0.12732994556427002, 0.127689323254994, 0.1271322706625575, 0.12767877216850007, 0.12637767526838514, 0.12729422748088837, 0.12622495647519827, 0.12754775810500849, 0.12765866617361704, 0.1271047202249368, 0.1277069877833128, 0.12787115573883057, 0.1272809931210109, 0.1284587452044854, 0.12753896546714447, 0.12824932772379655, 0.12726419103833345, 0.12823276312062235, 0.12720563047462038, 0.12776857167482375, 0.12688315846025944, 0.1277916587211869, 0.12823600999333643, 0.12699372657845098, 0.12783373188641337, 0.12762293151833795, 0.12725670022123, 0.12742512131279166, 0.12777889535135153, 0.12762858925594223, 0.1277440111426746, 0.1283179149031639, 0.1266064772175418, 0.12693031094968318, 0.12727293148636817, 0.1279758485880765, 0.12714181890090306, 0.12750559721304022, 0.12776069281001887, 0.12755769278321946, 0.12724459629792434, 0.1269995253533125, 0.12792738391594452, 0.12711056846159477, 0.127455848786566, 0.12743051797151567, 0.1268750402544226, 0.12845684587955475, 0.12799030861684255, 0.12674106860702689, 0.12737884911997566, 0.12684686096577807, 0.12771207541227342, 0.12703702561557292, 0.12846790426052535, 0.12790731092294058, 0.12779117623964945, 0.12798958147565523, 0.12661703117191792, 0.12821176304267004, 0.12769352784380317, 0.12746023269076096, 0.12706439483624238, 0.12678399930397669, 0.12678168616864993, 0.12720161868679908, 0.1278845127671957, 0.12742009634772936, 0.1271869937578837, 0.12774738545219103, 0.12808684534148165, 0.12743119624528018, 0.12681258593996367, 0.12779239813486734, 0.12448034435510635, 0.127206571838435, 0.12726904569487824, 0.12775785090594455, 0.12719718249220596, 0.1273122647156318, 0.1271936735984954, 0.12755850132773905, 0.1273913151688046, 0.1275302635298835, 0.13688836991786957, 0.12700032889842988, 0.12768548664947352, 0.12726230919361115, 0.1278617269226483, 0.12755459733307362, 0.12683407152476517, 0.1272271890193224, 0.12762666270136833, 0.1275855263074239, 0.1273472155444324, 0.1280217245221138, 0.12774076515978033, 0.1267950694475855, 0.12774707018225281, 0.12825963211556277, 0.12789337585369745, 0.12628155596116009, 0.12730914317071437, 0.12820223833505923, 0.12783477827906609, 0.12705316165318856, 0.12779017491266131, 0.1276617467403412, 0.12790666366445608, 0.12879503269990286, 0.12781393621116877, 0.12632547418276469, 0.12749204235641579, 0.12790175485942099, 0.12796411116917927, 0.12827016648493314, 0.12855127975344657, 0.12677161998692013, 0.1283051793773969, 0.1278163260883755, 0.12752476164272852, 0.1266853545199741, 0.12718222873366397, 0.12780936062335968, 0.1288092411481417, 0.1278242662549019, 0.12761544888573034, 0.12733453650165488, 0.12779571728573905, 0.1279152902464072, 0.128297068644315, 0.12690220872561137, 0.12796736705829115, 0.1273959682268255, 0.1275060584147771, 0.12802883982658386, 0.1275029733777046, 0.12746091994146505, 0.12741236637036005, 0.12722608718005093, 0.12777159884572029, 0.1277012676000595, 0.1275604858994484, 0.1278539840131998, 0.12725956737995148, 0.12767957895994186, 0.12659242884679275, 0.12782716006040573, 0.1275606888991136, 0.12756438762880862, 0.12807564045253553, 0.12733041147391003, 0.12660343059011409, 0.12696738867089152, 0.1269491667097265, 0.12751420736312866, 0.12855733732382457, 0.1269774404168129, 0.1274282051359906, 0.12727355686101047, 0.1277098668118318, 0.12780744163319468, 0.12649434385821223, 0.12762196941508186, 0.12906493246555328, 0.12784310430288315, 0.12726552536090216, 0.12737200205976312, 0.12749394423821392, 0.1279580682516098, 0.12695449048822577, 0.1273346407846971, 0.12705902382731438, 0.1284869983792305, 0.12742867469787597, 0.1279905986868673, 0.12905026658585197, 0.12780927547386714, 0.127795380850633, 0.1262536822603299, 0.12674455791711808, 0.12771932408213615, 0.12697278646131357, 0.12802773631281322, 0.12867777918775877, 0.12711402544608483, 0.12668705903566801, 0.12757630739361048, 0.127649563882086, 0.12744280628182672, 0.1272622854448855, 0.12682828472720253, 0.1266732829121443, 0.1274423524737358, 0.12721430685590296, 0.12628799504958665, 0.12852184805605146, 0.12793708379779542, 0.12899161668287384, 0.12784997506865434, 0.12797990158714098, 0.12801136150956155, 0.12776969522237777, 0.12741349637508392, 0.12667260617017745, 0.12802937974532444, 0.12673123056689897, 0.12733049769150584, 0.12656094382206598, 0.12665450302037326, 0.1259349759668112, 0.1283941183771406, 0.12697672166607596, 0.127911320163144, 0.12891115141766413, 0.1287447117269039, 0.12741962366777917, 0.12907929647536504, 0.12809398708244166, 0.1275674632113231, 0.12792229040392808, 0.12683714723045175, 0.1273226443339478, 0.12822047553279184, 0.1279536740233501, 0.1275316109431201, 0.12676861183717847, 0.12898627171913782, 0.12835526764392852, 0.12712618779568446, 0.12802670523524284, 0.12816626271780798, 0.12744733318686485, 0.12770941413261674, 0.12621213619907698, 0.1277504161000252, 0.12696879185163057, 0.12751621007919312, 0.12643655637900034, 0.12729332596063614, 0.12730093896389008, 0.12724418193101883, 0.1267169269600085, 0.12698877941478381, 0.1278368979692459, 0.1288700929054847, 0.1280513253683845, 0.12699211090803147, 0.127583258120077, 0.12823097556829452, 0.1282610549376561, 0.12794639091742666, 0.12701850181276148, 0.12905535779216074, 0.12776138219568464, 0.1275942047437032, 0.12827185594609805, 0.1263496293263002, 0.12722690297024591, 0.1272207997739315, 0.126659975028955, 0.12741840104846394, 0.12809341996908188, 0.12748228101169362, 0.12708385568112135, 0.12744327088197072, 0.12834923341870308, 0.12794476449489595, 0.1259164959192276, 0.1271306499838829, 0.12792613605658212, 0.12744269980227246, 0.12738483339548112, 0.12750692868774588, 0.12710879685787055, 0.12605778417653507, 0.12766251180853164, 0.1279971813162168, 0.1269508586688475, 0.12754282280802726, 0.12892386661126062, 0.12791932296628752, 0.12710731442679057, 0.12683821740475568, 0.12800372899933296, 0.12844208578268687, 0.1273393611545148, 0.12783869314524862, 0.12766425108367746, 0.128273915160786, 0.12711060964144194, 0.1276043305794398, 0.12753124391803375, 0.12776153162121773, 0.12781858891248704, 0.12791527137160302, 0.12959805317223072, 0.127894740389741, 0.12706769227981568, 0.1270475009456277, 0.1283728192959513, 0.12749278206716885, 0.12777014697591463, 0.1276698542965783, 0.12774179130792618, 0.12663302976976742, 0.1274416031582015, 0.12708752399141138, 0.12790788296196196, 0.12782624518533922, 0.12558866717985698, 0.12713799128929773, 0.12843386726132755, 0.1271681067474345, 0.12747742008903754, 0.12781559510363472, 0.12710765625039736, 0.12778218975290656, 0.12785921494166055, 0.12812037823291925, 0.1291942298412323, 0.1282115509112676, 0.1276583855642992, 0.12812887902917533, 0.12720541449056733, 0.12762787151667807, 0.12716903537511826, 0.12759910252961246, 0.12809927084229208, 0.12782230295918204, 0.12701820954680443, 0.128564532995224, 0.1277172916421765, 0.12537959031760693, 0.12611559236591513, 0.12766802600688404, 0.12796117674286772, 0.12663516876372424, 0.12788970309954423, 0.12714366018772125, 0.12826595967635512, 0.12781283603264734, 0.12829777877777815, 0.1287211420444342, 0.1272449286447631, 0.12773109558555815, 0.1270755889515082, 0.12719421088695526, 0.12760505757548593, 0.1268060489193253, 0.12774322791533035, 0.12579102175576345, 0.12709724981533854, 0.1277456212302913, 0.12689559520394714, 0.12767379280439642, 0.12714967099220856, 0.12920793443918227, 0.1274987111488978, 0.12716777415739167, 0.12766800391854663, 0.12712270476751858, 0.127158475064096, 0.12631101791675275, 0.12757051694724295, 0.12537693828344346, 0.1265432418961274, 0.1268754447499911, 0.12755294303808892, 0.12682075470685958, 0.12704195082187653, 0.12727298855781555, 0.12727913784760017, 0.1278526057799657, 0.12781194671988488, 0.12827363173509465, 0.12733382632335027, 0.12700234885726655, 0.12680196965282614, 0.12723344511219434, 0.1283906160129441, 0.1282028074968945, 0.12821393658717473, 0.12938919527964157, 0.12721615433692932, 0.12734620752079145, 0.12790627446439531, 0.12897283452398636, 0.12801273129880428, 0.12726029647248133, 0.1275038060087424, 0.12727241603464917, 0.12605088746005838, 0.12699236033054498, 0.1278727552512797, 0.12681913318542334, 0.12732349429279566, 0.12664572656154632, 0.1277774116396904, 0.1278302613645792, 0.12758479565382003, 0.12764436650005254, 0.12770572987695536, 0.12790246665477753, 0.12794171273708344, 0.12672574764915875, 0.1276245452463627, 0.12761144042015077, 0.1275434399644534, 0.12691929936408997, 0.12772339988838544, 0.12836593016982079, 0.1271757944063707, 0.12777441580380713, 0.12759364109772903, 0.1274376199130089, 0.12929945439100266, 0.12832399904727937, 0.12716347500681877, 0.12788531432549158, 0.1272845771163702, 0.12740177800878882, 0.1266618144831487, 0.12678449153900145, 0.12799944442052108, 0.12761598693973877, 0.12709255234615222, 0.1268548695370555, 0.12701493501663208, 0.12798818773948228, 0.12557922758989865, 0.12780270005265873, 0.12675552344635913, 0.12743194454482623, 0.12715417545820987, 0.1267553449553602, 0.12685054706202614, 0.12812855343023935, 0.12765393108129502, 0.1278318651020527, 0.12775280891042767, 0.12688441760838032, 0.12765127254856956, 0.12822131609374826, 0.12661688774824142, 0.12709587067365646, 0.12647930266601698, 0.12611120247415133, 0.12725206274301448, 0.12801291471397555, 0.12760119259357453, 0.1260241058965524, 0.1277498197224405, 0.12761951196524832, 0.12848775916629368, 0.12884599566459656, 0.12700326492389044, 0.12775628747684614, 0.12840720266103745, 0.12811675916115442, 0.12772309576923196, 0.12840687731901804, 0.12742369446684332, 0.12862670656881833, 0.1271553554318168, 0.12762239161464903, 0.12833412885665893, 0.12704209020982185, 0.12625931522675923, 0.12772513440121774, 0.1277236707508564, 0.12786233771060193, 0.12735434366684212, 0.1267487265997463, 0.12634376188119253, 0.1286362516693771, 0.1285429760813713, 0.12683677424987158, 0.12826957587491383, 0.12728200107812881, 0.12621351946955142, 0.12776469921364503, 0.12765601145870545, 0.1280665084719658, 0.12727900021351302, 0.1272475322087606, 0.12875792756676674, 0.12766375560313464, 0.12767144292593002, 0.12713895572556388, 0.12649099482223392, 0.1287576827135953, 0.12733620504538218, 0.12789273714380606, 0.12711477801203727, 0.12730116645495096, 0.12788572311401367, 0.1271956660784781, 0.12716127320059709, 0.12737188348546624, 0.12710521708835254, 0.12681850356360277, 0.12829423199097315, 0.12710142601281404, 0.12756426231219217, 0.12739720940589905, 0.12719393227445452, 0.127422208014207, 0.12749691094670976, 0.12795981930361855, 0.12828173550466695, 0.12816996736959976, 0.12738827162462732, 0.1269473462150647, 0.1284691646695137, 0.12735713552683592, 0.1282072603702545, 0.1275445520877838, 0.1274960438410441, 0.12810527023516202, 0.12715709170228556, 0.12771425109643203, 0.12776551395654678, 0.12841921028765765, 0.1281182004937104, 0.1270817071199417, 0.12755136879590842, 0.1278065379176821, 0.12722562359912054, 0.12821868807077408, 0.1273367488208939, 0.12814119483033817, 0.12771702061096826, 0.12757041702667873, 0.12740683730910807, 0.12715009862885757, 0.12746511617054543, 0.12676779263549381, 0.12763993988434474, 0.12848208397626876, 0.12764493219162287, 0.1263994803386075, 0.12769755125045776, 0.12804655555416555, 0.12798352716934114, 0.12766877455370768, 0.12820342888957575, 0.1277136154472828, 0.12715615071356295, 0.1269078277051449, 0.12787078097462654, 0.12724490724503995, 0.1274892748756842, 0.12879321128129959, 0.12880323827266693, 0.12897974699735643, 0.1283635664731264, 0.12808638303117317, 0.1280436875919501, 0.12740761814294038, 0.12700531085332234, 0.12690898776054382, 0.12645942853255707, 0.12822593823075296, 0.1276195764541626, 0.12701704590158028, 0.1279935964516231, 0.128119687239329, 0.12748139138732636, 0.12697729468345642, 0.12670884653925896, 0.12874844956856507, 0.1275916002690792, 0.12833745405077934, 0.12690085092825548, 0.12783271954818207, 0.12818154498286868, 0.12700705952716596, 0.12733202817894163, 0.12705455968777338, 0.12700150575902727, 0.12696369790605136, 0.12748451717197895, 0.12818457728082483, 0.1276746162523826, 0.12733036193710107, 0.12814712425072988, 0.1272645488381386, 0.1270316281914711, 0.1269132607886868, 0.1274196156545689, 0.1281330150461966, 0.12780556157231332, 0.1256213052706285, 0.1285712101629802, 0.12790562483397397, 0.12803681127049707, 0.127107768257459, 0.12693700485903284, 0.12792975902557374, 0.12749987911610378, 0.12763926345441076, 0.12761672700826937, 0.12751734058062236, 0.1271892175078392, 0.12820379436016083, 0.12788771163849605, 0.12829141772311667, 0.12780166849974664, 0.12753994053318388, 0.12790775845448177, 0.12506505169651724, 0.12720548914324853, 0.12849933840334415, 0.1283644750714302, 0.12770141259982035, 0.12768059143343488, 0.1272393119122301, 0.12667111214250326, 0.12713218480348587, 0.1274285199386733, 0.127522983484798, 0.1269290537706443, 0.12783016388614973, 0.12653985077684576, 0.12680011128003782, 0.12843283489346505, 0.12772435446580252, 0.12597768008708954, 0.12580102309584618, 0.12848328550656637, 0.1269783079624176, 0.127140188081698, 0.12771873514760623, 0.12715350135284312, 0.12674708714087804, 0.12800780994196734, 0.127688629925251, 0.12760724524656933, 0.12723402810447357, 0.12738295644521713, 0.12825549461624838, 0.12807520665228367, 0.12722237679091367, 0.12656087587986672, 0.12709192633628846, 0.12754671717993915, 0.126957006752491, 0.12750013483067354, 0.12729058331913418, 0.12824129516428168, 0.12752631912007928, 0.12788981248935063, 0.12651097327470778, 0.12694924553999534, 0.12658891429503757, 0.12795712736745676, 0.12833483278751373, 0.12737197816371917, 0.1278054078037922, 0.128059401832245, 0.12656581815746096, 0.12816706706177106, 0.1266136628886064, 0.12704737037420272, 0.12780724209733307, 0.12860938161611557, 0.12852322051058646, 0.12762363942769858, 0.12728458097795162, 0.12727108491318567, 0.1264136414974928, 0.12768778660231167, 0.12768038300176462, 0.1272887333351023, 0.12684056162834167, 0.12693239388794736, 0.12770721865327736, 0.12757064464191595, 0.12753144307778433, 0.12767832749523222, 0.1272766765426187, 0.12772638710408374, 0.12787606505056223, 0.12656584146775698, 0.12733017070137936, 0.12729461016980084, 0.12723564017902722, 0.128169247508049, 0.12736602389329188, 0.12728799565842278, 0.12742907632338374, 0.127103175379728, 0.1275089646761234, 0.12780532717704773, 0.12824337663395063, 0.12865552802880606, 0.12799524847004148, 0.12681445532611438, 0.127245188332521, 0.12804847955703735, 0.12676007952541113, 0.12765158970768636, 0.1287701048634269, 0.1275360889055512, 0.12790211886167527, 0.1277945677821453, 0.1271078468610843, 0.1269529158106217, 0.12786568923199432, 0.12731444214781126, 0.12765375189483166, 0.12683708186854015, 0.1279687381216458, 0.12660494049390156, 0.1278868512974845, 0.1282273179292679, 0.1283516250550747, 0.12733098022315814, 0.12776960879564286, 0.12653990970416504, 0.12766238225576204, 0.12641183000344497, 0.12767095863819122, 0.1270033179057969, 0.1267921527226766, 0.1277642266617881, 0.12760184539688957, 0.12779845744371415, 0.1265572640630934, 0.12771211698269233, 0.12703232409862372, 0.1282615028321743, 0.12693816050887108, 0.12806293102247374, 0.1275997952078328, 0.12779876366257667, 0.1260944516821341, 0.1278300928798589, 0.12730723371108374, 0.12770953301976368, 0.12700315124609254, 0.12745603819688162, 0.12770681738853454, 0.12756990835718487, 0.12767783055702844, 0.1278628770262003, 0.1266482855592455, 0.12726764976978303, 0.1274846065789461, 0.12902877181768418, 0.12487823516130447, 0.12795883851746717, 0.12652672082185745, 0.1276196353137493, 0.12852389839562503, 0.12830383054636144, 0.12700282409787178, 0.12817882746458054, 0.12847586827618734, 0.12827241346240043, 0.12834557332098484, 0.1278284695641748, 0.12807850622468525, 0.1279828500534807, 0.12686148913283096, 0.12682098597288133, 0.12634310722351075, 0.12770861043379858, 0.12773149013519286, 0.1276731040328741, 0.12736012389262516, 0.12822992216657708, 0.12717750984610934, 0.1273084469139576, 0.12869304294387499, 0.12724795593665197, 0.12707322971387344, 0.127653011908898, 0.1273142546415329, 0.1274907909333706, 0.12815235720740425, 0.12732353309790292, 0.12865609489381313, 0.12776545000573, 0.12772265420510218, 0.12779231150360668, 0.12691026594903734, 0.127577917650342, 0.12772124353796244, 0.1264310601566519, 0.12815608342106527, 0.12718594683842224, 0.12823348202639157, 0.12692428167377198, 0.12810734541792618, 0.12903132910529772, 0.12721309033424957, 0.127644253273805, 0.12816667667141668, 0.12687278264447263, 0.12667076117717302, 0.12813586235046387, 0.12827568150618496, 0.1275240217645963, 0.12828136350099856, 0.1275384654601415, 0.127873874762479, 0.1278015173971653, 0.1278008058667183, 0.12710056724873456, 0.12813095469027758, 0.12715622963937553, 0.12686143070459366, 0.12752171885222197, 0.12717902795834976], 1: [0.1282485205680132, 0.12727458278338113, 0.1274977521970868, 0.12881641566753388, 0.12776763398538937, 0.1293264001607895, 0.12780905277891594, 0.127181509633859, 0.12710296859343848, 0.12824277728796005, 0.12715390572945276, 0.12753260880708694, 0.12842987637434686, 0.1281065963781797, 0.1281755177511109, 0.12736403197050095, 0.12674481570720672, 0.12790685147047043, 0.12823504507541655, 0.1274439204822887, 0.1276570978489789, 0.12640311772173102, 0.12900870632041583, 0.1280226569622755, 0.12855603749101813, 0.12868911121040583, 0.1276858150959015, 0.12835119167963663, 0.1272542010012426, 0.12808884024620057, 0.1273517906665802, 0.1266958943257729, 0.12707349756046346, 0.12764483276340696, 0.1296272372206052, 0.1266692690551281, 0.1279275506734848, 0.12629090452736075, 0.127253248459763, 0.12689186861881843, 0.1287131137572802, 0.1261550486087799, 0.12801201045513153, 0.1273883491754532, 0.12675570137798786, 0.1281097843311727, 0.12747982821681283, 0.12725218225802695, 0.1275546707212925, 0.12676605582237244, 0.1269281804561615, 0.12799220876051828, 0.12805551978257987, 0.12667886754299731, 0.12836910262703896, 0.12855255077866948, 0.12814439023318497, 0.12647984718734567, 0.12731619007312334, 0.12702451025446257, 0.12654021645293517, 0.12699503611241067, 0.12760563273178904, 0.12856641447260267, 0.1263975903391838, 0.12676235660910606, 0.12851728912856844, 0.1269814115948975, 0.12662192434072495, 0.1288215173408389, 0.12793058591584364, 0.1275641480460763, 0.1280574444681406, 0.12831304115908487, 0.12801302876323462, 0.12752223966850174, 0.12757896517331785, 0.12684597596526145, 0.12673036184381037, 0.128080302567193, 0.1270745466152827, 0.1272543966770172, 0.1284009934890838, 0.12755495123565197, 0.12710104205391623, 0.1283373013138771, 0.1279477241138617, 0.12849760577082633, 0.12640017474239523, 0.12641798864517892, 0.12663617316219541, 0.1287785256281495, 0.12773332802148965, 0.12562893629074096, 0.1293651064236959, 0.1262383793409054, 0.1273568110032515, 0.1270149705501703, 0.12677183882756668, 0.12777221202850342, 0.12785942604144415, 0.12738786472214592, 0.12801703544599669, 0.1269862212240696, 0.1276895562807719, 0.12572048082947732, 0.1280766622378276, 0.12697021491252458, 0.12788173059622446, 0.12855522692203522, 0.1274330227502755, 0.12748128722111385, 0.12745534582063556, 0.12850016355514526, 0.12723532112108338, 0.12802553975156375, 0.12732224281017596, 0.12833925187587739, 0.12819243275693484, 0.12801211853237712, 0.1278593676785628, 0.1275522400935491, 0.1277610564773733, 0.12702975198626518, 0.12883445719877878, 0.12805993313139136, 0.1268259306748708, 0.12821402235163581, 0.12793705446852577, 0.12734369845951304, 0.12739965626422098, 0.12741709713424956, 0.12655551043840554, 0.12675097895165285, 0.12716537714004517, 0.12713998556137085, 0.12649189623502585, 0.12708936305716634, 0.12713039335277346, 0.1283791103533336, 0.1270525356133779, 0.12726959147874048, 0.12725814533504573, 0.12734311819076538, 0.1274676707883676, 0.12743008095357153, 0.12644920945167543, 0.12729510452066148, 0.12793693467974662, 0.1273436093559632, 0.12783330554763475, 0.1268604163080454, 0.12673497200012207, 0.12800205498933792, 0.12756078727543355, 0.1276903940421162, 0.12721343917979133, 0.12670241991678874, 0.12678904902367366, 0.12688250162384726, 0.12750331989743494, 0.12714254442188475, 0.12772944735156166, 0.12732593466838202, 0.12731071967970242, 0.12811361318049225, 0.12848069620403377, 0.12764488799231394, 0.1267977011474696, 0.1272970930389736, 0.12788031101226807, 0.12718036100268365, 0.12714791717007756, 0.12811142578721046, 0.12792834368619052, 0.12733022818962733, 0.1270246548312051, 0.12736388047536215, 0.1269955262541771, 0.12731205540544846, 0.12722955910222872, 0.1287160634994507, 0.12737388049180692, 0.12742125681217978, 0.12812631546209255, 0.12864486607057707, 0.12722172055925643, 0.12784025021668138, 0.1280953443863175, 0.12737671556797894, 0.1279134675860405, 0.12800079137086867, 0.12707441563115401, 0.12672204338014126, 0.1284907375772794, 0.1276606363446816, 0.1286728596314788, 0.12796236235987057, 0.1268665351365742, 0.12723685453335445, 0.12785973446443677, 0.12729407846927643, 0.12753687538206576, 0.127788395434618, 0.12729597091674805, 0.12721819937229156, 0.1269948142580688, 0.12669729035009036, 0.1274493408203125, 0.12727902800990984, 0.1276677609844641, 0.12688441667705774, 0.127964691392013, 0.12699792059985074, 0.12697648139376388, 0.12598346844315528, 0.12737539857625962, 0.1273336559534073, 0.12664063681255688, 0.12723216872948867, 0.12827490270137787, 0.12604086163143316, 0.12822196288750723, 0.12776075642217288, 0.1275860437980065, 0.12816915270828066, 0.12881555800375186, 0.12805908918380737, 0.12825131863355638, 0.12833581119775772, 0.12792114361568732, 0.12682037601868312, 0.12751114490080853, 0.12690577490462196, 0.12893465012311936, 0.12719702795147897, 0.1288504458963871, 0.12701485437505386, 0.12768053195693277, 0.12848420496340152, 0.12852810367065318, 0.1278070014502321, 0.12759709128966698, 0.1271336687107881, 0.128070869743824, 0.12713292944762442, 0.12715344101190568, 0.1275782578665277, 0.12830261389414468, 0.12699921950697898, 0.12760586676097685, 0.1267728019844402, 0.12734971361027825, 0.12890803136608817, 0.12761562796575682, 0.12805299578528656, 0.12759971842169762, 0.1279254343647223, 0.12844973890220418, 0.1276627454161644, 0.1269653504093488, 0.1264846875435776, 0.1275546078880628, 0.1284477478928036, 0.1283521909605373, 0.12749641274030393, 0.1278212700377811, 0.12725128519993562, 0.12949077717282556, 0.12743328220170477, 0.12759165494487837, 0.12729387053034522, 0.1276870701800693, 0.12751005136448404, 0.1274990982242993, 0.12804799154400826, 0.12789452821016312, 0.12742022052407265, 0.12701546885073184, 0.12652087770402431, 0.12714340740984137, 0.12760148867964743, 0.1280257411301136, 0.12938933353871107, 0.12686264862616856, 0.12810374840217478, 0.12797391095331737, 0.12756785601377488, 0.12734541445970535, 0.12760714610869234, 0.1272493926808238, 0.1272298773129781, 0.12599201771346005, 0.12690757902768943, 0.12792215655956948, 0.1279355677962303, 0.12618154510855675, 0.12717026025056838, 0.1288380367415292, 0.12749240831250236, 0.1284145013644145, 0.12808733975345438, 0.12736951559782028, 0.12790519282931373, 0.12764568171567386, 0.12918272316455842, 0.12712521478533745, 0.12663045078516005, 0.12814198136329652, 0.12633858919143676, 0.12801726365631277, 0.12648086520758542, 0.12785533169905344, 0.12558567320758646, 0.12686013989150524, 0.12689032794340796, 0.12668237179517747, 0.127458811379396, 0.12816756197384427, 0.12782588303089143, 0.12738675420934503, 0.12715799327601085, 0.12739254466511987, 0.12876814189884397, 0.12879355549812316, 0.12769893494745096, 0.127284713966005, 0.1269572905841328, 0.1278986924073913, 0.12779162867980845, 0.1273860658208529, 0.1276130049544222, 0.12855022251605988, 0.12699991820946985, 0.12739373399661139, 0.12691643776801917, 0.1271312976522105, 0.127622823875684, 0.1273013630083629, 0.12680399966867348, 0.12731395865028555, 0.12641795405319758, 0.12763173276415238, 0.1278079136141709, 0.12564271011135794, 0.1268016557608332, 0.12712769345803696, 0.12880454009229486, 0.1267430730164051, 0.1281697265803814, 0.12757006287574768, 0.1272918600589037, 0.12662137841636484, 0.12702823244035244, 0.1274746298789978, 0.12804151844719183, 0.12667180739697956, 0.12700401144948872, 0.12662995606660843, 0.1273569562472403, 0.12738254852592945, 0.12735330901647868, 0.12675399631261824, 0.12775717871753792, 0.12592579796910286, 0.12906124194463095, 0.1273518712432296, 0.127937957071341, 0.12852268587601812, 0.12694872333668172, 0.12678219874699911, 0.12761370713512102, 0.12769740879535674, 0.1277447215148381, 0.1281058246890704, 0.12658551956216493, 0.12856825292110444, 0.128422969265988, 0.12693708544147425, 0.1276455119252205, 0.12754487842321396, 0.12815557221571605, 0.12717392221093177, 0.1287717546025912, 0.12763782516121863, 0.12813093637426695, 0.12746133452112024, 0.1273226602934301, 0.12738062170418826, 0.1283716883729486, 0.12717522071166473, 0.12786446397121137, 0.12738282073821341, 0.12779669124971738, 0.1277723697324594, 0.12604865702715787, 0.1273031622171402, 0.12733577822263425, 0.12716605845424864, 0.12698379084467887, 0.12685863580554724, 0.12790871461232503, 0.12705446432034176, 0.1263196220000585, 0.12720317130579667, 0.12851427868008614, 0.12675854824483396, 0.12783331104687282, 0.12651590679002844, 0.12796099013403842, 0.12883590472241244, 0.12740925360809674, 0.1285999401339463, 0.1278680867570288, 0.12776158656924963, 0.12677321015369325, 0.12766860883969527, 0.12738487922719546, 0.1271810233592987, 0.1275527760386467, 0.1270514075693331, 0.12648415159095416, 0.12818719180566923, 0.1280563726569667, 0.12606463919986377, 0.12715064787438937, 0.12703689883152644, 0.1271814252767298, 0.1272249363362789, 0.12764896526932717, 0.12807353420390022, 0.12665195221250708, 0.12800770414912183, 0.1268547707133823, 0.12767498940229416, 0.1270195654569528, 0.12738535227254033, 0.12806055356155743, 0.12718811524765833, 0.12625579610466958, 0.12866223806684668, 0.12839363752440972, 0.12735002819034788, 0.127328940090679, 0.1274918814500173, 0.127311797067523, 0.1277867704629898, 0.1264927318053586, 0.12744196983320372, 0.1281643369131618, 0.1279575817286968, 0.12676152320844786, 0.12724438980221747, 0.12878189310431482, 0.12791420966386796, 0.12737668445333838, 0.128018566303783, 0.12775451193253198, 0.1277927284439405, 0.12827222608029842, 0.1292040296472036, 0.12685448385593368, 0.12861770065501332, 0.1274963953980693, 0.12786467807988325, 0.12719908803701402, 0.12796613872051238, 0.12825768534094095, 0.1282494026236236, 0.12628857129149967, 0.12776849139481783, 0.12757641363602418, 0.12718800476027858, 0.12851224529246488, 0.12674621534016398, 0.12663548737764357, 0.12800235759753448, 0.1286451360758613, 0.12748681057406508, 0.12841658294200897, 0.12715385564499432, 0.12779746069149536, 0.12647368758916855, 0.12729107457048752, 0.12689902757604918, 0.12817116578420004, 0.12746788910590112, 0.12684207868117553, 0.12802854373499198, 0.12753546444906128, 0.12862661927938462, 0.12896120697259902, 0.12647041957825422, 0.12764580886472354, 0.12734061615033584, 0.12736826058891085, 0.127318415325135, 0.1268515338500341, 0.12890457887859905, 0.12672174315560947, 0.127296023409475, 0.12751980894996273, 0.1276353974826634, 0.1280350046786102, 0.12765167243778705, 0.1273638476928075, 0.12733609026128595, 0.12705014326742717, 0.12759908537069956, 0.12743546534329653, 0.1265389730150883, 0.12787682107753223, 0.12603617418143484, 0.12804984886731421, 0.12777448232684815, 0.12760840095579623, 0.12660665856674314, 0.12746849385174838, 0.12747795060276984, 0.12966636154386732, 0.12713019418365815, 0.1277491939254105, 0.12687929807340398, 0.12672584429383277, 0.12696011438965799, 0.1274166607431003, 0.12677544016729703, 0.1262009668756615, 0.12705301154743542, 0.12692213701930913, 0.12746252022359683, 0.12686789197766263, 0.12817658682664235, 0.1271838673523494, 0.12725509144365788, 0.1275894677355176, 0.12718093968354738, 0.128624866631898, 0.12765843234956264, 0.12804593484510074, 0.12808086207279792, 0.1250068098306656, 0.12765837212403616, 0.12715902253985406, 0.12698183036767519, 0.12761059259214708, 0.12753861465237357, 0.12608214697012535, 0.12776749982283667, 0.12787650108337403, 0.12804868734545177, 0.12720534471528872, 0.1264747828245163, 0.12753505392798356, 0.12766357660293579, 0.12751868814229966, 0.126080500964935, 0.12683277142544588, 0.1269260672852397, 0.1257396360238393, 0.12822626680135726, 0.12824721092527563, 0.1272125051667293, 0.1277465400535886, 0.12743746572070652, 0.12882816791534424, 0.12741393388973343, 0.12783516484957475, 0.12821867003252632, 0.12691821424024446, 0.1270835878593581, 0.12682677743335566, 0.12868309766054153, 0.12852254807949065, 0.1276494918598069, 0.12813479204972586, 0.12737124330467647, 0.12895256131887436, 0.12804651387581012, 0.12775853127241135, 0.1278521701693535, 0.1276316485906902, 0.1270555474541404, 0.12706102430820465, 0.12681154115125537, 0.1273436610897382, 0.1283817169341174, 0.12665618153718802, 0.12775599414652045, 0.12898765910755505, 0.12803030212720234, 0.127990431462725, 0.12779460180746882, 0.12775810768729762, 0.12611929401755334, 0.12826056429184973, 0.12780075520277023, 0.12807128813705945, 0.12624992270554816, 0.1273299902677536, 0.1272045589155621, 0.12877735674381255, 0.12764344364404678, 0.12671875407298405, 0.1278883838094771, 0.1266675941646099, 0.12754660286009312, 0.1275614817937215, 0.12730587060962403, 0.12931932508945465, 0.12709065008422601, 0.12697290675714612, 0.12722483947873114, 0.12687060795724392, 0.12724978725115457, 0.12691222814222178, 0.12789749403794606, 0.12648262679576874, 0.12791630016131836, 0.12767436131834983, 0.128371062874794, 0.12710061048467955, 0.12910289185888627, 0.12697705910319373, 0.12808820334347812, 0.12544090300798416, 0.1277885071255944, 0.1272994428873062, 0.1274159342834824, 0.12828031927347183, 0.12790713423774355, 0.12752363486931875, 0.12735239259506526, 0.1276434640089671, 0.12702002766586484, 0.12706844856341679, 0.12668157555162907, 0.1288272694995006, 0.12785958291755783, 0.12793046236038208, 0.12723681330680847, 0.1269629421559247, 0.1282394379377365, 0.1267654851078987, 0.12787353321909906, 0.12739434770562433, 0.12706008496192786, 0.12665361315011978, 0.12664676250682938, 0.12674344124065506, 0.128008873462677, 0.12721437774598598, 0.12791757881641388, 0.1271672688424587, 0.12682604392369587, 0.1268252053044059, 0.12826679303095892, 0.12737937271595, 0.12791130505502224, 0.12676155269145967, 0.12797592966644852, 0.12841137043303913, 0.12917889861596954, 0.12581758871674537, 0.1279805342356364, 0.12654206156730652, 0.1283392831683159, 0.1287009840210279, 0.12712839477021118, 0.12669982699056467, 0.12710051814263518, 0.1279217160560868, 0.127930990175197, 0.12771165495117506, 0.1267328221689571, 0.12754281982779503, 0.12709362759734644, 0.12674026004970074, 0.12686535851521927, 0.12728480192331168, 0.12667298316955566, 0.12716767191886902, 0.12630121931433677, 0.1276169717311859, 0.1277460600984724, 0.12733602672815322, 0.12747343008716902, 0.1272053373130885, 0.12669639537731806, 0.12798022222705185, 0.12733556736599316, 0.12763986793848184, 0.12768926012974519, 0.12633817891279855, 0.12796689867973327, 0.12829380745396896, 0.12834059074521065, 0.12813403788540098, 0.12761155422776937, 0.1278171107172966, 0.1278899535536766, 0.12864047454463112, 0.12766507925356135, 0.1272072933614254, 0.12666878375140103, 0.12750209335769927, 0.126762056350708, 0.12546614408493043, 0.12683562468737364, 0.12735885614529252, 0.12639875710010529, 0.12780933353033933, 0.12729329536003725, 0.12867135731946855, 0.12744289636611938, 0.12704188057354518, 0.1273613524224077, 0.12685699219053442, 0.12626601693530878, 0.12749588280916213, 0.1280541095882654, 0.12773591998432363, 0.12684631613748415, 0.12769838631153108, 0.12732998579740523, 0.12690241858363152, 0.12759182502826055, 0.12790711862700327, 0.1272213210662206, 0.1285285556858236, 0.12751821631735022, 0.12836297761116708, 0.12755808092298962, 0.12791209473558093, 0.12732706354423004, 0.12768941670656203, 0.12727954155868954, 0.12687203660607338, 0.12713610546456444, 0.1271261785711561, 0.12781275326714797, 0.12786680459976196, 0.12778224168639435, 0.12645940618081528, 0.12797140330076218, 0.1275206377936734, 0.1267249271273613, 0.1276134975692805, 0.1274740529557069, 0.1276932449213096, 0.12797947052647085, 0.1288787848674334, 0.12726933397352697, 0.12769098178698465, 0.12823274731636047, 0.127034886887199, 0.1281645416336901, 0.1281043015420437, 0.12806640798226, 0.1277056689325132, 0.12636701688170432, 0.12845840402271436, 0.1280411623418331, 0.12844887443564154, 0.12754298069260336, 0.1265336817337407, 0.12706284131854773, 0.1275856519738833, 0.12667854216236335, 0.1271515354514122, 0.12982674605316585, 0.12783646062016488, 0.12727029408727372, 0.12737796008586882, 0.12768722207922684, 0.12840606831014156, 0.12699608085677028, 0.1269966121762991, 0.12755670940334146, 0.12824729111577785, 0.12788103272517523, 0.12889856224258742, 0.12786715353528658, 0.12809638244410357, 0.1276055696335706, 0.12925734966993332, 0.12825161839524904, 0.1285429447889328, 0.12847212898103813, 0.1273236673544435, 0.12755917407134, 0.12721171739854312, 0.1275064617395401, 0.12675018783877878, 0.12690167041385875, 0.1277408353984356, 0.12855309310058752, 0.12786761149764062, 0.12854510312899947, 0.1269005734635436, 0.1276857958485683, 0.12737844985994426, 0.1281765146801869, 0.12758332152258267, 0.12762992084026337, 0.12665623128414155, 0.1259385911481721, 0.12673325315117837, 0.1284468031742356, 0.1277446244892321, 0.1274473024042029, 0.12814912403171713, 0.12706968995432058, 0.12860113314606927, 0.12723350564115926, 0.12756611436605453, 0.12707291217520833, 0.12764642895622688, 0.12639021357664695, 0.12819956646611294, 0.12730248741529607, 0.12666322886943818, 0.12872612533661035, 0.1291944404443105, 0.12667388667662938, 0.12697243211524828, 0.12822738985220591, 0.12841058243066072, 0.12734783639510472, 0.12815078099568686, 0.1279573957125346, 0.12723616659641265, 0.12751725253959498, 0.12785589420481733, 0.12786992970440123, 0.12778105959296227, 0.1278466967244943, 0.12613359466195107, 0.12741095608188993, 0.127817346714437, 0.1300230191813575, 0.12902613263577223, 0.12804354320872913, 0.12777894089619318, 0.12759632368882498, 0.12813293082373484, 0.12832292237065054, 0.1286317060391108, 0.12704953125544957, 0.12691094647896917, 0.1278695304478918, 0.12845976863588607, 0.12749814174392007, 0.12813127785921097, 0.12720742993629897, 0.12788254824968484, 0.1277147935409295, 0.1283583794720471, 0.12820689041506161, 0.12774740966657797, 0.12740765449901423, 0.1270114630460739, 0.1283202585246828, 0.12817287617004836, 0.12761198449879885, 0.12740636788881743, 0.1280805726846059, 0.1270541904324835, 0.12814845517277718, 0.12686380113546664, 0.12729302447821414, 0.12844738822716933, 0.12716103602072287, 0.12638090923428535, 0.12706215502250762, 0.1265825554728508, 0.12704147439863947, 0.12826345454562793, 0.12711406424641608, 0.1297955196350813, 0.1271643139745878, 0.12806029824746978, 0.128702158277685, 0.12783182081249025, 0.12867392152547835, 0.12674291870173285, 0.1266035933432908, 0.12672404249509175, 0.12716372223461375, 0.12746858008598028, 0.12830662810140187, 0.12792436164968154, 0.12778012422115906, 0.12853987993938581, 0.1288572379520961, 0.12765744747594, 0.1280680075287819, 0.12664367935874246, 0.12725855516535894, 0.1278209611773491, 0.1268210582435131, 0.12640087803204855, 0.1293022023005919, 0.1272480877883294, 0.1283616895476977, 0.1289014694365588, 0.12698303846021494, 0.12823357495168844, 0.12839122191071511, 0.12855653216441473, 0.128228579514793, 0.12814240902662277, 0.12805863246321678, 0.1276630476117134, 0.1287823565877401, 0.12734009011795647, 0.1271050909999758, 0.1271077265793627, 0.12786430357532066, 0.12663487442161725, 0.12754994529214772, 0.12810109211848333, 0.12686054894457693, 0.12603137418627738, 0.126951666617835, 0.1272668703035875, 0.12620778034130734, 0.12758419662714005, 0.1272957610587279, 0.12854734063148499, 0.12591837272047995, 0.1267362803220749, 0.1270417579833199, 0.1276877410709858, 0.12986037135124207, 0.12817049523194632, 0.1276069593926271, 0.12695443779230117, 0.12724834574120386, 0.12756166801504468, 0.12764309706359073, 0.12815310060977936, 0.12781226196709802, 0.12811405522127947, 0.12847499123641423, 0.12830165388255282, 0.1284274391475178, 0.1276278014605244, 0.12686531208455562, 0.1274212159216404, 0.12826538880666097, 0.12741721227117206, 0.12809949706901202, 0.1270403182681869, 0.12723312228918077, 0.12778455317020415, 0.12814345508813857, 0.12712610118529377, 0.1278825629502535, 0.1285454840399325, 0.1274413526058197, 0.127447052613685, 0.1269070991873741, 0.12876773888573928, 0.12726814697186153, 0.12783061541043794, 0.12827633853469575, 0.12796200861533483, 0.12789387362343924, 0.12820987096604178, 0.12706669494509698, 0.12815634093501352, 0.1268488419326869, 0.12640453378359476, 0.12778019470473131, 0.12758611429196137, 0.12668568640947342, 0.126647695278128, 0.12670163268392737, 0.12671120651066303, 0.12873945779660168, 0.12819632329046726, 0.12834003443519273, 0.12798831186124257, 0.12745317472861364, 0.12657795232885025, 0.12794449982734826, 0.1287750912209352, 0.12685173228383065, 0.1273107435554266, 0.12766607850790024, 0.12825229411062442, 0.12794330314948008, 0.1266769915819168, 0.127384294445316, 0.12727741648753485, 0.12725635963891233, 0.127396861496179]}