('OC-FakeDect1 (Trained on DFDB Dataset)  \nTested on AVG FaceSwap Dataset  \nRunning Average Evaluation', 'OC-FakeDect1_DFDB', 'DFDB', 'OC-FakeDect1_DFDB_raeonFSavg')
auroc=0.5180515328968003
f1=0.44863167339614174
prec=0.4061738424045491
recall=0.501002004008016

fpr=[0.0, 0.501002004008016, 1.0]

tpr=[0.0, 0.5371050698016164, 1.0]

y_true=[0, 0, 0, 0, 0, 0, 0, 0, 0, 0, 0, 0, 0, 0, 0, 0, 0, 0, 0, 0, 0, 0, 0, 0, 0, 0, 0, 0, 0, 0, 0, 0, 0, 0, 0, 0, 0, 0, 0, 0, 0, 0, 0, 0, 0, 0, 0, 0, 0, 0, 0, 0, 0, 0, 0, 0, 0, 0, 0, 0, 0, 0, 0, 0, 0, 0, 0, 0, 0, 0, 0, 0, 0, 0, 0, 0, 0, 0, 0, 0, 0, 0, 0, 0, 0, 0, 0, 0, 0, 0, 0, 0, 0, 0, 0, 0, 0, 0, 0, 0, 0, 0, 0, 0, 0, 0, 0, 0, 0, 0, 0, 0, 0, 0, 0, 0, 0, 0, 0, 0, 0, 0, 0, 0, 0, 0, 0, 0, 0, 0, 0, 0, 0, 0, 0, 0, 0, 0, 0, 0, 0, 0, 0, 0, 0, 0, 0, 0, 0, 0, 0, 0, 0, 0, 0, 0, 0, 0, 0, 0, 0, 0, 0, 0, 0, 0, 0, 0, 0, 0, 0, 0, 0, 0, 0, 0, 0, 0, 0, 0, 0, 0, 0, 0, 0, 0, 0, 0, 0, 0, 0, 0, 0, 0, 0, 0, 0, 0, 0, 0, 0, 0, 0, 0, 0, 0, 0, 0, 0, 0, 0, 0, 0, 0, 0, 0, 0, 0, 0, 0, 0, 0, 0, 0, 0, 0, 0, 0, 0, 0, 0, 0, 0, 0, 0, 0, 0, 0, 0, 0, 0, 0, 0, 0, 0, 0, 0, 0, 0, 0, 0, 0, 0, 0, 0, 0, 0, 0, 0, 0, 0, 0, 0, 0, 0, 0, 0, 0, 0, 0, 0, 0, 0, 0, 0, 0, 0, 0, 0, 0, 0, 0, 0, 0, 0, 0, 0, 0, 0, 0, 0, 0, 0, 0, 0, 0, 0, 0, 0, 0, 0, 0, 0, 0, 0, 0, 0, 0, 0, 0, 0, 0, 0, 0, 0, 0, 0, 0, 0, 0, 0, 0, 0, 0, 0, 0, 0, 0, 0, 0, 0, 0, 0, 0, 0, 0, 0, 0, 0, 0, 0, 0, 0, 0, 0, 0, 0, 0, 0, 0, 0, 0, 0, 0, 0, 0, 0, 0, 0, 0, 0, 0, 0, 0, 0, 0, 0, 0, 0, 0, 0, 0, 0, 0, 0, 0, 0, 0, 0, 0, 0, 0, 0, 0, 0, 0, 0, 0, 0, 0, 0, 0, 0, 0, 0, 0, 0, 0, 0, 0, 0, 0, 0, 0, 0, 0, 0, 0, 0, 0, 0, 0, 0, 0, 0, 0, 0, 0, 0, 0, 0, 0, 0, 0, 0, 0, 0, 0, 0, 0, 0, 0, 0, 0, 0, 0, 0, 0, 0, 0, 0, 0, 0, 0, 0, 0, 0, 0, 0, 0, 0, 0, 0, 0, 0, 0, 0, 0, 0, 0, 0, 0, 0, 0, 0, 0, 0, 0, 0, 0, 0, 0, 0, 0, 0, 0, 0, 0, 0, 0, 0, 0, 0, 0, 0, 0, 0, 0, 0, 0, 0, 0, 0, 0, 0, 0, 0, 0, 0, 0, 0, 0, 0, 0, 0, 0, 0, 0, 0, 0, 0, 0, 0, 0, 0, 0, 0, 0, 0, 0, 0, 0, 0, 0, 0, 0, 0, 0, 0, 0, 0, 0, 0, 0, 0, 0, 0, 0, 0, 0, 0, 0, 0, 0, 0, 0, 0, 0, 0, 0, 0, 0, 0, 0, 0, 0, 0, 0, 0, 0, 0, 0, 0, 0, 0, 0, 0, 0, 0, 0, 0, 0, 0, 0, 0, 0, 0, 0, 0, 0, 0, 0, 0, 0, 0, 0, 0, 0, 0, 0, 0, 0, 0, 0, 0, 0, 0, 0, 0, 0, 0, 0, 0, 0, 0, 0, 0, 0, 0, 0, 0, 0, 0, 0, 0, 0, 0, 0, 0, 0, 0, 0, 0, 0, 0, 0, 0, 0, 0, 0, 0, 0, 0, 0, 0, 0, 0, 0, 0, 0, 0, 0, 0, 0, 0, 0, 0, 0, 0, 0, 0, 0, 0, 0, 0, 0, 0, 0, 0, 0, 0, 0, 0, 0, 0, 0, 0, 0, 0, 0, 0, 0, 0, 0, 0, 0, 0, 0, 0, 0, 0, 0, 0, 0, 0, 0, 0, 0, 0, 0, 0, 0, 0, 0, 0, 0, 0, 0, 0, 0, 0, 0, 0, 0, 0, 0, 0, 0, 0, 0, 0, 0, 0, 0, 0, 0, 0, 0, 0, 0, 0, 0, 0, 0, 0, 0, 0, 0, 0, 0, 0, 0, 0, 0, 0, 0, 0, 0, 0, 0, 0, 0, 0, 0, 0, 0, 0, 0, 0, 0, 0, 0, 0, 0, 0, 0, 0, 0, 0, 0, 0, 0, 0, 0, 0, 0, 0, 0, 0, 0, 0, 0, 0, 0, 0, 0, 0, 0, 0, 0, 0, 0, 0, 0, 0, 0, 0, 0, 0, 0, 0, 0, 0, 0, 0, 0, 0, 0, 0, 0, 0, 0, 0, 0, 0, 0, 0, 0, 0, 0, 0, 0, 0, 0, 0, 0, 0, 0, 0, 0, 0, 0, 0, 0, 0, 0, 0, 0, 0, 0, 0, 0, 0, 0, 0, 0, 0, 0, 0, 0, 0, 0, 0, 0, 0, 0, 0, 0, 0, 0, 0, 0, 0, 0, 0, 0, 0, 0, 0, 0, 0, 0, 0, 0, 0, 0, 0, 0, 0, 0, 0, 0, 0, 0, 0, 0, 0, 0, 0, 0, 0, 0, 0, 0, 0, 0, 0, 0, 0, 0, 0, 0, 0, 0, 0, 0, 0, 0, 0, 0, 0, 0, 0, 0, 0, 0, 0, 0, 0, 0, 0, 0, 0, 0, 0, 0, 0, 0, 0, 0, 0, 0, 0, 0, 0, 0, 0, 0, 0, 0, 0, 0, 0, 0, 0, 0, 0, 0, 0, 0, 0, 0, 0, 0, 0, 0, 0, 0, 0, 0, 0, 0, 0, 0, 0, 0, 0, 0, 0, 0, 0, 0, 0, 0, 0, 0, 0, 0, 0, 0, 0, 0, 0, 0, 0, 0, 0, 0, 0, 0, 0, 0, 0, 0, 0, 0, 0, 0, 0, 0, 0, 0, 0, 0, 0, 0, 0, 0, 0, 0, 0, 0, 0, 0, 0, 0, 0, 0, 0, 0, 0, 0, 0, 0, 0, 0, 0, 0, 0, 0, 0, 0, 0, 0, 0, 0, 0, 0, 0, 0, 0, 0, 0, 0, 0, 0, 0, 0, 0, 0, 0, 0, 0, 0, 0, 0, 0, 0, 0, 0, 0, 0, 0, 0, 0, 0, 0, 0, 0, 0, 0, 0, 0, 0, 0, 0, 0, 0, 0, 0, 0, 0, 0, 0, 0, 0, 0, 0, 0, 0, 0, 0, 0, 0, 0, 0, 0, 0, 0, 0, 0, 0, 0, 0, 0, 0, 0, 0, 0, 0, 0, 0, 0, 0, 0, 0, 0, 0, 0, 0, 0, 0, 0, 0, 0, 0, 0, 0, 0, 0, 0, 0, 0, 0, 0, 0, 0, 0, 0, 0, 0, 0, 0, 0, 0, 0, 0, 0, 0, 0, 0, 0, 0, 0, 0, 0, 0, 0, 0, 0, 0, 0, 0, 0, 0, 0, 0, 0, 0, 0, 0, 0, 0, 0, 0, 0, 0, 0, 0, 0, 0, 0, 0, 0, 0, 0, 0, 0, 0, 0, 0, 0, 0, 0, 0, 0, 0, 0, 0, 0, 0, 0, 0, 0, 0, 0, 0, 0, 0, 0, 0, 0, 0, 0, 0, 0, 0, 0, 0, 0, 0, 0, 0, 0, 0, 0, 0, 0, 0, 0, 0, 0, 0, 0, 0, 0, 0, 0, 0, 0, 0, 0, 0, 0, 0, 0, 0, 0, 0, 0, 0, 0, 0, 0, 0, 0, 0, 0, 0, 0, 0, 0, 0, 0, 0, 0, 0, 0, 0, 0, 0, 0, 0, 0, 0, 0, 0, 0, 0, 0, 0, 0, 0, 0, 0, 0, 0, 0, 0, 0, 0, 0, 0, 0, 0, 0, 0, 0, 0, 0, 0, 0, 0, 0, 0, 0, 0, 0, 0, 0, 0, 0, 0, 0, 0, 0, 0, 0, 0, 0, 0, 0, 0, 0, 0, 0, 0, 0, 0, 0, 0, 0, 0, 0, 0, 0, 0, 0, 0, 0, 0, 0, 0, 0, 0, 0, 0, 0, 0, 0, 0, 0, 0, 0, 0, 0, 0, 0, 0, 0, 0, 0, 0, 0, 0, 0, 0, 0, 0, 0, 0, 1, 1, 1, 1, 1, 1, 1, 1, 1, 1, 1, 1, 1, 1, 1, 1, 1, 1, 1, 1, 1, 1, 1, 1, 1, 1, 1, 1, 1, 1, 1, 1, 1, 1, 1, 1, 1, 1, 1, 1, 1, 1, 1, 1, 1, 1, 1, 1, 1, 1, 1, 1, 1, 1, 1, 1, 1, 1, 1, 1, 1, 1, 1, 1, 1, 1, 1, 1, 1, 1, 1, 1, 1, 1, 1, 1, 1, 1, 1, 1, 1, 1, 1, 1, 1, 1, 1, 1, 1, 1, 1, 1, 1, 1, 1, 1, 1, 1, 1, 1, 1, 1, 1, 1, 1, 1, 1, 1, 1, 1, 1, 1, 1, 1, 1, 1, 1, 1, 1, 1, 1, 1, 1, 1, 1, 1, 1, 1, 1, 1, 1, 1, 1, 1, 1, 1, 1, 1, 1, 1, 1, 1, 1, 1, 1, 1, 1, 1, 1, 1, 1, 1, 1, 1, 1, 1, 1, 1, 1, 1, 1, 1, 1, 1, 1, 1, 1, 1, 1, 1, 1, 1, 1, 1, 1, 1, 1, 1, 1, 1, 1, 1, 1, 1, 1, 1, 1, 1, 1, 1, 1, 1, 1, 1, 1, 1, 1, 1, 1, 1, 1, 1, 1, 1, 1, 1, 1, 1, 1, 1, 1, 1, 1, 1, 1, 1, 1, 1, 1, 1, 1, 1, 1, 1, 1, 1, 1, 1, 1, 1, 1, 1, 1, 1, 1, 1, 1, 1, 1, 1, 1, 1, 1, 1, 1, 1, 1, 1, 1, 1, 1, 1, 1, 1, 1, 1, 1, 1, 1, 1, 1, 1, 1, 1, 1, 1, 1, 1, 1, 1, 1, 1, 1, 1, 1, 1, 1, 1, 1, 1, 1, 1, 1, 1, 1, 1, 1, 1, 1, 1, 1, 1, 1, 1, 1, 1, 1, 1, 1, 1, 1, 1, 1, 1, 1, 1, 1, 1, 1, 1, 1, 1, 1, 1, 1, 1, 1, 1, 1, 1, 1, 1, 1, 1, 1, 1, 1, 1, 1, 1, 1, 1, 1, 1, 1, 1, 1, 1, 1, 1, 1, 1, 1, 1, 1, 1, 1, 1, 1, 1, 1, 1, 1, 1, 1, 1, 1, 1, 1, 1, 1, 1, 1, 1, 1, 1, 1, 1, 1, 1, 1, 1, 1, 1, 1, 1, 1, 1, 1, 1, 1, 1, 1, 1, 1, 1, 1, 1, 1, 1, 1, 1, 1, 1, 1, 1, 1, 1, 1, 1, 1, 1, 1, 1, 1, 1, 1, 1, 1, 1, 1, 1, 1, 1, 1, 1, 1, 1, 1, 1, 1, 1, 1, 1, 1, 1, 1, 1, 1, 1, 1, 1, 1, 1, 1, 1, 1, 1, 1, 1, 1, 1, 1, 1, 1, 1, 1, 1, 1, 1, 1, 1, 1, 1, 1, 1, 1, 1, 1, 1, 1, 1, 1, 1, 1, 1, 1, 1, 1, 1, 1, 1, 1, 1, 1, 1, 1, 1, 1, 1, 1, 1, 1, 1, 1, 1, 1, 1, 1, 1, 1, 1, 1, 1, 1, 1, 1, 1, 1, 1, 1, 1, 1, 1, 1, 1, 1, 1, 1, 1, 1, 1, 1, 1, 1, 1, 1, 1, 1, 1, 1, 1, 1, 1, 1, 1, 1, 1, 1, 1, 1, 1, 1, 1, 1, 1, 1, 1, 1, 1, 1, 1, 1, 1, 1, 1, 1, 1, 1, 1, 1, 1, 1, 1, 1, 1, 1, 1, 1, 1, 1, 1, 1, 1, 1, 1, 1, 1, 1, 1, 1, 1, 1, 1, 1, 1, 1, 1, 1, 1, 1, 1, 1, 1, 1, 1, 1, 1, 1, 1, 1, 1, 1, 1, 1, 1, 1, 1, 1, 1, 1, 1, 1, 1, 1, 1, 1, 1, 1, 1, 1, 1, 1, 1, 1, 1, 1, 1, 1, 1, 1, 1, 1, 1, 1, 1, 1, 1, 1, 1, 1, 1, 1, 1, 1, 1, 1, 1, 1, 1, 1, 1, 1, 1, 1, 1, 1, 1, 1, 1, 1, 1, 1, 1, 1, 1, 1, 1, 1, 1, 1, 1, 1, 1, 1, 1, 1, 1, 1, 1, 1, 1, 1, 1, 1, 1, 1, 1, 1, 1, 1, 1, 1, 1, 1, 1, 1, 1, 1, 1, 1, 1, 1, 1, 1, 1, 1, 1, 1, 1, 1, 1, 1, 1, 1, 1, 1, 1, 1, 1, 1, 1, 1, 1, 1, 1, 1, 1, 1, 1, 1, 1, 1, 1, 1, 1, 1, 1, 1, 1, 1, 1, 1, 1, 1, 1, 1, 1, 1, 1, 1, 1, 1, 1, 1, 1, 1, 1, 1, 1, 1, 1, 1, 1, 1, 1, 1, 1, 1, 1, 1, 1, 1, 1, 1, 1, 1, 1, 1, 1, 1, 1, 1, 1, 1, 1, 1, 1, 1, 1, 1, 1, 1, 1, 1, 1, 1, 1, 1, 1, 1, 1, 1, 1, 1, 1, 1, 1, 1, 1, 1, 1, 1, 1, 1, 1, 1, 1, 1, 1, 1, 1, 1, 1, 1, 1, 1, 1, 1, 1, 1, 1, 1, 1, 1, 1, 1, 1, 1, 1, 1, 1, 1, 1, 1, 1, 1, 1, 1, 1, 1, 1, 1, 1, 1, 1, 1, 1, 1, 1, 1, 1, 1, 1, 1, 1, 1, 1, 1, 1, 1, 1, 1, 1, 1, 1, 1, 1, 1, 1, 1, 1, 1, 1, 1, 1, 1, 1, 1, 1, 1, 1, 1, 1, 1, 1, 1, 1, 1, 1, 1, 1, 1, 1, 1, 1, 1, 1, 1, 1, 1, 1, 1, 1, 1, 1, 1, 1, 1, 1, 1, 1, 1, 1, 1, 1, 1, 1, 1, 1, 1, 1, 1, 1, 1, 1, 1, 1, 1, 1, 1, 1, 1, 1, 1, 1, 1, 1, 1, 1, 1, 1, 1, 1, 1, 1, 1, 1, 1, 1, 1, 1, 1, 1, 1, 1, 1, 1, 1, 1, 1, 1, 1, 1, 1, 1, 1, 1, 1, 1, 1, 1, 1, 1, 1, 1, 1, 1, 1, 1, 1, 1, 1, 1, 1, 1, 1, 1, 1, 1, 1, 1, 1, 1, 1, 1, 1, 1]

y_pred=[0.0, 1.0, 0.0, 0.0, 0.0, 1.0, 0.0, 0.0, 1.0, 0.0, 1.0, 1.0, 0.0, 1.0, 0.0, 1.0, 1.0, 1.0, 0.0, 0.0, 1.0, 0.0, 1.0, 1.0, 1.0, 1.0, 1.0, 0.0, 1.0, 0.0, 0.0, 0.0, 1.0, 0.0, 0.0, 0.0, 0.0, 0.0, 0.0, 0.0, 0.0, 1.0, 1.0, 0.0, 0.0, 0.0, 1.0, 1.0, 0.0, 0.0, 0.0, 1.0, 1.0, 1.0, 0.0, 0.0, 1.0, 0.0, 0.0, 0.0, 0.0, 1.0, 1.0, 0.0, 0.0, 1.0, 1.0, 0.0, 1.0, 0.0, 0.0, 1.0, 1.0, 1.0, 1.0, 0.0, 1.0, 0.0, 1.0, 0.0, 0.0, 0.0, 0.0, 1.0, 0.0, 1.0, 0.0, 0.0, 1.0, 1.0, 0.0, 0.0, 0.0, 0.0, 1.0, 0.0, 0.0, 1.0, 1.0, 1.0, 0.0, 0.0, 1.0, 1.0, 0.0, 0.0, 0.0, 1.0, 1.0, 1.0, 1.0, 1.0, 0.0, 1.0, 0.0, 0.0, 0.0, 1.0, 1.0, 1.0, 1.0, 0.0, 1.0, 0.0, 1.0, 1.0, 1.0, 1.0, 0.0, 1.0, 0.0, 0.0, 0.0, 1.0, 1.0, 1.0, 1.0, 0.0, 1.0, 0.0, 1.0, 0.0, 0.0, 0.0, 0.0, 1.0, 1.0, 1.0, 1.0, 1.0, 0.0, 1.0, 1.0, 0.0, 1.0, 1.0, 1.0, 0.0, 1.0, 0.0, 1.0, 0.0, 0.0, 0.0, 0.0, 1.0, 1.0, 0.0, 1.0, 1.0, 1.0, 0.0, 1.0, 0.0, 0.0, 1.0, 1.0, 1.0, 0.0, 0.0, 0.0, 1.0, 1.0, 1.0, 0.0, 1.0, 0.0, 0.0, 0.0, 1.0, 0.0, 1.0, 1.0, 0.0, 0.0, 0.0, 0.0, 1.0, 0.0, 0.0, 1.0, 0.0, 0.0, 1.0, 0.0, 0.0, 0.0, 0.0, 1.0, 1.0, 0.0, 0.0, 0.0, 1.0, 0.0, 0.0, 1.0, 0.0, 1.0, 0.0, 0.0, 0.0, 1.0, 1.0, 0.0, 0.0, 1.0, 1.0, 1.0, 0.0, 0.0, 1.0, 0.0, 1.0, 0.0, 1.0, 0.0, 0.0, 1.0, 0.0, 1.0, 1.0, 0.0, 0.0, 0.0, 0.0, 0.0, 1.0, 0.0, 0.0, 0.0, 0.0, 0.0, 0.0, 1.0, 0.0, 1.0, 0.0, 1.0, 0.0, 0.0, 0.0, 0.0, 0.0, 1.0, 1.0, 0.0, 1.0, 0.0, 1.0, 0.0, 0.0, 1.0, 0.0, 1.0, 1.0, 1.0, 0.0, 1.0, 1.0, 0.0, 0.0, 0.0, 0.0, 0.0, 1.0, 0.0, 1.0, 0.0, 0.0, 1.0, 1.0, 1.0, 0.0, 1.0, 0.0, 1.0, 1.0, 1.0, 1.0, 1.0, 1.0, 0.0, 0.0, 1.0, 0.0, 0.0, 0.0, 1.0, 1.0, 1.0, 0.0, 1.0, 0.0, 1.0, 1.0, 1.0, 1.0, 1.0, 0.0, 1.0, 0.0, 1.0, 0.0, 1.0, 1.0, 1.0, 0.0, 1.0, 1.0, 0.0, 1.0, 0.0, 0.0, 1.0, 1.0, 0.0, 0.0, 0.0, 1.0, 0.0, 0.0, 0.0, 1.0, 0.0, 0.0, 1.0, 1.0, 0.0, 0.0, 1.0, 1.0, 1.0, 1.0, 1.0, 0.0, 0.0, 0.0, 1.0, 0.0, 0.0, 0.0, 1.0, 0.0, 1.0, 1.0, 0.0, 0.0, 1.0, 0.0, 1.0, 0.0, 0.0, 1.0, 1.0, 1.0, 1.0, 0.0, 0.0, 0.0, 1.0, 1.0, 1.0, 1.0, 0.0, 0.0, 0.0, 1.0, 1.0, 1.0, 0.0, 0.0, 1.0, 1.0, 0.0, 0.0, 0.0, 1.0, 0.0, 1.0, 1.0, 0.0, 0.0, 0.0, 0.0, 0.0, 0.0, 0.0, 0.0, 0.0, 0.0, 1.0, 1.0, 0.0, 1.0, 1.0, 0.0, 1.0, 1.0, 0.0, 1.0, 1.0, 1.0, 1.0, 0.0, 0.0, 0.0, 0.0, 0.0, 1.0, 0.0, 1.0, 0.0, 0.0, 0.0, 0.0, 0.0, 0.0, 1.0, 0.0, 0.0, 1.0, 0.0, 0.0, 1.0, 1.0, 0.0, 0.0, 1.0, 0.0, 1.0, 0.0, 1.0, 1.0, 0.0, 1.0, 1.0, 1.0, 1.0, 1.0, 0.0, 0.0, 0.0, 0.0, 0.0, 0.0, 1.0, 1.0, 1.0, 0.0, 1.0, 0.0, 0.0, 0.0, 0.0, 0.0, 0.0, 1.0, 1.0, 1.0, 1.0, 1.0, 0.0, 0.0, 0.0, 0.0, 1.0, 1.0, 0.0, 0.0, 0.0, 1.0, 0.0, 1.0, 0.0, 0.0, 0.0, 0.0, 1.0, 1.0, 1.0, 0.0, 0.0, 0.0, 0.0, 0.0, 1.0, 0.0, 1.0, 1.0, 0.0, 0.0, 1.0, 1.0, 0.0, 0.0, 1.0, 1.0, 0.0, 0.0, 1.0, 1.0, 0.0, 0.0, 1.0, 0.0, 0.0, 1.0, 1.0, 0.0, 0.0, 1.0, 0.0, 1.0, 1.0, 1.0, 1.0, 1.0, 1.0, 0.0, 1.0, 1.0, 1.0, 1.0, 1.0, 0.0, 0.0, 1.0, 0.0, 1.0, 0.0, 0.0, 1.0, 0.0, 1.0, 0.0, 0.0, 1.0, 1.0, 1.0, 1.0, 0.0, 0.0, 1.0, 0.0, 1.0, 0.0, 1.0, 0.0, 0.0, 0.0, 0.0, 1.0, 0.0, 0.0, 1.0, 1.0, 0.0, 0.0, 0.0, 1.0, 1.0, 0.0, 0.0, 0.0, 0.0, 0.0, 1.0, 0.0, 1.0, 0.0, 0.0, 1.0, 0.0, 0.0, 0.0, 1.0, 1.0, 0.0, 1.0, 1.0, 0.0, 0.0, 0.0, 0.0, 1.0, 0.0, 1.0, 0.0, 1.0, 0.0, 1.0, 1.0, 0.0, 0.0, 1.0, 1.0, 0.0, 0.0, 0.0, 1.0, 0.0, 0.0, 1.0, 1.0, 1.0, 1.0, 1.0, 1.0, 0.0, 0.0, 1.0, 1.0, 0.0, 1.0, 1.0, 0.0, 0.0, 1.0, 0.0, 0.0, 1.0, 1.0, 1.0, 0.0, 0.0, 1.0, 1.0, 1.0, 0.0, 0.0, 1.0, 0.0, 1.0, 0.0, 0.0, 0.0, 1.0, 1.0, 0.0, 0.0, 1.0, 0.0, 0.0, 1.0, 0.0, 0.0, 1.0, 1.0, 0.0, 1.0, 0.0, 0.0, 1.0, 0.0, 1.0, 0.0, 1.0, 0.0, 0.0, 0.0, 1.0, 1.0, 0.0, 0.0, 0.0, 0.0, 1.0, 1.0, 0.0, 0.0, 0.0, 1.0, 0.0, 0.0, 1.0, 0.0, 0.0, 0.0, 0.0, 0.0, 1.0, 0.0, 0.0, 1.0, 0.0, 0.0, 0.0, 0.0, 0.0, 0.0, 1.0, 1.0, 0.0, 0.0, 0.0, 0.0, 1.0, 0.0, 0.0, 0.0, 1.0, 0.0, 0.0, 0.0, 0.0, 0.0, 1.0, 1.0, 0.0, 1.0, 0.0, 1.0, 0.0, 1.0, 1.0, 1.0, 1.0, 1.0, 0.0, 1.0, 0.0, 1.0, 0.0, 0.0, 1.0, 0.0, 0.0, 0.0, 1.0, 1.0, 0.0, 1.0, 0.0, 1.0, 1.0, 1.0, 0.0, 0.0, 0.0, 0.0, 1.0, 0.0, 1.0, 0.0, 0.0, 0.0, 1.0, 1.0, 1.0, 1.0, 0.0, 1.0, 1.0, 1.0, 1.0, 0.0, 1.0, 0.0, 1.0, 1.0, 1.0, 1.0, 0.0, 0.0, 0.0, 1.0, 1.0, 0.0, 1.0, 1.0, 0.0, 1.0, 1.0, 1.0, 1.0, 1.0, 0.0, 0.0, 1.0, 1.0, 1.0, 0.0, 1.0, 1.0, 1.0, 0.0, 1.0, 0.0, 1.0, 1.0, 0.0, 1.0, 0.0, 0.0, 1.0, 0.0, 0.0, 0.0, 1.0, 1.0, 1.0, 1.0, 0.0, 0.0, 0.0, 1.0, 1.0, 0.0, 0.0, 1.0, 0.0, 1.0, 0.0, 1.0, 0.0, 0.0, 0.0, 1.0, 1.0, 0.0, 1.0, 1.0, 1.0, 0.0, 0.0, 0.0, 1.0, 0.0, 0.0, 0.0, 1.0, 1.0, 1.0, 1.0, 0.0, 1.0, 0.0, 0.0, 0.0, 1.0, 1.0, 1.0, 1.0, 1.0, 0.0, 1.0, 1.0, 1.0, 1.0, 0.0, 1.0, 1.0, 1.0, 1.0, 1.0, 0.0, 1.0, 1.0, 1.0, 1.0, 0.0, 0.0, 0.0, 1.0, 0.0, 1.0, 1.0, 0.0, 0.0, 0.0, 0.0, 1.0, 0.0, 1.0, 1.0, 0.0, 1.0, 0.0, 1.0, 1.0, 1.0, 0.0, 1.0, 0.0, 0.0, 0.0, 1.0, 1.0, 0.0, 1.0, 1.0, 0.0, 0.0, 1.0, 0.0, 0.0, 1.0, 0.0, 0.0, 0.0, 1.0, 0.0, 1.0, 1.0, 0.0, 0.0, 1.0, 1.0, 0.0, 0.0, 1.0, 0.0, 0.0, 1.0, 1.0, 1.0, 1.0, 0.0, 0.0, 0.0, 0.0, 0.0, 0.0, 0.0, 0.0, 0.0, 1.0, 1.0, 0.0, 0.0, 0.0, 1.0, 1.0, 0.0, 1.0, 1.0, 0.0, 0.0, 1.0, 0.0, 1.0, 0.0, 1.0, 0.0, 1.0, 1.0, 1.0, 1.0, 0.0, 1.0, 1.0, 1.0, 1.0, 0.0, 1.0, 0.0, 1.0, 0.0, 0.0, 1.0, 0.0, 0.0, 0.0, 0.0, 1.0, 1.0, 1.0, 1.0, 0.0, 0.0, 1.0, 0.0, 1.0, 1.0, 0.0, 1.0, 1.0, 1.0, 1.0, 0.0, 0.0, 1.0, 1.0, 1.0, 0.0, 0.0, 0.0, 1.0, 1.0, 0.0, 0.0, 1.0, 0.0, 0.0, 0.0, 1.0, 1.0, 0.0, 0.0, 0.0, 0.0, 1.0, 0.0, 1.0, 0.0, 0.0, 0.0, 0.0, 0.0, 1.0, 0.0, 0.0, 1.0, 0.0, 1.0, 0.0, 1.0, 0.0, 1.0, 1.0, 1.0, 0.0, 0.0, 0.0, 0.0, 1.0, 0.0, 1.0, 0.0, 0.0, 1.0, 0.0, 1.0, 0.0, 0.0, 1.0, 1.0, 1.0, 1.0, 1.0, 0.0, 0.0, 1.0, 1.0, 1.0, 1.0, 1.0, 0.0, 0.0, 0.0, 1.0, 0.0, 0.0, 0.0, 0.0, 0.0, 0.0, 0.0, 1.0, 0.0, 1.0, 0.0, 0.0, 0.0, 1.0, 1.0, 0.0, 0.0, 0.0, 0.0, 0.0, 0.0, 1.0, 0.0, 1.0, 0.0, 0.0, 0.0, 1.0, 1.0, 0.0, 0.0, 0.0, 1.0, 0.0, 1.0, 1.0, 0.0, 0.0, 1.0, 0.0, 1.0, 1.0, 0.0, 0.0, 1.0, 1.0, 1.0, 1.0, 1.0, 1.0, 0.0, 0.0, 1.0, 0.0, 0.0, 1.0, 0.0, 0.0, 0.0, 0.0, 0.0, 0.0, 1.0, 1.0, 1.0, 1.0, 0.0, 1.0, 1.0, 0.0, 1.0, 0.0, 0.0, 0.0, 0.0, 1.0, 1.0, 1.0, 0.0, 0.0, 0.0, 1.0, 0.0, 0.0, 1.0, 1.0, 0.0, 0.0, 1.0, 0.0, 0.0, 1.0, 0.0, 0.0, 0.0, 1.0, 0.0, 1.0, 0.0, 1.0, 0.0, 0.0, 0.0, 0.0, 0.0, 0.0, 0.0, 0.0, 1.0, 1.0, 0.0, 1.0, 0.0, 0.0, 0.0, 0.0, 0.0, 0.0, 1.0, 1.0, 0.0, 1.0, 1.0, 1.0, 0.0, 1.0, 0.0, 0.0, 1.0, 0.0, 0.0, 0.0, 0.0, 0.0, 0.0, 1.0, 0.0, 1.0, 1.0, 1.0, 1.0, 0.0, 1.0, 0.0, 0.0, 0.0, 1.0, 1.0, 1.0, 0.0, 1.0, 1.0, 0.0, 1.0, 1.0, 1.0, 1.0, 1.0, 0.0, 0.0, 0.0, 0.0, 0.0, 1.0, 0.0, 1.0, 1.0, 0.0, 1.0, 1.0, 0.0, 1.0, 0.0, 1.0, 1.0, 1.0, 0.0, 0.0, 0.0, 0.0, 1.0, 1.0, 0.0, 1.0, 1.0, 1.0, 0.0, 0.0, 1.0, 1.0, 1.0, 0.0, 1.0, 1.0, 0.0, 0.0, 0.0, 1.0, 1.0, 1.0, 0.0, 0.0, 1.0, 0.0, 0.0, 0.0, 0.0, 0.0, 0.0, 1.0, 1.0, 1.0, 0.0, 1.0, 0.0, 0.0, 0.0, 1.0, 0.0, 0.0, 1.0, 0.0, 1.0, 1.0, 1.0, 0.0, 1.0, 1.0, 0.0, 0.0, 1.0, 1.0, 0.0, 0.0, 0.0, 0.0, 0.0, 1.0, 0.0, 0.0, 1.0, 1.0, 0.0, 1.0, 0.0, 0.0, 1.0, 1.0, 0.0, 1.0, 0.0, 1.0, 1.0, 0.0, 0.0, 0.0, 0.0, 0.0, 0.0, 0.0, 1.0, 0.0, 0.0, 0.0, 0.0, 0.0, 1.0, 0.0, 1.0, 0.0, 0.0, 0.0, 1.0, 0.0, 0.0, 1.0, 0.0, 0.0, 1.0, 0.0, 1.0, 0.0, 1.0, 0.0, 0.0, 0.0, 0.0, 0.0, 1.0, 1.0, 0.0, 0.0, 0.0, 0.0, 1.0, 1.0, 1.0, 1.0, 0.0, 1.0, 0.0, 0.0, 1.0, 1.0, 1.0, 1.0, 1.0, 1.0, 1.0, 1.0, 1.0, 0.0, 0.0, 0.0, 1.0, 0.0, 0.0, 0.0, 0.0, 0.0, 0.0, 0.0, 0.0, 0.0, 1.0, 0.0, 0.0, 0.0, 0.0, 1.0, 1.0, 0.0, 1.0, 0.0, 0.0, 1.0, 0.0, 0.0, 0.0, 1.0, 0.0, 0.0, 1.0, 0.0, 1.0, 1.0, 1.0, 0.0, 1.0, 1.0, 1.0, 1.0, 1.0, 0.0, 1.0, 1.0, 1.0, 1.0, 0.0, 1.0, 0.0, 1.0, 1.0, 1.0, 0.0, 1.0, 1.0, 1.0, 1.0, 1.0, 1.0, 1.0, 1.0, 1.0, 1.0, 0.0, 1.0, 0.0, 0.0, 0.0, 1.0, 1.0, 0.0, 1.0, 1.0, 1.0, 1.0, 0.0, 1.0, 1.0, 1.0, 0.0, 0.0, 1.0, 0.0, 0.0, 1.0, 0.0, 0.0, 0.0, 0.0, 1.0, 0.0, 0.0, 0.0, 0.0, 1.0, 1.0, 1.0, 1.0, 1.0, 1.0, 1.0, 1.0, 0.0, 0.0, 0.0, 1.0, 0.0, 1.0, 1.0, 1.0, 0.0, 1.0, 0.0, 1.0, 1.0, 1.0, 1.0, 0.0, 0.0, 0.0, 1.0, 0.0, 0.0, 0.0, 0.0, 0.0, 1.0, 1.0, 1.0, 1.0, 1.0, 1.0, 0.0, 1.0, 1.0, 1.0, 1.0, 0.0, 0.0, 1.0, 1.0, 1.0, 0.0, 1.0, 0.0, 1.0, 0.0, 1.0, 0.0, 0.0, 0.0, 0.0, 1.0, 0.0, 1.0, 0.0, 0.0, 1.0, 0.0, 1.0, 0.0, 0.0, 0.0, 1.0, 1.0, 0.0, 0.0, 0.0, 0.0, 1.0, 0.0, 1.0, 0.0, 1.0, 0.0, 0.0, 0.0, 1.0, 0.0, 0.0, 1.0, 0.0, 0.0, 0.0, 1.0, 1.0, 1.0, 0.0, 0.0, 1.0, 1.0, 1.0, 0.0, 0.0, 0.0, 0.0, 1.0, 1.0, 1.0, 0.0, 0.0, 1.0, 0.0, 0.0, 1.0, 1.0, 0.0, 1.0, 1.0, 0.0, 0.0, 1.0, 1.0, 0.0, 0.0, 1.0, 0.0, 1.0, 0.0, 0.0, 0.0, 0.0, 0.0, 0.0, 0.0, 1.0, 1.0, 1.0, 0.0, 0.0, 0.0, 0.0, 1.0, 1.0, 1.0, 0.0, 1.0, 1.0, 1.0, 0.0, 0.0, 1.0, 0.0, 0.0, 1.0, 0.0, 1.0, 0.0, 1.0, 0.0, 0.0, 0.0, 1.0, 1.0, 0.0, 1.0, 0.0, 0.0, 0.0, 0.0, 1.0, 0.0, 1.0, 1.0, 1.0, 1.0, 0.0, 1.0, 1.0, 0.0, 0.0, 0.0, 1.0, 0.0, 1.0, 0.0, 0.0, 1.0, 1.0, 1.0, 1.0, 0.0, 1.0, 1.0, 1.0, 0.0, 1.0, 0.0, 1.0, 0.0, 0.0, 0.0, 1.0, 1.0, 0.0, 0.0, 1.0, 1.0, 1.0, 0.0, 0.0, 1.0, 1.0, 0.0, 0.0, 0.0, 1.0, 1.0, 1.0, 1.0, 1.0, 1.0, 0.0, 1.0, 1.0, 0.0, 1.0, 1.0, 1.0, 1.0, 1.0, 0.0, 0.0, 1.0, 0.0, 1.0, 0.0, 1.0, 1.0, 1.0, 0.0, 0.0, 1.0, 1.0, 0.0, 0.0, 1.0, 1.0, 1.0, 0.0, 1.0, 0.0, 0.0, 0.0, 0.0, 1.0, 1.0, 0.0, 0.0, 1.0, 0.0, 0.0, 0.0, 1.0, 0.0, 1.0, 1.0, 0.0, 0.0, 0.0, 1.0, 0.0, 1.0, 0.0, 0.0, 1.0, 1.0, 1.0, 1.0, 0.0, 0.0, 0.0, 0.0, 1.0, 0.0, 1.0, 0.0, 1.0, 1.0, 0.0, 1.0, 0.0, 0.0, 1.0, 0.0, 1.0, 1.0, 0.0, 1.0, 0.0, 0.0, 1.0, 0.0, 1.0, 1.0, 1.0, 0.0, 1.0, 1.0, 0.0, 1.0, 1.0, 1.0, 1.0, 0.0, 1.0, 0.0, 0.0, 0.0, 0.0, 1.0, 0.0, 0.0, 0.0, 1.0, 1.0, 0.0, 1.0, 1.0, 0.0, 1.0, 0.0, 0.0, 1.0, 1.0, 0.0, 0.0, 1.0, 0.0, 0.0, 0.0, 0.0, 0.0, 0.0, 0.0, 0.0, 1.0, 1.0, 1.0, 1.0, 0.0, 1.0, 1.0, 1.0, 1.0, 0.0, 0.0, 0.0, 0.0, 0.0, 1.0, 0.0, 1.0, 0.0, 1.0, 0.0, 0.0, 1.0, 1.0, 0.0, 1.0, 0.0, 1.0, 1.0, 1.0, 0.0, 1.0, 1.0, 0.0, 0.0, 0.0, 0.0, 0.0, 1.0, 1.0, 0.0, 0.0, 0.0, 0.0, 0.0, 0.0, 0.0, 0.0, 0.0, 0.0, 1.0, 1.0, 1.0, 1.0, 0.0, 0.0, 0.0, 1.0, 0.0, 0.0, 0.0, 0.0, 1.0, 1.0, 0.0, 1.0, 1.0, 1.0, 0.0, 1.0, 1.0, 1.0, 1.0, 0.0, 0.0, 1.0, 0.0, 0.0, 0.0, 1.0, 1.0, 0.0, 1.0, 1.0, 0.0, 0.0, 0.0, 1.0, 1.0, 1.0, 0.0, 1.0, 0.0, 1.0, 0.0, 1.0, 0.0, 1.0, 0.0, 1.0, 0.0, 0.0, 0.0, 1.0, 0.0, 1.0, 1.0, 1.0, 0.0, 0.0, 1.0, 1.0, 0.0, 0.0, 1.0, 0.0, 1.0, 0.0, 0.0, 0.0, 1.0, 1.0, 0.0, 0.0, 1.0, 0.0, 1.0, 1.0, 1.0, 0.0, 1.0, 1.0, 1.0, 0.0, 1.0, 0.0, 1.0, 0.0, 1.0, 0.0, 1.0, 1.0, 1.0, 0.0, 0.0, 0.0, 0.0, 0.0, 1.0, 0.0, 1.0, 0.0, 1.0, 0.0, 1.0, 1.0, 0.0, 1.0, 1.0, 1.0, 1.0, 0.0, 0.0, 1.0, 0.0, 1.0, 1.0, 1.0, 1.0, 0.0, 0.0, 0.0, 1.0, 1.0, 0.0, 1.0, 1.0, 1.0, 0.0, 0.0, 0.0, 0.0, 0.0, 0.0, 1.0, 0.0, 0.0, 0.0, 0.0, 1.0, 0.0, 1.0, 0.0, 1.0, 1.0, 0.0, 0.0, 0.0, 1.0, 1.0, 0.0, 0.0, 1.0, 1.0, 0.0, 1.0, 1.0, 1.0, 1.0, 1.0, 0.0, 0.0, 0.0, 1.0, 0.0, 1.0, 0.0, 1.0, 1.0, 1.0, 1.0, 1.0, 1.0, 0.0, 0.0, 1.0, 0.0, 1.0, 0.0, 0.0, 0.0, 0.0, 0.0, 1.0, 0.0, 1.0, 0.0, 0.0, 1.0, 0.0, 1.0, 1.0, 1.0, 0.0, 0.0, 0.0, 1.0, 1.0, 1.0, 0.0, 0.0, 0.0, 0.0, 1.0, 1.0, 0.0, 1.0, 0.0, 1.0, 0.0, 1.0, 1.0, 0.0, 1.0, 0.0, 0.0, 1.0, 1.0, 1.0, 0.0, 0.0, 1.0, 0.0, 0.0, 0.0, 0.0, 1.0, 0.0, 1.0, 1.0, 1.0, 0.0, 1.0, 0.0, 0.0, 1.0, 0.0, 1.0, 0.0, 1.0, 1.0, 0.0, 0.0, 0.0, 1.0, 1.0, 0.0, 1.0, 0.0, 1.0, 0.0, 0.0, 0.0, 0.0, 0.0, 1.0, 1.0, 0.0, 1.0, 1.0, 1.0, 0.0, 1.0, 0.0, 0.0, 0.0, 1.0, 0.0, 0.0, 0.0, 1.0, 1.0, 1.0, 1.0, 1.0, 1.0, 0.0, 1.0, 0.0, 1.0, 0.0, 1.0, 0.0, 0.0, 1.0, 0.0, 1.0, 1.0, 1.0, 0.0, 1.0, 1.0, 1.0, 0.0, 0.0, 0.0, 0.0, 0.0, 1.0, 1.0, 0.0, 1.0, 1.0, 1.0, 0.0, 0.0, 0.0, 0.0, 1.0, 1.0, 0.0, 0.0, 1.0, 1.0, 0.0, 1.0, 1.0, 0.0, 1.0, 0.0, 0.0, 1.0, 1.0, 1.0, 1.0, 0.0, 1.0, 0.0, 1.0, 0.0, 0.0, 1.0, 0.0, 1.0, 1.0, 0.0, 0.0, 1.0, 1.0, 1.0, 0.0, 0.0, 1.0, 0.0, 0.0, 1.0, 0.0, 1.0, 1.0, 0.0, 0.0, 0.0, 0.0, 0.0, 1.0, 0.0, 0.0, 1.0, 0.0, 0.0, 0.0, 0.0, 0.0, 1.0, 0.0, 1.0, 0.0, 1.0, 1.0, 1.0, 0.0, 0.0, 1.0, 0.0, 0.0, 0.0, 0.0, 1.0, 1.0, 1.0, 1.0, 0.0, 1.0, 0.0, 0.0, 1.0, 0.0, 1.0, 0.0, 1.0, 0.0, 1.0, 1.0, 0.0, 0.0, 1.0, 0.0, 1.0, 1.0, 0.0, 1.0, 1.0, 0.0, 0.0, 1.0, 1.0, 0.0, 1.0, 0.0, 0.0, 0.0, 0.0, 1.0, 1.0, 1.0, 1.0, 0.0, 1.0, 0.0, 1.0, 1.0, 1.0, 1.0, 0.0, 1.0, 0.0, 0.0, 1.0, 0.0, 0.0, 0.0, 1.0, 1.0, 1.0, 1.0, 1.0, 0.0, 1.0, 0.0, 1.0, 1.0, 1.0, 0.0, 1.0, 0.0, 0.0, 1.0, 1.0, 0.0, 1.0, 1.0, 1.0, 0.0, 0.0, 1.0, 1.0, 0.0, 1.0, 0.0, 1.0, 0.0, 1.0, 1.0, 1.0, 0.0, 1.0, 0.0, 0.0, 0.0, 0.0, 0.0, 0.0, 0.0, 1.0, 0.0, 1.0, 1.0, 1.0, 1.0, 1.0, 1.0, 0.0, 0.0, 0.0, 0.0, 1.0, 0.0, 0.0, 0.0, 1.0]
\score={0: [0.13302606427007252, 0.1338297083326008, 0.13298047266223215, 0.13191387752691905, 0.13267167359590532, 0.13376570327414405, 0.13299183980111154, 0.13241654863724342, 0.13341556695000878, 0.13236941148837408, 0.13325425193590276, 0.13378635328263044, 0.1321703248790332, 0.13322934652528456, 0.1316514748793382, 0.13351110978560013, 0.1338464101919761, 0.1335333057425239, 0.13240859061479568, 0.13291380486705087, 0.13401630520820618, 0.13277774343365117, 0.1332390597090125, 0.13309345166293943, 0.1336289867758751, 0.13354789051744673, 0.13371361792087555, 0.13176853209733963, 0.13351567927747965, 0.13292126978437105, 0.13276546610438306, 0.1324856181939443, 0.13337698125320932, 0.13252191313288428, 0.1329106241464615, 0.13261862627921567, 0.13271409687068728, 0.1323196937640508, 0.132951634851369, 0.13166178564230602, 0.13282114018996558, 0.1333304014056921, 0.1335834945375855, 0.1330232253919045, 0.1320674859664657, 0.1315738691223992, 0.13381178014808232, 0.13321348599025182, 0.13290172815322876, 0.132687379916509, 0.13269224017858505, 0.1338714892665545, 0.1330776164929072, 0.13402174785733223, 0.13278024005038397, 0.13253790239493052, 0.13359791446815839, 0.13295040623499796, 0.13248617172241212, 0.13267053067684173, 0.13301421841606498, 0.13386616855859756, 0.13368065082109892, 0.13264768367463892, 0.1322585708565182, 0.13373123493886763, 0.13307061090188868, 0.132334653288126, 0.13311634245126144, 0.13177755758875892, 0.13295920110411114, 0.13344345113326764, 0.13345370373942636, 0.1340469792485237, 0.13364596055312591, 0.13228742624151296, 0.13324825763702391, 0.13233770057559013, 0.13331058232680612, 0.13298124199112257, 0.13237330441673598, 0.13242536695564494, 0.13239051754537381, 0.1337418536345164, 0.1317782700061798, 0.13340376104627336, 0.13298257278359454, 0.13228800963787807, 0.13436978649009357, 0.1330728308886898, 0.1316352350016435, 0.13276573402040145, 0.13291176962546813, 0.13274300172924997, 0.13345812261104584, 0.13280869424343109, 0.13264967552546797, 0.13354307552799582, 0.1330505054105412, 0.13351417928934098, 0.13193229883909224, 0.13285149854642372, 0.13304489786210266, 0.1330877285864618, 0.13252628365388283, 0.1327471598982811, 0.13234481414159138, 0.13395852276257106, 0.13327244059606033, 0.13306200639768082, 0.1331844997982825, 0.1337024619181951, 0.13211812178293864, 0.13400951371743128, 0.13300146688433254, 0.13257271099475124, 0.1326686143875122, 0.1337352718995965, 0.1336063190418131, 0.13358182969846225, 0.1331227369930433, 0.13296715319156646, 0.13324301110373604, 0.13198318166865242, 0.13315468854629076, 0.1336855304737886, 0.13450232644875845, 0.1332210480518963, 0.1327876171895436, 0.13343430227703518, 0.13230323520573703, 0.13295840720335642, 0.1325506710193374, 0.1332499990860621, 0.13329697719642095, 0.13311363942921162, 0.1335820734500885, 0.13220474123954773, 0.13387866119543712, 0.13228971443393014, 0.13379458644810846, 0.13225196564898772, 0.13260276073759253, 0.1324893631364988, 0.13192347117832728, 0.13385726345909965, 0.13346245437860488, 0.1333046066761017, 0.13318924605846405, 0.1336190789937973, 0.13263299465179443, 0.13315123014829375, 0.13490380914438338, 0.13223194969551905, 0.133338022757979, 0.13408714094582727, 0.13335627019405366, 0.13196629599521034, 0.13338999170809984, 0.13217065152194765, 0.1332414299249649, 0.13284937816637535, 0.13296977616846561, 0.1325342732447165, 0.13290218263864517, 0.13324989963855063, 0.133069814315864, 0.1317849799990654, 0.13337117806077003, 0.133136941918305, 0.1341747837987813, 0.1320656854094881, 0.13323413829008737, 0.1325192494051797, 0.13250199386051723, 0.1335957571864128, 0.1332731168521078, 0.13303359491484507, 0.13211028703621455, 0.13172343466430902, 0.13269890248775482, 0.1331346199700707, 0.13456843197345733, 0.13304973461411215, 0.1310261907902631, 0.13352834297852081, 0.13260337829589844, 0.13231900726494036, 0.1330233501351398, 0.13354014419019222, 0.1328807631507516, 0.13386421969958714, 0.1330790129991678, 0.1328541673719883, 0.1327092908322811, 0.13239176869392394, 0.1329402678153094, 0.13352690637111664, 0.13243631580296686, 0.13292248422900835, 0.1331226723758798, 0.13285433087084028, 0.1318313404917717, 0.13316023090611334, 0.13285269645544198, 0.1322521143234693, 0.1322911691207152, 0.1328292042016983, 0.13335673596177783, 0.13352758437395096, 0.13236895824472109, 0.13274364322423934, 0.13259516330435872, 0.13353410363197327, 0.1329611877600352, 0.13257060845692953, 0.13358128414704248, 0.13265995071692901, 0.1333536116613282, 0.1321207129955292, 0.13284276922543845, 0.1323825071255366, 0.13304524431968556, 0.1346619358429542, 0.13296603984557664, 0.13210674996177355, 0.1330612152814865, 0.13332176208496094, 0.1336534593416297, 0.13276687363783518, 0.13274193780366764, 0.13350107724016363, 0.13219817218027616, 0.13389228173980006, 0.1328787420477186, 0.13401110988596213, 0.1329571858048439, 0.1323453406492869, 0.13357270189693995, 0.1314694815211826, 0.13387537449598313, 0.13328410238027572, 0.13302126433700323, 0.13278289319890918, 0.13229711069947198, 0.13255200205847276, 0.13301575446830077, 0.13305260105566544, 0.1325253177630274, 0.13267310018892642, 0.1324508508731579, 0.13281686492264272, 0.13266078669291276, 0.1328579398492972, 0.1338668630040925, 0.1324717089533806, 0.13344284838863782, 0.1330162431113422, 0.1332293506021853, 0.13238308280706407, 0.1323663574807784, 0.13265385180711747, 0.13250195855895677, 0.13280183697740236, 0.13415320869535208, 0.13332777172327043, 0.13267400454391132, 0.1336644388297025, 0.13294912626345953, 0.133123267441988, 0.1322244620985455, 0.13270935586520605, 0.13346170846905028, 0.131349531588731, 0.13353636413812636, 0.13330022618174553, 0.13316905613128954, 0.13252093173839427, 0.13458744632570366, 0.13368465432098933, 0.13233715007382055, 0.13266451018197195, 0.13200236732761064, 0.13303087245334277, 0.13253511607646942, 0.13431152999401091, 0.13266898691654205, 0.13373414874076844, 0.13302305390437444, 0.1326265177040389, 0.13329892561716192, 0.13308789310130206, 0.13308439112227896, 0.13300110176205635, 0.1348542720079422, 0.13185965104235542, 0.13360399859292166, 0.13330656917471634, 0.13427076405949062, 0.13387010163731045, 0.1346027214418758, 0.13342214891543755, 0.13188957480283883, 0.13288612528280777, 0.13378557655960321, 0.13281418108626417, 0.13279415623230093, 0.1323566667058251, 0.13307492434978485, 0.13354382663965225, 0.1333562582731247, 0.1326264500617981, 0.13306619991094637, 0.13294204981888041, 0.1336393642425537, 0.13326842039823533, 0.13326075921456018, 0.13310566842556, 0.13377484793846423, 0.13301381739703091, 0.13310850921430087, 0.132989825237365, 0.1334727126009324, 0.13267122652079608, 0.13359787911176682, 0.13316128419505224, 0.13331299056025112, 0.13299539623161158, 0.13330459480102247, 0.1339278168976307, 0.13301069966771387, 0.13409884380442755, 0.13242254685610533, 0.1324500586180126, 0.1331741268988009, 0.13454819619655609, 0.13277389166446832, 0.13198745250701904, 0.13220864103900062, 0.13333842971108176, 0.1329311326146126, 0.13275807745316448, 0.13259363518311426, 0.134036879055202, 0.1327559467819002, 0.1329283650432314, 0.13446542918682097, 0.13332267105579376, 0.13089687802961894, 0.13176981806755067, 0.133890993215821, 0.13343053311109543, 0.1346486723050475, 0.1338338835371865, 0.13329449544350305, 0.1322937941267377, 0.13299648615778709, 0.13249161560088396, 0.1335822080572446, 0.13297259886013835, 0.1329089171356625, 0.13258999586105347, 0.13343842064633088, 0.13262775540351868, 0.13312957901507616, 0.13341154754161835, 0.13263366314081046, 0.13153923728636333, 0.13517923924055966, 0.1329684982697169, 0.133504090209802, 0.13118057747681935, 0.1319633573293686, 0.13322090889726365, 0.1343255892395973, 0.1331478345852632, 0.13327042944729328, 0.13290981849034628, 0.13219259679317474, 0.13294867532593863, 0.1331394910812378, 0.13307303428649903, 0.13381024875811168, 0.1335213240236044, 0.131963738905532, 0.1328169773850176, 0.1328861620919458, 0.13332189504916853, 0.13488315790891647, 0.13354213259838246, 0.13283977078066933, 0.13276749276197874, 0.1335447132587433, 0.13355759181538407, 0.13165998114989355, 0.13259659111499786, 0.13267640904946762, 0.13325912718261992, 0.13287336255113283, 0.1334103367158345, 0.1336929015815258, 0.13272593021392823, 0.13184824710090956, 0.1325375186769586, 0.1327211320400238, 0.13253289461135864, 0.13247876452363055, 0.1323885331551234, 0.13177290984562465, 0.13290208727121353, 0.13199260018088602, 0.1337514031264517, 0.13444987088441848, 0.13220217930419104, 0.13363836391976006, 0.13310870102473668, 0.13290033975373144, 0.13439598282178242, 0.13306033128016703, 0.13300067335367202, 0.1331711578018525, 0.13321995337804157, 0.1339256413604902, 0.13391070067882538, 0.13206177678975192, 0.1318996399641037, 0.1318440383130854, 0.13216036955515545, 0.1324715388232264, 0.13361390804251036, 0.13252201428016028, 0.1330836804753, 0.13228514231741428, 0.13155304932075998, 0.13200822472572327, 0.13300740967194238, 0.13248843401670457, 0.13294674269855022, 0.13326483563734934, 0.1321481466293335, 0.1316765919327736, 0.13312789135509068, 0.13270829804241657, 0.1329596530307423, 0.133432913157675, 0.13334070704877377, 0.13276164851537564, 0.13262738997027987, 0.13319377187225553, 0.13301317737652704, 0.13335109055042266, 0.13268937026300737, 0.13342822139913385, 0.133092999458313, 0.13261480505267778, 0.13316851953665415, 0.1337542474269867, 0.13361937333555782, 0.13385953340265486, 0.13388327035036954, 0.1322509073294126, 0.13275937823688283, 0.1329497080296278, 0.13243474314610162, 0.13142606119314829, 0.13260214924812316, 0.1331696187456449, 0.13323473755051107, 0.13354409982760748, 0.13265561244704507, 0.13457605640093487, 0.13278792027769418, 0.13259073008190503, 0.13271315220524282, 0.13189570009708404, 0.13273666699727377, 0.13224520832300185, 0.13305609515219025, 0.13330204909046492, 0.13323044306353518, 0.1334627434130638, 0.1335052440271658, 0.13292555993094163, 0.13300339877605438, 0.13246730362114154, 0.13290046238236958, 0.13305358961224556, 0.13331225571724084, 0.13283371180295944, 0.1329012807718543, 0.1325774071738124, 0.13380403651131523, 0.13205683827400208, 0.13364348746836185, 0.1326622017498674, 0.1325682523575696, 0.13204573591550192, 0.13279349065345267, 0.1332558455566565, 0.13319050893187523, 0.1332654260098934, 0.13191787774364153, 0.13273953920916506, 0.13275820323649576, 0.1323957184086675, 0.1328847562628133, 0.1337159408463372, 0.13273760862648487, 0.1331922569695641, 0.13371620553991068, 0.13284627144986932, 0.13267180865461176, 0.13391125864452785, 0.13309842736824698, 0.13219656944274902, 0.13293259794061835, 0.13360138535499572, 0.1350339190526442, 0.13229581051402622, 0.13297859220593064, 0.13331490676654012, 0.1342378096147017, 0.13241769765552722, 0.13261737401892498, 0.1330814678221941, 0.13277779519557953, 0.13253936411872988, 0.1332957923412323, 0.1331277676991054, 0.1313459975644946, 0.1323494192431955, 0.1348311332139102, 0.13279927149415016, 0.13314580065863474, 0.13418683409690857, 0.13359964300285687, 0.13370863730843002, 0.13407479524612426, 0.1330396653640838, 0.1329554557800293, 0.13340378180146217, 0.13335304887130342, 0.13390836285220253, 0.1336717649742409, 0.13464341610670089, 0.1324540844985417, 0.13235766121319362, 0.13342280827817463, 0.1324812141912324, 0.13322293178902733, 0.1330097612332214, 0.13271295931190252, 0.13356114016926807, 0.1319288780291875, 0.13403256485859552, 0.13288749661296606, 0.13255853652954103, 0.13409264939171928, 0.13335858514675727, 0.133247868541409, 0.1331777458007519, 0.13237695911755928, 0.13235693899067966, 0.13314806156688266, 0.13224223852157593, 0.1331466684738795, 0.13160271062092346, 0.13437750935554504, 0.13302977431205013, 0.1323603234357304, 0.1327902146361091, 0.13273115456104279, 0.13388453017581592, 0.1325758616535031, 0.1329700532886717, 0.1332758393357782, 0.1333201415836811, 0.1321224363313781, 0.1325342632830143, 0.13202352076768875, 0.13406359878453342, 0.13313789665699005, 0.13242506203444107, 0.1320333629846573, 0.1314855260508401, 0.1328615706700545, 0.1322823353111744, 0.1342884681441567, 0.1321404300354145, 0.13371908250782225, 0.13300342559814454, 0.13285100140741893, 0.13328209248456088, 0.13293200234572092, 0.13260717012665488, 0.13189376787892704, 0.13309528036364193, 0.13374039381742478, 0.13259788677096368, 0.13350447324606088, 0.13348582883675894, 0.1324200282494227, 0.13208135714133581, 0.13203275576233864, 0.13266769280800453, 0.13357674796134233, 0.13218720492563749, 0.1335431417593589, 0.1322961394433622, 0.13357036463592364, 0.1326016173247368, 0.13458458054810762, 0.13379106670618057, 0.13202832284427823, 0.13193266424867842, 0.13305017822667173, 0.13337537375363437, 0.13261346171299618, 0.1323965030411879, 0.13015080988407135, 0.13400089828407064, 0.1329133126296495, 0.13232775083903608, 0.1331974558140102, 0.13353682474957573, 0.1337342360480265, 0.13374867860008688, 0.13331719901826647, 0.13329524215724733, 0.13011029362678528, 0.13296011984348297, 0.13351210206747055, 0.13305335288698023, 0.13300346519265857, 0.13357618699471155, 0.13379655648832736, 0.1327186846597628, 0.1325748160481453, 0.1338447372118632, 0.13287334889173508, 0.13184363767504692, 0.13321302763440393, 0.13394141410078322, 0.13327360732687843, 0.13256960858901343, 0.13245459496974946, 0.13342516474864063, 0.13351787254214287, 0.13308974985892957, 0.13245693097511926, 0.13140908456765688, 0.1332095619291067, 0.13112008571624756, 0.13370389157328114, 0.1323361032538944, 0.13302099239081144, 0.132926282286644, 0.1335449085423821, 0.13307582587003708, 0.1327706754207611, 0.13192656557810933, 0.1332819163799286, 0.13254728842349278, 0.13159293007282985, 0.13422287007172903, 0.1324816908155169, 0.13131498071280392, 0.13372426642024, 0.13371707499027252, 0.1327300530213576, 0.1343250557780266, 0.13272247569901602, 0.1326415146942492, 0.13329094416565365, 0.13268220374981562, 0.13315250584855676, 0.13232981363932292, 0.13346334722112208, 0.13282733454423792, 0.13193440437316895, 0.1328051821752028, 0.1337425246834755, 0.13367880715264213, 0.13284395535786947, 0.13220804252407767, 0.13291354179382325, 0.13269871597488722, 0.13387561440467835, 0.1333963954821229, 0.13288245751307562, 0.13261158493432132, 0.13181374831633133, 0.13320218920707702, 0.1326856120274617, 0.132798935752362, 0.13372083949415306, 0.13241116205851236, 0.1323543420514545, 0.1328767603263259, 0.1328372819857164, 0.13272379438082377, 0.13332586586475373, 0.13233344852924347, 0.13297229304033167, 0.13456538996913217, 0.1323071602318022, 0.13289579469710588, 0.1326284483075142, 0.13299400276607937, 0.13272116240113974, 0.13242864509423574, 0.1337839322430747, 0.13325454430146652, 0.13192383594372692, 0.13253989219665527, 0.13187664205377753, 0.13143320246176285, 0.13470059186220168, 0.1319204941391945, 0.13262842446565629, 0.1328440225786633, 0.1332324837383471, 0.13281103649309703, 0.1329723439282841, 0.13169500002494225, 0.13292338699102402, 0.1323618526969637, 0.13324991365273794, 0.13349319414960015, 0.13196191605594423, 0.13441208921946013, 0.13296296504827645, 0.13306357711553574, 0.13279192646344504, 0.13344928351315585, 0.13383897952735424, 0.13315030932426453, 0.13446518434928015, 0.1343394679327806, 0.13281582909471848, 0.13324702015289894, 0.13205977777640024, 0.1340667935354369, 0.13297919432322183, 0.13286941019552095, 0.13357290060355745, 0.13244175016880036, 0.13287544889109476, 0.1325509677330653, 0.1330386745929718, 0.13361697494983674, 0.13277352725466093, 0.1336347664657392, 0.1319672092795372, 0.1331284154545177, 0.13400516882538796, 0.1333325526544026, 0.1323218440467661, 0.1319102578692966, 0.1327195561357907, 0.13267656564712524, 0.13379320826219476, 0.13290041188398996, 0.13380169992645582, 0.13279252185633308, 0.13200660049915314, 0.1328588588671251, 0.133677252991633, 0.13428331369703467, 0.13335496497650942, 0.13376842798857852, 0.13235202059149742, 0.1331653227408727, 0.13335414131482443, 0.1341100342216946, 0.13319456204771996, 0.13247086458346424, 0.1337512955069542, 0.13185332783243872, 0.1336569463213285, 0.13321999683976174, 0.13360331035577333, 0.13314283977855335, 0.13215889285008112, 0.13216732566555342, 0.13252355307340621, 0.13318665408425862, 0.13350427682910646, 0.13261800868944687, 0.133275948026601, 0.13322272438269395, 0.1323373168706894, 0.1331384375691414, 0.13333057452525413, 0.13310871571302413, 0.1338142420236881, 0.13323998921795896, 0.1321541260589253, 0.1327710043300282, 0.1333465642399258, 0.13340986437267727, 0.13424216423715865, 0.1324352825229818, 0.1330863641841071, 0.13372832387685776, 0.13349308875890878, 0.13255917982143514, 0.13373361378908158, 0.13286048349212198, 0.13414367102086544, 0.13341649423042934, 0.1324592724442482, 0.13321809768676757, 0.13132146000862122, 0.13274539075791836, 0.13308854401111603, 0.13297987291041544, 0.13242554545402527, 0.13217354836789044, 0.1336685224221303, 0.1331348493695259, 0.13382399188620703, 0.13303712209065754, 0.1316282884641127, 0.13130532205104828, 0.13279231236531183, 0.13335048469404379, 0.13354133882305838, 0.1313117200678045, 0.13253341615200043, 0.13379293382167817, 0.13277949133644934, 0.1335897222161293, 0.13226072083819995, 0.134753939780322, 0.1322540927391786, 0.1323095899489191, 0.13252757088496134, 0.13344008922576905, 0.13356135785579681, 0.13277429193258286, 0.13319131980339685, 0.13305246927168057, 0.13331311106681823, 0.13268254250288009, 0.13286022948367254, 0.13193749297748913, 0.13325593744715056, 0.13195854922135672, 0.13283834010362625, 0.13296831060539593, 0.13349745316164835, 0.13343669609590011, 0.13429741395844352, 0.13312105412753122, 0.1329741392816816, 0.13384883999824523, 0.13262671129456882, 0.13257443746353717, 0.13281818317330402, 0.1331406705495384, 0.13413544353984652, 0.13355676736682653, 0.1334882785876592, 0.13460496641122377, 0.1320619687438011, 0.13397487004597983, 0.13304361876319437, 0.13315568196362462, 0.13327315118577746, 0.1325979365242852, 0.13369782343506814, 0.13361254198984665, 0.13319628617980264, 0.13305220865842068, 0.13336115032434465, 0.13277144253253936, 0.13377197282878975, 0.1330519678692023, 0.13450813699852338, 0.13426311893595588, 0.13227768278703456, 0.1307906616817821, 0.1318755757350188, 0.13352350691954296, 0.1327640563249588, 0.13306033725921923, 0.1331086146334807, 0.1321323193036593, 0.13243037131097582, 0.13272441095776027, 0.13157547637820244, 0.1332984522861593, 0.1329005245457996, 0.13309209664230762, 0.13303492285988547, 0.13291331487042563, 0.13347963988780975, 0.13229849934577942, 0.13407402678772254, 0.13306371798348982, 0.13352470035138336, 0.1327363595366478, 0.1330543210109075, 0.1324013728234503, 0.1323075064203956, 0.13268419851859412, 0.13392969043481917, 0.13402124551626352, 0.13300827766458193, 0.13324450999498366, 0.1331458938749213, 0.13238399128119152, 0.13259803051395075, 0.13309919953346253, 0.13252693973481655, 0.1310337156057358, 0.13352328704463112, 0.13220941474040349, 0.13299912214279175, 0.13250462042874303, 0.13489160537719727, 0.1321596240713483, 0.13393683189695532, 0.13319716868656023, 0.13287849062018925, 0.1316925287246704, 0.13336633642514548, 0.1337289336052808, 0.1317865863442421, 0.13285679263728006, 0.13394093182351854, 0.13187756783822002, 0.13259293064475058, 0.1330524512699672, 0.13387773816402143, 0.1337302039409506, 0.13579392704096707, 0.13212165694970351, 0.13297003762024204, 0.1325920105744631, 0.13264327915385365, 0.13262416064739227, 0.13267862439155578, 0.1328955702483654, 0.13251832127571106, 0.13210337270389905, 0.133808812747399, 0.13306866705417633, 0.13282322552469042, 0.132143640092441, 0.13267925381660461, 0.13421044498682022, 0.13343572815259297, 0.13269149444319986, 0.13382101194425064, 0.13338083841583945, 0.13183817267417908, 0.1329940999192851, 0.1332467427620521, 0.13299148169256025, 0.1332036852836609, 0.13275654017925262, 0.1337549775838852, 0.13118689010540643, 0.1331368894316256, 0.13366927485913038, 0.13331193796225957, 0.13372439742088318, 0.13212881294580606, 0.13362449407577515, 0.13360785994980787, 0.13372545782476664, 0.13367209051336562, 0.13234780499568352, 0.13381494498915142, 0.13299139340718588, 0.1330718845129013, 0.1326494158378669, 0.13290765402572496, 0.13307018315090852, 0.1329017248418596, 0.1330182189742724, 0.13231066912412642, 0.13278735876083375, 0.13362677440498816, 0.13392005860805511, 0.13383307059605917, 0.1331082582473755, 0.1329489997748671, 0.1321720838546753, 0.13347677939704486, 0.1325933826821191, 0.13308168535536907, 0.13337050781056686, 0.13267776250839233, 0.1338337187965711, 0.13321424937910503, 0.13308990829520756, 0.1334554942117797, 0.131624972820282, 0.13246577978134155, 0.13414427957364491, 0.1337829351425171, 0.13330954064925513, 0.13194891133091666, 0.13266480520919519, 0.13288581020691814, 0.1331461848397004, 0.13350163129242984, 0.13269526539025484, 0.13214127272367476, 0.1333283024529616, 0.13288039075476782, 0.1328154057264328, 0.13287953287363052, 0.13378770330122539, 0.1334381013324386, 0.13240301443470848, 0.1329999483293957, 0.13227098807692528, 0.13230917006731033, 0.13344832261403403, 0.1320582160895521, 0.1334352240614269, 0.1324181757543398, 0.13184178489096024, 0.13264960225890665, 0.13292332142591476, 0.1327046574308322, 0.13332580837110677, 0.13225305701295534, 0.13260685466229916, 0.1332958915403911, 0.13285267684194776, 0.1339817838743329, 0.13239911198616028, 0.13372903962930044, 0.1328177127454962, 0.1331468902528286, 0.13319332525134087, 0.13346027433872223, 0.13138846214860678, 0.13231671920844487, 0.13264739606529474, 0.13246586241505362, 0.13368256017565727, 0.13263512402772903, 0.1342340223491192, 0.1324382653603187, 0.13234984626372656, 0.13304739759156578, 0.13204917158835974, 0.13334486367447035, 0.13296168545881906, 0.13301643480857214, 0.1341179975054481, 0.1332407366970311, 0.13391828193114355, 0.13362273971239727, 0.13403626065701246, 0.13203321546316146, 0.13215801119804382, 0.13338480268915495, 0.1340621121619877, 0.1330895368990145, 0.13313564658164978, 0.13322722911834717, 0.13299993899735538, 0.13278276952249662, 0.13287251410276993, 0.1342563250890145, 0.13259290903806686, 0.13272321117775782, 0.132098811177107, 0.13204774085213156, 0.1324792057275772, 0.13276709758100055, 0.13299980262915292, 0.1336524372591692, 0.13255592479425318, 0.13458008505403996, 0.13242178741428587, 0.13196978469689688, 0.13298339992761612, 0.1331509281145899, 0.13349277739013946, 0.13211145028471946, 0.13296035019790425, 0.1328344572158087, 0.1322033160499164, 0.13271264339748182, 0.13267369469006857, 0.13366516306996346, 0.13198473528027535, 0.13320206999778747, 0.13264866024255753, 0.13244224949316544, 0.13221335351467134, 0.13335211845961484, 0.13330242782831192, 0.13269703183323145, 0.13254362615672025, 0.13230309014519057, 0.13366105214313226, 0.13236227134863535, 0.1332133635878563, 0.13330858945846558, 0.13185740932822226, 0.13235586285591125, 0.13349075683138587, 0.1316206380724907, 0.13316016727023655, 0.13396673968860082, 0.1321320726590998, 0.1315290227532387, 0.13354039536072657, 0.13312413170933723, 0.1340771270915866, 0.13388930101479804, 0.13441392237489874, 0.13333811513755633, 0.1327047095154271, 0.13285149917716071, 0.13334036270777386, 0.13252687950929007, 0.13282584079674312, 0.13351309796174368, 0.13226840170946988, 0.13256106649835905, 0.1328059836075856, 0.13183644662300745, 0.13139631003141403, 0.13260560512542724, 0.13387262965402297, 0.13389916600365387, 0.13342647590944845, 0.13345717787742614, 0.13297188552943143, 0.13342145794913882, 0.13318185237320987, 0.13266743177717383, 0.13383760998646418, 0.13298654556274414, 0.13211174979805945, 0.1325110878263201, 0.1323723081085417, 0.13406367141466874, 0.13381489117940268, 0.13375026484330496, 0.13266268904720033, 0.13289342323939005, 0.13237446805705194, 0.13320118957950222, 0.13287738249415443, 0.1324294497569402, 0.13351261886683377, 0.1332139637201063, 0.13267456088215113, 0.1329328179359436, 0.13338843905008757, 0.13254144465601123, 0.13233029629502976, 0.13342146389186382, 0.13211370431459868, 0.13241428775446756, 0.13234965006510416, 0.1330506822892598, 0.13251377021272978, 0.13442826000126926, 0.1323822713815249, 0.13473571985960006, 0.13270995145042738, 0.13249411230737512, 0.1326977163553238, 0.13283792833487193, 0.13154291158372705, 0.1321525749835101, 0.13251414759592575, 0.13288928130093744, 0.13345322608947754, 0.1340185490747293, 0.13279000222682952, 0.13326960305372873, 0.13296977430582047, 0.13249994348734617, 0.13254105412598813, 0.13297425086299577, 0.13239162482998587, 0.13231860739844187, 0.13310976549983025, 0.13341227918863297, 0.1326533406972885, 0.13340245839208364, 0.13329914212226868, 0.13359191742810336, 0.13277078233659267, 0.1330463538567225, 0.1329818621277809, 0.1327824151286712, 0.13341430226961773, 0.13185245047012964, 0.1329234343767166, 0.13234750747680665, 0.132133621435899, 0.1327158427900738, 0.13270196980900234, 0.13420781357721848, 0.1328870728611946, 0.1336720585823059, 0.1332285446114838, 0.1331701179345449, 0.13329582305058188, 0.1324150825922306, 0.13303540574341285, 0.13253385999373027, 0.13202310726046562, 0.1327323383755154, 0.1332204776505629, 0.13348684591405532, 0.133322156392611, 0.13290008902549744, 0.13361549534295736, 0.13422226657470068, 0.1322168639073005, 0.13317238027229905, 0.13347825364154928, 0.13306803847181387, 0.1335620954632759, 0.13319312036037445, 0.13238916124986566, 0.13268077779899945, 0.13289141858165915, 0.1321181297302246, 0.1323882530669908, 0.13368445242706098, 0.13280878804231944, 0.13315851672699577, 0.13346649018617776, 0.13301028966903686, 0.13405692151614598, 0.1334244372944037, 0.13250683579179975, 0.13329228971685683, 0.13188647736723608, 0.13316963911056517, 0.13345044758170843, 0.1332534941343161, 0.13291909071532163, 0.13266984915191476, 0.1325762261946996, 0.13276900694920465, 0.13384855538606644, 0.13357854118713966, 0.13258007580929615, 0.13350728278358778, 0.1331067755818367, 0.13336851651018317, 0.1326371090752738, 0.13276038666566212, 0.1335517081949446, 0.1334582906961441, 0.1338278962807222, 0.13273213350254556, 0.13409645855426788, 0.13317897509444843, 0.13273926002857012, 0.13284863875462458, 0.13281802020289682, 0.13308292406576652, 0.13305958708127338, 0.13309997568527857, 0.132305309176445, 0.13267355486750604, 0.1334365444878737, 0.13257467708526513, 0.13283518415230972, 0.13284978004438536, 0.13251957240012976, 0.13242912931101664, 0.13301833154577197, 0.1334490403532982, 0.1332132653756575, 0.13307961008765481, 0.1323406828774346, 0.13337277275759998, 0.1330283819274469, 0.1324024885892868, 0.13291253626346589, 0.13335577074600302, 0.13252999385197958, 0.13248809278011323, 0.13348553223269327, 0.13180921375751495, 0.13316580032308897, 0.1332348570227623, 0.13580267131328583, 0.1321178668489059, 0.13422229140996933, 0.1335748371978601, 0.1320439942858436, 0.13276186806184273, 0.13365976959466935, 0.1341842994093895, 0.13109284532921656, 0.13295591175556182, 0.13256689254194498, 0.1326370038862886, 0.13247636208931604, 0.13370963718209947, 0.13297673746159203, 0.13223306685686112, 0.13620946407318116, 0.13353126553388742, 0.1323261857032776, 0.1339546822011471, 0.13301027417182923, 0.13301094428256707, 0.13320002591971195, 0.13317774555512837, 0.13240587462981543, 0.13353570378743684, 0.13200619681314987, 0.133780741920838, 0.13422846564879784, 0.1327900379896164, 0.13178054491678873, 0.1328360065817833, 0.13286412383119264, 0.1327828917031487, 0.1327600754224337, 0.13293316785026998, 0.13308653897709316, 0.1325553529895842, 0.13246440142393112, 0.13278397279126303, 0.13263986030450234, 0.13175787979906256, 0.13332304689619276, 0.13198033613818033, 0.13345421223263992, 0.13240418086449304, 0.13227781718191894, 0.1329817799506364, 0.13314700264621665, 0.13299416084038584, 0.13127800249136412, 0.1334628653526306, 0.13272060804507313, 0.13200019001960756, 0.13465246672813708, 0.1319156378507614, 0.13320082776686726, 0.13233126550912858, 0.1331760674715042, 0.13250332257964395, 0.13242885190993547, 0.1328541994900317, 0.13263658992946148, 0.13193918112665415, 0.13306718387387015], 1: [0.13334677914778392, 0.1328590251505375, 0.13276960607618093, 0.13267802275144136, 0.13200694918632508, 0.13443203568458556, 0.13425525608989927, 0.1338598888653975, 0.1339613568215143, 0.13240438252687453, 0.1332708090543747, 0.13268223032355309, 0.13230658641883306, 0.13427542608517867, 0.1332484632730484, 0.13350112934907277, 0.13379013955593108, 0.13366484109844481, 0.13329109648863474, 0.13320105572541555, 0.13336216319691052, 0.13324673473834991, 0.13261314955624667, 0.13254349392194015, 0.1317747113379565, 0.13352827429771424, 0.13276033103466034, 0.13274027779698372, 0.13184796409173447, 0.13246468793262134, 0.13259585872292518, 0.13295493884520096, 0.13298465932408968, 0.13191883672367444, 0.13170981506506602, 0.1338277362725314, 0.1327107568581899, 0.13217082755132156, 0.13290379444758096, 0.1326570818821589, 0.13430754381876725, 0.1333246962590651, 0.13244241774082183, 0.1343902423977852, 0.13248998299241066, 0.1327046761289239, 0.1350252858617089, 0.13206617906689644, 0.13301252722740173, 0.1320700670282046, 0.13351170221964517, 0.13275625040897956, 0.1326729288467994, 0.13358292389999737, 0.1329105243086815, 0.13311359186967214, 0.1334352476729287, 0.13434351980686188, 0.13184731510969308, 0.13343310882063472, 0.13308083485154545, 0.13307427099117866, 0.13307343031230726, 0.13386271787541254, 0.13118637204170228, 0.134597357023846, 0.133132434704087, 0.13303528840725237, 0.13335023572047552, 0.1311708241701126, 0.13375234976410866, 0.132648722268641, 0.13311085371034487, 0.13409912479775293, 0.13433773629367352, 0.13263075798749924, 0.1332954878990467, 0.13337191194295883, 0.13442212641239165, 0.133610492402857, 0.13345737159252166, 0.13312737519542375, 0.13405769020318986, 0.13339343491722555, 0.133074244314974, 0.1336654775909015, 0.13187391062577566, 0.13327635960145431, 0.13257172839208084, 0.13269987276622228, 0.13151372969150543, 0.13357200405814432, 0.13321909060080847, 0.1320662960410118, 0.13405793036023775, 0.13382710218429567, 0.13314427435398102, 0.13451974093914032, 0.1320745606314052, 0.1332508746315451, 0.1337550195554892, 0.13307745589150322, 0.1322508775874188, 0.13096522241830827, 0.13391497110327086, 0.13210018426179887, 0.13268629518839029, 0.13331900307765374, 0.13269785259451186, 0.13222054498536245, 0.13168929815292357, 0.13220066726207733, 0.13469209894537926, 0.13224310676256815, 0.13196100874079597, 0.13151436095887964, 0.13287754356861115, 0.1344430108865102, 0.1330398161496435, 0.13323058976846583, 0.1333517763349745, 0.13385778268178303, 0.133332055547963, 0.13343958059946695, 0.13304684649814258, 0.13295297866517847, 0.1329725742340088, 0.13284649642614219, 0.1344007435772154, 0.13170403154457316, 0.13325815516359665, 0.1335871699783537, 0.13308031627765068, 0.13287376002831894, 0.13340366631746292, 0.13256888091564178, 0.13385514914989471, 0.13335976470261812, 0.13423172798421648, 0.13323567310969034, 0.1323356047272682, 0.1323678335722755, 0.1328912518090672, 0.13410517302426425, 0.13282531712736403, 0.132929517991013, 0.1320977732539177, 0.13231750151940755, 0.13297979533672333, 0.13307840851220218, 0.1338145857055982, 0.13304328782991928, 0.13353858143091202, 0.13386898636817932, 0.13350002765655516, 0.13276886526081297, 0.1330668967631128, 0.1335447058081627, 0.13348875620535441, 0.13340164450081912, 0.13286283883181485, 0.13289791097243628, 0.1344377065406126, 0.13331152498722076, 0.13365395638075742, 0.13277572269241014, 0.1339684927037784, 0.1321950512272971, 0.1330468492074446, 0.13271177165648518, 0.13309291005134583, 0.13193138986825942, 0.13216953538358212, 0.13243480523427328, 0.13291289996017108, 0.1334017946531898, 0.13290328532457352, 0.13385623464217553, 0.1321745529770851, 0.13226914581130533, 0.13317663648298808, 0.13148353894551595, 0.1338616002064485, 0.13219829946756362, 0.13271115813404322, 0.13202348457915442, 0.1333259173801967, 0.13407659530639648, 0.13287899575450204, 0.13198753967881202, 0.13297545909881592, 0.13296761959791184, 0.13434267871909672, 0.13218974446256956, 0.13314528266588846, 0.1321429411570231, 0.13338537514209747, 0.1319946511225267, 0.13234903450523103, 0.13276642958323162, 0.13452728363600644, 0.1319513494769732, 0.13247747948536506, 0.13339410722255707, 0.13153362770875296, 0.13251977374679164, 0.1321630124002695, 0.1334012353962118, 0.13306541740894318, 0.13382599552472432, 0.13153009658510034, 0.1325173725684484, 0.13311716594866344, 0.13324686749414963, 0.13325520046055317, 0.1321721315383911, 0.13269550502300262, 0.13209487001101175, 0.1329555335369977, 0.13381941758451008, 0.1333359656008807, 0.13559694588184357, 0.13222309947013855, 0.13272695649753918, 0.13397923382845792, 0.13155472015633302, 0.13188738003373146, 0.13379555381834507, 0.13351854383945466, 0.13192131167108362, 0.1331748627126217, 0.1332753558953603, 0.13244915405909222, 0.13252272374100155, 0.1338682010769844, 0.13413142263889313, 0.13298012912273408, 0.13277427174828269, 0.13331354558467864, 0.13289555311203002, 0.1332745671272278, 0.13237839192152023, 0.13284391508652613, 0.13267428874969484, 0.13272255871977126, 0.13230253756046295, 0.1325245276093483, 0.13264491444542295, 0.13412460684776306, 0.13334280603072224, 0.13469357382167468, 0.1322091899134896, 0.13267681919611418, 0.13286656683141534, 0.13237808325460979, 0.1336487963795662, 0.13448038846254348, 0.13430848029943612, 0.1322611371676127, 0.13332737304947592, 0.13400933146476746, 0.13356057927012444, 0.13219507825043467, 0.1329383138153288, 0.13416232615709306, 0.13302661749449643, 0.13261924386024476, 0.13315542704529232, 0.13296870480884204, 0.13389804417436774, 0.1328656134151277, 0.13419089127670636, 0.13201691210269928, 0.13201963603496553, 0.13192952710848588, 0.133487056940794, 0.13414553205172222, 0.13297348593672118, 0.1331767551600933, 0.13159948488076528, 0.1319108173251152, 0.13227180391550064, 0.1325233057141304, 0.13336408603936434, 0.1327121615409851, 0.13303528229395548, 0.13438399029629572, 0.13366767764091492, 0.1333030179142952, 0.13229073042219336, 0.13395364955067635, 0.13410592675209046, 0.13282073898748917, 0.13294404298067092, 0.13278189301490784, 0.13433619379997253, 0.1311035707592964, 0.13400096744298934, 0.13258777558803558, 0.1316351667046547, 0.13397365235365355, 0.1338698064739054, 0.1343937118848165, 0.13348454810105836, 0.1325480818748474, 0.13331033736467363, 0.13462007577930177, 0.1341833919286728, 0.13287845999002457, 0.1338506296277046, 0.13192913071675735, 0.13329823857003992, 0.13269157978621396, 0.1330034299330278, 0.13288584351539612, 0.1332644496275031, 0.13350082755088807, 0.13208164962438437, 0.13287144268934542, 0.1335653414328893, 0.13356575234369797, 0.13357263803482056, 0.13236825845458292, 0.1315131020896575, 0.1339092046022415, 0.13342303186655044, 0.13231256078271306, 0.13288299100739615, 0.1317292474783384, 0.1331871896982193, 0.13343720965915257, 0.13456949698073523, 0.13337669670581817, 0.13356654278256677, 0.13342632697178766, 0.13241464816606963, 0.1330381610563823, 0.1337071840579693, 0.13300077617168427, 0.1332593594606106, 0.1337402192029086, 0.13357412368059157, 0.13350503146648407, 0.1333086300979961, 0.13256900960748846, 0.13287621949400222, 0.1330889327959581, 0.1328920139507814, 0.13450932055711745, 0.1328189643946561, 0.1339675486087799, 0.13341671377420425, 0.13459894210100173, 0.13139839619398117, 0.1328923687338829, 0.13337564533171448, 0.13311868906021118, 0.13216352264086406, 0.13272003141733316, 0.13383602031639644, 0.133553313712279, 0.1332299105430904, 0.13254935145378113, 0.13355713995064006, 0.13228051587939263, 0.1327359937131405, 0.1327532778183619, 0.13243869217959317, 0.13316435201300514, 0.1334349925027174, 0.131974534554915, 0.1319237608048651, 0.13365188241004944, 0.1326022706925869, 0.13199515640735626, 0.1327507636613316, 0.1336397796869278, 0.1323341727256775, 0.13347079130736264, 0.13306822776794433, 0.13270908296108247, 0.13273384869098664, 0.1324409782886505, 0.13305650800466537, 0.13216682523488998, 0.13390190357511694, 0.13302318304777144, 0.1325327754020691, 0.13348598778247833, 0.13442343473434448, 0.13451470299200577, 0.13345981727946887, 0.13295879534312657, 0.13206722113219174, 0.13273525362213454, 0.13296415724537589, 0.13324170261621476, 0.13292468786239625, 0.13369599646992153, 0.1317791983485222, 0.13351474851369857, 0.13311739762624106, 0.13249320487181346, 0.1340698500474294, 0.13150275972756473, 0.132793413741248, 0.13329229056835173, 0.13284483999013902, 0.1332716250961477, 0.13362853229045868, 0.1312612146139145, 0.133132049983198, 0.13276770604508265, 0.1327636331319809, 0.1332708684106668, 0.13269120383830296, 0.13362456743533796, 0.13458350087915147, 0.1332517984238538, 0.1327884763479233, 0.1334606170654297, 0.1332534212957729, 0.13186848163604736, 0.13404657443364462, 0.1341279704462398, 0.13374289192936636, 0.13353997667630513, 0.13269012980163097, 0.1331707790493965, 0.13264508098363875, 0.13253813236951828, 0.1325337223031304, 0.1318990566900798, 0.1343776500887341, 0.13260444040809358, 0.1316193923354149, 0.1326265037059784, 0.13332984935153613, 0.1335648609833284, 0.13292299658060075, 0.13328301229260184, 0.13392986889396394, 0.13230318327744803, 0.13411289318041367, 0.13140966133637863, 0.13243505284190177, 0.1335349285176822, 0.13421321488343751, 0.1330098882317543, 0.1328549732764562, 0.13317718207836152, 0.13228777999227698, 0.13259551177422205, 0.13300081491470336, 0.13190129399299622, 0.1319784693993055, 0.1324973983897103, 0.1323432167371114, 0.13213936322265202, 0.13310807347297668, 0.1333921723640882, 0.13331274475370133, 0.13325288593769075, 0.13273710801320918, 0.13336368277668953, 0.13349176943302155, 0.13337940871715545, 0.13423027793566386, 0.13283451474629915, 0.13247806496090359, 0.1320758439027346, 0.13237402215600014, 0.13276825490451993, 0.13410753260056177, 0.13296160237355667, 0.1332216739654541, 0.13300973922014236, 0.13307803168016322, 0.13211969286203384, 0.13303171336650849, 0.13369931115044487, 0.13392277468334546, 0.1324616720279058, 0.13313799570588505, 0.13281602133065462, 0.1345960365401374, 0.13335514985598051, 0.13343683572915885, 0.13232871348207648, 0.1345883160829544, 0.13372910618782044, 0.1322450041770935, 0.13296129622242667, 0.13232524015686728, 0.13271294263276187, 0.13291452576716742, 0.13318855222314596, 0.13327820698420206, 0.13299325459143696, 0.1323820816146003, 0.1327630796215751, 0.13243592243928176, 0.13235756890340286, 0.1329781925678253, 0.1320908560472376, 0.13238640228907267, 0.13292800973762164, 0.13262052408286504, 0.1335007366206911, 0.1330855069682002, 0.13346482584109673, 0.13485189395792344, 0.13247584427396455, 0.13295928921018327, 0.13283548206090928, 0.1340732521244458, 0.13273632824420928, 0.13286780362779443, 0.13272688537836075, 0.13243755367067125, 0.1340941200653712, 0.13404258489608764, 0.1326016772251863, 0.13313188403844833, 0.1336430251598358, 0.1347187081208596, 0.13264466280286963, 0.1338809443016847, 0.13312288035045972, 0.13397189448861516, 0.13332781112856334, 0.13187875436699908, 0.1319853514432907, 0.13361947132008417, 0.13280630111694336, 0.13296056315302848, 0.13148609466022915, 0.1343481351028789, 0.13395272567868233, 0.13282821124250238, 0.1341524995290316, 0.1340138980975518, 0.13214440941810607, 0.13250911682844163, 0.1321665530021374, 0.1339646838605404, 0.13305518260368934, 0.13367403814425835, 0.13262143157995665, 0.13364234387874604, 0.13259555101394654, 0.13317992431776865, 0.13221266546419688, 0.13401408179810173, 0.13195080161094666, 0.1338292732834816, 0.13241609701743492, 0.13329514364401499, 0.13284342139959335, 0.1324183408703123, 0.13297513723373414, 0.1334451504729011, 0.1323651447892189, 0.13326846808195114, 0.1334646228286955, 0.13409742483725914, 0.13258393515240063, 0.13287178369668814, 0.13351004322369894, 0.13396684506109782, 0.13195627608469554, 0.13147111609578133, 0.13441442847251892, 0.1324074243505796, 0.13347003915730646, 0.13221747014257643, 0.1323471979962455, 0.13165690153837203, 0.13315836091836294, 0.13319648885064655, 0.13142887502908707, 0.13230525570757248, 0.1333533308722756, 0.13223198462616315, 0.13338166195899248, 0.13332885404427847, 0.1333022645928643, 0.1324712989421991, 0.13350334628061813, 0.1334325686097145, 0.13306791186332703, 0.1325224513808886, 0.13319029938429594, 0.13251491263508797, 0.13354232013225556, 0.13222367782145739, 0.13371349257581375, 0.1323563446601232, 0.13410804623907263, 0.13332366198301315, 0.1334813204076555, 0.13154634535312654, 0.1328606280413541, 0.1324058637022972, 0.13226371817290783, 0.13144905716180802, 0.13360094680235937, 0.13275981346766155, 0.13444953469129708, 0.1327518274386724, 0.13322770595550537, 0.13284639734774828, 0.13311315178871155, 0.13450572888056436, 0.1324028724006244, 0.1336312388831919, 0.1332886944214503, 0.13306576609611512, 0.13348008692264557, 0.13295988142490386, 0.13291970640420914, 0.13334266965587935, 0.13250890023568096, 0.13369344050685564, 0.13442547890273007, 0.13364038616418839, 0.1333716639450618, 0.13107398610848647, 0.13296554423868656, 0.1327167958021164, 0.13363350679477057, 0.13520136704811683, 0.13293792536625496, 0.1335605263710022, 0.1336616724729538, 0.13358413224870508, 0.1321734677661549, 0.13233241438865662, 0.1323086354467604, 0.1322610741481185, 0.13251185523612158, 0.13299251009117474, 0.13329739421606063, 0.13292498687903087, 0.13154088705778122, 0.13274429061196066, 0.13137922493311074, 0.13328935354948043, 0.1313404900332292, 0.1341185448691249, 0.13258574704329174, 0.13364427288373312, 0.1332508772611618, 0.13254352211952208, 0.13286478618780773, 0.13300629637458108, 0.1334029341285879, 0.13343637843023648, 0.13286291807889938, 0.13236519694328308, 0.13361190453819607, 0.1342696590082986, 0.1325584558977021, 0.13434510231018065, 0.13372689187526704, 0.13434769890525125, 0.1334690054257711, 0.13352666422724724, 0.13264288939535618, 0.13273718655109407, 0.13222571810086567, 0.13390627232464877, 0.13137785494327545, 0.1333243042230606, 0.1325422843748873, 0.13320468117793402, 0.13416258042508905, 0.13315127789974213, 0.13392692142062718, 0.1335558329637234, 0.13391670158931188, 0.1319280727343126, 0.13147312700748442, 0.13440822213888168, 0.1329895932423441, 0.13401471475760143, 0.13271765245331657, 0.1326658568884197, 0.13195128589868546, 0.13163333443494943, 0.13231497732075778, 0.1331287905573845, 0.13122525811195374, 0.1330912669499715, 0.13285911530256272, 0.13287755584015565, 0.13413598090410234, 0.13255528774526384, 0.13378137815743685, 0.1338136151432991, 0.13443030565977096, 0.13268185489707524, 0.13227014243602753, 0.1326666623353958, 0.13311864300207657, 0.13323874771595, 0.13334219455718993, 0.13220830708742143, 0.13192043347018106, 0.13296005588311416, 0.13261087611317635, 0.1335633024573326, 0.13342949151992797, 0.13267533552078975, 0.13553069035212198, 0.13274973359974948, 0.13325237482786179, 0.1322227960283106, 0.13370228682955107, 0.1337088868021965, 0.1323840320110321, 0.1333073770458048, 0.13303077540227345, 0.13178198353240364, 0.1335956111550331, 0.1331177160143852, 0.13437085847059885, 0.1324971956866128, 0.13228121002515156, 0.13382769443772055, 0.13248540731993588, 0.1315604642033577, 0.13261188752949238, 0.13222230225801468, 0.13367756659334357, 0.13239776641130446, 0.13312200795520435, 0.13312283903360367, 0.13340095058083534, 0.13160798326134682, 0.13388259429484606, 0.13168616145849227, 0.1325688585639, 0.13311470367691733, 0.13277428490774973, 0.1335806366470125, 0.13168192952871322, 0.1337057501077652, 0.13313006215235768, 0.1319115630217961, 0.13274354356176712, 0.13243701606988906, 0.1338861890965038, 0.13331683323933527, 0.13280241936445236, 0.1334257861599326, 0.13261547772323384, 0.13346244618296624, 0.1329831083615621, 0.13276130706071854, 0.13220530599355698, 0.1320056736469269, 0.13243781477212907, 0.1337834969162941, 0.13420358747243882, 0.13269829962934768, 0.13356633018702269, 0.1333235224088033, 0.13338154325118431, 0.13191053420305252, 0.13336997396416134, 0.13257957994937897, 0.13145631551742554, 0.13288207103808722, 0.13394565797514385, 0.1318424679338932, 0.13227993622422218, 0.1320134662091732, 0.13431819460608743, 0.13316489230183995, 0.13308726180167424, 0.13310530285040537, 0.13372673590977988, 0.13381306131680806, 0.13114785064350476, 0.13362912502553728, 0.1325784519314766, 0.13344594485619488, 0.13287866429278725, 0.1340704709291458, 0.13251256241517909, 0.13235004403089223, 0.13341764292933725, 0.13272151121726403, 0.13396280904610952, 0.13410800248384475, 0.13314003429629587, 0.13198467642068862, 0.13314590901136397, 0.13318041290925897, 0.13312818109989166, 0.13169897068291903, 0.13228274509310722, 0.1319660720500079, 0.13249659165740013, 0.13103007276852927, 0.13396933461938584, 0.13385275453329087, 0.13184595785357736, 0.13323917371385238, 0.13436212497098105, 0.133331683549014, 0.1330017646153768, 0.13253690844232385, 0.1329501596364108, 0.13197468668222428, 0.1344736378926497, 0.1348711915991523, 0.13175388826773718, 0.13230275836857883, 0.13375446945428848, 0.13338395953178406, 0.13283079049803995, 0.13372964262962342, 0.13419339656829835, 0.13180743157863617, 0.13349487980206806, 0.13289500623941422, 0.13161307473977407, 0.13361316257052952, 0.13327928880850473, 0.13353505358099937, 0.13313556462526321, 0.13276078591221258, 0.1333538227611118, 0.13111816793680192, 0.13349739586313566, 0.13232047071582392, 0.13243619203567505, 0.1335553266108036, 0.13231968714131248, 0.13479776003144003, 0.13364358246326447, 0.132929261525472, 0.13297977877987754, 0.13387778933559144, 0.13426656885580582, 0.13311515375971794, 0.13229506037064961, 0.13294631441434224, 0.13313537262953246, 0.1324771706547056, 0.13295720924030652, 0.13406836038286035, 0.13090620785951615, 0.13336999307979236, 0.1337526562539014, 0.13250869512557983, 0.13276318528435446, 0.13164565960566202, 0.1315927915275097, 0.132455618253776, 0.1331492852833536, 0.13275794799511248, 0.132929933257401, 0.13366235448763922, 0.13227949912349382, 0.13289364562793213, 0.13294727057218553, 0.13120320936044058, 0.13281873952258716, 0.1341359237065682, 0.13139913819338145, 0.1345740869641304, 0.13286650627851487, 0.13306716680526734, 0.13363775445355308, 0.1342434376478195, 0.13155657798051834, 0.1315952663620313, 0.13377039782378985, 0.13205175515678194, 0.13249393078413876, 0.13159506022930145, 0.13199907243251802, 0.13344080249468485, 0.13305767079194386, 0.1332834929227829, 0.13324785232543945, 0.13289041022459666, 0.13462024480104445, 0.1318467234571775, 0.1328419012867886, 0.1332556212490255, 0.1326499804854393, 0.1342008723454042, 0.13263604044914246, 0.13392481505870818, 0.13276303772415435, 0.13349970057606697, 0.13354009985923768, 0.132909394800663, 0.13221159306439487, 0.13317605546292136, 0.132468181848526, 0.13423992557959122, 0.13313963181442684, 0.13235603798838222, 0.1336319386959076, 0.13361239557464918, 0.13280960344351256, 0.13198548853397368, 0.1339660182595253, 0.13388774693012237, 0.13227695362134415, 0.13352859978164947, 0.13232537979880968, 0.1329593915830959, 0.13266209065914153, 0.13224674835801126, 0.13446882299401544, 0.13397883921861647, 0.13321452978111448, 0.13395350724458693, 0.13204731898648397, 0.13468165695667267, 0.13282245970689333, 0.13423790203200447, 0.13367733980218569, 0.13398909433321518, 0.1336353063583374, 0.13242345601320266, 0.13377139086906725, 0.1326673279205958, 0.1324790824543346, 0.13310662657022476, 0.13295004836150578, 0.13285418450832367, 0.13289947240125566, 0.13338544666767121, 0.1337934471666813, 0.1344313733279705, 0.13361058428007014, 0.13343806068102518, 0.13245440806661332, 0.1339978337287903, 0.13275647908449173, 0.13492566098769507, 0.13583469887574515, 0.1331070840358734, 0.13289686808219323, 0.1333276927471161, 0.13269658299053416, 0.13240640566629522, 0.13342859447002411, 0.13373180478811264, 0.13288333415985107, 0.13398355146249136, 0.13371023701296914, 0.13311458565294743, 0.1316155657172203, 0.13292795419692993, 0.1334410086274147, 0.1350064970114652, 0.13199909907930038, 0.13322884713610014, 0.13181160254911942, 0.13335886100927988, 0.13256541639566422, 0.1339437286643421, 0.13361440896987914, 0.1344550373879346, 0.1322999136014418, 0.13323380620706649, 0.13278728822867075, 0.13195590101755583, 0.13235570291678111, 0.13162736718853316, 0.1327840718958113, 0.13274565214912096, 0.1328808069229126, 0.13387127007756913, 0.13197095029883915, 0.13352747367961065, 0.13307876426440018, 0.13336418481434092, 0.1339519711641165, 0.13346292078495026, 0.13384076125091976, 0.13258191484671372, 0.1326281170953404, 0.1317159415859925, 0.13254832533689645, 0.1333538836666516, 0.1316032956043879, 0.13280104673825777, 0.13228584284132178, 0.13305649838664316]}