('OC-FakeDect1 (Trained on RND Dataset)               \nTested on RND CDFv2 Dataset               \nRunning Average Evaluation', 'OC-FakeDect1_RND', 'RND', 'OC-FakeDect1_RND_raeonRND')
auroc=0.5231437464629315
f1=0.6411657559198544
prec=0.9130998702983139
recall=0.49403508771929827

fpr=[0.0, 0.49403508771929827, 1.0]

tpr=[0.0, 0.5403225806451613, 1.0]

y_true=[0, 0, 0, 0, 0, 0, 0, 0, 0, 0, 0, 0, 0, 0, 0, 0, 0, 0, 0, 0, 0, 0, 0, 0, 0, 0, 0, 0, 0, 0, 0, 0, 0, 0, 0, 0, 0, 0, 0, 0, 0, 0, 0, 0, 0, 0, 0, 0, 0, 0, 0, 0, 0, 0, 0, 0, 0, 0, 0, 0, 0, 0, 0, 0, 0, 0, 0, 0, 0, 0, 0, 0, 0, 0, 0, 0, 0, 0, 0, 0, 0, 0, 0, 0, 0, 0, 0, 0, 0, 0, 0, 0, 0, 0, 0, 0, 0, 0, 0, 0, 0, 0, 0, 0, 0, 0, 0, 0, 0, 0, 0, 0, 0, 0, 0, 0, 0, 0, 0, 0, 0, 0, 0, 0, 1, 1, 1, 1, 1, 1, 1, 1, 1, 1, 1, 1, 1, 1, 1, 1, 1, 1, 1, 1, 1, 1, 1, 1, 1, 1, 1, 1, 1, 1, 1, 1, 1, 1, 1, 1, 1, 1, 1, 1, 1, 1, 1, 1, 1, 1, 1, 1, 1, 1, 1, 1, 1, 1, 1, 1, 1, 1, 1, 1, 1, 1, 1, 1, 1, 1, 1, 1, 1, 1, 1, 1, 1, 1, 1, 1, 1, 1, 1, 1, 1, 1, 1, 1, 1, 1, 1, 1, 1, 1, 1, 1, 1, 1, 1, 1, 1, 1, 1, 1, 1, 1, 1, 1, 1, 1, 1, 1, 1, 1, 1, 1, 1, 1, 1, 1, 1, 1, 1, 1, 1, 1, 1, 1, 1, 1, 1, 1, 1, 1, 1, 1, 1, 1, 1, 1, 1, 1, 1, 1, 1, 1, 1, 1, 1, 1, 1, 1, 1, 1, 1, 1, 1, 1, 1, 1, 1, 1, 1, 1, 1, 1, 1, 1, 1, 1, 1, 1, 1, 1, 1, 1, 1, 1, 1, 1, 1, 1, 1, 1, 1, 1, 1, 1, 1, 1, 1, 1, 1, 1, 1, 1, 1, 1, 1, 1, 1, 1, 1, 1, 1, 1, 1, 1, 1, 1, 1, 1, 1, 1, 1, 1, 1, 1, 1, 1, 1, 1, 1, 1, 1, 1, 1, 1, 1, 1, 1, 1, 1, 1, 1, 1, 1, 1, 1, 1, 1, 1, 1, 1, 1, 1, 1, 1, 1, 1, 1, 1, 1, 1, 1, 1, 1, 1, 1, 1, 1, 1, 1, 1, 1, 1, 1, 1, 1, 1, 1, 1, 1, 1, 1, 1, 1, 1, 1, 1, 1, 1, 1, 1, 1, 1, 1, 1, 1, 1, 1, 1, 1, 1, 1, 1, 1, 1, 1, 1, 1, 1, 1, 1, 1, 1, 1, 1, 1, 1, 1, 1, 1, 1, 1, 1, 1, 1, 1, 1, 1, 1, 1, 1, 1, 1, 1, 1, 1, 1, 1, 1, 1, 1, 1, 1, 1, 1, 1, 1, 1, 1, 1, 1, 1, 1, 1, 1, 1, 1, 1, 1, 1, 1, 1, 1, 1, 1, 1, 1, 1, 1, 1, 1, 1, 1, 1, 1, 1, 1, 1, 1, 1, 1, 1, 1, 1, 1, 1, 1, 1, 1, 1, 1, 1, 1, 1, 1, 1, 1, 1, 1, 1, 1, 1, 1, 1, 1, 1, 1, 1, 1, 1, 1, 1, 1, 1, 1, 1, 1, 1, 1, 1, 1, 1, 1, 1, 1, 1, 1, 1, 1, 1, 1, 1, 1, 1, 1, 1, 1, 1, 1, 1, 1, 1, 1, 1, 1, 1, 1, 1, 1, 1, 1, 1, 1, 1, 1, 1, 1, 1, 1, 1, 1, 1, 1, 1, 1, 1, 1, 1, 1, 1, 1, 1, 1, 1, 1, 1, 1, 1, 1, 1, 1, 1, 1, 1, 1, 1, 1, 1, 1, 1, 1, 1, 1, 1, 1, 1, 1, 1, 1, 1, 1, 1, 1, 1, 1, 1, 1, 1, 1, 1, 1, 1, 1, 1, 1, 1, 1, 1, 1, 1, 1, 1, 1, 1, 1, 1, 1, 1, 1, 1, 1, 1, 1, 1, 1, 1, 1, 1, 1, 1, 1, 1, 1, 1, 1, 1, 1, 1, 1, 1, 1, 1, 1, 1, 1, 1, 1, 1, 1, 1, 1, 1, 1, 1, 1, 1, 1, 1, 1, 1, 1, 1, 1, 1, 1, 1, 1, 1, 1, 1, 1, 1, 1, 1, 1, 1, 1, 1, 1, 1, 1, 1, 1, 1, 1, 1, 1, 1, 1, 1, 1, 1, 1, 1, 1, 1, 1, 1, 1, 1, 1, 1, 1, 1, 1, 1, 1, 1, 1, 1, 1, 1, 1, 1, 1, 1, 1, 1, 1, 1, 1, 1, 1, 1, 1, 1, 1, 1, 1, 1, 1, 1, 1, 1, 1, 1, 1, 1, 1, 1, 1, 1, 1, 1, 1, 1, 1, 1, 1, 1, 1, 1, 1, 1, 1, 1, 1, 1, 1, 1, 1, 1, 1, 1, 1, 1, 1, 1, 1, 1, 1, 1, 1, 1, 1, 1, 1, 1, 1, 1, 1, 1, 1, 1, 1, 1, 1, 1, 1, 1, 1, 1, 1, 1, 1, 1, 1, 1, 1, 1, 1, 1, 1, 1, 1, 1, 1, 1, 1, 1, 1, 1, 1, 1, 1, 1, 1, 1, 1, 1, 1, 1, 1, 1, 1, 1, 1, 1, 1, 1, 1, 1, 1, 1, 1, 1, 1, 1, 1, 1, 1, 1, 1, 1, 1, 1, 1, 1, 1, 1, 1, 1, 1, 1, 1, 1, 1, 1, 1, 1, 1, 1, 1, 1, 1, 1, 1, 1, 1, 1, 1, 1, 1, 1, 1, 1, 1, 1, 1, 1, 1, 1, 1, 1, 1, 1, 1, 1, 1, 1, 1, 1, 1, 1, 1, 1, 1, 1, 1, 1, 1, 1, 1, 1, 1, 1, 1, 1, 1, 1, 1, 1, 1, 1, 1, 1, 1, 1, 1, 1, 1, 1, 1, 1, 1, 1, 1, 1, 1, 1, 1, 1, 1, 1, 1, 1, 1, 1, 1, 1, 1, 1, 1, 1, 1, 1, 1, 1, 1, 1, 1, 1, 1, 1, 1, 1, 1, 1, 1, 1, 1, 1, 1, 1, 1, 1, 1, 1, 1, 1, 1, 1, 1, 1, 1, 1, 1, 1, 1, 1, 1, 1, 1, 1, 1, 1, 1, 1, 1, 1, 1, 1, 1, 1, 1, 1, 1, 1, 1, 1, 1, 1, 1, 1, 1, 1, 1, 1, 1, 1, 1, 1, 1, 1, 1, 1, 1, 1, 1, 1, 1, 1, 1, 1, 1, 1, 1, 1, 1, 1, 1, 1, 1, 1, 1, 1, 1, 1, 1, 1, 1, 1, 1, 1, 1, 1, 1, 1, 1, 1, 1, 1, 1, 1, 1, 1, 1, 1, 1, 1, 1, 1, 1, 1, 1, 1, 1, 1, 1, 1, 1, 1, 1, 1, 1, 1, 1, 1, 1, 1, 1, 1, 1, 1, 1, 1, 1, 1, 1, 1, 1, 1, 1, 1, 1, 1, 1, 1, 1, 1, 1, 1, 1, 1, 1, 1, 1, 1, 1, 1, 1, 1, 1, 1, 1, 1, 1, 1, 1, 1, 1, 1, 1, 1, 1, 1, 1, 1, 1, 1, 1, 1, 1, 1, 1, 1, 1, 1, 1, 1, 1, 1, 1, 1, 1, 1, 1, 1, 1, 1, 1, 1, 1, 1, 1, 1, 1, 1, 1, 1, 1, 1, 1, 1, 1, 1, 1, 1, 1, 1, 1, 1, 1, 1, 1, 1, 1, 1, 1, 1, 1, 1, 1, 1, 1, 1, 1, 1, 1, 1, 1, 1, 1, 1, 1, 1, 1, 1, 1, 1, 1, 1, 1, 1, 1, 1, 1, 1, 1, 1, 1, 1, 1, 1, 1, 1, 1, 1, 1, 1, 1, 1, 1, 1, 1, 1, 1, 1, 1, 1, 1, 1, 1, 1, 1, 1, 1, 1, 1, 1, 1, 1, 1, 1, 1, 1, 1, 1, 1, 1, 1, 1, 1, 1, 1, 1, 1, 1, 1, 1, 1, 1, 1, 1, 1, 1, 1, 1, 1, 1, 1, 1, 1, 1, 1, 1, 1, 1, 1, 1, 1, 1, 1, 1, 1, 1, 1, 1, 1, 1, 1, 1, 1, 1, 1, 1, 1, 1, 1, 1, 1, 1, 1, 1, 1, 1, 1, 1, 1, 1, 1, 1, 1, 1, 1, 1, 1, 1, 1, 1, 1, 1, 1, 1, 1, 1, 1, 1, 1, 1, 1, 1, 1, 1, 1, 1, 1, 1, 1, 1, 1, 1, 1, 1, 1, 1, 1, 1, 1, 1, 1, 1, 1, 1, 1, 1, 1, 1, 1, 1, 1, 1, 1, 1, 1, 1, 1, 1, 1, 1, 1, 1, 1, 1, 1, 1, 1, 1, 1, 1, 1, 1, 1, 1, 1, 1, 1, 1, 1, 1, 1, 1, 1, 1, 1, 1, 1, 1, 1, 1, 1, 1, 1, 1, 1, 1, 1, 1, 1, 1, 1, 1, 1, 1, 1, 1, 1, 1, 1, 1, 1, 1, 1, 1, 1, 1, 1, 1, 1, 1, 1, 1, 1, 1, 1, 1, 1, 1, 1, 1, 1, 1, 1, 1, 1, 1, 1, 1, 1, 1, 1, 1, 1, 1, 1, 1, 1, 1, 1, 1, 1, 1, 1, 1, 1, 1, 1, 1, 1, 1, 1, 1, 1, 1, 1, 1, 1, 1, 1, 1, 1, 1, 1, 1, 1, 1, 1, 1, 1, 1, 1, 1, 1, 1, 1, 1, 1, 1, 1, 1, 1, 1, 1, 1, 1, 1, 1, 1, 1, 1, 1, 1, 1, 1, 1, 1, 1, 1, 1, 1, 1, 1, 1, 1, 1, 1]

y_pred=[0.7843223631381988, 0.7850150614976883, 0.7836764414202083, 0.7832634527893627, 0.7841634333133698, 0.7839758535226187, 0.7825622330693638, 0.7842393219470978, 0.7843681842088699, 0.7838931101209977, 0.7835096546581813, 0.7836856096982956, 0.7839783757925034, 0.7842864705757662, 0.7844610477195066, 0.7845452070236206, 0.7816346436738968, 0.7833659118041396, 0.7842118193705877, 0.7836268465308582, 0.7844266779720783, 0.7832157292536327, 0.7846700671044263, 0.7839544802904129, 0.7840183946219358, 0.7826982080936432, 0.7845902353525162, 0.784527787566185, 0.7850286861260732, 0.7842533015287839, 0.7848787808960134, 0.7849096581339836, 0.7838807553052902, 0.7843056308726469, 0.783974270025889, 0.7839684283191508, 0.7844570606946946, 0.7845036804676055, 0.7826834127306939, 0.7832033945755525, 0.7829912167329054, 0.7844166186722842, 0.7830023779110475, 0.7832515671849251, 0.7848058234561573, 0.7844205538431803, 0.7845736086368561, 0.7836569579584258, 0.7825308022173968, 0.784356564283371, 0.7839493137948653, 0.7850140005350112, 0.7848635224195627, 0.7837862772867084, 0.7844892591238022, 0.7842419296503067, 0.7844206037429663, 0.783689378698667, 0.7840306976666818, 0.7847448044589588, 0.7845800630748272, 0.7852002158761024, 0.7839161744889092, 0.7839900358365133, 0.7839298620820045, 0.7852771580219269, 0.7841327786445618, 0.783701054751873, 0.7834949088948113, 0.7835437715053558, 0.7841879067321619, 0.7840509017308553, 0.7832052383352728, 0.785380844771862, 0.7835194359223048, 0.7826365133126577, 0.78327669522592, 0.7833689699570338, 0.7835435308516026, 0.7848322586371348, 0.7845528458173459, 0.7833227378626665, 0.7842960079511007, 0.7831231039017439, 0.7831314037243525, 0.7845485150814057, 0.7833661111071706, 0.7831813437598092, 0.783728732594422, 0.7846807261308034, 0.7841699093580246, 0.7835357944880212, 0.7837302684783936, 0.7836532238870859, 0.7830316424369812, 0.783277460684379, 0.7846878468990326, 0.7836832692846656, 0.7831822117169698, 0.7837876918224188, 0.7833456888794899, 0.7846568077802658, 0.7837430168139308, 0.7848253523310026, 0.7837767435444726, 0.783128046327167, 0.7840497013595369, 0.7854577402273814, 0.7831571710606416, 0.7842373669147491, 0.7826806285551616, 0.7833227687157117, 0.7834056930409538, 0.7839161296685537, 0.7842476268609365, 0.7832420001427333, 0.7841539356638403, 0.784027391901383, 0.7847009085946612, 0.784622494663511, 0.7837492122369654, 0.7835199683904648, 0.7838461995124817, 0.7834657840430737, 0.7841459969679514, 0.7842465072870255, 0.7840300283648751, 0.7833188780966927, 0.7841838404536248, 0.7829494168361029, 0.7844650675268734, 0.783233747879664, 0.7839673866828283, 0.7847294369164635, 0.7837359458208084, 0.7839874401688576, 0.7836942293427207, 0.7842143607490203, 0.7839271336793899, 0.7840600294225356, 0.78455843826135, 0.7834576561170465, 0.7838129331668218, 0.7835031077265739, 0.784624076702378, 0.7841805877054439, 0.7839176406462988, 0.784430716844166, 0.78400699198246, 0.7846215849413591, 0.7832805126905441, 0.7836240425705909, 0.7845298417589881, 0.7839771640651366, 0.7839266687631607, 0.783221286535263, 0.7845724488005918, 0.7844006071488062, 0.7836836050538456, 0.7829651107390722, 0.7837538316845893, 0.784262703223662, 0.7841507222722559, 0.785393764078617, 0.7843803892532984, 0.7847112320801791, 0.7851602802673976, 0.7841565240831936, 0.7836076309283575, 0.783858846127987, 0.7837061015042391, 0.7857202142477036, 0.7842875301837922, 0.7848262657721837, 0.7842071573523914, 0.7839580168326696, 0.7826798766851425, 0.7839401310140437, 0.7840880970744526, 0.7839060261845588, 0.7829690049091975, 0.7836752490085714, 0.7828818251689276, 0.7842845191558202, 0.7841353609281427, 0.7829742908477784, 0.784115806221962, 0.7828857763247057, 0.7849658087772482, 0.7833262175321579, 0.7851180295149485, 0.7844465234700371, 0.7850738972425461, 0.784016560514768, 0.7848964763038299, 0.784576682249705, 0.7835696190595627, 0.7837008115920153, 0.7841263860464096, 0.7846619948744774, 0.784072478612264, 0.7829695335205864, 0.7834237764279047, 0.7841452916463216, 0.7846517028177485, 0.7842784931262334, 0.7836168214678765, 0.7841815934939818, 0.7842199758571737, 0.7837697729468346, 0.7829960296551386, 0.7846681466873955, 0.7850349287192027, 0.7833325018485388, 0.7836577077122295, 0.7844100137551626, 0.7837103113532067, 0.7846368090672926, 0.7838778110111461, 0.7845532938838005, 0.7824997951587042, 0.7825874922906652, 0.7836793161490384, 0.784429324666659, 0.7838597387075424, 0.7835305441509594, 0.7836081140181598, 0.7836549441019693, 0.7851885916555629, 0.7838171869516373, 0.7845391124486923, 0.7831660305911845, 0.7844157385475495, 0.7837702631950378, 0.7838457437122569, 0.7848541458447774, 0.7849734276533127, 0.7835816697162741, 0.7813707540432612, 0.7845749258995056, 0.7842856388200413, 0.7821283322923324, 0.7858682990074157, 0.7827299684286118, 0.7831977289170027, 0.7840092455347379, 0.783303439617157, 0.7828834772109985, 0.7831172997301274, 0.7829477234798319, 0.7848646610975265, 0.7839008927345276, 0.782745148986578, 0.7840095708767573, 0.7829886724551519, 0.784730389714241, 0.7832416973330758, 0.7840592764756259, 0.7831686154007912, 0.783356636762619, 0.7834824314340949, 0.7834660783410072, 0.7844681441783905, 0.7830688402056694, 0.7833485318855806, 0.7838691288934034, 0.7838846683502197, 0.7834313243627549, 0.7845906428992748, 0.7841522072752317, 0.7846204603419584, 0.7826939523220062, 0.7839259686214584, 0.7846685715697028, 0.7844352826476098, 0.7843177250840447, 0.7853027164936066, 0.7834282979369164, 0.7833050191402435, 0.7843730039894581, 0.784540830896451, 0.7827887494455684, 0.783483359676141, 0.7827165822188059, 0.7847179201516238, 0.7821004703640938, 0.7845430359244346, 0.783255398273468, 0.7829125294318566, 0.7853381571670374, 0.7848074923862111, 0.7842687770724297, 0.7838543370366097, 0.7835615903139115, 0.7840126305818558, 0.7853830795396458, 0.7845135574991053, 0.7841122999787331, 0.7841717302799225, 0.783250101407369, 0.7841544965902965, 0.7832799536340377, 0.7834117194780936, 0.7836156319826841, 0.7837036058306694, 0.7837671542709523, 0.7842029997935662, 0.7840666120702571, 0.7843215533278205, 0.7830220326781273, 0.7847007066011429, 0.783381845553716, 0.7842216300112861, 0.7830630431572596, 0.7842712954563253, 0.7830578908324242, 0.78304822742939, 0.7838684067130088, 0.7829875958462557, 0.7842753797769546, 0.7841597336989183, 0.7834076976234263, 0.7821063356740134, 0.7847539832194647, 0.7839294120669364, 0.7840123623609543, 0.7847501056061851, 0.7844211786985398, 0.7832435205578804, 0.7833330452442169, 0.7834926202893258, 0.7841169498860836, 0.7831984087824821, 0.7831260435856305, 0.7832570360465483, 0.78384111395904, 0.784190876616372, 0.7834631398320198, 0.784894374012947, 0.7833762201997969, 0.7836053550243378, 0.7842522859573364, 0.7843211472034455, 0.7838792368769646, 0.7845350652933121, 0.7839372798800468, 0.7832178186911802, 0.7837261462753469, 0.7848971166781017, 0.7837391710943646, 0.7840216591954231, 0.784100791811943, 0.7845977064636018, 0.7839764207601547, 0.7840070798993111, 0.7845433190464973, 0.7843800857663155, 0.7841661299268404, 0.7834874123334885, 0.7853065098707492, 0.7832630886272951, 0.7838433704205922, 0.7840233329269621, 0.7843066677451134, 0.7827252551913262, 0.7845781594514847, 0.784198947250843, 0.7830036774277687, 0.7843734547495842, 0.7838247120380402, 0.7849783910946413, 0.7841180618852377, 0.7837113276124, 0.7836932450532913, 0.7836236829559008, 0.782677647140291, 0.7852616575029161, 0.7826233088970185, 0.783635339140892, 0.7850136079571464, 0.7840981613844633, 0.7835339426994323, 0.7836515501141548, 0.7836597512165705, 0.7827442073159747, 0.7837310714854134, 0.7843387022614479, 0.7830644443631172, 0.785358346321366, 0.784376310184598, 0.7833165779709816, 0.7838087528944016, 0.7831728607416153, 0.783334591322475, 0.7847972942723168, 0.7841362029314041, 0.7833297029137611, 0.783438196236437, 0.7844809964299202, 0.7830776199698448, 0.7836778119206429, 0.7829837625225385, 0.7846984648042254, 0.7838169816467497, 0.7827562652528286, 0.7833521846267912, 0.7837821875627224, 0.7849560896555583, 0.7838343118245785, 0.7839439234563282, 0.7833992829546332, 0.7841869041323661, 0.7843353633697216, 0.7842967100441456, 0.784164685342047, 0.7840480850293086, 0.7843581010897954, 0.7830235946636934, 0.7840015260236604, 0.7836719946935773, 0.7835150495171547, 0.7833674389582415, 0.78454664722085, 0.7842818233701918, 0.7832267307318174, 0.7843217780192693, 0.7845268788246008, 0.7831271695239204, 0.7844802932813764, 0.7849156573414803, 0.7845369932743219, 0.7837785494824251, 0.7843666722377142, 0.7827747487104856, 0.7830168227354686, 0.7834027994137545, 0.783184745482036, 0.7836448214948177, 0.7838892549276352, 0.7841504846627896, 0.7827526504794756, 0.7838110476732254, 0.7839828110658206, 0.7845019996166229, 0.7837442870323474, 0.7828038771237646, 0.7838714886456728, 0.7833157822489738, 0.7844966260286478, 0.7824452916781107, 0.7838054219117532, 0.784100396434466, 0.7848946005105972, 0.7834300366895539, 0.7835873486474156, 0.7838021516799927, 0.7844397437113981, 0.7830141050120195, 0.7852600746684604, 0.7847949679081256, 0.782848330338796, 0.7837962084091626, 0.7838021665811539, 0.7839327389374375, 0.7834428742527961, 0.7837379379197955, 0.7842208066811929, 0.7844411258896192, 0.7853976521227095, 0.7831611908399142, 0.7832954903443654, 0.7839232832193375, 0.7830690911837986, 0.7844616314396262, 0.7834012284874916, 0.7846295569951718, 0.7844541221857071, 0.7844510144657559, 0.7836637061375837, 0.7839531262715658, 0.7854138268874242, 0.7833155223301479, 0.7843052903190255, 0.783917085826397, 0.7832460288818066, 0.7840340721110503, 0.7836650510629019, 0.7839086319391544, 0.7828535089890162, 0.7845372167917398, 0.7829463737351554, 0.7840581750497222, 0.7838388815522194, 0.7837739942165521, 0.7838517079750696, 0.7835381312502755, 0.7840862927528528, 0.7839670966068903, 0.7841205459374647, 0.783580271261079, 0.7841373458504677, 0.7847690358757973, 0.7836222946643829, 0.7846609515448412, 0.7846617235077752, 0.7837034876529987, 0.7841905424992244, 0.7836336642503738, 0.7837043479084969, 0.7839078651741147, 0.7840085610747337, 0.7842201991723134, 0.7828993399937948, 0.7834058238400353, 0.7832288466967069, 0.784139816959699, 0.7841603343303387, 0.7831692120858601, 0.7836478594690561, 0.7837547808885574, 0.7838814086638964, 0.783562958240509, 0.7850483606259028, 0.7832967661894285, 0.783854345480601, 0.7846564856859354, 0.7843300242509161, 0.7842833157628775, 0.783797387778759, 0.7842022054470502, 0.7830560666819414, 0.7828876094685661, 0.7832671392422457, 0.7842071453730265, 0.7836868201310818, 0.7852274956447738, 0.783521574921906, 0.7841856509447098, 0.7845499721857218, 0.7829529568552971, 0.7841231326262156, 0.7843112842394755, 0.7827735026677449, 0.7825176142729245, 0.7838012629321643, 0.7840492660179734, 0.7834484577178955, 0.7846971841958853, 0.7848788971702257, 0.7826256056626638, 0.7842896615083401, 0.7841850847005845, 0.7844273298978806, 0.7841272151895932, 0.7837014906108379, 0.7846564054489136, 0.783867284655571, 0.7854905113577842, 0.7849480137228966, 0.7833406046032906, 0.7829868996685201, 0.7845292896032333, 0.7830475270748138, 0.7828924466263164, 0.7840371145443483, 0.7843656927347183, 0.7833288565278054, 0.7841996014118194, 0.7842909124764529, 0.783435121178627, 0.7837534442543983, 0.784193629026413, 0.7837006639350544, 0.7846747108481147, 0.7848861813545227, 0.7835394009947777, 0.7836527317762375, 0.7826713234186172, 0.7836235165596008, 0.7838797152042389, 0.7827092051506043, 0.7838294953107834, 0.7844084270975806, 0.7833458591591228, 0.7846547782421112, 0.7845819145441055, 0.7840222075581551, 0.783441268584945, 0.7836583241820335, 0.7839492335915565, 0.7837457954883575, 0.7847283943132921, 0.7828044471415606, 0.7853341874751177, 0.7835011720657349, 0.7850102335214615, 0.783934922516346, 0.7835216020995921, 0.7846962213516235, 0.7843898639082909, 0.7833901107311249, 0.7823185121471232, 0.7839577848261052, 0.7840628014369444, 0.7854063255446297, 0.7840450351888484, 0.7835556417703629, 0.7850336760282517, 0.7841740318320014, 0.7842013880610466, 0.7839457765221596, 0.7823993787169456, 0.7825403128351485, 0.7835327032953501, 0.7846330228176984, 0.7829358450004033, 0.7839211374521255, 0.7844345637343146, 0.7849479287862777, 0.7827052175998688, 0.7847813785076141, 0.7833285821335656, 0.7823928706347942, 0.7839635353196751, 0.7835681757756642, 0.7827254801988601, 0.7833933979272842, 0.7835633084177971, 0.7829858019948006, 0.7827876463532448, 0.7847141718322581, 0.7835615903139115, 0.7833453484556891, 0.7854628831148147, 0.7835468873381615, 0.7841632230715319, 0.7847649067640304, 0.7839652259241451, 0.7843033671379089, 0.7838770806789398, 0.7833760723471641, 0.7841674238443375, 0.7844042256474495, 0.7846136316657066, 0.7834099814295769, 0.7850812807679176, 0.7863340631127358, 0.7835248321294784, 0.785264553129673, 0.783445306122303, 0.78331468552351, 0.7839981913566589, 0.782885855436325, 0.785029835999012, 0.7839492991566658, 0.7827712625265122, 0.7839569911360741, 0.7835059553384781, 0.7838793396949768, 0.7846512347459793, 0.7841381604472796, 0.7841529443860054, 0.783850172162056, 0.7831095546483994, 0.782066909968853, 0.7842491358518601, 0.7821859687566757, 0.7827483177185058, 0.7851095601916314, 0.7841565286119779, 0.7831702709197998, 0.7839509189128876, 0.7836850538849831, 0.7840649217367173, 0.7835953190922738, 0.7828933730721473, 0.7840291127562523, 0.7839711174368859, 0.7851161460081736, 0.7854315489530563, 0.7836447939276695, 0.7837844848632812, 0.7832845821976662, 0.7846978649497032, 0.7836014449596405, 0.7853002667427063, 0.7853156141936779, 0.7832373516126112, 0.783980595794591, 0.7829502329230309, 0.7830530581149188, 0.7845151752233506, 0.7842124581336976, 0.7833155244588852, 0.7843591682612896, 0.7841502658345483, 0.783728864789009, 0.7852743552489714, 0.7842367440462112, 0.7838001877069474, 0.7851141571998597, 0.7841203864663839, 0.784646744077856, 0.7854617739265615, 0.7831117883324623, 0.7841005569154567, 0.7847424983978272, 0.7839335992932319, 0.7832028582692147, 0.7832068651914597, 0.7841493053869768, 0.7832908779382706, 0.7834195449948311, 0.7830680251121521, 0.7843191713094712, 0.7833940267562867, 0.7838691957294941, 0.7840498943220485, 0.7838557675480843, 0.7845392227172852, 0.784200443462892, 0.7829427391290664, 0.7848024300553582, 0.7837162703275681, 0.7836179624904286, 0.7832274109125137, 0.7850784435868263, 0.7841698608615182, 0.7837414091283625, 0.7839733213186264, 0.783607691526413, 0.7837081670761108, 0.7831468419595198, 0.7834239691495896, 0.7856528068130666, 0.7840231731534004, 0.7839942303570834, 0.7840669141574339, 0.7839931168339469, 0.7851234796372327, 0.783876645565033, 0.7848298712210222, 0.7838428109884262, 0.7832678529349241, 0.783581055700779, 0.7843184426426888, 0.7850487814708189, 0.7829480211843144, 0.783316514708779, 0.7836729843508113, 0.7827943921089172, 0.7837257412346926, 0.7835826352238655, 0.7833331674337387, 0.782592910528183, 0.7836002975702285, 0.7836650474504991, 0.7825918671759692, 0.7840358804572712, 0.7849249189550227, 0.7831387802958488, 0.7837879251350056, 0.7848172172904014, 0.7835994227366014, 0.782329899072647, 0.7850256548686461, 0.7844673950563777, 0.7838895225099155, 0.7842590175569057, 0.784822321186463, 0.783761082837979, 0.783376157283783, 0.7838496401906013, 0.7838640871147314, 0.7848672052224477, 0.783963234109037, 0.783846515417099, 0.7842014421309744, 0.7844188710053762, 0.7843503964444002, 0.7843478992581367, 0.7838972434401512, 0.7826393902301788, 0.7839637361466885, 0.7836135188738504, 0.7849866283290526, 0.7834347695112228, 0.7843871031488692, 0.7837686215837797, 0.7849895482261976, 0.784345547358195, 0.783762982913426, 0.7847318485379219, 0.7839620212713877, 0.7839926401774089, 0.7846408118219936, 0.7836279645562172, 0.7839308306574821, 0.7850302855173746, 0.7835715090235075, 0.7841265723109245, 0.7839422896504402, 0.7830945700407028, 0.784778838356336, 0.7838453064362207, 0.7845501067007289, 0.7835559979081154, 0.7842563539743423, 0.7832006166378657, 0.7842784014840921, 0.7845818847417831, 0.7831011212297848, 0.7847173914313317, 0.7824016138911247, 0.7828870316346487, 0.7850018275134704, 0.7844702422618866, 0.7832605955856187, 0.7828182727098465, 0.7840852178633213, 0.7834467800954977, 0.7846394956111908, 0.7840186158816019, 0.7847222467263539, 0.7843784418176203, 0.7839118108153343, 0.7834400502698762, 0.7834610951443514, 0.7840350419282913, 0.783893338094155, 0.7839905044862202, 0.7849831864237785, 0.7825882968803247, 0.7840531091479694, 0.7835227862000466, 0.7831377908587456, 0.7838948654631773, 0.7835600227117538, 0.7833812034555844, 0.782957299053669, 0.7847788582245508, 0.7845563948154449, 0.7840853000388426, 0.783943709731102, 0.7827317001564162, 0.7845141924917698, 0.7840604571004709, 0.7840392018357912, 0.7836025900074414, 0.7846840053796769, 0.7831797090669473, 0.7834191570679346, 0.7838601356043535, 0.7843239590525627, 0.7842899113893509, 0.7840413674712181, 0.7842752064267794, 0.7837716912229856, 0.7837619930505753, 0.7841918036341667, 0.7837753805021445, 0.7841992010672887, 0.7848553377039292, 0.7849067226052284, 0.7854570398728052, 0.7845673561096191, 0.7834553768237432, 0.7846311310927073, 0.7830988703405156, 0.7839784579617637, 0.7845783792436123, 0.7844667322933674, 0.7836710289120674, 0.7825761916381972, 0.7826049566268921, 0.783590250958999, 0.7838875025510788, 0.7835906305733848, 0.782640254497528, 0.7845209549580301, 0.7841084736088911, 0.7835758080085119, 0.7840384083489577, 0.7851127132773399, 0.7834064140915871, 0.7843345026175181, 0.7838887046365177, 0.7829734548926354, 0.7836570367217064, 0.7829896559317907, 0.7852035338679949, 0.7840216557184855, 0.7829480682100569, 0.7827384769916534, 0.7830632117887338, 0.7842131286859513, 0.7827225669341928, 0.7826137140393257, 0.7844388176287924, 0.7837693517406782, 0.7822329699993134, 0.7836185855170091, 0.7830248437821865, 0.78386303683122, 0.783779139904415, 0.7852576017379761, 0.783866091320912, 0.7828483705719312, 0.784033632526795, 0.7839628351586205, 0.7841219574213028, 0.7838334540526072, 0.7835118691126506, 0.7833937687032363, 0.7847313404083252, 0.7844845886741365, 0.7829827989141146, 0.783130906522274, 0.7837961502373219, 0.7839536124042102, 0.7845145478844643, 0.7848365381360054, 0.7841532697280248, 0.7845407382530325, 0.7834036409854889, 0.7842463999986649, 0.7841873029867807, 0.7841504342280902, 0.7832108310290745, 0.7847829349339008, 0.784152909119924, 0.7830560673028231, 0.7836913287639617, 0.784083035774529, 0.7848206212123235, 0.7829665253559748, 0.7834980706373851, 0.7860912210666217, 0.7842924126556942, 0.7839085273444653, 0.7843483229478201, 0.7831393890082836, 0.7822876075903574, 0.7834429939587911, 0.7832227071126302, 0.7835053758961814, 0.7842199144264063, 0.7831119885047277, 0.7839523879811168, 0.7838347060605884, 0.7843080888191859, 0.7840351641178132, 0.7843761791785558, 0.7834571267549808, 0.7830029183200428, 0.7840655843416849, 0.7837470193703969, 0.7837695442140102, 0.7842750897010168, 0.783423054431166, 0.7833142653107643, 0.7839486198499799, 0.7839260468880336, 0.7839281211296717, 0.7845258170908147, 0.7831745011111101, 0.7841480563084284, 0.7824126839637756, 0.7825337707996368, 0.7832375317811966, 0.784349179516236, 0.7849396727979183, 0.7840319236119588, 0.7829126467307409, 0.7832564115524292, 0.783728522559007, 0.783427216609319, 0.7828955590724945, 0.784305561866079, 0.7831867163379987, 0.7848103828728199, 0.7842266122500101, 0.7842015961805979, 0.7849625078114596, 0.7831649544338385, 0.7834671149651209, 0.782968399922053, 0.7843436598777771, 0.7840927299112082, 0.7831099559863408, 0.784281567732493, 0.7840994908051058, 0.7831795377035936, 0.7829701721668243, 0.7844577153523763, 0.7832694044336677, 0.7839147169142962, 0.7834486874441305, 0.7837365631546294, 0.7836254514180697, 0.7833134060104688, 0.7839164465665818, 0.7839297717437148, 0.7835764419287443, 0.7834337415794531, 0.7840338389078776, 0.7835039900881904, 0.7832770473681964, 0.7839537734786669, 0.7861263558268548, 0.7842270322144032, 0.7845340697094798, 0.7832552740971247, 0.7835084646940231, 0.7816482463053295, 0.7841185629367828, 0.783028687040011, 0.7831449583172798, 0.7842688914388418, 0.7836881065741181, 0.7833196831246217, 0.7837680280208588, 0.7836309841700962, 0.7838243601413873, 0.7839894269903501, 0.7839825421571731, 0.7840511716074414, 0.7842410624027252, 0.7845433571121909, 0.783484973013401, 0.7843523681163788, 0.7837462296088537, 0.7847792338579893, 0.7836461146672566, 0.7830977728590369, 0.7827543152703179, 0.7825872282187144, 0.7838190888816661, 0.7849162643154463, 0.7832739263772964, 0.7828631182511647, 0.7838855157295863, 0.7830974087119102, 0.7832283198833465, 0.7836578721180558, 0.7842289076911079, 0.782635572552681, 0.7841344814408909, 0.7842897002895673, 0.7834317555030187, 0.7839188476403555, 0.7839112410942713, 0.7839193446561694, 0.7836806327104568, 0.7838950734585524, 0.7843699124124315, 0.7848464518785476, 0.7833193703131243, 0.7842033157745997, 0.7841028372446696, 0.7836269110441207, 0.7835445235172908, 0.7840982303023338, 0.7834049373865127, 0.7826136430104573, 0.7850323741634687, 0.7839610438261713, 0.7829998744030794, 0.7843732694163918, 0.7851199358701706, 0.7844656201509329, 0.7842377660175165, 0.7845425138870875, 0.7840048158541322, 0.7832462728023529, 0.7836955077946186, 0.7833184802106449, 0.7840171195566654, 0.7838184721767902, 0.7841643805687244, 0.78529526751775, 0.7842327843109766, 0.7839883137494326, 0.7847766796747844, 0.7845334410667419, 0.7839840341891562, 0.7837386168539524, 0.7835984928533435, 0.7848274421233397, 0.7832137243105814, 0.7833448822299639, 0.7834293136994044, 0.7825984135270119, 0.7841686867177486, 0.7830841104899133, 0.7839103924731413, 0.7843584092333913, 0.7842716895616971, 0.7837302982807159, 0.7837742467721304, 0.7840292026599248, 0.784842693246901, 0.7839137047529221, 0.783064374079307, 0.7846649164954821, 0.7833622613778481, 0.7836470615405302, 0.7829111923774084, 0.7835836336016655, 0.7831306914488474, 0.7842235192656517, 0.7844858691096306, 0.7841515789429346, 0.7836273023858666, 0.7830313054414896, 0.7838331438027896, 0.7835238625605901, 0.7845936000347138, 0.7842657802005609, 0.783018140920571, 0.7838692603011926, 0.7840621136128902, 0.7832660056077517, 0.7837527394294739, 0.7848254094521204, 0.7832997381687165, 0.7833368210121989, 0.7833145717779795, 0.7831971235573292, 0.785433757518019, 0.7826701787610849, 0.7832666048780084, 0.7830619353514452, 0.7835969787377577, 0.7829945037762324, 0.7839408339932561, 0.7836958269278208, 0.7831020802259445, 0.783380888402462, 0.7827465881903967, 0.7852042242884636, 0.7850994249949088, 0.7830567955970764, 0.783834516008695, 0.7837891019880772, 0.783801547686259, 0.782945333669583, 0.7828496439116341, 0.784235360721747, 0.7838317481800914, 0.7844757277231951, 0.7844455437018321, 0.7835285576681296, 0.7832479943831762, 0.782737584784627, 0.783736593524615, 0.7834952933092912, 0.7838387808629445, 0.7840193981925646, 0.7830160157755017, 0.7834172076903857, 0.7841820476146845, 0.7844406192501386, 0.7846538285414377, 0.7843804033473134, 0.7828024864196778, 0.7838887410859267, 0.7850139173013824, 0.7833488062024117, 0.7836573990061879, 0.7835902881163817, 0.7836437603602042, 0.7832119166851044, 0.7837569187084834, 0.7842986881732941, 0.7840153982241949, 0.7843521349132061, 0.7833460132990564, 0.7840364178021749, 0.78275409899652, 0.7838244484021113, 0.7831009167891283, 0.7844727945824465, 0.7827932268381119, 0.783568293787539, 0.7836099604765574, 0.7835848766068617, 0.7837246358394623, 0.7841086536645889, 0.7843615338206291, 0.78377542587427, 0.7840063010270779, 0.7842817306518555, 0.7845806092023849, 0.7837938982993364, 0.7840060777962208, 0.7843783410886923, 0.7842119187116623, 0.7839691684796259, 0.783098252920004, 0.7836546262105306, 0.782909811536471, 0.7835071682929993, 0.783701473048755, 0.783435981720686, 0.7849218053743243, 0.783432316321593, 0.7839961980397885, 0.7824716779092947, 0.7839708576599757, 0.7829212006181479, 0.7840742607911428, 0.7825603149831295, 0.7831529644983155, 0.7846400663256645, 0.7845983197912574, 0.7839883027168421, 0.7844641483747042, 0.7836954481899738, 0.7842659364144007, 0.783772574737668, 0.7832374980052312, 0.784918208916982, 0.785422739572823, 0.7851268595882824, 0.7827405982783863, 0.7835284888744354, 0.7836196541786193, 0.7844036381159509, 0.7829799652099609, 0.7837552204728127, 0.7839216788609823, 0.7847465882698694, 0.7851270884275436, 0.7836314524923051, 0.7840509180511748, 0.7827206283807755, 0.7817713692784309, 0.7836711300270898, 0.7841127842664719, 0.7841987172141671, 0.7837928493817647, 0.7834391663471858, 0.7830469282343984, 0.7833670814122473, 0.7828391662665776, 0.7838478366533915, 0.7832447871565819, 0.784058479326112, 0.7823380216956138, 0.783369448967278, 0.7836713315919042, 0.7830655234200614, 0.7846153378486633, 0.7837170692426818, 0.7845571368932724, 0.784365645609796, 0.7839984516302745, 0.7843543807665507, 0.7839854573830962, 0.7842294722795486, 0.7848778590559959, 0.784321454167366, 0.7843406274914742, 0.7833828659994262, 0.7835561215877533, 0.7839816026389599, 0.7842141628265381, 0.7841429620981216, 0.7844153456389904, 0.7836796322039196, 0.7840270889656884, 0.783688434958458, 0.7844346180558205, 0.7858967259526253, 0.7836218729615212, 0.7846895204856992, 0.7835387607415517, 0.7834295958280564, 0.783824710175395, 0.7839832476207188, 0.7839982796992575, 0.7835348556439081, 0.7836610689759255, 0.7843079850077629, 0.7844250285997987, 0.7831418921550115, 0.7850050528844198, 0.7831476982682943, 0.784803895013673, 0.7840461752244404, 0.784211203455925, 0.7840151324868202, 0.7833832140479768, 0.7842993631958961, 0.7844166774302721, 0.7850875486930211, 0.7822831104199092, 0.7846684260293841, 0.783692971936294, 0.7828612287839254, 0.7836286425590515, 0.7846628608448165, 0.7837122278288007, 0.7840958416461945, 0.7834967505186796, 0.783717009638037, 0.7845615978751863, 0.7838040222724278, 0.7843509808182716, 0.7845878260476249, 0.7841460853815079, 0.7843699557706714, 0.7845441102981567, 0.7839104652404785, 0.7839687066152692, 0.7838597606335367, 0.7837750975574767, 0.7843191097180049, 0.7834462270140647, 0.7833503156900405, 0.7831882126629353, 0.7848167151212693, 0.7839871416489284, 0.7843901803717017, 0.7839666498558862, 0.7839310382093703, 0.7833795527617137, 0.7844006910920143, 0.7849519146340234, 0.7846850588917732, 0.7834831802174449, 0.7843345552682877, 0.7833356827497482, 0.7832215074449778, 0.7839791370289666, 0.7843800123248781, 0.7841520388921102, 0.7837049648165703, 0.7840870725257056, 0.7842075571417808, 0.7852233313024044, 0.7831523656845093, 0.7839462955792745, 0.7839751318097115, 0.7834212705492973, 0.7836219561951501, 0.783989625175794, 0.78385149538517, 0.7849667146801949, 0.7831966489553451, 0.7843653270974755, 0.7837524761756262, 0.7838133434454599, 0.7835188396275043, 0.7838454714843205, 0.7840221726468631, 0.7830616980791092, 0.7840564742684364, 0.7858005155410086, 0.78397918343544, 0.7849273516072167, 0.7846297919750214, 0.7840109514072537, 0.7830419813593229, 0.7845933750271797, 0.7838872690995534, 0.7845628600228917, 0.7829640199740728, 0.7835629969835282, 0.783194417754809, 0.7837350238114595, 0.7844460994005203, 0.7833764759393839, 0.7844792557390112, 0.7842698618769646, 0.7843428341050943, 0.7834622114896774, 0.784748270114263, 0.7845067015061011, 0.783665111974666, 0.7840695545077324, 0.7844634515543779, 0.7844945089891553, 0.7838259706894557, 0.7829168175275509, 0.7841714957827016, 0.7836906770865122, 0.7835972574022081, 0.7848734178326346, 0.7831370638949531, 0.7842000514268875, 0.783535931791578, 0.7841725223339521, 0.7842883700504899, 0.7852979321032763, 0.7831824004650116, 0.7828543729015759, 0.784248701731364, 0.7837114294892863, 0.7837431242068609, 0.783828948934873, 0.7841130991776785, 0.7832301646471024, 0.7837351635098457, 0.7831883157293001, 0.7840845694144567, 0.7839803074796995, 0.784375904334916, 0.7834152869052358, 0.783899170656999, 0.7833505605950075, 0.7828628115710758, 0.7851505726575851, 0.7827290125191212, 0.7835390145579973, 0.7829159835974375, 0.7840842517713705, 0.7818848970863554, 0.7835832602447934, 0.7821136005222797, 0.7838074661353055, 0.7829480135724658, 0.7837674677371979, 0.7836741782724858, 0.7831365490953127, 0.7816243787606557, 0.7841765781243643, 0.7824088450935152, 0.7835410295261277, 0.7833742027481397, 0.7842148875488955, 0.7832101938270387, 0.78490479439497, 0.7834711119532585, 0.7843795890609423, 0.7848377346992492, 0.7840767900149027, 0.7846063723166784, 0.7841296518842379, 0.7836614822347959, 0.7842441113556132, 0.7842127561569214, 0.783604911963145, 0.7836029529571533, 0.7847557018200556, 0.7828425218661627, 0.7846664600074291, 0.7824956827303943, 0.7841369890504413, 0.7838745382097032, 0.7841879973808924, 0.7844296501328548, 0.780548483133316, 0.7848084133404951, 0.7834530105193456, 0.7819116181797452, 0.7850542614857355, 0.7851933522356881, 0.7843327665080627, 0.7835142999887467, 0.7839905832495009, 0.7841285662009165, 0.7841373383998871, 0.7851725336578157, 0.7843990723292033, 0.7839447328199943, 0.7817142903804779, 0.7827901198313787, 0.7837574015061061, 0.7831411510705948, 0.782750043604109, 0.7845595363113615, 0.7829228465755781, 0.7840741306543351, 0.7828909137419292, 0.7841960776310701, 0.7842604180177053, 0.784135508186677, 0.7825399476748247, 0.7838985150059065, 0.7826922810391376, 0.7834369575276094, 0.784024885067573, 0.7838629074394703, 0.7832012576492209, 0.7837406458223567, 0.7847143789896598, 0.7829317214588324, 0.7836183042902696, 0.784045885590946, 0.7842596070124552, 0.7843195982277393, 0.7837427438873994, 0.7849997120598952, 0.7845048957011279, 0.7849502047667136, 0.7827051964898905, 0.7845905783929323, 0.7832087742931703, 0.783384470985486, 0.7846865517397722, 0.7840512489017687, 0.7840438862057293, 0.7839095477874463, 0.7836915565033754, 0.7838429345896369, 0.7844506914124769, 0.7829345178145628, 0.7840905922154585, 0.7838507365239293, 0.7841051327330726, 0.783964250768934, 0.7844118485227227, 0.7840818713108698, 0.7836728319525719, 0.7856448040558741, 0.7837884823481241, 0.7848634213209152, 0.7832967010991914, 0.784614616206714, 0.7833297314743201, 0.7844970375299454, 0.7831090411969593, 0.7838934533871137, 0.7841594497362773, 0.7829845666885376, 0.7837469098823411, 0.7826753673808915, 0.7841380772491297, 0.7838416025042534, 0.7836164906620979, 0.7830440700054169, 0.7839017341534297, 0.7839786902070045, 0.7840071448257991, 0.7837362864187786, 0.7840298054118952, 0.7828866963585218, 0.7833401369197028, 0.7839991461772184, 0.7838156114021937, 0.7833428839842478, 0.7842005968093873, 0.7844009463276183, 0.7834520451724529, 0.7839974798262119, 0.7837649019701141, 0.7835264160082891]
\score={0: [0.21567763686180114, 0.2149849385023117, 0.21632355857979169, 0.21673654721063726, 0.21583656668663026, 0.21602414647738138, 0.21743776693063624, 0.21576067805290222, 0.21563181579113005, 0.21610688987900228, 0.21649034534181869, 0.2163143903017044, 0.21602162420749665, 0.21571352942423386, 0.21553895228049336, 0.2154547929763794, 0.2183653563261032, 0.21663408819586039, 0.21578818062941232, 0.2163731534691418, 0.21557332202792168, 0.21678427074636733, 0.2153299328955737, 0.2160455197095871, 0.21598160537806424, 0.21730179190635682, 0.21540976464748382, 0.215472212433815, 0.2149713138739268, 0.21574669847121605, 0.21512121910398657, 0.2150903418660164, 0.21611924469470978, 0.21569436912735304, 0.21602572997411093, 0.21603157168084924, 0.2155429393053055, 0.2154963195323944, 0.2173165872693062, 0.21679660542444748, 0.21700878326709455, 0.2155833813277158, 0.21699762208895249, 0.21674843281507492, 0.21519417654384265, 0.21557944615681965, 0.21542639136314393, 0.2163430420415742, 0.21746919778260318, 0.21564343571662903, 0.21605068620513468, 0.2149859994649887, 0.2151364775804373, 0.21621372271329165, 0.21551074087619781, 0.2157580703496933, 0.2155793962570337, 0.2163106213013331, 0.21596930233331826, 0.21525519554104125, 0.2154199369251728, 0.21479978412389755, 0.2160838255110909, 0.21600996416348678, 0.21607013791799545, 0.21472284197807312, 0.21586722135543823, 0.21629894524812698, 0.21650509110518865, 0.21645622849464416, 0.21581209326783815, 0.21594909826914468, 0.21679476166472716, 0.21461915522813796, 0.2164805640776952, 0.21736348668734232, 0.21672330477408, 0.21663103004296622, 0.21645646914839745, 0.21516774136286515, 0.21544715418265417, 0.21667726213733354, 0.21570399204889934, 0.2168768960982561, 0.21686859627564747, 0.21545148491859437, 0.21663388889282942, 0.21681865624019078, 0.21627126740557806, 0.21531927386919658, 0.2158300906419754, 0.2164642055119787, 0.21626973152160645, 0.21634677611291409, 0.2169683575630188, 0.21672253931562105, 0.2153121531009674, 0.21631673071533442, 0.2168177882830302, 0.2162123081775812, 0.2166543111205101, 0.2153431922197342, 0.21625698318606928, 0.21517464766899744, 0.21622325645552742, 0.2168719536728329, 0.21595029864046308, 0.21454225977261862, 0.21684282893935838, 0.21576263308525084, 0.2173193714448384, 0.21667723128428826, 0.21659430695904625, 0.21608387033144633, 0.2157523731390635, 0.21675799985726674, 0.21584606433615966, 0.21597260809861696, 0.2152990914053387, 0.215377505336489, 0.2162507877630346, 0.21648003160953522, 0.2161538004875183, 0.21653421595692635], 1: [0.21585400303204855, 0.21575349271297456, 0.2159699716351249, 0.2166811219033073, 0.21581615954637529, 0.2170505831638972, 0.21553493247312658, 0.2167662521203359, 0.21603261331717175, 0.21527056308353648, 0.2162640541791916, 0.21601255983114243, 0.21630577065727927, 0.2157856392509797, 0.21607286632061004, 0.2159399705774644, 0.21544156173865, 0.21654234388295343, 0.2161870668331782, 0.21649689227342606, 0.21537592329762198, 0.21581941229455612, 0.21608235935370126, 0.21556928315583399, 0.21599300801753998, 0.21537841505864086, 0.21671948730945587, 0.21637595742940902, 0.21547015824101187, 0.21602283593486338, 0.2160733312368393, 0.21677871346473693, 0.21542755119940815, 0.21559939285119376, 0.21631639494615443, 0.21703488926092784, 0.2162461683154106, 0.21573729677633804, 0.21584927772774415, 0.2146062359213829, 0.21561961074670155, 0.2152887679198209, 0.21483971973260244, 0.2158434759168064, 0.21639236907164255, 0.2161411538720131, 0.21629389849576083, 0.21427978575229645, 0.2157124698162079, 0.21517373422781627, 0.2157928426476086, 0.21604198316733042, 0.21732012331485748, 0.21605986898595636, 0.21591190292554743, 0.21609397381544113, 0.2170309950908025, 0.2163247509914286, 0.21711817483107249, 0.2157154808441798, 0.21586463907185724, 0.2170257091522217, 0.21588419377803802, 0.21711422367529434, 0.21503419122275183, 0.2166737824678421, 0.21488197048505148, 0.21555347652996287, 0.2149261027574539, 0.21598343948523205, 0.21510352369617014, 0.215423317750295, 0.21643038094043732, 0.21629918840798465, 0.2158736139535904, 0.21533800512552262, 0.215927521387736, 0.21703046647941365, 0.21657622357209524, 0.2158547083536784, 0.21534829718225143, 0.2157215068737666, 0.21638317853212358, 0.21581840650601822, 0.2157800241428263, 0.21623022705316544, 0.21700397034486135, 0.21533185331260457, 0.2149650712807973, 0.21666749815146127, 0.21634229228777044, 0.21558998624483744, 0.21628968864679338, 0.21536319093270737, 0.2161221889888539, 0.21544670611619948, 0.21750020484129587, 0.21741250770933487, 0.21632068385096156, 0.21557067533334096, 0.21614026129245759, 0.21646945584904065, 0.21639188598184025, 0.2163450558980306, 0.2148114083444371, 0.21618281304836273, 0.21546088755130768, 0.21683396940881555, 0.21558426145245047, 0.21622973680496216, 0.21615425628774307, 0.21514585415522258, 0.21502657234668732, 0.21641833028372595, 0.2186292459567388, 0.21542507410049438, 0.21571436117995868, 0.21787166770766764, 0.21413170099258422, 0.21727003157138824, 0.21680227108299732, 0.21599075446526209, 0.21669656038284302, 0.21711652278900145, 0.2168827002698725, 0.2170522765201681, 0.21513533890247344, 0.2160991072654724, 0.217254851013422, 0.2159904291232427, 0.21701132754484811, 0.21526961028575897, 0.21675830266692422, 0.21594072352437413, 0.21683138459920884, 0.21664336323738098, 0.2165175685659051, 0.21653392165899277, 0.2155318558216095, 0.21693115979433059, 0.2166514681144194, 0.21613087110659657, 0.21611533164978028, 0.2165686756372452, 0.21540935710072517, 0.2158477927247683, 0.21537953965804157, 0.21730604767799377, 0.21607403137854167, 0.21533142843029715, 0.2155647173523903, 0.2156822749159553, 0.21469728350639344, 0.21657170206308365, 0.21669498085975647, 0.21562699601054192, 0.21545916910354906, 0.21721125055443158, 0.216516640323859, 0.21728341778119406, 0.2152820798483762, 0.21789952963590623, 0.21545696407556533, 0.21674460172653198, 0.2170874705681434, 0.21466184283296266, 0.21519250761378894, 0.21573122292757035, 0.21614566296339036, 0.21643840968608857, 0.21598736941814423, 0.2146169204603542, 0.21548644250089471, 0.21588770002126695, 0.21582826972007751, 0.21674989859263102, 0.21584550340970357, 0.21672004636596232, 0.21658828052190635, 0.21638436801731586, 0.2162963941693306, 0.2162328457290476, 0.2157970002064338, 0.21593338792974298, 0.21567844667217947, 0.21697796732187272, 0.21529929339885712, 0.216618154446284, 0.21577836998871394, 0.21693695684274036, 0.21572870454367468, 0.21694210916757584, 0.21695177257061005, 0.2161315932869911, 0.21701240415374437, 0.21572462022304534, 0.21584026630108172, 0.21659230237657373, 0.21789366432598659, 0.21524601678053537, 0.2160705879330635, 0.21598763763904572, 0.21524989439381492, 0.21557882130146028, 0.2167564794421196, 0.21666695475578307, 0.2165073797106743, 0.2158830501139164, 0.21680159121751785, 0.21687395641436943, 0.2167429639534517, 0.21615888604096004, 0.215809123383628, 0.21653686016798018, 0.2151056259870529, 0.21662377980020311, 0.21639464497566224, 0.21574771404266357, 0.21567885279655458, 0.21612076312303544, 0.21546493470668793, 0.21606272011995314, 0.2167821813088197, 0.21627385372465308, 0.21510288332189834, 0.21626082890563542, 0.21597834080457687, 0.21589920818805694, 0.21540229353639814, 0.21602357923984528, 0.21599292010068893, 0.21545668095350265, 0.21561991423368454, 0.21583387007315954, 0.21651258766651155, 0.21469349012925074, 0.21673691137270493, 0.21615662957940782, 0.2159766670730379, 0.21569333225488663, 0.21727474480867387, 0.21542184054851532, 0.21580105274915695, 0.21699632257223128, 0.2156265452504158, 0.21617528796195984, 0.21502160890535874, 0.2158819381147623, 0.21628867238759994, 0.21630675494670867, 0.21637631704409918, 0.217322352859709, 0.21473834249708387, 0.21737669110298158, 0.21636466085910797, 0.2149863920428536, 0.2159018386155367, 0.21646605730056762, 0.21634844988584517, 0.21634024878342947, 0.21725579268402523, 0.21626892851458657, 0.21566129773855208, 0.21693555563688277, 0.21464165367863394, 0.21562368981540203, 0.2166834220290184, 0.21619124710559845, 0.2168271392583847, 0.21666540867752498, 0.21520270572768319, 0.21586379706859588, 0.21667029708623886, 0.216561803763563, 0.2155190035700798, 0.21692238003015518, 0.21632218807935716, 0.2170162374774615, 0.2153015351957745, 0.2161830183532503, 0.2172437347471714, 0.2166478153732088, 0.21621781243727758, 0.21504391034444173, 0.2161656881754215, 0.21605607654367173, 0.21660071704536676, 0.2158130958676338, 0.21566463663027838, 0.21570328995585442, 0.21583531465795305, 0.21595191497069138, 0.21564189891020458, 0.21697640533630663, 0.21599847397633962, 0.2163280053064227, 0.2164849504828453, 0.2166325610417586, 0.21545335277915, 0.21571817662980822, 0.2167732692681826, 0.2156782219807307, 0.21547312117539918, 0.21687283047607966, 0.21551970671862364, 0.21508434265851975, 0.21546300672567809, 0.21622145051757494, 0.21563332776228586, 0.2172252512895144, 0.21698317726453145, 0.2165972005862456, 0.21681525451796396, 0.21635517850518227, 0.2161107450723648, 0.21584951533721045, 0.21724734952052435, 0.2161889523267746, 0.21601718893417945, 0.21549800038337708, 0.21625571296765253, 0.2171961228762354, 0.2161285113543272, 0.21668421775102614, 0.21550337397135222, 0.21755470832188925, 0.21619457808824685, 0.21589960356553395, 0.21510539948940277, 0.21656996331044606, 0.21641265135258436, 0.21619784832000732, 0.21556025628860181, 0.21698589498798052, 0.21473992533153957, 0.21520503209187433, 0.21715166966120403, 0.21620379159083733, 0.21619783341884613, 0.21606726106256247, 0.21655712574720382, 0.2162620620802045, 0.21577919331880716, 0.2155588741103808, 0.21460234787729052, 0.21683880916008583, 0.21670450965563456, 0.21607671678066254, 0.21693090881620133, 0.21553836856037378, 0.2165987715125084, 0.21537044300482824, 0.2155458778142929, 0.21554898553424412, 0.2163362938624162, 0.21604687372843426, 0.21458617311257583, 0.21668447766985213, 0.21569470968097448, 0.21608291417360306, 0.21675397111819342, 0.21596592788894972, 0.21633494893709818, 0.21609136806084558, 0.2171464910109838, 0.21546278320826018, 0.21705362626484462, 0.2159418249502778, 0.2161611184477806, 0.21622600578344786, 0.21614829202493033, 0.2164618687497245, 0.2159137072471472, 0.21603290339310963, 0.21587945406253523, 0.21641972873892104, 0.21586265414953232, 0.21523096412420273, 0.21637770533561707, 0.21533904845515886, 0.2153382764922248, 0.21629651234700129, 0.21580945750077565, 0.21636633574962616, 0.21629565209150314, 0.2160921348258853, 0.21599143892526626, 0.2157798008276866, 0.21710066000620523, 0.21659417615996468, 0.21677115330329308, 0.215860183040301, 0.2158396656696613, 0.21683078791413987, 0.21635214053094387, 0.21624521911144257, 0.2161185913361036, 0.21643704175949097, 0.2149516393740972, 0.21670323381057152, 0.21614565451939902, 0.21534351431406462, 0.21566997574908392, 0.21571668423712254, 0.216202612221241, 0.21579779455294976, 0.21694393331805864, 0.21711239053143394, 0.2167328607577544, 0.21579285462697348, 0.2163131798689182, 0.21477250435522624, 0.216478425078094, 0.21581434905529023, 0.21545002781427824, 0.2170470431447029, 0.2158768673737844, 0.21568871576052445, 0.21722649733225505, 0.21748238572707543, 0.21619873706783568, 0.21595073398202658, 0.2165515422821045, 0.2153028158041147, 0.21512110282977423, 0.2173743943373362, 0.2157103384916599, 0.2158149152994156, 0.21557267010211945, 0.2158727848104068, 0.21629850938916206, 0.21534359455108643, 0.21613271534442902, 0.21450948864221572, 0.21505198627710342, 0.21665939539670945, 0.21701310033147986, 0.21547071039676666, 0.21695247292518616, 0.2171075533736836, 0.2159628854556517, 0.21563430726528168, 0.21667114347219468, 0.21580039858818054, 0.2157090875235471, 0.21656487882137299, 0.21624655574560164, 0.21580637097358704, 0.21629933606494556, 0.21532528915188529, 0.2151138186454773, 0.21646059900522233, 0.21634726822376252, 0.21732867658138275, 0.21637648344039917, 0.21612028479576112, 0.21729079484939576, 0.2161705046892166, 0.21559157290241934, 0.2166541408408772, 0.21534522175788878, 0.21541808545589447, 0.21597779244184495, 0.21655873141505502, 0.21634167581796646, 0.21605076640844345, 0.21625420451164246, 0.21527160568670792, 0.21719555285843936, 0.21466581252488223, 0.21649882793426514, 0.2149897664785385, 0.21606507748365403, 0.21647839790040796, 0.21530377864837646, 0.21561013609170915, 0.21660988926887512, 0.21768148785287683, 0.2160422151738947, 0.21593719856305557, 0.21459367445537023, 0.21595496481115167, 0.21644435822963715, 0.21496632397174836, 0.21582596816799857, 0.2157986119389534, 0.21605422347784042, 0.21760062128305435, 0.2174596871648516, 0.21646729670464993, 0.2153669771823016, 0.21706415499959672, 0.21607886254787445, 0.21556543626568533, 0.21505207121372222, 0.21729478240013123, 0.21521862149238585, 0.21667141786643437, 0.21760712936520576, 0.2160364646803249, 0.2164318242243358, 0.21727451980113982, 0.21660660207271576, 0.2164366915822029, 0.21701419800519944, 0.21721235364675523, 0.21528582816774194, 0.21643840968608857, 0.21665465154431082, 0.21453711688518523, 0.21645311266183853, 0.21583677692846817, 0.21523509323596954, 0.21603477407585492, 0.21569663286209106, 0.21612291932106018, 0.21662392765283583, 0.21583257615566254, 0.2155957743525505, 0.21538636833429337, 0.21659001857042312, 0.21491871923208236, 0.21366593688726426, 0.21647516787052154, 0.214735446870327, 0.216554693877697, 0.21668531447649003, 0.21600180864334106, 0.21711414456367492, 0.214970164000988, 0.2160507008433342, 0.21722873747348787, 0.21604300886392594, 0.21649404466152192, 0.2161206603050232, 0.2153487652540207, 0.2158618395527204, 0.2158470556139946, 0.21614982783794404, 0.21689044535160065, 0.217933090031147, 0.21575086414813996, 0.21781403124332427, 0.21725168228149414, 0.2148904398083687, 0.2158434713880221, 0.2168297290802002, 0.21604908108711243, 0.21631494611501695, 0.2159350782632828, 0.2164046809077263, 0.21710662692785263, 0.21597088724374772, 0.21602888256311417, 0.21488385399182638, 0.21456845104694366, 0.21635520607233047, 0.21621551513671874, 0.21671541780233383, 0.21530213505029677, 0.21639855504035949, 0.2146997332572937, 0.2146843858063221, 0.21676264838738876, 0.21601940420540897, 0.21704976707696916, 0.2169469418850812, 0.2154848247766495, 0.2157875418663025, 0.2166844755411148, 0.2156408317387104, 0.21584973416545175, 0.2162711352109909, 0.2147256447510286, 0.21576325595378876, 0.21619981229305268, 0.2148858428001404, 0.21587961353361607, 0.2153532559221441, 0.21453822607343848, 0.2168882116675377, 0.2158994430845434, 0.21525750160217286, 0.21606640070676802, 0.21679714173078538, 0.21679313480854034, 0.21585069461302323, 0.21670912206172943, 0.21658045500516893, 0.2169319748878479, 0.21568082869052888, 0.2166059732437134, 0.2161308042705059, 0.21595010567795148, 0.21614423245191575, 0.21546077728271484, 0.215799556537108, 0.21705726087093352, 0.21519756994464181, 0.21628372967243195, 0.2163820375095714, 0.21677258908748626, 0.21492155641317368, 0.21583013913848184, 0.2162585908716375, 0.2160266786813736, 0.21639230847358704, 0.21629183292388915, 0.2168531580404802, 0.21657603085041047, 0.21434719318693335, 0.21597682684659958, 0.2160057696429166, 0.21593308584256607, 0.21600688316605307, 0.2148765203627673, 0.21612335443496705, 0.21517012877897781, 0.2161571890115738, 0.21673214706507596, 0.21641894429922104, 0.21568155735731126, 0.21495121852918106, 0.2170519788156856, 0.21668348529122092, 0.21632701564918866, 0.21720560789108276, 0.21627425876530734, 0.2164173647761345, 0.2166668325662613, 0.21740708947181703, 0.2163997024297714, 0.2163349525495009, 0.2174081328240308, 0.21596411954272876, 0.21507508104497736, 0.21686121970415115, 0.21621207486499439, 0.21518278270959854, 0.2164005772633986, 0.2176701009273529, 0.2149743451313539, 0.21553260494362225, 0.21611047749008452, 0.21574098244309425, 0.21517767881353697, 0.216238917162021, 0.21662384271621704, 0.21615035980939865, 0.21613591288526854, 0.2151327947775523, 0.21603676589096293, 0.216153484582901, 0.21579855786902563, 0.2155811289946238, 0.21564960355559984, 0.21565210074186325, 0.21610275655984879, 0.21736060976982116, 0.21603626385331154, 0.2163864811261495, 0.21501337167094736, 0.21656523048877716, 0.2156128968511309, 0.21623137841622034, 0.21501045177380243, 0.21565445264180502, 0.216237017086574, 0.2152681514620781, 0.21603797872861227, 0.21600735982259114, 0.21535918817800634, 0.2163720354437828, 0.21606916934251785, 0.21496971448262533, 0.21642849097649255, 0.21587342768907547, 0.21605771034955978, 0.21690542995929718, 0.21522116164366403, 0.2161546935637792, 0.21544989329927108, 0.2164440020918846, 0.21574364602565765, 0.2167993833621343, 0.21572159851590791, 0.21541811525821686, 0.21689887877021516, 0.21528260856866838, 0.21759838610887527, 0.21711296836535135, 0.21499817248652964, 0.2155297577381134, 0.2167394044143813, 0.2171817272901535, 0.2159147821366787, 0.21655321990450224, 0.21536050438880922, 0.21598138411839804, 0.21527775327364604, 0.21562155818237977, 0.21608818918466569, 0.2165599497301238, 0.21653890485564867, 0.21596495807170868, 0.21610666190584502, 0.21600949551377976, 0.21501681357622146, 0.2174117031196753, 0.2159468908520306, 0.21647721379995347, 0.21686220914125443, 0.21610513453682265, 0.21643997728824615, 0.2166187965444156, 0.21704270094633102, 0.21522114177544913, 0.21544360518455505, 0.21591469996115742, 0.216056290268898, 0.21726829984358378, 0.2154858075082302, 0.21593954289952913, 0.21596079816420874, 0.2163974099925586, 0.2153159946203232, 0.2168202909330527, 0.21658084293206534, 0.21613986439564647, 0.21567604094743728, 0.2157100886106491, 0.2159586325287819, 0.21572479357322058, 0.2162283087770144, 0.21623800694942474, 0.2158081963658333, 0.2162246194978555, 0.21580079893271129, 0.21514466229607077, 0.21509327739477158, 0.21454296012719473, 0.21543264389038086, 0.2165446231762568, 0.21536886890729268, 0.2169011296594844, 0.21602154203823634, 0.2154216207563877, 0.21553326770663261, 0.2163289710879326, 0.21742380836180278, 0.21739504337310792, 0.216409749041001, 0.2161124974489212, 0.2164093694266151, 0.21735974550247192, 0.21547904504196985, 0.21589152639110884, 0.21642419199148813, 0.2159615916510423, 0.21488728672266005, 0.21659358590841293, 0.2156654973824819, 0.2161112953634823, 0.21702654510736466, 0.2163429632782936, 0.21701034406820932, 0.21479646613200506, 0.2159783442815145, 0.21705193178994314, 0.21726152300834656, 0.2169367882112662, 0.21578687131404878, 0.21727743306580713, 0.21738628596067427, 0.21556118237120764, 0.21623064825932184, 0.21776703000068665, 0.2163814144829909, 0.2169751562178135, 0.21613696316878, 0.21622086009558508, 0.21474239826202393, 0.21613390867908797, 0.2171516294280688, 0.21596636747320494, 0.21603716484137944, 0.2158780425786972, 0.2161665459473928, 0.21648813088734944, 0.2166062312967637, 0.2152686595916748, 0.21551541132586344, 0.21701720108588538, 0.21686909347772598, 0.21620384976267815, 0.21604638759578979, 0.21548545211553574, 0.2151634618639946, 0.2158467302719752, 0.21545926174696753, 0.2165963590145111, 0.21575360000133514, 0.2158126970132192, 0.21584956577190986, 0.21678916897092546, 0.21521706506609917, 0.2158470908800761, 0.21694393269717693, 0.2163086712360382, 0.21591696422547102, 0.21517937878767648, 0.21703347464402517, 0.21650192936261495, 0.21390877893337837, 0.21570758734430587, 0.21609147265553474, 0.21565167705217997, 0.21686061099171638, 0.21771239240964255, 0.2165570060412089, 0.2167772928873698, 0.21649462410381862, 0.21578008557359377, 0.21688801149527231, 0.21604761201888323, 0.21616529393941164, 0.2156919111808141, 0.2159648358821869, 0.21562382082144418, 0.21654287324501917, 0.21699708167995727, 0.21593441565831503, 0.21625298062960308, 0.21623045578598976, 0.21572491029898325, 0.21657694556883403, 0.2166857346892357, 0.21605138015002012, 0.21607395311196645, 0.21607187887032828, 0.21547418290918524, 0.21682549888888994, 0.21585194369157154, 0.21758731603622436, 0.21746622920036315, 0.2167624682188034, 0.21565082048376402, 0.21506032720208168, 0.2159680763880412, 0.21708735326925913, 0.2167435884475708, 0.21627147744099298, 0.21657278339068095, 0.2171044409275055, 0.21569443813392095, 0.21681328366200128, 0.2151896171271801, 0.21577338774998983, 0.21579840381940205, 0.21503749218854037, 0.21683504556616148, 0.21653288503487905, 0.21703160007794697, 0.2156563401222229, 0.21590727008879185, 0.21689004401365916, 0.21571843226750692, 0.21590050919489426, 0.21682046229640642, 0.21702982783317565, 0.2155422846476237, 0.21673059556633234, 0.21608528308570385, 0.21655131255586943, 0.2162634368453707, 0.2163745485819303, 0.2166865939895312, 0.21608355343341829, 0.2160702282562852, 0.21642355807125568, 0.21656625842054686, 0.21596616109212238, 0.21649600991180964, 0.21672295263180366, 0.21604622652133307, 0.2138736441731453, 0.21577296778559685, 0.2154659302905202, 0.21674472590287527, 0.21649153530597687, 0.21835175369467055, 0.21588143706321716, 0.21697131295998892, 0.21685504168272018, 0.21573110856115818, 0.21631189342588186, 0.21668031687537828, 0.21623197197914124, 0.21636901582990373, 0.21617563985861266, 0.2160105730096499, 0.21601745784282683, 0.21594882839255863, 0.21575893759727477, 0.21545664288780905, 0.21651502698659897, 0.2156476318836212, 0.21625377039114635, 0.2152207661420107, 0.21635388533274333, 0.21690222714096308, 0.2172456847296821, 0.2174127717812856, 0.21618091111833398, 0.21508373568455377, 0.21672607362270355, 0.21713688174883525, 0.21611448427041371, 0.21690259128808975, 0.21677168011665343, 0.21634212788194418, 0.21577109230889213, 0.21736442744731904, 0.21586551855910907, 0.21571029971043268, 0.2165682444969813, 0.21608115235964456, 0.21608875890572865, 0.21608065534383059, 0.21631936728954315, 0.21610492654144764, 0.2156300875875685, 0.21515354812145232, 0.21668062968687576, 0.2157966842254003, 0.2158971627553304, 0.2163730889558792, 0.21645547648270924, 0.21590176969766617, 0.21659506261348724, 0.21738635698954265, 0.2149676258365313, 0.21603895617382868, 0.21700012559692064, 0.21562673058360815, 0.2148800641298294, 0.2155343798490671, 0.21576223398248354, 0.2154574861129125, 0.21599518414586782, 0.2167537271976471, 0.2163044922053814, 0.21668151978935515, 0.21598288044333458, 0.21618152782320976, 0.21583561943127558, 0.21470473248224992, 0.21576721568902332, 0.21601168625056744, 0.21522332032521566, 0.21546655893325806, 0.21601596581084387, 0.2162613831460476, 0.2164015071466565, 0.2151725578766603, 0.2167862756894185, 0.21665511777003607, 0.2165706863005956, 0.21740158647298813, 0.21583131328225136, 0.2169158895100866, 0.21608960752685866, 0.21564159076660872, 0.21572831043830284, 0.21626970171928406, 0.21622575322786966, 0.21597079734007518, 0.21515730675309896, 0.21608629524707795, 0.21693562592069307, 0.21533508350451788, 0.21663773862215188, 0.21635293845946973, 0.21708880762259167, 0.2164163663983345, 0.21686930855115255, 0.2157764807343483, 0.21551413089036942, 0.21584842105706534, 0.21637269761413336, 0.21696869455851042, 0.21616685619721046, 0.21647613743940988, 0.21540639996528627, 0.2157342197994391, 0.21698185907942907, 0.2161307396988074, 0.21593788638710976, 0.2167339943922483, 0.21624726057052612, 0.21517459054787955, 0.21670026183128357, 0.21666317898780107, 0.21668542822202047, 0.21680287644267082, 0.214566242481981, 0.21732982123891512, 0.21673339512199163, 0.21693806464855486, 0.21640302126224226, 0.2170054962237676, 0.2160591660067439, 0.21630417307217917, 0.21689791977405548, 0.216619111597538, 0.21725341180960336, 0.2147957757115364, 0.21490057500509116, 0.21694320440292358, 0.21616548399130503, 0.21621089801192284, 0.21619845231374105, 0.217054666330417, 0.21715035608836583, 0.21576463927825293, 0.21616825181990862, 0.21552427227680498, 0.21555445629816788, 0.2164714423318704, 0.21675200561682384, 0.21726241521537304, 0.21626340647538503, 0.2165047066907088, 0.21616121913705552, 0.21598060180743536, 0.21698398422449827, 0.21658279230961433, 0.21581795238531554, 0.2155593807498614, 0.21534617145856222, 0.2156195966526866, 0.21719751358032227, 0.21611125891407332, 0.21498608269861766, 0.21665119379758835, 0.21634260099381208, 0.2164097118836183, 0.21635623963979575, 0.21678808331489563, 0.21624308129151662, 0.21570131182670593, 0.21598460177580517, 0.2156478650867939, 0.21665398670094355, 0.2159635821978251, 0.21724590100347996, 0.21617555159788865, 0.21689908321087176, 0.21552720541755357, 0.21720677316188813, 0.216431706212461, 0.21639003952344257, 0.21641512339313826, 0.21627536416053772, 0.21589134633541107, 0.21563846617937088, 0.21622457412573007, 0.21599369897292212, 0.21571826934814453, 0.21541939079761505, 0.21620610170066357, 0.21599392220377922, 0.21562165891130766, 0.2157880812883377, 0.216030831520374, 0.21690174707999596, 0.21634537378946941, 0.21709018846352895, 0.21649283170700073, 0.2162985269512449, 0.21656401827931404, 0.21507819462567568, 0.21656768367840692, 0.21600380196021154, 0.21752832209070525, 0.21602914234002432, 0.21707879938185215, 0.21592573920885721, 0.2174396850168705, 0.21684703550168447, 0.21535993367433548, 0.21540168020874262, 0.21601169728315794, 0.2155358516252958, 0.21630455181002617, 0.21573406358559927, 0.21622742526233196, 0.2167625019947688, 0.21508179108301798, 0.21457726042717695, 0.21487314041171754, 0.21725940172161376, 0.21647151112556456, 0.2163803458213806, 0.21559636188404901, 0.21702003479003906, 0.21624477952718735, 0.21607832113901773, 0.21525341173013052, 0.21487291157245636, 0.2163685475076948, 0.21594908194882528, 0.21727937161922456, 0.21822863072156906, 0.2163288699729102, 0.21588721573352815, 0.21580128278583288, 0.21620715061823528, 0.21656083365281423, 0.21695307176560163, 0.21663291858775274, 0.2171608337334224, 0.21615216334660847, 0.21675521284341812, 0.21594152067388808, 0.21766197830438613, 0.216630551032722, 0.21632866840809584, 0.2169344765799386, 0.21538466215133667, 0.21628293075731822, 0.2154428631067276, 0.21563435439020395, 0.21600154836972554, 0.2156456192334493, 0.21601454261690378, 0.21577052772045135, 0.21512214094400406, 0.21567854583263396, 0.21565937250852585, 0.21661713400057384, 0.21644387841224672, 0.21601839736104012, 0.21578583717346192, 0.21585703790187835, 0.2155846543610096, 0.21632036779608046, 0.21597291103431157, 0.21631156504154206, 0.21556538194417954, 0.21410327404737473, 0.21637812703847886, 0.21531047951430082, 0.2164612392584483, 0.21657040417194368, 0.216175289824605, 0.21601675237928117, 0.21600172030074255, 0.21646514435609182, 0.21633893102407456, 0.21569201499223709, 0.21557497140020132, 0.21685810784498852, 0.21499494711558023, 0.21685230173170567, 0.21519610498632705, 0.21595382477555955, 0.215788796544075, 0.21598486751317977, 0.2166167859520231, 0.21570063680410384, 0.2155833225697279, 0.21491245130697886, 0.21771688958009083, 0.21533157397061586, 0.216307028063706, 0.21713877121607464, 0.2163713574409485, 0.21533713915518352, 0.21628777217119932, 0.21590415835380555, 0.21650324948132038, 0.216282990361963, 0.21543840212481363, 0.21619597772757213, 0.21564901918172835, 0.21541217395237514, 0.21585391461849213, 0.21563004422932863, 0.21545588970184326, 0.21608953475952147, 0.21603129338473082, 0.21614023936646326, 0.2162249024425234, 0.21568089028199514, 0.2165537729859352, 0.2166496843099594, 0.21681178733706474, 0.21518328487873079, 0.21601285835107167, 0.21560981962829828, 0.21603335014411382, 0.2160689617906298, 0.21662044723828633, 0.21559930890798568, 0.2150480853659766, 0.21531494110822677, 0.2165168197825551, 0.21566544473171234, 0.21666431725025176, 0.21677849255502224, 0.21602086297103337, 0.21561998767512186, 0.2158479611078898, 0.2162950351834297, 0.21591292747429439, 0.21579244285821914, 0.2147766686975956, 0.21684763431549073, 0.2160537044207255, 0.21602486819028854, 0.21657872945070267, 0.2163780438048499, 0.21601037482420604, 0.21614850461483, 0.21503328531980515, 0.21680335104465484, 0.21563467290252447, 0.21624752382437387, 0.21618665655454, 0.21648116037249565, 0.21615452851567948, 0.2159778273531369, 0.2169383019208908, 0.21594352573156356, 0.21419948445899145, 0.21602081656455993, 0.21507264839278328, 0.21537020802497864, 0.21598904859274626, 0.21695801864067712, 0.2154066249728203, 0.21611273090044658, 0.21543713997710834, 0.21703598002592722, 0.21643700301647187, 0.21680558224519095, 0.21626497618854046, 0.21555390059947968, 0.21662352406061613, 0.21552074426098874, 0.21573013812303543, 0.21565716589490572, 0.21653778851032257, 0.2152517298857371, 0.21549329849389884, 0.21633488802533402, 0.21593044549226761, 0.21553654844562212, 0.2155054910108447, 0.21617402931054433, 0.2170831824724491, 0.2158285042172984, 0.21630932291348776, 0.21640274259779188, 0.21512658216736533, 0.21686293610504695, 0.2157999485731125, 0.21646406820842198, 0.2158274776660479, 0.2157116299495101, 0.21470206789672375, 0.21681759953498841, 0.21714562709842408, 0.21575129826863607, 0.21628857051071368, 0.21625687579313915, 0.21617105106512705, 0.21588690082232156, 0.21676983535289765, 0.21626483649015427, 0.21681168427069983, 0.21591543058554333, 0.21601969252030054, 0.215624095665084, 0.2165847130947643, 0.21610082934300104, 0.21664943940499248, 0.2171371884289242, 0.21484942734241486, 0.21727098748087884, 0.21646098544200262, 0.21708401640256245, 0.21591574822862944, 0.21811510291364458, 0.21641673975520664, 0.21788639947772026, 0.21619253386469447, 0.2170519864275342, 0.21623253226280212, 0.21632582172751427, 0.21686345090468725, 0.2183756212393443, 0.21582342187563577, 0.2175911549064848, 0.2164589704738723, 0.2166257972518603, 0.21578511245110454, 0.21678980617296129, 0.21509520560503007, 0.21652888804674147, 0.21562041093905768, 0.21516226530075072, 0.21592320998509726, 0.21539362768332163, 0.21587034811576208, 0.2163385177652041, 0.21575588864438675, 0.21578724384307862, 0.21639508803685506, 0.21639704704284668, 0.21524429817994437, 0.21715747813383737, 0.21533353999257088, 0.21750431726960576, 0.21586301094955868, 0.21612546179029676, 0.21581200261910757, 0.2155703498671452, 0.21945151686668396, 0.21519158665950483, 0.2165469894806544, 0.21808838182025486, 0.21494573851426443, 0.2148066477643119, 0.2156672334919373, 0.21648570001125336, 0.21600941675049917, 0.2158714337990834, 0.21586266160011292, 0.21482746634218428, 0.21560092767079672, 0.2160552671800057, 0.2182857096195221, 0.21720988016862136, 0.21624259849389393, 0.2168588489294052, 0.21724995639589098, 0.21544046368863848, 0.21707715342442194, 0.215925869345665, 0.21710908625807082, 0.21580392236892992, 0.21573958198229473, 0.21586449181332307, 0.21746005232517535, 0.21610148499409357, 0.2173077189608624, 0.21656304247239055, 0.21597511493242705, 0.2161370925605297, 0.2167987423507791, 0.21625935417764328, 0.21528562101034018, 0.2170682785411676, 0.21638169570973045, 0.21595411440905402, 0.21574039298754472, 0.21568040177226067, 0.21625725611260063, 0.2150002879401048, 0.21549510429887211, 0.21504979523328635, 0.21729480351010957, 0.21540942160706772, 0.21679122570682974, 0.21661552901451403, 0.21531344826022783, 0.21594875109823128, 0.21595611379427068, 0.21609045221255377, 0.21630844349662462, 0.21615706541036306, 0.21554930858752308, 0.21706548218543714, 0.21590940778454146, 0.2161492634760706, 0.21589486726692744, 0.21603574923106603, 0.21558815147727728, 0.21591812868913016, 0.21632716804742813, 0.21435519594412583, 0.21621151765187582, 0.21513657867908478, 0.2167032989008086, 0.21538538379328592, 0.21667026852567992, 0.21550296247005463, 0.21689095880304063, 0.21610654661288628, 0.21584055026372273, 0.2170154333114624, 0.2162530901176589, 0.21732463261910848, 0.21586192275087038, 0.2161583974957466, 0.21638350933790207, 0.21695592999458313, 0.21609826584657033, 0.21602130979299544, 0.2159928551742009, 0.21626371358122146, 0.21597019458810487, 0.2171133036414782, 0.2166598630802972, 0.2160008538227815, 0.21618438859780628, 0.21665711601575216, 0.2157994031906128, 0.2155990536723818, 0.21654795482754707, 0.21600252017378807, 0.21623509802988597, 0.21647358399171096]}