('OC-FakeDect1 (Trained on DFDB Dataset)               \nTested on RND CDFv2 Dataset               \nRunning Average Evaluation', 'OC-FakeDect1_DFDB', 'DFDB', 'OC-FakeDect1_DFDB_raeonRND')
auroc=0.5277051499717035
f1=0.6624548736462094
prec=0.9279393173198482
recall=0.5150877192982456

fpr=[0.0, 0.4596774193548387, 1.0]

tpr=[0.0, 0.5150877192982456, 1.0]

y_true=[0, 0, 0, 0, 0, 0, 0, 0, 0, 0, 0, 0, 0, 0, 0, 0, 0, 0, 0, 0, 0, 0, 0, 0, 0, 0, 0, 0, 0, 0, 0, 0, 0, 0, 0, 0, 0, 0, 0, 0, 0, 0, 0, 0, 0, 0, 0, 0, 0, 0, 0, 0, 0, 0, 0, 0, 0, 0, 0, 0, 0, 0, 0, 0, 0, 0, 0, 0, 0, 0, 0, 0, 0, 0, 0, 0, 0, 0, 0, 0, 0, 0, 0, 0, 0, 0, 0, 0, 0, 0, 0, 0, 0, 0, 0, 0, 0, 0, 0, 0, 0, 0, 0, 0, 0, 0, 0, 0, 0, 0, 0, 0, 0, 0, 0, 0, 0, 0, 0, 0, 0, 0, 0, 0, 1, 1, 1, 1, 1, 1, 1, 1, 1, 1, 1, 1, 1, 1, 1, 1, 1, 1, 1, 1, 1, 1, 1, 1, 1, 1, 1, 1, 1, 1, 1, 1, 1, 1, 1, 1, 1, 1, 1, 1, 1, 1, 1, 1, 1, 1, 1, 1, 1, 1, 1, 1, 1, 1, 1, 1, 1, 1, 1, 1, 1, 1, 1, 1, 1, 1, 1, 1, 1, 1, 1, 1, 1, 1, 1, 1, 1, 1, 1, 1, 1, 1, 1, 1, 1, 1, 1, 1, 1, 1, 1, 1, 1, 1, 1, 1, 1, 1, 1, 1, 1, 1, 1, 1, 1, 1, 1, 1, 1, 1, 1, 1, 1, 1, 1, 1, 1, 1, 1, 1, 1, 1, 1, 1, 1, 1, 1, 1, 1, 1, 1, 1, 1, 1, 1, 1, 1, 1, 1, 1, 1, 1, 1, 1, 1, 1, 1, 1, 1, 1, 1, 1, 1, 1, 1, 1, 1, 1, 1, 1, 1, 1, 1, 1, 1, 1, 1, 1, 1, 1, 1, 1, 1, 1, 1, 1, 1, 1, 1, 1, 1, 1, 1, 1, 1, 1, 1, 1, 1, 1, 1, 1, 1, 1, 1, 1, 1, 1, 1, 1, 1, 1, 1, 1, 1, 1, 1, 1, 1, 1, 1, 1, 1, 1, 1, 1, 1, 1, 1, 1, 1, 1, 1, 1, 1, 1, 1, 1, 1, 1, 1, 1, 1, 1, 1, 1, 1, 1, 1, 1, 1, 1, 1, 1, 1, 1, 1, 1, 1, 1, 1, 1, 1, 1, 1, 1, 1, 1, 1, 1, 1, 1, 1, 1, 1, 1, 1, 1, 1, 1, 1, 1, 1, 1, 1, 1, 1, 1, 1, 1, 1, 1, 1, 1, 1, 1, 1, 1, 1, 1, 1, 1, 1, 1, 1, 1, 1, 1, 1, 1, 1, 1, 1, 1, 1, 1, 1, 1, 1, 1, 1, 1, 1, 1, 1, 1, 1, 1, 1, 1, 1, 1, 1, 1, 1, 1, 1, 1, 1, 1, 1, 1, 1, 1, 1, 1, 1, 1, 1, 1, 1, 1, 1, 1, 1, 1, 1, 1, 1, 1, 1, 1, 1, 1, 1, 1, 1, 1, 1, 1, 1, 1, 1, 1, 1, 1, 1, 1, 1, 1, 1, 1, 1, 1, 1, 1, 1, 1, 1, 1, 1, 1, 1, 1, 1, 1, 1, 1, 1, 1, 1, 1, 1, 1, 1, 1, 1, 1, 1, 1, 1, 1, 1, 1, 1, 1, 1, 1, 1, 1, 1, 1, 1, 1, 1, 1, 1, 1, 1, 1, 1, 1, 1, 1, 1, 1, 1, 1, 1, 1, 1, 1, 1, 1, 1, 1, 1, 1, 1, 1, 1, 1, 1, 1, 1, 1, 1, 1, 1, 1, 1, 1, 1, 1, 1, 1, 1, 1, 1, 1, 1, 1, 1, 1, 1, 1, 1, 1, 1, 1, 1, 1, 1, 1, 1, 1, 1, 1, 1, 1, 1, 1, 1, 1, 1, 1, 1, 1, 1, 1, 1, 1, 1, 1, 1, 1, 1, 1, 1, 1, 1, 1, 1, 1, 1, 1, 1, 1, 1, 1, 1, 1, 1, 1, 1, 1, 1, 1, 1, 1, 1, 1, 1, 1, 1, 1, 1, 1, 1, 1, 1, 1, 1, 1, 1, 1, 1, 1, 1, 1, 1, 1, 1, 1, 1, 1, 1, 1, 1, 1, 1, 1, 1, 1, 1, 1, 1, 1, 1, 1, 1, 1, 1, 1, 1, 1, 1, 1, 1, 1, 1, 1, 1, 1, 1, 1, 1, 1, 1, 1, 1, 1, 1, 1, 1, 1, 1, 1, 1, 1, 1, 1, 1, 1, 1, 1, 1, 1, 1, 1, 1, 1, 1, 1, 1, 1, 1, 1, 1, 1, 1, 1, 1, 1, 1, 1, 1, 1, 1, 1, 1, 1, 1, 1, 1, 1, 1, 1, 1, 1, 1, 1, 1, 1, 1, 1, 1, 1, 1, 1, 1, 1, 1, 1, 1, 1, 1, 1, 1, 1, 1, 1, 1, 1, 1, 1, 1, 1, 1, 1, 1, 1, 1, 1, 1, 1, 1, 1, 1, 1, 1, 1, 1, 1, 1, 1, 1, 1, 1, 1, 1, 1, 1, 1, 1, 1, 1, 1, 1, 1, 1, 1, 1, 1, 1, 1, 1, 1, 1, 1, 1, 1, 1, 1, 1, 1, 1, 1, 1, 1, 1, 1, 1, 1, 1, 1, 1, 1, 1, 1, 1, 1, 1, 1, 1, 1, 1, 1, 1, 1, 1, 1, 1, 1, 1, 1, 1, 1, 1, 1, 1, 1, 1, 1, 1, 1, 1, 1, 1, 1, 1, 1, 1, 1, 1, 1, 1, 1, 1, 1, 1, 1, 1, 1, 1, 1, 1, 1, 1, 1, 1, 1, 1, 1, 1, 1, 1, 1, 1, 1, 1, 1, 1, 1, 1, 1, 1, 1, 1, 1, 1, 1, 1, 1, 1, 1, 1, 1, 1, 1, 1, 1, 1, 1, 1, 1, 1, 1, 1, 1, 1, 1, 1, 1, 1, 1, 1, 1, 1, 1, 1, 1, 1, 1, 1, 1, 1, 1, 1, 1, 1, 1, 1, 1, 1, 1, 1, 1, 1, 1, 1, 1, 1, 1, 1, 1, 1, 1, 1, 1, 1, 1, 1, 1, 1, 1, 1, 1, 1, 1, 1, 1, 1, 1, 1, 1, 1, 1, 1, 1, 1, 1, 1, 1, 1, 1, 1, 1, 1, 1, 1, 1, 1, 1, 1, 1, 1, 1, 1, 1, 1, 1, 1, 1, 1, 1, 1, 1, 1, 1, 1, 1, 1, 1, 1, 1, 1, 1, 1, 1, 1, 1, 1, 1, 1, 1, 1, 1, 1, 1, 1, 1, 1, 1, 1, 1, 1, 1, 1, 1, 1, 1, 1, 1, 1, 1, 1, 1, 1, 1, 1, 1, 1, 1, 1, 1, 1, 1, 1, 1, 1, 1, 1, 1, 1, 1, 1, 1, 1, 1, 1, 1, 1, 1, 1, 1, 1, 1, 1, 1, 1, 1, 1, 1, 1, 1, 1, 1, 1, 1, 1, 1, 1, 1, 1, 1, 1, 1, 1, 1, 1, 1, 1, 1, 1, 1, 1, 1, 1, 1, 1, 1, 1, 1, 1, 1, 1, 1, 1, 1, 1, 1, 1, 1, 1, 1, 1, 1, 1, 1, 1, 1, 1, 1, 1, 1, 1, 1, 1, 1, 1, 1, 1, 1, 1, 1, 1, 1, 1, 1, 1, 1, 1, 1, 1, 1, 1, 1, 1, 1, 1, 1, 1, 1, 1, 1, 1, 1, 1, 1, 1, 1, 1, 1, 1, 1, 1, 1, 1, 1, 1, 1, 1, 1, 1, 1, 1, 1, 1, 1, 1, 1, 1, 1, 1, 1, 1, 1, 1, 1, 1, 1, 1, 1, 1, 1, 1, 1, 1, 1, 1, 1, 1, 1, 1, 1, 1, 1, 1, 1, 1, 1, 1, 1, 1, 1, 1, 1, 1, 1, 1, 1, 1, 1, 1, 1, 1, 1, 1, 1, 1, 1, 1, 1, 1, 1, 1, 1, 1, 1, 1, 1, 1, 1, 1, 1, 1, 1, 1, 1, 1, 1, 1, 1, 1, 1, 1, 1, 1, 1, 1, 1, 1, 1, 1, 1, 1, 1, 1, 1, 1, 1, 1, 1, 1, 1, 1, 1, 1, 1, 1, 1, 1, 1, 1, 1, 1, 1, 1, 1, 1, 1, 1, 1, 1, 1, 1, 1, 1, 1, 1, 1, 1, 1, 1, 1, 1, 1, 1, 1, 1, 1, 1, 1, 1, 1, 1, 1, 1, 1, 1, 1, 1, 1, 1, 1, 1, 1, 1, 1, 1, 1, 1, 1, 1, 1, 1, 1, 1, 1, 1, 1, 1, 1, 1, 1, 1, 1, 1, 1, 1, 1, 1, 1, 1, 1, 1, 1, 1, 1, 1, 1, 1, 1, 1, 1, 1, 1, 1, 1, 1, 1, 1, 1, 1, 1, 1, 1, 1, 1, 1, 1, 1, 1, 1, 1, 1, 1, 1, 1, 1, 1, 1, 1, 1, 1, 1, 1, 1, 1, 1, 1, 1, 1, 1, 1, 1, 1, 1, 1, 1, 1, 1, 1, 1, 1, 1, 1, 1, 1, 1, 1, 1, 1, 1, 1, 1, 1, 1, 1, 1, 1, 1, 1, 1, 1, 1, 1, 1, 1, 1, 1, 1, 1, 1, 1, 1, 1, 1, 1, 1, 1, 1, 1, 1, 1, 1, 1, 1, 1, 1, 1, 1, 1, 1, 1, 1, 1, 1, 1, 1, 1, 1, 1, 1, 1, 1, 1, 1, 1, 1, 1, 1, 1, 1, 1, 1, 1, 1, 1, 1, 1, 1, 1, 1, 1, 1, 1, 1, 1, 1, 1, 1, 1, 1, 1, 1, 1, 1, 1, 1, 1, 1, 1, 1, 1, 1, 1, 1, 1, 1, 1, 1, 1, 1]

y_pred=[0.21301750938097636, 0.21553019434213638, 0.21407188746062192, 0.21380077390109792, 0.21455319225788116, 0.21392332712809245, 0.21485051249756532, 0.21339911421140034, 0.21365549663702646, 0.21409837638630586, 0.21276649406978063, 0.21196651086211205, 0.21499121636152269, 0.21509657664732498, 0.21477058179238262, 0.2142847955226898, 0.21577677726745606, 0.2136590974405408, 0.21420193587740263, 0.2143008367103689, 0.21366620933016142, 0.2142686120101384, 0.21519733559001575, 0.21488022357225417, 0.2133040577173233, 0.21427472978830336, 0.21425996869802474, 0.21372657418251037, 0.21525505681832632, 0.2143723861529277, 0.2129947461865165, 0.2143778776129087, 0.21418263705877158, 0.21473887811104456, 0.21328400944670042, 0.21421687711368909, 0.21339353024959565, 0.21469003558158875, 0.21420608162879945, 0.21311141821471127, 0.21374356288176316, 0.2142587439580397, 0.21384210884571075, 0.21546044945716858, 0.214826609600674, 0.2133052517970403, 0.21377717157204945, 0.21362790891102382, 0.21417898617007516, 0.2130269726117452, 0.21461181430255666, 0.21402807732423146, 0.2143559719507511, 0.21378896571695805, 0.2151063879330953, 0.21399294005499947, 0.21416824139081514, 0.21447822749614714, 0.21548203550852263, 0.21454550538744246, 0.21390442829579115, 0.21320593655109404, 0.2136368190540987, 0.21536796597334054, 0.21534918355090277, 0.21359504759311676, 0.21292546391487122, 0.21451920146743456, 0.21445509046316147, 0.21562631130218507, 0.21399926021695137, 0.2136021395524343, 0.2133126206257764, 0.21395274996757507, 0.2134705384572347, 0.21335308502117792, 0.2136563179748399, 0.21297733609875044, 0.2129402169957757, 0.21430305678110856, 0.21415390188877398, 0.2145852123697599, 0.2148761381705602, 0.2130480520427227, 0.21387967964013418, 0.21307932635148366, 0.21427020523697138, 0.21299774944782257, 0.2127915077975818, 0.21387845575809478, 0.21406168043613433, 0.21305714121886662, 0.21387994885444642, 0.214126568287611, 0.21358583122491837, 0.21438856547077498, 0.2132673920953975, 0.21468130312860012, 0.2147629608710607, 0.21500117159806764, 0.2130418062210083, 0.21419906386962304, 0.21418496652653343, 0.21397978936632475, 0.21477428409788343, 0.2126173906856113, 0.21429557767179278, 0.21368548274040222, 0.21335217418769994, 0.21405477523803712, 0.2145643404551915, 0.214512818134748, 0.2147213336494234, 0.21416095495224, 0.21432850360870362, 0.21472169359525045, 0.21437221327248743, 0.2142371672850389, 0.21455497377448612, 0.21401465577738626, 0.21403034907930038, 0.21433769911527634, 0.21400792112475947, 0.21322682375709215, 0.21421952148278553, 0.21435679495334625, 0.2161718037995425, 0.21449224826167612, 0.2139396697282791, 0.21522704362869263, 0.21350119569722345, 0.21458989282449087, 0.21380107402801513, 0.2125416091259788, 0.21282029648621878, 0.21384019106626512, 0.21558308872309598, 0.2134706132552203, 0.21468059718608856, 0.2139738587772145, 0.21393981675306956, 0.21333094730096705, 0.2134073406457901, 0.21566742211580275, 0.21391910856420343, 0.2148237903328503, 0.21426080564657848, 0.2139537422096028, 0.21368394196033477, 0.21448897175929127, 0.21467122832934063, 0.21392156183719635, 0.21336876533248209, 0.21491296589374542, 0.21326760053634644, 0.2135164976119995, 0.21401484310626984, 0.21493941644827524, 0.21554949441376856, 0.21414989630381268, 0.213619227707386, 0.2149221721020612, 0.21469390830572913, 0.21432377249002457, 0.21419021884600323, 0.21388327987755046, 0.21461730698744455, 0.2140723607119392, 0.2139744520187378, 0.2144143685698509, 0.21398256448182193, 0.21455270498991014, 0.21371084451675415, 0.2145551989475886, 0.2139451968319276, 0.21480744977792104, 0.21455290168523788, 0.21345182846892963, 0.21422641154597788, 0.21489658653736116, 0.21486242214838663, 0.213803471011274, 0.21407347520192463, 0.21394260625044506, 0.21455750833539403, 0.21374144156773886, 0.21508700847625734, 0.21320494196631692, 0.2134019557167502, 0.2137351542711258, 0.2133733421564102, 0.2133022485410466, 0.21409287850062053, 0.2128065526485443, 0.2147472281666363, 0.21397579610347747, 0.21309546530246734, 0.21317828514359213, 0.21364985143437104, 0.212814861536026, 0.21340521176656088, 0.21416633094058318, 0.21430685023466747, 0.21411221226056418, 0.2141964681008283, 0.21410117348035176, 0.2131212592124939, 0.21507380902767181, 0.21442974928547354, 0.21425864100456238, 0.21327592730522155, 0.21319212019443512, 0.21315883497397106, 0.21392438809076944, 0.21353855203179753, 0.2131865918636322, 0.21365488171577454, 0.21534181047569623, 0.21459098598536322, 0.21412642151117325, 0.21363677978515624, 0.21451067135614507, 0.21345128732569077, 0.21391531427701313, 0.21502457410097123, 0.21389012851498343, 0.21405527083312764, 0.21303826371828716, 0.214547897086424, 0.2140301614999771, 0.21399226933717727, 0.21384643560106104, 0.21323045649949243, 0.21326011220614116, 0.213964820784681, 0.21343142688274383, 0.21395101447900136, 0.21385163156425252, 0.21387335658073425, 0.21458086520433425, 0.21499463644894687, 0.21458994202754078, 0.21460724323987962, 0.212923264503479, 0.2140209311619401, 0.2145629214743773, 0.21435682972272238, 0.21457932591438295, 0.21481597423553467, 0.2144851745928035, 0.21380918323993683, 0.21242656111717223, 0.21384704485535622, 0.2140950970351696, 0.21483875811100006, 0.21475019603967666, 0.21353202380917288, 0.2128867620930952, 0.21436636447906493, 0.21322530508041382, 0.21464071050286293, 0.21502429619431496, 0.21577714383602142, 0.21419449597597123, 0.21461370180953632, 0.2142532739569159, 0.21216410249471665, 0.21370946168899535, 0.21245615184307098, 0.21363074580828348, 0.2144370955579421, 0.2138579867102883, 0.21342016543660844, 0.21376762335950678, 0.21474569737911225, 0.21319953961805863, 0.21363233476877214, 0.2129830986261368, 0.21482063233852386, 0.214449812968572, 0.2140530771934069, 0.21358459104191174, 0.21280285716056824, 0.2151818759739399, 0.21511874009262433, 0.21268252432346343, 0.21381870955228804, 0.2139658456047376, 0.21475205971644476, 0.2137137378255526, 0.21420230648734354, 0.21307576447725296, 0.21509954035282136, 0.2150280147790909, 0.21237277713688937, 0.2150720398534428, 0.21292358365925876, 0.21302151530981064, 0.21444956560929615, 0.21520479321479796, 0.21368778745333353, 0.2141014740747564, 0.213017626450612, 0.21395791228860617, 0.21484325975179672, 0.21347537365826694, 0.21459095638531905, 0.21491039476611398, 0.2144141657785936, 0.21434871554374696, 0.2139894872903824, 0.21464849611123402, 0.21439351460763387, 0.21333402792612713, 0.2136209992801442, 0.21363188419491053, 0.21258822828531265, 0.21347259879112243, 0.2151674727598826, 0.21439966708421707, 0.21375897412116712, 0.21420140022581274, 0.21515617413180216, 0.21355666716893515, 0.21387693732976915, 0.21340682059526445, 0.21309689184029898, 0.21470461934804916, 0.213164846599102, 0.21368179321289063, 0.21434761434793473, 0.21247665087381998, 0.21384843587875366, 0.21435795151270354, 0.2145284427837892, 0.2141949257680348, 0.21432798273033565, 0.21381905823945999, 0.21371448338031768, 0.21422490146425036, 0.21397171020507813, 0.21352699995040894, 0.21317695677280427, 0.213802307844162, 0.21377574652433395, 0.21408189237117767, 0.21393991662905767, 0.21382564441724258, 0.213239848613739, 0.21507569816377428, 0.21469565182924272, 0.21353480964899063, 0.21564160618517134, 0.21332194656133652, 0.21432680189609526, 0.21292239129543306, 0.2137310951948166, 0.2136668028930823, 0.21349230259656907, 0.21434045067200294, 0.21471388367089358, 0.21405036747455597, 0.21396573384602866, 0.21321616023778917, 0.2137063354253769, 0.21298126048511928, 0.21397539973258972, 0.21438994258642197, 0.21362605839967727, 0.21357774436473848, 0.21454767070033334, 0.21356324665248394, 0.21470077335834503, 0.21396735161542893, 0.21463466684023538, 0.2141322394212087, 0.2140702423122194, 0.21421413719654084, 0.21446384340524674, 0.2139855230396444, 0.21353629231452942, 0.21370834559202195, 0.21292240023612977, 0.21493404606978098, 0.21411092082659403, 0.2131633328066932, 0.2139496237039566, 0.21334835141897202, 0.21309122172268954, 0.213767908513546, 0.21491701006889344, 0.21322499662637712, 0.2141882379849752, 0.21407317452960545, 0.21417841811974844, 0.21203035414218901, 0.2135661542415619, 0.21327825567939065, 0.2129125725477934, 0.2140459507703781, 0.21580397784709932, 0.21416891614596048, 0.21502382887734306, 0.21448413696553972, 0.21421049162745476, 0.21417789492342207, 0.21404462135755098, 0.21323210795720418, 0.21470213738771585, 0.21349504270723887, 0.214350207708776, 0.2142709195613861, 0.21456502607235542, 0.21396243448058763, 0.21432972451051077, 0.21440075223262495, 0.2132769763469696, 0.21437009825156286, 0.21378947581563676, 0.21339555457234383, 0.21383677273988724, 0.21347321569919586, 0.21324203784267107, 0.21272146701812744, 0.21426196854848129, 0.21360643009344737, 0.21380501297804025, 0.21395963643278396, 0.21381950564682484, 0.21405015885829926, 0.21377355777300322, 0.2140361728767554, 0.21394372317526075, 0.21381429869395036, 0.21357847650845846, 0.2131378730902305, 0.21313270500728063, 0.21371309366077185, 0.21255194991827012, 0.21392827996840844, 0.21256492286920547, 0.21465838617748684, 0.21488102468160483, 0.21413012941678364, 0.21466959210542533, 0.21389412879943848, 0.21380707062780857, 0.21385876834392548, 0.21549620651281798, 0.21478049953778586, 0.21420207275794104, 0.21540987094243366, 0.21408464014530182, 0.21450684858219965, 0.21322402358055115, 0.21389394998550415, 0.21281594038009644, 0.2131159541507562, 0.21424751811557347, 0.21456855650131518, 0.21475278933842976, 0.21332579736526197, 0.21418178294386184, 0.2139140237122774, 0.2135655626654625, 0.2147693568840623, 0.21416524052619934, 0.21464368825157484, 0.21479301320181954, 0.21365242050244257, 0.21312271853288015, 0.213224314726316, 0.21348356562001364, 0.21356932446360588, 0.21335697770118714, 0.21410498023033142, 0.21424600481987, 0.21379913720819685, 0.21346509342010206, 0.21441002190113068, 0.21452476771978232, 0.21430550515651703, 0.21344502363353968, 0.2134796991944313, 0.21365856207334077, 0.213593407223622, 0.21473987069394854, 0.21440812945365906, 0.21345869998137157, 0.21426898470291725, 0.214320712855884, 0.2138976389542222, 0.21544334292411804, 0.21408700828368848, 0.21316201984882355, 0.2132158892022239, 0.21475686591405135, 0.2139970064163208, 0.2147225382236334, 0.21413033242736543, 0.21527983900159597, 0.2144235447049141, 0.21320840830986315, 0.21251979346076647, 0.213886054025756, 0.21339010160702926, 0.2138641228278478, 0.2136750851686184, 0.2141967373234885, 0.21511588338762522, 0.21429991573095322, 0.21319510501164657, 0.21495423465967178, 0.21390274829334682, 0.2140247902044883, 0.21369716823101043, 0.2135086334668673, 0.21502280554601125, 0.21423164568841457, 0.21444024592638017, 0.21396725338238937, 0.2134151595334212, 0.21450101998117235, 0.21373330400540277, 0.2148086190223694, 0.21346517136463752, 0.21333499146359308, 0.21414618007838726, 0.2141297474503517, 0.21341273876336905, 0.21459601198633513, 0.2141973012023502, 0.21344192326068878, 0.21437200407187143, 0.21362671599938318, 0.21315128675528935, 0.21404118090867996, 0.21406999081373215, 0.21323241293430328, 0.21453195189436278, 0.21356487108601463, 0.21381526039196894, 0.21452382107575735, 0.21250952780246735, 0.2141910461442811, 0.21422705333679914, 0.21310584545135497, 0.2146122822394738, 0.21473362545172373, 0.2136940492524041, 0.21410194383217737, 0.21446573734283447, 0.21301599878531235, 0.21396715619734355, 0.21392650716006756, 0.21338203102350234, 0.21368992557892433, 0.2138501524925232, 0.21407231837511062, 0.214777871966362, 0.214662874286825, 0.21322488635778428, 0.21469320803880693, 0.2139073285189542, 0.2139224193312905, 0.21417062282562255, 0.2143746331334114, 0.21405810564756395, 0.21361556784673172, 0.2130525752902031, 0.21436413526535034, 0.21375382095575332, 0.21303189342672174, 0.2143344459208575, 0.21313858032226562, 0.21422672569751738, 0.21529568880796432, 0.21418839693069458, 0.2124882381070744, 0.2150394454598427, 0.21328503489494324, 0.21497593413699756, 0.21376047757538882, 0.21431826190515, 0.21365226954221725, 0.21470918506383896, 0.21131038516759873, 0.21382688663222574, 0.21367778480052949, 0.21411295384168624, 0.21416040509939194, 0.2137983183969151, 0.2129483480345119, 0.21399713510816748, 0.21388426870107652, 0.2134512722492218, 0.21322883814573287, 0.2129371938380328, 0.2143043100833893, 0.21375323534011842, 0.2129367858171463, 0.21413495459339835, 0.21372624148022046, 0.215260081670501, 0.21233986956732614, 0.21417135542089288, 0.21583996500287736, 0.21409054696559907, 0.21390903944318945, 0.21364796608686448, 0.2134496748447418, 0.21513263881206512, 0.2169137660946165, 0.21437211707234383, 0.2147155607288534, 0.21446308067866734, 0.2134341150522232, 0.21393254399299622, 0.21353860646486283, 0.21507401615381241, 0.21270274221897126, 0.2111699708870479, 0.21441716514527798, 0.21354715119708667, 0.21260479731219156, 0.21246094703674318, 0.21463070538910953, 0.21364193558692932, 0.21405011117458345, 0.2137394443154335, 0.2146830274300142, 0.21428584158420563, 0.21389184079386972, 0.21371444910764695, 0.21254510432481766, 0.21586471796035767, 0.21490235328674318, 0.21351999586278742, 0.21430409997701644, 0.21467772275209426, 0.21582380682229996, 0.2130953475832939, 0.2128643343846003, 0.21489579677581788, 0.21344148516654968, 0.21443609446287154, 0.21359093189239503, 0.2135774314403534, 0.213265098631382, 0.21444454044103622, 0.21317374408245088, 0.21391085038582483, 0.21424956172704696, 0.2136780247092247, 0.2143509104847908, 0.21475825905799867, 0.212684828042984, 0.2137381449341774, 0.21379638463258743, 0.21333159059286116, 0.2162129506468773, 0.2153288885951042, 0.21537665128707886, 0.21304684430360793, 0.21449169218540193, 0.21388909071683884, 0.21289532780647277, 0.21374179422855377, 0.21518249809741974, 0.21318402141332626, 0.21474603265523912, 0.2137695610523224, 0.21453694999217987, 0.21270695626735686, 0.21538004875183106, 0.21290873289108275, 0.21259575784206391, 0.2127894401550293, 0.21619808425505957, 0.21280044317245483, 0.21311061531305314, 0.21433798372745513, 0.21379288733005525, 0.2144905686378479, 0.21376025676727295, 0.21417488008737565, 0.21373198367655277, 0.2141676680608229, 0.21445854143662887, 0.21412953734397888, 0.21409210833636197, 0.21247430592775346, 0.2144702658057213, 0.2132148802280426, 0.21514266543090343, 0.2146732901984995, 0.21434105783700944, 0.2133818052031777, 0.21427373886108397, 0.21458972096443177, 0.21281929314136505, 0.21379900723695755, 0.21389660374684769, 0.2155895544724031, 0.21405477821826935, 0.21485628458586606, 0.213662850856781, 0.21574001014232635, 0.2137184277176857, 0.21499780751764774, 0.2137081284414638, 0.21349462189457633, 0.21230874210596085, 0.21404434293508529, 0.21495392322540283, 0.2136542946100235, 0.21499536372721195, 0.21284133873202585, 0.21519608646631241, 0.21404715288769116, 0.21386300298300656, 0.21340637803077697, 0.21332629295912656, 0.2134317308664322, 0.2137064351276918, 0.21460919082164764, 0.21232928186655045, 0.21438797089186581, 0.2154796367341822, 0.2145186811685562, 0.21457416902888904, 0.21378919184207917, 0.21279599585316397, 0.21503622978925704, 0.21407807957042346, 0.21543375551700591, 0.21519173004410483, 0.2137665396386927, 0.21345738660205493, 0.21440837600014426, 0.2127280980348587, 0.21284585784782062, 0.21394857466220857, 0.21471869539130817, 0.213551889359951, 0.21368431597948073, 0.21399456127123398, 0.21350121633573013, 0.2139584557576613, 0.2136038067665967, 0.21412462145090103, 0.21307102116671475, 0.21409012526273727, 0.21383135156197983, 0.21391135305166245, 0.21481507122516633, 0.21504892544312912, 0.2135416486046531, 0.21356789767742157, 0.21331650831482626, 0.21358920335769654, 0.21510400419885461, 0.21533890962600707, 0.21474276212128726, 0.21441373080015183, 0.21363181553103708, 0.2141766534610228, 0.21404226017849787, 0.2131384089589119, 0.21353797862927118, 0.21352800478537878, 0.21440633918557847, 0.21321389228105544, 0.21326034516096115, 0.2141548365354538, 0.21402158982613506, 0.2152370423078537, 0.21452268745218003, 0.21581590920686722, 0.2147203820447127, 0.21310169622302055, 0.21466084782566344, 0.2133936181664467, 0.2138559048374494, 0.21542902886867524, 0.2137167909566094, 0.2127365529537201, 0.2149828959788595, 0.21385302394628525, 0.21395319079359373, 0.215014036744833, 0.21375948935747147, 0.21344470977783203, 0.2134397216141224, 0.2138910194238027, 0.214729566784466, 0.21391730159521102, 0.2141491025686264, 0.21321243047714233, 0.2136948605378469, 0.21421073252956072, 0.21451261852468764, 0.21230921596288682, 0.21493869523207346, 0.21398939490318297, 0.21466682851314545, 0.21507638096809387, 0.2143839438046728, 0.2145954929292202, 0.21433420851826668, 0.2132290614147981, 0.21457111196858542, 0.21376839876174927, 0.21399634207288423, 0.21454212069511414, 0.21446318135542028, 0.21463698595762254, 0.2137334474495479, 0.21316429724295935, 0.21470355118314424, 0.21385791773597398, 0.21373858153820038, 0.2134417307873567, 0.21422097980976104, 0.21326735265114727, 0.21488990187644957, 0.21428160262959345, 0.21388342479864755, 0.21516267582774162, 0.21422711138923964, 0.2143611524786268, 0.21387026309967042, 0.2140019883712133, 0.21360995839623845, 0.21560015231370927, 0.21391011029481888, 0.21358948200941086, 0.21428992226719856, 0.213773318699428, 0.21445460319519044, 0.21426845838626227, 0.21455787618954977, 0.21468785931082332, 0.2144475221633911, 0.21368623844214849, 0.21306095396478972, 0.21425205965836844, 0.213015578687191, 0.2129330975668771, 0.21412143409252166, 0.21387792999545732, 0.2139504740635554, 0.2159021663315156, 0.21236416846513748, 0.21292314997741155, 0.214274433751901, 0.21431262915333113, 0.2142983910938104, 0.2152090828333582, 0.2149391144514084, 0.21442960947752, 0.21422499815622967, 0.21514471751802108, 0.2129524126648903, 0.21398236602544785, 0.2144481142361959, 0.21529254441459975, 0.2140170603990555, 0.21459100000998554, 0.21414652786084584, 0.21364158019423485, 0.21355399986108145, 0.214186679571867, 0.21399630286863872, 0.21301247626543046, 0.21329128369688988, 0.21353793740272523, 0.21431844374712775, 0.21507032662630082, 0.2128561394555228, 0.21373270948727927, 0.21417054161429405, 0.21508959556619325, 0.21279418766498565, 0.21308055147528648, 0.21523078282674155, 0.21376286184086518, 0.2140934705734253, 0.2136311030813626, 0.21498837197820345, 0.21432479098439217, 0.21539234245816866, 0.21367626637220383, 0.2135816916823387, 0.2135839064915975, 0.21356374323368071, 0.21410863013828502, 0.21417331844568252, 0.2146690179194723, 0.21546842282017073, 0.213997566451629, 0.21337436760465303, 0.21464491883913675, 0.2141970882813136, 0.21430898238630855, 0.21292257606983184, 0.21375620365142822, 0.2129876191417376, 0.21427776043613753, 0.21366033277341298, 0.21444449424743653, 0.21416085585951805, 0.21321812172730764, 0.21378661779796376, 0.21409433782100679, 0.21453744492360524, 0.21372085809707642, 0.2136620506644249, 0.21517413854599, 0.21408276792083467, 0.21428940147161485, 0.21491848677396774, 0.21451021830240885, 0.21454435499275432, 0.21371926814317704, 0.21398029426733653, 0.21451483766237894, 0.2143458082125737, 0.21407489159277507, 0.21312871823708215, 0.21472542583942414, 0.21479980181902647, 0.2140766590833664, 0.21429330296814442, 0.21400490502516428, 0.2146906316280365, 0.2138558606306712, 0.21427819935175088, 0.21326664515904017, 0.2127388877173265, 0.21400379240512848, 0.21303406916558743, 0.2138874332110087, 0.21336354613304137, 0.21358559628327686, 0.21392963188035147, 0.2147332119445006, 0.21333326598008473, 0.21430784929543734, 0.2138166567310691, 0.21447886923948925, 0.21255897879600524, 0.21320145726203918, 0.21446456358982965, 0.21357444248029164, 0.21335839728514353, 0.21476316452026367, 0.21414390578866005, 0.214087176322937, 0.21379277961594717, 0.21394611150026321, 0.21494303364306688, 0.21407964130242665, 0.21539931098620096, 0.2141521843996915, 0.2141188085079193, 0.2142278492450714, 0.21449804703394573, 0.21440584460894266, 0.21398420631885529, 0.21369744961460432, 0.21361839678138494, 0.21356323262055715, 0.21373893022537233, 0.21474114737727426, 0.2140550042192141, 0.21346198320388793, 0.21447937786579133, 0.21432524068014963, 0.21354288359483084, 0.2141654333099723, 0.21398360431194305, 0.21309333542982736, 0.2133653082630851, 0.21389138946930566, 0.2142963171005249, 0.2150703618923823, 0.21457116678357124, 0.21408217959105968, 0.21410148739814758, 0.21444121698538463, 0.2131029949946837, 0.21438517918189368, 0.21443386177221935, 0.21376861532529196, 0.2126499656587839, 0.21416869293898344, 0.21309050917625427, 0.21390039580208914, 0.21504205236068138, 0.2128376712401708, 0.21276778280735015, 0.2134592281654477, 0.21435881778597832, 0.21378613263368607, 0.21392203867435455, 0.21332733758858272, 0.21438307945544904, 0.2139288311203321, 0.2140585422515869, 0.21433846279978752, 0.214078719727695, 0.21369573225577673, 0.21437057256698608, 0.21529987241540635, 0.21348674251483038, 0.2141991381843885, 0.2149938464164734, 0.21445321571081877, 0.21372057497501373, 0.21485000352064768, 0.21414582431316376, 0.21404563529150827, 0.21379330525031456, 0.21409595012664795, 0.21337529122829438, 0.21339829597208235, 0.2139061798652013, 0.21345278485254807, 0.21495035787423453, 0.21429577072461445, 0.21373303532600402, 0.21367293782532215, 0.2140345424413681, 0.213805734179914, 0.21383364498615265, 0.21369213263193768, 0.2136939601464705, 0.21339551856120428, 0.21389817595481872, 0.21427900493144988, 0.21388246913750966, 0.2142745302990079, 0.21432559887568156, 0.2140880525112152, 0.21441311803128985, 0.21338315109411876, 0.2142201838168231, 0.2136844793955485, 0.21317571600278218, 0.21377860407034557, 0.2150880515575409, 0.21349103190004826, 0.21374143163363138, 0.21402434818446636, 0.21379443671968248, 0.21419299244880677, 0.21358416703614322, 0.21435364335775375, 0.214774951338768, 0.21428641180197397, 0.21313560605049134, 0.214701640419662, 0.2142861286799113, 0.21341297328472136, 0.21406166007121405, 0.2139123124735696, 0.21367202947537103, 0.21433729119598866, 0.21335188700602606, 0.21351414689650902, 0.2132698136071364, 0.21463305056095122, 0.2132975235581398, 0.21388351817925771, 0.21462241808573404, 0.21418249607086182, 0.21379607170820236, 0.21406687516719103, 0.2152274503157689, 0.21387686752356017, 0.21424280901749929, 0.21377609111368656, 0.21377010544141134, 0.21377750858664513, 0.21346254753214972, 0.21361100673675537, 0.21505214180797338, 0.21421129772296318, 0.21531943059884584, 0.21425160144766173, 0.2132340759038925, 0.21404539700597525, 0.2146050992111365, 0.21467279962130956, 0.21494409317771593, 0.21480297204107046, 0.21422640406168425, 0.21350053182015052, 0.21278484786550203, 0.21442178289095562, 0.21420696377754211, 0.21425634026527404, 0.21489012986421585, 0.21368886902928352, 0.21499061240599707, 0.21327399405149314, 0.2144792954126994, 0.21449297666549683, 0.21440809071063996, 0.21267997846007347, 0.21352168385471618, 0.21646279841661453, 0.21421938855201006, 0.21522043645381927, 0.21457862395506638, 0.21376959482828775, 0.21440753142038982, 0.21447818477948508, 0.21371166940246308, 0.21467956279714903, 0.21410651877522469, 0.21538341389252588, 0.21352478861808777, 0.21409065276384354, 0.21326856513818104, 0.21381026320159435, 0.21408612827459972, 0.21441270783543587, 0.2146334850362369, 0.21424697091182074, 0.21410807315260172, 0.2143566906452179, 0.21428133088808793, 0.21332413355509441, 0.21418416127562523, 0.21380091508229573, 0.21209093307455382, 0.21478048073393957, 0.21386920288205147, 0.21440104767680168, 0.2152610604579632, 0.21439329133583948, 0.21485864321390788, 0.21431182976812124, 0.21428724229335785, 0.21460801859696707, 0.21370053184883936, 0.21575395887096724, 0.21386402286589146, 0.21357624576641962, 0.21449162065982819, 0.21450826277335486, 0.21436223487059275, 0.21484831534326077, 0.21453065673510233, 0.21369406332572302, 0.21302336986575807, 0.21341911082466444, 0.21466987393796444, 0.21300112169522506, 0.21419062751990098, 0.21371212601661682, 0.21442531843980153, 0.21461237035691738, 0.2134337991476059, 0.21425305679440498, 0.21416758533035005, 0.21316741903622946, 0.21312108263373375, 0.21365763476261726, 0.21513852362449354, 0.21451143423716226, 0.21445671319961548, 0.21369617152959108, 0.21387796103954315, 0.21411048620939255, 0.21462637611797877, 0.21431135882933935, 0.21366225834935904, 0.21461450022000533, 0.21546250810989967, 0.2133916082481543, 0.21377402345339458, 0.21422444563359022, 0.21365743279457092, 0.2123205785950025, 0.2127970808318683, 0.2145026189585527, 0.2151047671213746, 0.2131343804872953, 0.21411306009842798, 0.2164155257244905, 0.21439807911713918, 0.21357343811541796, 0.2136267808576425, 0.21337388580044112, 0.2152331918478012, 0.21350006071420816, 0.21383937161702377, 0.21453692515691122, 0.21348765989144644, 0.2133779190480709, 0.21410268545150757, 0.21285191426674524, 0.21479004994034767, 0.2124677816262612, 0.21317680638570052, 0.21423847724994025, 0.21379967033863068, 0.21465778723359108, 0.21371305286884307, 0.21472803627451262, 0.21454515627452306, 0.21315094828605652, 0.21485574822872877, 0.21348355595882124, 0.21374182746960566, 0.21363435064752898, 0.21392633815606435, 0.21371591184288263, 0.21432033081849416, 0.2134148230155309, 0.21382655762135983, 0.21409436421734945, 0.21312144611563003, 0.2137657731771469, 0.21499974578619002, 0.21431967722518103, 0.21462596505880355, 0.21450730878859758, 0.21432853142420452, 0.21431535383065542, 0.21407662332057953, 0.21330655685492925, 0.21375965646335057, 0.2134551703929901, 0.2138231322169304, 0.2138112187385559, 0.21423483341932298, 0.21486157644540071, 0.21316658854484558, 0.21253389914830526, 0.21393536683171988, 0.21435106971434184, 0.21324502676725388, 0.21403899490833284, 0.21453367471694945, 0.21391079361949647, 0.2148422434926033, 0.2140499884262681, 0.21382587123662233, 0.21412619522639684, 0.2137290582060814, 0.2130501334156309, 0.21335639506578447, 0.21308447420597076, 0.21487280428409578, 0.215286585688591, 0.21510006673634052, 0.21455841405051096, 0.21376484313181468, 0.214614204565684, 0.21383876502513885, 0.21374235302209854, 0.21384237259626387, 0.21335634402930737, 0.21358898083368938, 0.21413957178592682, 0.2144534569233656, 0.21442134997674397, 0.21328346111944743, 0.2135836491982142, 0.21310791224241257, 0.21252038116965974, 0.2141023337841034, 0.21377893444150686, 0.21399296621481578, 0.21452215214570364, 0.21352545265108347, 0.2153776085802487, 0.21499308411564147, 0.21444987754027048, 0.2149565652012825, 0.21341512501239776, 0.2135469252243638, 0.2140475293000539, 0.21307057638963064, 0.21228881273418665, 0.21583109029701777, 0.21522733036960875, 0.21325324575106303, 0.21363146007061004, 0.2151785290666989, 0.2139747753739357, 0.2150500901043415, 0.21379805902640026, 0.2147293508052826, 0.21448816917836666, 0.2142253699047225, 0.21406911611557006, 0.21405032724142076, 0.2138767476592745, 0.21384626533836126, 0.21297906537850697, 0.21402719151228666, 0.2138953453728131, 0.2146041723234313, 0.21411392390727996, 0.21292319297790527, 0.21295807723488128, 0.21457820534706115, 0.21319545898586512, 0.2143848568201065, 0.2141406238079071, 0.2131826365366578, 0.21384059637784958, 0.21294270349400385, 0.21338076492150623, 0.21395911276340485, 0.2151043713092804, 0.2149824406951666, 0.21384769876797993, 0.2149721364180247, 0.2139249313622713, 0.21285402987684524, 0.21311431803873607, 0.21524788836638134, 0.21485859751701356, 0.21426969873053686, 0.21414681971073152, 0.21428818069398403, 0.214735875527064, 0.21558017830053966, 0.21481266152113676, 0.214534016592162, 0.2131411869611059, 0.21439209580421448, 0.21483643501996993, 0.2141295543738774, 0.21368858814239503, 0.2143400413915515, 0.2138800323009491, 0.2147385746240616, 0.2146889604628086, 0.21378810384443828, 0.2149284045611109, 0.21421039005120596, 0.21351963728666307, 0.21396804388080323, 0.21436285972595215, 0.21479846630245447, 0.21499270300070444, 0.21438654959201814, 0.21425931341946125, 0.21342357460941588, 0.2140484473534993, 0.21487308343251546, 0.21349766850471497, 0.21378463400261744, 0.21402951925992966, 0.21453960322671467, 0.21396500085081374, 0.21439877152442932, 0.2149748702843984, 0.21401820480823516, 0.21357339918613433, 0.21422882107171146, 0.21392435828844705, 0.21373941004276276, 0.21331928794582686, 0.2137706857174635, 0.21328245798746745, 0.21435617598203513, 0.21406056222162748, 0.21462480276823043, 0.21461891755461693, 0.21325567737221718, 0.21351229349772136, 0.21372585342480585, 0.21366763585492185, 0.21523170173168182, 0.21483457709352174, 0.2131410762667656, 0.2133662005265554, 0.21381580485747412, 0.21465411703837545, 0.21422169705231983, 0.21438467502593994, 0.2148849774490703, 0.21456816153866903, 0.21309423297643662, 0.21470126616103308, 0.21295515963664421, 0.2144910702481866, 0.2127887960523367, 0.2139507492383321, 0.21377472153731755, 0.21379086077213288, 0.2136662406356711, 0.2147638539473216, 0.2141612509886424, 0.21367509024483816, 0.21581026762723923, 0.2141692779958248, 0.2151808738708496, 0.2142451822757721, 0.21397261197368303, 0.21267582145002153, 0.2138532656762335, 0.21378415947159132, 0.21396248305545135, 0.21404020346346356, 0.21502674072980882, 0.21337371468544006, 0.21500529473026594, 0.21393386721611024, 0.21461806073784828, 0.21409576303429073, 0.21375727074013817, 0.21383535986145338, 0.2140940042103038, 0.21464239557584128, 0.2129026859998703, 0.21326196566224098, 0.21370883658528328, 0.21376141607761384, 0.21511821200450262, 0.21342848572466108, 0.2133982769317097, 0.2142453951140245, 0.21409586948506973, 0.21331084271272024, 0.21339664459228516, 0.21366020962595939, 0.21489298467834791, 0.21378503739833832, 0.21414449562629065, 0.21422808203432295, 0.21310006827116013, 0.2145892766614755, 0.21434465138351216, 0.21301036924123765, 0.2142035573720932, 0.21333414812882742, 0.21236146158642238, 0.21389325045877033, 0.21488221238056818, 0.21453250243383296, 0.21445309784677294, 0.21251357926262748, 0.21460463023848003, 0.21344076345364252, 0.21342633962631224, 0.2149988550406236, 0.21279991567134857, 0.21343537668387094, 0.21424934102429283, 0.2143206927511427, 0.21419192912677923, 0.21397916972637177, 0.2150589951447078, 0.2136971801519394, 0.21379655996958416, 0.21395077970292833, 0.21400031116273668, 0.21435610639552274, 0.2145817220211029, 0.21380820068029258, 0.21369621058305105, 0.21482496129141915, 0.21329078574975333, 0.213678111632665, 0.2148078897347053, 0.21530973613262178, 0.21265272796154022, 0.21379516674922064, 0.21432651778062184, 0.21385466263574712, 0.21426035234561333, 0.21388317768772444, 0.21307832237921262, 0.2137456211973639, 0.21279480480230772, 0.21213874717553458, 0.21534117115171333, 0.21409323636223287, 0.21354332337012658, 0.21476286401351294, 0.21371990128567345, 0.2143354941816891, 0.21461258370142716, 0.21338717018564543, 0.21369839420444087, 0.21486577515800795, 0.21382440363659577, 0.21383424561757308, 0.21434515714645386, 0.2140109099839863, 0.21327826293075786, 0.21438740193843842, 0.21502511327465376, 0.21416610087219037, 0.21330546280916998, 0.21324756741523743, 0.2134527675807476, 0.21397093016850322, 0.21423570987056284, 0.21381409580890948, 0.21593232452869415, 0.21325157033769707, 0.21400248259305954, 0.21381336557013647, 0.2143985480070114, 0.21361466000477472, 0.21452154112713678, 0.21388289447014147, 0.21345357994238537, 0.21358246207237244, 0.21407292251076018, 0.21454901567527226, 0.21314275761445364, 0.21370219687620798, 0.21390333345958165, 0.21491707861423492, 0.21440910895665485, 0.21463586688041686, 0.21475736371108464, 0.2145834139415196, 0.214998139689366, 0.2135995775461197, 0.21495769492217473, 0.21334590361668512, 0.2134319653113683, 0.21361756473779678, 0.21412855280297144, 0.21438949342284883, 0.2127542942762375, 0.21335183580716452, 0.21402540057897568, 0.2146106454042288, 0.21272315382957457, 0.21404530902703603, 0.21397239416837693, 0.2143481576016971, 0.21476899459958076, 0.21375718464454016, 0.21434860782963888, 0.2142710146995691]
\score={0: [0.21301750938097636, 0.21553019434213638, 0.21407188746062192, 0.21380077390109792, 0.21455319225788116, 0.21392332712809245, 0.21485051249756532, 0.21339911421140034, 0.21365549663702646, 0.21409837638630586, 0.21276649406978063, 0.21196651086211205, 0.21499121636152269, 0.21509657664732498, 0.21477058179238262, 0.2142847955226898, 0.21577677726745606, 0.2136590974405408, 0.21420193587740263, 0.2143008367103689, 0.21366620933016142, 0.2142686120101384, 0.21519733559001575, 0.21488022357225417, 0.2133040577173233, 0.21427472978830336, 0.21425996869802474, 0.21372657418251037, 0.21525505681832632, 0.2143723861529277, 0.2129947461865165, 0.2143778776129087, 0.21418263705877158, 0.21473887811104456, 0.21328400944670042, 0.21421687711368909, 0.21339353024959565, 0.21469003558158875, 0.21420608162879945, 0.21311141821471127, 0.21374356288176316, 0.2142587439580397, 0.21384210884571075, 0.21546044945716858, 0.214826609600674, 0.2133052517970403, 0.21377717157204945, 0.21362790891102382, 0.21417898617007516, 0.2130269726117452, 0.21461181430255666, 0.21402807732423146, 0.2143559719507511, 0.21378896571695805, 0.2151063879330953, 0.21399294005499947, 0.21416824139081514, 0.21447822749614714, 0.21548203550852263, 0.21454550538744246, 0.21390442829579115, 0.21320593655109404, 0.2136368190540987, 0.21536796597334054, 0.21534918355090277, 0.21359504759311676, 0.21292546391487122, 0.21451920146743456, 0.21445509046316147, 0.21562631130218507, 0.21399926021695137, 0.2136021395524343, 0.2133126206257764, 0.21395274996757507, 0.2134705384572347, 0.21335308502117792, 0.2136563179748399, 0.21297733609875044, 0.2129402169957757, 0.21430305678110856, 0.21415390188877398, 0.2145852123697599, 0.2148761381705602, 0.2130480520427227, 0.21387967964013418, 0.21307932635148366, 0.21427020523697138, 0.21299774944782257, 0.2127915077975818, 0.21387845575809478, 0.21406168043613433, 0.21305714121886662, 0.21387994885444642, 0.214126568287611, 0.21358583122491837, 0.21438856547077498, 0.2132673920953975, 0.21468130312860012, 0.2147629608710607, 0.21500117159806764, 0.2130418062210083, 0.21419906386962304, 0.21418496652653343, 0.21397978936632475, 0.21477428409788343, 0.2126173906856113, 0.21429557767179278, 0.21368548274040222, 0.21335217418769994, 0.21405477523803712, 0.2145643404551915, 0.214512818134748, 0.2147213336494234, 0.21416095495224, 0.21432850360870362, 0.21472169359525045, 0.21437221327248743, 0.2142371672850389, 0.21455497377448612, 0.21401465577738626, 0.21403034907930038, 0.21433769911527634, 0.21400792112475947, 0.21322682375709215], 1: [0.21421952148278553, 0.21435679495334625, 0.2161718037995425, 0.21449224826167612, 0.2139396697282791, 0.21522704362869263, 0.21350119569722345, 0.21458989282449087, 0.21380107402801513, 0.2125416091259788, 0.21282029648621878, 0.21384019106626512, 0.21558308872309598, 0.2134706132552203, 0.21468059718608856, 0.2139738587772145, 0.21393981675306956, 0.21333094730096705, 0.2134073406457901, 0.21566742211580275, 0.21391910856420343, 0.2148237903328503, 0.21426080564657848, 0.2139537422096028, 0.21368394196033477, 0.21448897175929127, 0.21467122832934063, 0.21392156183719635, 0.21336876533248209, 0.21491296589374542, 0.21326760053634644, 0.2135164976119995, 0.21401484310626984, 0.21493941644827524, 0.21554949441376856, 0.21414989630381268, 0.213619227707386, 0.2149221721020612, 0.21469390830572913, 0.21432377249002457, 0.21419021884600323, 0.21388327987755046, 0.21461730698744455, 0.2140723607119392, 0.2139744520187378, 0.2144143685698509, 0.21398256448182193, 0.21455270498991014, 0.21371084451675415, 0.2145551989475886, 0.2139451968319276, 0.21480744977792104, 0.21455290168523788, 0.21345182846892963, 0.21422641154597788, 0.21489658653736116, 0.21486242214838663, 0.213803471011274, 0.21407347520192463, 0.21394260625044506, 0.21455750833539403, 0.21374144156773886, 0.21508700847625734, 0.21320494196631692, 0.2134019557167502, 0.2137351542711258, 0.2133733421564102, 0.2133022485410466, 0.21409287850062053, 0.2128065526485443, 0.2147472281666363, 0.21397579610347747, 0.21309546530246734, 0.21317828514359213, 0.21364985143437104, 0.212814861536026, 0.21340521176656088, 0.21416633094058318, 0.21430685023466747, 0.21411221226056418, 0.2141964681008283, 0.21410117348035176, 0.2131212592124939, 0.21507380902767181, 0.21442974928547354, 0.21425864100456238, 0.21327592730522155, 0.21319212019443512, 0.21315883497397106, 0.21392438809076944, 0.21353855203179753, 0.2131865918636322, 0.21365488171577454, 0.21534181047569623, 0.21459098598536322, 0.21412642151117325, 0.21363677978515624, 0.21451067135614507, 0.21345128732569077, 0.21391531427701313, 0.21502457410097123, 0.21389012851498343, 0.21405527083312764, 0.21303826371828716, 0.214547897086424, 0.2140301614999771, 0.21399226933717727, 0.21384643560106104, 0.21323045649949243, 0.21326011220614116, 0.213964820784681, 0.21343142688274383, 0.21395101447900136, 0.21385163156425252, 0.21387335658073425, 0.21458086520433425, 0.21499463644894687, 0.21458994202754078, 0.21460724323987962, 0.212923264503479, 0.2140209311619401, 0.2145629214743773, 0.21435682972272238, 0.21457932591438295, 0.21481597423553467, 0.2144851745928035, 0.21380918323993683, 0.21242656111717223, 0.21384704485535622, 0.2140950970351696, 0.21483875811100006, 0.21475019603967666, 0.21353202380917288, 0.2128867620930952, 0.21436636447906493, 0.21322530508041382, 0.21464071050286293, 0.21502429619431496, 0.21577714383602142, 0.21419449597597123, 0.21461370180953632, 0.2142532739569159, 0.21216410249471665, 0.21370946168899535, 0.21245615184307098, 0.21363074580828348, 0.2144370955579421, 0.2138579867102883, 0.21342016543660844, 0.21376762335950678, 0.21474569737911225, 0.21319953961805863, 0.21363233476877214, 0.2129830986261368, 0.21482063233852386, 0.214449812968572, 0.2140530771934069, 0.21358459104191174, 0.21280285716056824, 0.2151818759739399, 0.21511874009262433, 0.21268252432346343, 0.21381870955228804, 0.2139658456047376, 0.21475205971644476, 0.2137137378255526, 0.21420230648734354, 0.21307576447725296, 0.21509954035282136, 0.2150280147790909, 0.21237277713688937, 0.2150720398534428, 0.21292358365925876, 0.21302151530981064, 0.21444956560929615, 0.21520479321479796, 0.21368778745333353, 0.2141014740747564, 0.213017626450612, 0.21395791228860617, 0.21484325975179672, 0.21347537365826694, 0.21459095638531905, 0.21491039476611398, 0.2144141657785936, 0.21434871554374696, 0.2139894872903824, 0.21464849611123402, 0.21439351460763387, 0.21333402792612713, 0.2136209992801442, 0.21363188419491053, 0.21258822828531265, 0.21347259879112243, 0.2151674727598826, 0.21439966708421707, 0.21375897412116712, 0.21420140022581274, 0.21515617413180216, 0.21355666716893515, 0.21387693732976915, 0.21340682059526445, 0.21309689184029898, 0.21470461934804916, 0.213164846599102, 0.21368179321289063, 0.21434761434793473, 0.21247665087381998, 0.21384843587875366, 0.21435795151270354, 0.2145284427837892, 0.2141949257680348, 0.21432798273033565, 0.21381905823945999, 0.21371448338031768, 0.21422490146425036, 0.21397171020507813, 0.21352699995040894, 0.21317695677280427, 0.213802307844162, 0.21377574652433395, 0.21408189237117767, 0.21393991662905767, 0.21382564441724258, 0.213239848613739, 0.21507569816377428, 0.21469565182924272, 0.21353480964899063, 0.21564160618517134, 0.21332194656133652, 0.21432680189609526, 0.21292239129543306, 0.2137310951948166, 0.2136668028930823, 0.21349230259656907, 0.21434045067200294, 0.21471388367089358, 0.21405036747455597, 0.21396573384602866, 0.21321616023778917, 0.2137063354253769, 0.21298126048511928, 0.21397539973258972, 0.21438994258642197, 0.21362605839967727, 0.21357774436473848, 0.21454767070033334, 0.21356324665248394, 0.21470077335834503, 0.21396735161542893, 0.21463466684023538, 0.2141322394212087, 0.2140702423122194, 0.21421413719654084, 0.21446384340524674, 0.2139855230396444, 0.21353629231452942, 0.21370834559202195, 0.21292240023612977, 0.21493404606978098, 0.21411092082659403, 0.2131633328066932, 0.2139496237039566, 0.21334835141897202, 0.21309122172268954, 0.213767908513546, 0.21491701006889344, 0.21322499662637712, 0.2141882379849752, 0.21407317452960545, 0.21417841811974844, 0.21203035414218901, 0.2135661542415619, 0.21327825567939065, 0.2129125725477934, 0.2140459507703781, 0.21580397784709932, 0.21416891614596048, 0.21502382887734306, 0.21448413696553972, 0.21421049162745476, 0.21417789492342207, 0.21404462135755098, 0.21323210795720418, 0.21470213738771585, 0.21349504270723887, 0.214350207708776, 0.2142709195613861, 0.21456502607235542, 0.21396243448058763, 0.21432972451051077, 0.21440075223262495, 0.2132769763469696, 0.21437009825156286, 0.21378947581563676, 0.21339555457234383, 0.21383677273988724, 0.21347321569919586, 0.21324203784267107, 0.21272146701812744, 0.21426196854848129, 0.21360643009344737, 0.21380501297804025, 0.21395963643278396, 0.21381950564682484, 0.21405015885829926, 0.21377355777300322, 0.2140361728767554, 0.21394372317526075, 0.21381429869395036, 0.21357847650845846, 0.2131378730902305, 0.21313270500728063, 0.21371309366077185, 0.21255194991827012, 0.21392827996840844, 0.21256492286920547, 0.21465838617748684, 0.21488102468160483, 0.21413012941678364, 0.21466959210542533, 0.21389412879943848, 0.21380707062780857, 0.21385876834392548, 0.21549620651281798, 0.21478049953778586, 0.21420207275794104, 0.21540987094243366, 0.21408464014530182, 0.21450684858219965, 0.21322402358055115, 0.21389394998550415, 0.21281594038009644, 0.2131159541507562, 0.21424751811557347, 0.21456855650131518, 0.21475278933842976, 0.21332579736526197, 0.21418178294386184, 0.2139140237122774, 0.2135655626654625, 0.2147693568840623, 0.21416524052619934, 0.21464368825157484, 0.21479301320181954, 0.21365242050244257, 0.21312271853288015, 0.213224314726316, 0.21348356562001364, 0.21356932446360588, 0.21335697770118714, 0.21410498023033142, 0.21424600481987, 0.21379913720819685, 0.21346509342010206, 0.21441002190113068, 0.21452476771978232, 0.21430550515651703, 0.21344502363353968, 0.2134796991944313, 0.21365856207334077, 0.213593407223622, 0.21473987069394854, 0.21440812945365906, 0.21345869998137157, 0.21426898470291725, 0.214320712855884, 0.2138976389542222, 0.21544334292411804, 0.21408700828368848, 0.21316201984882355, 0.2132158892022239, 0.21475686591405135, 0.2139970064163208, 0.2147225382236334, 0.21413033242736543, 0.21527983900159597, 0.2144235447049141, 0.21320840830986315, 0.21251979346076647, 0.213886054025756, 0.21339010160702926, 0.2138641228278478, 0.2136750851686184, 0.2141967373234885, 0.21511588338762522, 0.21429991573095322, 0.21319510501164657, 0.21495423465967178, 0.21390274829334682, 0.2140247902044883, 0.21369716823101043, 0.2135086334668673, 0.21502280554601125, 0.21423164568841457, 0.21444024592638017, 0.21396725338238937, 0.2134151595334212, 0.21450101998117235, 0.21373330400540277, 0.2148086190223694, 0.21346517136463752, 0.21333499146359308, 0.21414618007838726, 0.2141297474503517, 0.21341273876336905, 0.21459601198633513, 0.2141973012023502, 0.21344192326068878, 0.21437200407187143, 0.21362671599938318, 0.21315128675528935, 0.21404118090867996, 0.21406999081373215, 0.21323241293430328, 0.21453195189436278, 0.21356487108601463, 0.21381526039196894, 0.21452382107575735, 0.21250952780246735, 0.2141910461442811, 0.21422705333679914, 0.21310584545135497, 0.2146122822394738, 0.21473362545172373, 0.2136940492524041, 0.21410194383217737, 0.21446573734283447, 0.21301599878531235, 0.21396715619734355, 0.21392650716006756, 0.21338203102350234, 0.21368992557892433, 0.2138501524925232, 0.21407231837511062, 0.214777871966362, 0.214662874286825, 0.21322488635778428, 0.21469320803880693, 0.2139073285189542, 0.2139224193312905, 0.21417062282562255, 0.2143746331334114, 0.21405810564756395, 0.21361556784673172, 0.2130525752902031, 0.21436413526535034, 0.21375382095575332, 0.21303189342672174, 0.2143344459208575, 0.21313858032226562, 0.21422672569751738, 0.21529568880796432, 0.21418839693069458, 0.2124882381070744, 0.2150394454598427, 0.21328503489494324, 0.21497593413699756, 0.21376047757538882, 0.21431826190515, 0.21365226954221725, 0.21470918506383896, 0.21131038516759873, 0.21382688663222574, 0.21367778480052949, 0.21411295384168624, 0.21416040509939194, 0.2137983183969151, 0.2129483480345119, 0.21399713510816748, 0.21388426870107652, 0.2134512722492218, 0.21322883814573287, 0.2129371938380328, 0.2143043100833893, 0.21375323534011842, 0.2129367858171463, 0.21413495459339835, 0.21372624148022046, 0.215260081670501, 0.21233986956732614, 0.21417135542089288, 0.21583996500287736, 0.21409054696559907, 0.21390903944318945, 0.21364796608686448, 0.2134496748447418, 0.21513263881206512, 0.2169137660946165, 0.21437211707234383, 0.2147155607288534, 0.21446308067866734, 0.2134341150522232, 0.21393254399299622, 0.21353860646486283, 0.21507401615381241, 0.21270274221897126, 0.2111699708870479, 0.21441716514527798, 0.21354715119708667, 0.21260479731219156, 0.21246094703674318, 0.21463070538910953, 0.21364193558692932, 0.21405011117458345, 0.2137394443154335, 0.2146830274300142, 0.21428584158420563, 0.21389184079386972, 0.21371444910764695, 0.21254510432481766, 0.21586471796035767, 0.21490235328674318, 0.21351999586278742, 0.21430409997701644, 0.21467772275209426, 0.21582380682229996, 0.2130953475832939, 0.2128643343846003, 0.21489579677581788, 0.21344148516654968, 0.21443609446287154, 0.21359093189239503, 0.2135774314403534, 0.213265098631382, 0.21444454044103622, 0.21317374408245088, 0.21391085038582483, 0.21424956172704696, 0.2136780247092247, 0.2143509104847908, 0.21475825905799867, 0.212684828042984, 0.2137381449341774, 0.21379638463258743, 0.21333159059286116, 0.2162129506468773, 0.2153288885951042, 0.21537665128707886, 0.21304684430360793, 0.21449169218540193, 0.21388909071683884, 0.21289532780647277, 0.21374179422855377, 0.21518249809741974, 0.21318402141332626, 0.21474603265523912, 0.2137695610523224, 0.21453694999217987, 0.21270695626735686, 0.21538004875183106, 0.21290873289108275, 0.21259575784206391, 0.2127894401550293, 0.21619808425505957, 0.21280044317245483, 0.21311061531305314, 0.21433798372745513, 0.21379288733005525, 0.2144905686378479, 0.21376025676727295, 0.21417488008737565, 0.21373198367655277, 0.2141676680608229, 0.21445854143662887, 0.21412953734397888, 0.21409210833636197, 0.21247430592775346, 0.2144702658057213, 0.2132148802280426, 0.21514266543090343, 0.2146732901984995, 0.21434105783700944, 0.2133818052031777, 0.21427373886108397, 0.21458972096443177, 0.21281929314136505, 0.21379900723695755, 0.21389660374684769, 0.2155895544724031, 0.21405477821826935, 0.21485628458586606, 0.213662850856781, 0.21574001014232635, 0.2137184277176857, 0.21499780751764774, 0.2137081284414638, 0.21349462189457633, 0.21230874210596085, 0.21404434293508529, 0.21495392322540283, 0.2136542946100235, 0.21499536372721195, 0.21284133873202585, 0.21519608646631241, 0.21404715288769116, 0.21386300298300656, 0.21340637803077697, 0.21332629295912656, 0.2134317308664322, 0.2137064351276918, 0.21460919082164764, 0.21232928186655045, 0.21438797089186581, 0.2154796367341822, 0.2145186811685562, 0.21457416902888904, 0.21378919184207917, 0.21279599585316397, 0.21503622978925704, 0.21407807957042346, 0.21543375551700591, 0.21519173004410483, 0.2137665396386927, 0.21345738660205493, 0.21440837600014426, 0.2127280980348587, 0.21284585784782062, 0.21394857466220857, 0.21471869539130817, 0.213551889359951, 0.21368431597948073, 0.21399456127123398, 0.21350121633573013, 0.2139584557576613, 0.2136038067665967, 0.21412462145090103, 0.21307102116671475, 0.21409012526273727, 0.21383135156197983, 0.21391135305166245, 0.21481507122516633, 0.21504892544312912, 0.2135416486046531, 0.21356789767742157, 0.21331650831482626, 0.21358920335769654, 0.21510400419885461, 0.21533890962600707, 0.21474276212128726, 0.21441373080015183, 0.21363181553103708, 0.2141766534610228, 0.21404226017849787, 0.2131384089589119, 0.21353797862927118, 0.21352800478537878, 0.21440633918557847, 0.21321389228105544, 0.21326034516096115, 0.2141548365354538, 0.21402158982613506, 0.2152370423078537, 0.21452268745218003, 0.21581590920686722, 0.2147203820447127, 0.21310169622302055, 0.21466084782566344, 0.2133936181664467, 0.2138559048374494, 0.21542902886867524, 0.2137167909566094, 0.2127365529537201, 0.2149828959788595, 0.21385302394628525, 0.21395319079359373, 0.215014036744833, 0.21375948935747147, 0.21344470977783203, 0.2134397216141224, 0.2138910194238027, 0.214729566784466, 0.21391730159521102, 0.2141491025686264, 0.21321243047714233, 0.2136948605378469, 0.21421073252956072, 0.21451261852468764, 0.21230921596288682, 0.21493869523207346, 0.21398939490318297, 0.21466682851314545, 0.21507638096809387, 0.2143839438046728, 0.2145954929292202, 0.21433420851826668, 0.2132290614147981, 0.21457111196858542, 0.21376839876174927, 0.21399634207288423, 0.21454212069511414, 0.21446318135542028, 0.21463698595762254, 0.2137334474495479, 0.21316429724295935, 0.21470355118314424, 0.21385791773597398, 0.21373858153820038, 0.2134417307873567, 0.21422097980976104, 0.21326735265114727, 0.21488990187644957, 0.21428160262959345, 0.21388342479864755, 0.21516267582774162, 0.21422711138923964, 0.2143611524786268, 0.21387026309967042, 0.2140019883712133, 0.21360995839623845, 0.21560015231370927, 0.21391011029481888, 0.21358948200941086, 0.21428992226719856, 0.213773318699428, 0.21445460319519044, 0.21426845838626227, 0.21455787618954977, 0.21468785931082332, 0.2144475221633911, 0.21368623844214849, 0.21306095396478972, 0.21425205965836844, 0.213015578687191, 0.2129330975668771, 0.21412143409252166, 0.21387792999545732, 0.2139504740635554, 0.2159021663315156, 0.21236416846513748, 0.21292314997741155, 0.214274433751901, 0.21431262915333113, 0.2142983910938104, 0.2152090828333582, 0.2149391144514084, 0.21442960947752, 0.21422499815622967, 0.21514471751802108, 0.2129524126648903, 0.21398236602544785, 0.2144481142361959, 0.21529254441459975, 0.2140170603990555, 0.21459100000998554, 0.21414652786084584, 0.21364158019423485, 0.21355399986108145, 0.214186679571867, 0.21399630286863872, 0.21301247626543046, 0.21329128369688988, 0.21353793740272523, 0.21431844374712775, 0.21507032662630082, 0.2128561394555228, 0.21373270948727927, 0.21417054161429405, 0.21508959556619325, 0.21279418766498565, 0.21308055147528648, 0.21523078282674155, 0.21376286184086518, 0.2140934705734253, 0.2136311030813626, 0.21498837197820345, 0.21432479098439217, 0.21539234245816866, 0.21367626637220383, 0.2135816916823387, 0.2135839064915975, 0.21356374323368071, 0.21410863013828502, 0.21417331844568252, 0.2146690179194723, 0.21546842282017073, 0.213997566451629, 0.21337436760465303, 0.21464491883913675, 0.2141970882813136, 0.21430898238630855, 0.21292257606983184, 0.21375620365142822, 0.2129876191417376, 0.21427776043613753, 0.21366033277341298, 0.21444449424743653, 0.21416085585951805, 0.21321812172730764, 0.21378661779796376, 0.21409433782100679, 0.21453744492360524, 0.21372085809707642, 0.2136620506644249, 0.21517413854599, 0.21408276792083467, 0.21428940147161485, 0.21491848677396774, 0.21451021830240885, 0.21454435499275432, 0.21371926814317704, 0.21398029426733653, 0.21451483766237894, 0.2143458082125737, 0.21407489159277507, 0.21312871823708215, 0.21472542583942414, 0.21479980181902647, 0.2140766590833664, 0.21429330296814442, 0.21400490502516428, 0.2146906316280365, 0.2138558606306712, 0.21427819935175088, 0.21326664515904017, 0.2127388877173265, 0.21400379240512848, 0.21303406916558743, 0.2138874332110087, 0.21336354613304137, 0.21358559628327686, 0.21392963188035147, 0.2147332119445006, 0.21333326598008473, 0.21430784929543734, 0.2138166567310691, 0.21447886923948925, 0.21255897879600524, 0.21320145726203918, 0.21446456358982965, 0.21357444248029164, 0.21335839728514353, 0.21476316452026367, 0.21414390578866005, 0.214087176322937, 0.21379277961594717, 0.21394611150026321, 0.21494303364306688, 0.21407964130242665, 0.21539931098620096, 0.2141521843996915, 0.2141188085079193, 0.2142278492450714, 0.21449804703394573, 0.21440584460894266, 0.21398420631885529, 0.21369744961460432, 0.21361839678138494, 0.21356323262055715, 0.21373893022537233, 0.21474114737727426, 0.2140550042192141, 0.21346198320388793, 0.21447937786579133, 0.21432524068014963, 0.21354288359483084, 0.2141654333099723, 0.21398360431194305, 0.21309333542982736, 0.2133653082630851, 0.21389138946930566, 0.2142963171005249, 0.2150703618923823, 0.21457116678357124, 0.21408217959105968, 0.21410148739814758, 0.21444121698538463, 0.2131029949946837, 0.21438517918189368, 0.21443386177221935, 0.21376861532529196, 0.2126499656587839, 0.21416869293898344, 0.21309050917625427, 0.21390039580208914, 0.21504205236068138, 0.2128376712401708, 0.21276778280735015, 0.2134592281654477, 0.21435881778597832, 0.21378613263368607, 0.21392203867435455, 0.21332733758858272, 0.21438307945544904, 0.2139288311203321, 0.2140585422515869, 0.21433846279978752, 0.214078719727695, 0.21369573225577673, 0.21437057256698608, 0.21529987241540635, 0.21348674251483038, 0.2141991381843885, 0.2149938464164734, 0.21445321571081877, 0.21372057497501373, 0.21485000352064768, 0.21414582431316376, 0.21404563529150827, 0.21379330525031456, 0.21409595012664795, 0.21337529122829438, 0.21339829597208235, 0.2139061798652013, 0.21345278485254807, 0.21495035787423453, 0.21429577072461445, 0.21373303532600402, 0.21367293782532215, 0.2140345424413681, 0.213805734179914, 0.21383364498615265, 0.21369213263193768, 0.2136939601464705, 0.21339551856120428, 0.21389817595481872, 0.21427900493144988, 0.21388246913750966, 0.2142745302990079, 0.21432559887568156, 0.2140880525112152, 0.21441311803128985, 0.21338315109411876, 0.2142201838168231, 0.2136844793955485, 0.21317571600278218, 0.21377860407034557, 0.2150880515575409, 0.21349103190004826, 0.21374143163363138, 0.21402434818446636, 0.21379443671968248, 0.21419299244880677, 0.21358416703614322, 0.21435364335775375, 0.214774951338768, 0.21428641180197397, 0.21313560605049134, 0.214701640419662, 0.2142861286799113, 0.21341297328472136, 0.21406166007121405, 0.2139123124735696, 0.21367202947537103, 0.21433729119598866, 0.21335188700602606, 0.21351414689650902, 0.2132698136071364, 0.21463305056095122, 0.2132975235581398, 0.21388351817925771, 0.21462241808573404, 0.21418249607086182, 0.21379607170820236, 0.21406687516719103, 0.2152274503157689, 0.21387686752356017, 0.21424280901749929, 0.21377609111368656, 0.21377010544141134, 0.21377750858664513, 0.21346254753214972, 0.21361100673675537, 0.21505214180797338, 0.21421129772296318, 0.21531943059884584, 0.21425160144766173, 0.2132340759038925, 0.21404539700597525, 0.2146050992111365, 0.21467279962130956, 0.21494409317771593, 0.21480297204107046, 0.21422640406168425, 0.21350053182015052, 0.21278484786550203, 0.21442178289095562, 0.21420696377754211, 0.21425634026527404, 0.21489012986421585, 0.21368886902928352, 0.21499061240599707, 0.21327399405149314, 0.2144792954126994, 0.21449297666549683, 0.21440809071063996, 0.21267997846007347, 0.21352168385471618, 0.21646279841661453, 0.21421938855201006, 0.21522043645381927, 0.21457862395506638, 0.21376959482828775, 0.21440753142038982, 0.21447818477948508, 0.21371166940246308, 0.21467956279714903, 0.21410651877522469, 0.21538341389252588, 0.21352478861808777, 0.21409065276384354, 0.21326856513818104, 0.21381026320159435, 0.21408612827459972, 0.21441270783543587, 0.2146334850362369, 0.21424697091182074, 0.21410807315260172, 0.2143566906452179, 0.21428133088808793, 0.21332413355509441, 0.21418416127562523, 0.21380091508229573, 0.21209093307455382, 0.21478048073393957, 0.21386920288205147, 0.21440104767680168, 0.2152610604579632, 0.21439329133583948, 0.21485864321390788, 0.21431182976812124, 0.21428724229335785, 0.21460801859696707, 0.21370053184883936, 0.21575395887096724, 0.21386402286589146, 0.21357624576641962, 0.21449162065982819, 0.21450826277335486, 0.21436223487059275, 0.21484831534326077, 0.21453065673510233, 0.21369406332572302, 0.21302336986575807, 0.21341911082466444, 0.21466987393796444, 0.21300112169522506, 0.21419062751990098, 0.21371212601661682, 0.21442531843980153, 0.21461237035691738, 0.2134337991476059, 0.21425305679440498, 0.21416758533035005, 0.21316741903622946, 0.21312108263373375, 0.21365763476261726, 0.21513852362449354, 0.21451143423716226, 0.21445671319961548, 0.21369617152959108, 0.21387796103954315, 0.21411048620939255, 0.21462637611797877, 0.21431135882933935, 0.21366225834935904, 0.21461450022000533, 0.21546250810989967, 0.2133916082481543, 0.21377402345339458, 0.21422444563359022, 0.21365743279457092, 0.2123205785950025, 0.2127970808318683, 0.2145026189585527, 0.2151047671213746, 0.2131343804872953, 0.21411306009842798, 0.2164155257244905, 0.21439807911713918, 0.21357343811541796, 0.2136267808576425, 0.21337388580044112, 0.2152331918478012, 0.21350006071420816, 0.21383937161702377, 0.21453692515691122, 0.21348765989144644, 0.2133779190480709, 0.21410268545150757, 0.21285191426674524, 0.21479004994034767, 0.2124677816262612, 0.21317680638570052, 0.21423847724994025, 0.21379967033863068, 0.21465778723359108, 0.21371305286884307, 0.21472803627451262, 0.21454515627452306, 0.21315094828605652, 0.21485574822872877, 0.21348355595882124, 0.21374182746960566, 0.21363435064752898, 0.21392633815606435, 0.21371591184288263, 0.21432033081849416, 0.2134148230155309, 0.21382655762135983, 0.21409436421734945, 0.21312144611563003, 0.2137657731771469, 0.21499974578619002, 0.21431967722518103, 0.21462596505880355, 0.21450730878859758, 0.21432853142420452, 0.21431535383065542, 0.21407662332057953, 0.21330655685492925, 0.21375965646335057, 0.2134551703929901, 0.2138231322169304, 0.2138112187385559, 0.21423483341932298, 0.21486157644540071, 0.21316658854484558, 0.21253389914830526, 0.21393536683171988, 0.21435106971434184, 0.21324502676725388, 0.21403899490833284, 0.21453367471694945, 0.21391079361949647, 0.2148422434926033, 0.2140499884262681, 0.21382587123662233, 0.21412619522639684, 0.2137290582060814, 0.2130501334156309, 0.21335639506578447, 0.21308447420597076, 0.21487280428409578, 0.215286585688591, 0.21510006673634052, 0.21455841405051096, 0.21376484313181468, 0.214614204565684, 0.21383876502513885, 0.21374235302209854, 0.21384237259626387, 0.21335634402930737, 0.21358898083368938, 0.21413957178592682, 0.2144534569233656, 0.21442134997674397, 0.21328346111944743, 0.2135836491982142, 0.21310791224241257, 0.21252038116965974, 0.2141023337841034, 0.21377893444150686, 0.21399296621481578, 0.21452215214570364, 0.21352545265108347, 0.2153776085802487, 0.21499308411564147, 0.21444987754027048, 0.2149565652012825, 0.21341512501239776, 0.2135469252243638, 0.2140475293000539, 0.21307057638963064, 0.21228881273418665, 0.21583109029701777, 0.21522733036960875, 0.21325324575106303, 0.21363146007061004, 0.2151785290666989, 0.2139747753739357, 0.2150500901043415, 0.21379805902640026, 0.2147293508052826, 0.21448816917836666, 0.2142253699047225, 0.21406911611557006, 0.21405032724142076, 0.2138767476592745, 0.21384626533836126, 0.21297906537850697, 0.21402719151228666, 0.2138953453728131, 0.2146041723234313, 0.21411392390727996, 0.21292319297790527, 0.21295807723488128, 0.21457820534706115, 0.21319545898586512, 0.2143848568201065, 0.2141406238079071, 0.2131826365366578, 0.21384059637784958, 0.21294270349400385, 0.21338076492150623, 0.21395911276340485, 0.2151043713092804, 0.2149824406951666, 0.21384769876797993, 0.2149721364180247, 0.2139249313622713, 0.21285402987684524, 0.21311431803873607, 0.21524788836638134, 0.21485859751701356, 0.21426969873053686, 0.21414681971073152, 0.21428818069398403, 0.214735875527064, 0.21558017830053966, 0.21481266152113676, 0.214534016592162, 0.2131411869611059, 0.21439209580421448, 0.21483643501996993, 0.2141295543738774, 0.21368858814239503, 0.2143400413915515, 0.2138800323009491, 0.2147385746240616, 0.2146889604628086, 0.21378810384443828, 0.2149284045611109, 0.21421039005120596, 0.21351963728666307, 0.21396804388080323, 0.21436285972595215, 0.21479846630245447, 0.21499270300070444, 0.21438654959201814, 0.21425931341946125, 0.21342357460941588, 0.2140484473534993, 0.21487308343251546, 0.21349766850471497, 0.21378463400261744, 0.21402951925992966, 0.21453960322671467, 0.21396500085081374, 0.21439877152442932, 0.2149748702843984, 0.21401820480823516, 0.21357339918613433, 0.21422882107171146, 0.21392435828844705, 0.21373941004276276, 0.21331928794582686, 0.2137706857174635, 0.21328245798746745, 0.21435617598203513, 0.21406056222162748, 0.21462480276823043, 0.21461891755461693, 0.21325567737221718, 0.21351229349772136, 0.21372585342480585, 0.21366763585492185, 0.21523170173168182, 0.21483457709352174, 0.2131410762667656, 0.2133662005265554, 0.21381580485747412, 0.21465411703837545, 0.21422169705231983, 0.21438467502593994, 0.2148849774490703, 0.21456816153866903, 0.21309423297643662, 0.21470126616103308, 0.21295515963664421, 0.2144910702481866, 0.2127887960523367, 0.2139507492383321, 0.21377472153731755, 0.21379086077213288, 0.2136662406356711, 0.2147638539473216, 0.2141612509886424, 0.21367509024483816, 0.21581026762723923, 0.2141692779958248, 0.2151808738708496, 0.2142451822757721, 0.21397261197368303, 0.21267582145002153, 0.2138532656762335, 0.21378415947159132, 0.21396248305545135, 0.21404020346346356, 0.21502674072980882, 0.21337371468544006, 0.21500529473026594, 0.21393386721611024, 0.21461806073784828, 0.21409576303429073, 0.21375727074013817, 0.21383535986145338, 0.2140940042103038, 0.21464239557584128, 0.2129026859998703, 0.21326196566224098, 0.21370883658528328, 0.21376141607761384, 0.21511821200450262, 0.21342848572466108, 0.2133982769317097, 0.2142453951140245, 0.21409586948506973, 0.21331084271272024, 0.21339664459228516, 0.21366020962595939, 0.21489298467834791, 0.21378503739833832, 0.21414449562629065, 0.21422808203432295, 0.21310006827116013, 0.2145892766614755, 0.21434465138351216, 0.21301036924123765, 0.2142035573720932, 0.21333414812882742, 0.21236146158642238, 0.21389325045877033, 0.21488221238056818, 0.21453250243383296, 0.21445309784677294, 0.21251357926262748, 0.21460463023848003, 0.21344076345364252, 0.21342633962631224, 0.2149988550406236, 0.21279991567134857, 0.21343537668387094, 0.21424934102429283, 0.2143206927511427, 0.21419192912677923, 0.21397916972637177, 0.2150589951447078, 0.2136971801519394, 0.21379655996958416, 0.21395077970292833, 0.21400031116273668, 0.21435610639552274, 0.2145817220211029, 0.21380820068029258, 0.21369621058305105, 0.21482496129141915, 0.21329078574975333, 0.213678111632665, 0.2148078897347053, 0.21530973613262178, 0.21265272796154022, 0.21379516674922064, 0.21432651778062184, 0.21385466263574712, 0.21426035234561333, 0.21388317768772444, 0.21307832237921262, 0.2137456211973639, 0.21279480480230772, 0.21213874717553458, 0.21534117115171333, 0.21409323636223287, 0.21354332337012658, 0.21476286401351294, 0.21371990128567345, 0.2143354941816891, 0.21461258370142716, 0.21338717018564543, 0.21369839420444087, 0.21486577515800795, 0.21382440363659577, 0.21383424561757308, 0.21434515714645386, 0.2140109099839863, 0.21327826293075786, 0.21438740193843842, 0.21502511327465376, 0.21416610087219037, 0.21330546280916998, 0.21324756741523743, 0.2134527675807476, 0.21397093016850322, 0.21423570987056284, 0.21381409580890948, 0.21593232452869415, 0.21325157033769707, 0.21400248259305954, 0.21381336557013647, 0.2143985480070114, 0.21361466000477472, 0.21452154112713678, 0.21388289447014147, 0.21345357994238537, 0.21358246207237244, 0.21407292251076018, 0.21454901567527226, 0.21314275761445364, 0.21370219687620798, 0.21390333345958165, 0.21491707861423492, 0.21440910895665485, 0.21463586688041686, 0.21475736371108464, 0.2145834139415196, 0.214998139689366, 0.2135995775461197, 0.21495769492217473, 0.21334590361668512, 0.2134319653113683, 0.21361756473779678, 0.21412855280297144, 0.21438949342284883, 0.2127542942762375, 0.21335183580716452, 0.21402540057897568, 0.2146106454042288, 0.21272315382957457, 0.21404530902703603, 0.21397239416837693, 0.2143481576016971, 0.21476899459958076, 0.21375718464454016, 0.21434860782963888, 0.2142710146995691]}