('OC-FakeDect1 (Trained on RND Dataset)               \nTested on AVG CDFv2 Dataset               \nRunning Average Evaluation', 'OC-FakeDect1_RND', 'RND', 'OC-FakeDect1_RND_raeonAVG')
auroc=0.5228041878890776
f1=0.6802841918294849
prec=0.9262394195888755
recall=0.5375438596491228

fpr=[0.0, 0.49193548387096775, 1.0]

tpr=[0.0, 0.5375438596491228, 1.0]

y_true=[0, 0, 0, 0, 0, 0, 0, 0, 0, 0, 0, 0, 0, 0, 0, 0, 0, 0, 0, 0, 0, 0, 0, 0, 0, 0, 0, 0, 0, 0, 0, 0, 0, 0, 0, 0, 0, 0, 0, 0, 0, 0, 0, 0, 0, 0, 0, 0, 0, 0, 0, 0, 0, 0, 0, 0, 0, 0, 0, 0, 0, 0, 0, 0, 0, 0, 0, 0, 0, 0, 0, 0, 0, 0, 0, 0, 0, 0, 0, 0, 0, 0, 0, 0, 0, 0, 0, 0, 0, 0, 0, 0, 0, 0, 0, 0, 0, 0, 0, 0, 0, 0, 0, 0, 0, 0, 0, 0, 0, 0, 0, 0, 0, 0, 0, 0, 0, 0, 0, 0, 0, 0, 0, 0, 1, 1, 1, 1, 1, 1, 1, 1, 1, 1, 1, 1, 1, 1, 1, 1, 1, 1, 1, 1, 1, 1, 1, 1, 1, 1, 1, 1, 1, 1, 1, 1, 1, 1, 1, 1, 1, 1, 1, 1, 1, 1, 1, 1, 1, 1, 1, 1, 1, 1, 1, 1, 1, 1, 1, 1, 1, 1, 1, 1, 1, 1, 1, 1, 1, 1, 1, 1, 1, 1, 1, 1, 1, 1, 1, 1, 1, 1, 1, 1, 1, 1, 1, 1, 1, 1, 1, 1, 1, 1, 1, 1, 1, 1, 1, 1, 1, 1, 1, 1, 1, 1, 1, 1, 1, 1, 1, 1, 1, 1, 1, 1, 1, 1, 1, 1, 1, 1, 1, 1, 1, 1, 1, 1, 1, 1, 1, 1, 1, 1, 1, 1, 1, 1, 1, 1, 1, 1, 1, 1, 1, 1, 1, 1, 1, 1, 1, 1, 1, 1, 1, 1, 1, 1, 1, 1, 1, 1, 1, 1, 1, 1, 1, 1, 1, 1, 1, 1, 1, 1, 1, 1, 1, 1, 1, 1, 1, 1, 1, 1, 1, 1, 1, 1, 1, 1, 1, 1, 1, 1, 1, 1, 1, 1, 1, 1, 1, 1, 1, 1, 1, 1, 1, 1, 1, 1, 1, 1, 1, 1, 1, 1, 1, 1, 1, 1, 1, 1, 1, 1, 1, 1, 1, 1, 1, 1, 1, 1, 1, 1, 1, 1, 1, 1, 1, 1, 1, 1, 1, 1, 1, 1, 1, 1, 1, 1, 1, 1, 1, 1, 1, 1, 1, 1, 1, 1, 1, 1, 1, 1, 1, 1, 1, 1, 1, 1, 1, 1, 1, 1, 1, 1, 1, 1, 1, 1, 1, 1, 1, 1, 1, 1, 1, 1, 1, 1, 1, 1, 1, 1, 1, 1, 1, 1, 1, 1, 1, 1, 1, 1, 1, 1, 1, 1, 1, 1, 1, 1, 1, 1, 1, 1, 1, 1, 1, 1, 1, 1, 1, 1, 1, 1, 1, 1, 1, 1, 1, 1, 1, 1, 1, 1, 1, 1, 1, 1, 1, 1, 1, 1, 1, 1, 1, 1, 1, 1, 1, 1, 1, 1, 1, 1, 1, 1, 1, 1, 1, 1, 1, 1, 1, 1, 1, 1, 1, 1, 1, 1, 1, 1, 1, 1, 1, 1, 1, 1, 1, 1, 1, 1, 1, 1, 1, 1, 1, 1, 1, 1, 1, 1, 1, 1, 1, 1, 1, 1, 1, 1, 1, 1, 1, 1, 1, 1, 1, 1, 1, 1, 1, 1, 1, 1, 1, 1, 1, 1, 1, 1, 1, 1, 1, 1, 1, 1, 1, 1, 1, 1, 1, 1, 1, 1, 1, 1, 1, 1, 1, 1, 1, 1, 1, 1, 1, 1, 1, 1, 1, 1, 1, 1, 1, 1, 1, 1, 1, 1, 1, 1, 1, 1, 1, 1, 1, 1, 1, 1, 1, 1, 1, 1, 1, 1, 1, 1, 1, 1, 1, 1, 1, 1, 1, 1, 1, 1, 1, 1, 1, 1, 1, 1, 1, 1, 1, 1, 1, 1, 1, 1, 1, 1, 1, 1, 1, 1, 1, 1, 1, 1, 1, 1, 1, 1, 1, 1, 1, 1, 1, 1, 1, 1, 1, 1, 1, 1, 1, 1, 1, 1, 1, 1, 1, 1, 1, 1, 1, 1, 1, 1, 1, 1, 1, 1, 1, 1, 1, 1, 1, 1, 1, 1, 1, 1, 1, 1, 1, 1, 1, 1, 1, 1, 1, 1, 1, 1, 1, 1, 1, 1, 1, 1, 1, 1, 1, 1, 1, 1, 1, 1, 1, 1, 1, 1, 1, 1, 1, 1, 1, 1, 1, 1, 1, 1, 1, 1, 1, 1, 1, 1, 1, 1, 1, 1, 1, 1, 1, 1, 1, 1, 1, 1, 1, 1, 1, 1, 1, 1, 1, 1, 1, 1, 1, 1, 1, 1, 1, 1, 1, 1, 1, 1, 1, 1, 1, 1, 1, 1, 1, 1, 1, 1, 1, 1, 1, 1, 1, 1, 1, 1, 1, 1, 1, 1, 1, 1, 1, 1, 1, 1, 1, 1, 1, 1, 1, 1, 1, 1, 1, 1, 1, 1, 1, 1, 1, 1, 1, 1, 1, 1, 1, 1, 1, 1, 1, 1, 1, 1, 1, 1, 1, 1, 1, 1, 1, 1, 1, 1, 1, 1, 1, 1, 1, 1, 1, 1, 1, 1, 1, 1, 1, 1, 1, 1, 1, 1, 1, 1, 1, 1, 1, 1, 1, 1, 1, 1, 1, 1, 1, 1, 1, 1, 1, 1, 1, 1, 1, 1, 1, 1, 1, 1, 1, 1, 1, 1, 1, 1, 1, 1, 1, 1, 1, 1, 1, 1, 1, 1, 1, 1, 1, 1, 1, 1, 1, 1, 1, 1, 1, 1, 1, 1, 1, 1, 1, 1, 1, 1, 1, 1, 1, 1, 1, 1, 1, 1, 1, 1, 1, 1, 1, 1, 1, 1, 1, 1, 1, 1, 1, 1, 1, 1, 1, 1, 1, 1, 1, 1, 1, 1, 1, 1, 1, 1, 1, 1, 1, 1, 1, 1, 1, 1, 1, 1, 1, 1, 1, 1, 1, 1, 1, 1, 1, 1, 1, 1, 1, 1, 1, 1, 1, 1, 1, 1, 1, 1, 1, 1, 1, 1, 1, 1, 1, 1, 1, 1, 1, 1, 1, 1, 1, 1, 1, 1, 1, 1, 1, 1, 1, 1, 1, 1, 1, 1, 1, 1, 1, 1, 1, 1, 1, 1, 1, 1, 1, 1, 1, 1, 1, 1, 1, 1, 1, 1, 1, 1, 1, 1, 1, 1, 1, 1, 1, 1, 1, 1, 1, 1, 1, 1, 1, 1, 1, 1, 1, 1, 1, 1, 1, 1, 1, 1, 1, 1, 1, 1, 1, 1, 1, 1, 1, 1, 1, 1, 1, 1, 1, 1, 1, 1, 1, 1, 1, 1, 1, 1, 1, 1, 1, 1, 1, 1, 1, 1, 1, 1, 1, 1, 1, 1, 1, 1, 1, 1, 1, 1, 1, 1, 1, 1, 1, 1, 1, 1, 1, 1, 1, 1, 1, 1, 1, 1, 1, 1, 1, 1, 1, 1, 1, 1, 1, 1, 1, 1, 1, 1, 1, 1, 1, 1, 1, 1, 1, 1, 1, 1, 1, 1, 1, 1, 1, 1, 1, 1, 1, 1, 1, 1, 1, 1, 1, 1, 1, 1, 1, 1, 1, 1, 1, 1, 1, 1, 1, 1, 1, 1, 1, 1, 1, 1, 1, 1, 1, 1, 1, 1, 1, 1, 1, 1, 1, 1, 1, 1, 1, 1, 1, 1, 1, 1, 1, 1, 1, 1, 1, 1, 1, 1, 1, 1, 1, 1, 1, 1, 1, 1, 1, 1, 1, 1, 1, 1, 1, 1, 1, 1, 1, 1, 1, 1, 1, 1, 1, 1, 1, 1, 1, 1, 1, 1, 1, 1, 1, 1, 1, 1, 1, 1, 1, 1, 1, 1, 1, 1, 1, 1, 1, 1, 1, 1, 1, 1, 1, 1, 1, 1, 1, 1, 1, 1, 1, 1, 1, 1, 1, 1, 1, 1, 1, 1, 1, 1, 1, 1, 1, 1, 1, 1, 1, 1, 1, 1, 1, 1, 1, 1, 1, 1, 1, 1, 1, 1, 1, 1, 1, 1, 1, 1, 1, 1, 1, 1, 1, 1, 1, 1, 1, 1, 1, 1, 1, 1, 1, 1, 1, 1, 1, 1, 1, 1, 1, 1, 1, 1, 1, 1, 1, 1, 1, 1, 1, 1, 1, 1, 1, 1, 1, 1, 1, 1, 1, 1, 1, 1, 1, 1, 1, 1, 1, 1, 1, 1, 1, 1, 1, 1, 1, 1, 1, 1, 1, 1, 1, 1, 1, 1, 1, 1, 1, 1, 1, 1, 1, 1, 1, 1, 1, 1, 1, 1, 1, 1, 1, 1, 1, 1, 1, 1, 1, 1, 1, 1, 1, 1, 1, 1, 1, 1, 1, 1, 1, 1, 1, 1, 1, 1, 1, 1, 1, 1, 1, 1, 1, 1, 1, 1, 1, 1, 1, 1, 1, 1, 1, 1, 1, 1, 1, 1, 1, 1, 1, 1, 1, 1, 1, 1, 1, 1, 1, 1, 1, 1, 1, 1, 1, 1, 1, 1, 1, 1, 1, 1, 1, 1, 1, 1, 1, 1, 1, 1, 1, 1, 1, 1, 1, 1, 1, 1, 1, 1, 1, 1, 1, 1, 1, 1, 1, 1, 1, 1, 1, 1, 1, 1, 1, 1, 1, 1, 1, 1, 1, 1, 1, 1, 1, 1, 1, 1, 1, 1, 1, 1, 1, 1, 1, 1, 1, 1, 1, 1, 1, 1, 1, 1, 1, 1, 1, 1, 1, 1, 1, 1, 1, 1, 1, 1, 1, 1, 1, 1, 1, 1, 1, 1, 1, 1, 1, 1, 1, 1, 1, 1, 1, 1, 1, 1, 1, 1, 1, 1, 1, 1, 1, 1, 1, 1, 1]

y_pred=[0.21638794243335724, 0.2160245344042778, 0.2167374464598569, 0.2158053044010611, 0.21764993965625762, 0.2156368444363276, 0.21643760625053854, 0.21596289575099945, 0.21599402030309042, 0.21728304291472716, 0.2157226949930191, 0.2141452096402645, 0.2174670234322548, 0.21686347912658344, 0.21702410280704498, 0.21449319273233414, 0.21640601754188538, 0.2171960584819317, 0.21624771878123283, 0.21550200178342707, 0.21613008404771486, 0.21681522045816695, 0.21616519581187854, 0.21600984185934066, 0.2160834250125018, 0.2165228843688965, 0.21566542088985444, 0.2147006332874298, 0.21700178583463034, 0.21719784576159257, 0.21670071238821204, 0.21669749543070793, 0.21704342388189757, 0.21616811801989874, 0.21630416437983513, 0.2163370062004436, 0.21575394421815872, 0.21569093316793442, 0.21716904938220977, 0.2159742997451262, 0.21632391672867995, 0.21678211065855893, 0.21623948216438293, 0.2158254936337471, 0.2161659151315689, 0.21588020126024882, 0.21591500739256542, 0.21643893527133123, 0.21602093902501193, 0.2170390595992406, 0.2157826476237353, 0.21542812784512838, 0.21702391023819262, 0.21654506400227547, 0.2150727609793345, 0.2167087412542767, 0.21529472103485695, 0.21674689253171284, 0.21624055390174574, 0.21582306708608354, 0.21669949498027563, 0.21590589582920075, 0.21748371597598581, 0.21470444936018723, 0.21764341316052846, 0.21585633854071298, 0.21706156556804976, 0.21606543535987535, 0.21551097823040827, 0.2160493925213814, 0.21593882888555527, 0.2159961094458898, 0.2163406566661947, 0.21597331613302231, 0.21598253051439922, 0.2161958503226439, 0.21619416773319244, 0.21747664113839468, 0.2163532618433237, 0.21658549858973578, 0.21719594987539145, 0.21521121015151343, 0.21738197803497314, 0.2162814885377884, 0.21658848822116852, 0.21572489341100057, 0.2162652239203453, 0.21589140061821258, 0.21560943871736526, 0.21635172267754874, 0.21562286019325255, 0.2166834335241999, 0.21598032414913176, 0.215846280567348, 0.2176647663116455, 0.21712607890367508, 0.21627138379742117, 0.21637057326734066, 0.21567054092884064, 0.21738010759537035, 0.21625627279281617, 0.21625690735303438, 0.217269062211639, 0.21667571490009627, 0.2156923082139757, 0.21710040337509579, 0.21570452882183921, 0.21614792363511193, 0.2170089247326056, 0.21654111444950103, 0.2144309048141752, 0.21505516652877515, 0.2156511296828588, 0.21620719730854035, 0.21621702512105306, 0.21573082904020946, 0.21580457249108484, 0.21636356871861678, 0.21679041865799162, 0.21587652180876052, 0.21612824148991527, 0.21576927478114763, 0.2173967055584255, 0.2163655124604702, 0.21557335356871288, 0.2161833643913269, 0.21722252396020023, 0.21627500653266907, 0.21518265157938005, 0.21581981380780538, 0.21719357897253597, 0.2167153000831604, 0.21616504391034444, 0.21693724393844604, 0.21568427085876465, 0.21640105545520782, 0.2168565893715078, 0.2164872209815418, 0.21605808138847352, 0.21680020497125738, 0.21597380836804708, 0.21659792433766759, 0.21706249316533408, 0.21558884382247925, 0.2156861654736779, 0.21663466095924377, 0.21595737437407175, 0.2163795653511496, 0.21600537498792013, 0.21577424249228308, 0.2157414267460505, 0.2158045843243599, 0.21635369143702768, 0.21536569735583136, 0.2165725976228714, 0.2163432498772939, 0.2160388914977803, 0.21571144163608552, 0.2154846173875472, 0.21538651684919993, 0.2159965753555298, 0.2160075848752802, 0.21599650207687826, 0.21766016036272048, 0.21628154615561168, 0.21622424265917609, 0.2161559283733368, 0.21570798667038188, 0.21578698853651682, 0.21700850874185562, 0.21682547303763303, 0.21644350439310073, 0.2158354769150416, 0.21567518909772238, 0.21660794931299546, 0.21622077524662017, 0.2164013907313347, 0.21652162887833334, 0.21542190804201014, 0.21624259054660797, 0.21612506608168283, 0.21611557462636163, 0.2158304214477539, 0.21520204146703084, 0.21558692963684306, 0.21591640909512838, 0.21721406280994415, 0.21713277155702765, 0.2158816956421908, 0.21668238341808319, 0.21610193351904552, 0.2156247435247197, 0.21639446218808492, 0.21539758543173473, 0.2164635106044657, 0.21537807881832122, 0.21663708835840226, 0.21616775339299982, 0.21651266339947195, 0.21417919248342515, 0.2181389053662618, 0.21505264937877655, 0.21555841366449993, 0.2159270703792572, 0.21630974815172307, 0.21658660769462584, 0.21665239334106445, 0.21707163073799826, 0.21534055471420288, 0.21597591042518616, 0.21638115346431733, 0.21581609108868768, 0.2164613574743271, 0.21724105775356292, 0.2149497165399439, 0.21722204287846883, 0.21715054363012315, 0.21595492552627216, 0.21652763731339397, 0.2160913825035095, 0.21498225231965382, 0.2171344090910519, 0.2168299047385945, 0.21658430695533754, 0.21662770360708236, 0.21585303003137762, 0.216274676954045, 0.2160421480735143, 0.2158200705752653, 0.21540947953859965, 0.21565143764019012, 0.21593376181342386, 0.21729332646902869, 0.21512666543324788, 0.21601901860798106, 0.21512267092863718, 0.21592416961987812, 0.21689623769591837, 0.2147383044163386, 0.21545259952545165, 0.2172428464347666, 0.2168211034115623, 0.21609044969081878, 0.21701872050762178, 0.21725337579846382, 0.21587480107943216, 0.21738419930140176, 0.21570272445678712, 0.21643640236421066, 0.2154469560174381, 0.21686717718839646, 0.21597228348255157, 0.21543461084365845, 0.21600287655989328, 0.21449767549832663, 0.2171693593263626, 0.21697017685933548, 0.21663598277989557, 0.21672885864973068, 0.21631697416305543, 0.2150981007143855, 0.21581070870161057, 0.2170398086309433, 0.21654329001903533, 0.21652504259889777, 0.21553958163541906, 0.21751297265291214, 0.21585757732391359, 0.21660226676613092, 0.21581903100013733, 0.21612251330824458, 0.21605076031251388, 0.21722898206540517, 0.2160435305400328, 0.21662425994873047, 0.21655789559537714, 0.2171270802617073, 0.21553629338741304, 0.21689006984233855, 0.21623435616493225, 0.21755036482444176, 0.21540012820200485, 0.2160969628737523, 0.21562624474366507, 0.2158381776376204, 0.21608414947986604, 0.2162419557571411, 0.21592613433798155, 0.21596978834042183, 0.2155318446457386, 0.2160848920995539, 0.21590460389852523, 0.21614047288894653, 0.21543192416429519, 0.21752263741059738, 0.216029247099703, 0.2164556695656343, 0.21522413641214372, 0.2152575562397639, 0.21635959247748057, 0.21590754985809327, 0.2164692659588421, 0.2173482500589811, 0.21578882075846195, 0.21587567031383514, 0.21535811099139127, 0.21511264259998614, 0.2167734828862277, 0.21598247641866858, 0.21581268310546875, 0.21598071058591206, 0.21587141652901967, 0.21517624067408697, 0.2149997502565384, 0.21604612469673157, 0.21542362123727798, 0.21693087071180345, 0.21636894792318345, 0.21542745704452196, 0.21597937643527984, 0.21550147923139426, 0.21654879640449176, 0.21536298096179962, 0.21572495169109768, 0.21622676998376847, 0.2169460266828537, 0.21515640450848472, 0.21642363220453262, 0.21500465720891954, 0.21638572067022324, 0.21683530360460282, 0.21577981362740198, 0.21767911612987517, 0.21571789796535784, 0.2166598547588695, 0.21504398116043635, 0.21703502701388466, 0.2154166057705879, 0.21565327942371368, 0.21695983741018507, 0.21459210962057113, 0.2153069019317627, 0.21455149799585344, 0.2167169436812401, 0.21538020794590315, 0.21547639816999437, 0.21603244084578294, 0.2154658165845004, 0.21596588620117732, 0.21568835775057474, 0.21756839603185654, 0.21454536020755768, 0.21702049010329777, 0.21568909883499146, 0.21433922797441482, 0.21653568595647812, 0.2161993846297264, 0.21726070096095404, 0.21492816060781478, 0.21610584052709433, 0.21602916717529297, 0.21520239753382547, 0.21626305249002245, 0.21524146497249602, 0.2162734180688858, 0.21723261144426134, 0.21695349365472794, 0.2159191608428955, 0.21657473891973494, 0.21673631221055983, 0.21572492203929208, 0.21690834127366543, 0.21642669141292573, 0.21480999737977982, 0.2157876417040825, 0.21585213641325632, 0.21539895070923698, 0.21521943509578706, 0.21648297607898712, 0.21578532592816788, 0.21655162796378136, 0.21563370823860167, 0.21633643209934234, 0.21681557099024454, 0.2161448614464866, 0.2165936595863766, 0.2157292351126671, 0.2170172542333603, 0.21642635491761295, 0.21757889725267887, 0.21480164378881456, 0.2170022666454315, 0.21658525367577872, 0.21618925697273678, 0.2161223722828759, 0.2155240997672081, 0.21531578600406648, 0.216751981865276, 0.2157133761793375, 0.21666506081819534, 0.21626271158456803, 0.21511794378360113, 0.21512986719608307, 0.21607036391894022, 0.21641928205887476, 0.21671216852135128, 0.21576881064818457, 0.21625125606854756, 0.2152955405987226, 0.21605415855135238, 0.21582755260169506, 0.2156630575656891, 0.21615468997221726, 0.2174586666127046, 0.21606655584441292, 0.21704824383442217, 0.2150738626718521, 0.21635898145345542, 0.2164765905056681, 0.2171773910522461, 0.21576038897037506, 0.21679533674166754, 0.21579678605000177, 0.21578716735045114, 0.21588652523664328, 0.21546216706434887, 0.21563446521759033, 0.21577843385083334, 0.21712994202971458, 0.2164795845746994, 0.2166417298408655, 0.2155813748637835, 0.2168630990717146, 0.2168224281989611, 0.2154427796602249, 0.21471436321735382, 0.21589865535497665, 0.21633834764361382, 0.21560290455818176, 0.21718361515265244, 0.2162788100540638, 0.21550886664125654, 0.21542775630950928, 0.21620811621348063, 0.21605809262165657, 0.21593510785273143, 0.21612019930034876, 0.2152561753988266, 0.2162502809212758, 0.21552548143598768, 0.2154932847389808, 0.21577618817488353, 0.2154508324769827, 0.21641650795936584, 0.21518546249717474, 0.21597939133644103, 0.215851930471567, 0.21577390283346176, 0.21477342148621878, 0.21567403582426217, 0.2173387954632441, 0.21630132312958056, 0.21588627355439322, 0.2169966632500291, 0.21586125940084458, 0.2155741024762392, 0.21658768562170175, 0.2169513205687205, 0.21553546686967215, 0.21683777524874762, 0.2168544312318166, 0.21585427797757661, 0.2155671673161643, 0.21539757680147886, 0.21575068235397338, 0.2166177722123953, 0.21629775315523148, 0.21383173101478153, 0.21579598463498628, 0.21635937790075938, 0.21734099892469552, 0.2166663876601628, 0.21574887353926897, 0.21683097630739212, 0.2154476952094298, 0.2163169557849566, 0.21595885356267294, 0.2165739731146739, 0.21567373375097912, 0.21586945194464463, 0.21598848594086512, 0.21704105008393526, 0.21669918596744536, 0.2155044709260647, 0.21585513030489287, 0.21619723074966007, 0.21625925371280083, 0.21597581406434377, 0.21550549795994392, 0.21649187483957835, 0.21460256818681955, 0.21560164391994477, 0.21574548345345718, 0.21530386929710707, 0.21615230871571434, 0.2169141322374344, 0.21644023358821868, 0.21717404631467965, 0.21587632596492767, 0.2150064231827855, 0.21652089953422546, 0.21656691225675437, 0.21556921427448592, 0.21515922248363495, 0.2149417388897676, 0.2164289464553197, 0.2168555913063196, 0.21639992616006307, 0.2168020037934184, 0.21650857329368592, 0.21573390983618224, 0.21610399583975473, 0.21505795253647697, 0.21728475391864777, 0.21598522861798605, 0.21697241067886353, 0.21594383993319102, 0.21553881373256445, 0.2163070946931839, 0.21672281622886658, 0.21506505211194357, 0.2149642606576284, 0.21643062967520493, 0.2149998962879181, 0.21546794817997858, 0.2153514176607132, 0.21576277073472738, 0.215792977809906, 0.2168189539359166, 0.2152102142572403, 0.21811416745185852, 0.21555770016633546, 0.2157076080640157, 0.2153052412546598, 0.21758112630673818, 0.21584878489375114, 0.2154259517788887, 0.21668180937950426, 0.2146045689781507, 0.21543280945883858, 0.21598320167798263, 0.2159082810084025, 0.2169389002598249, 0.2167221254536084, 0.21600222680717707, 0.21600114852190017, 0.21523640018243057, 0.21661750078201295, 0.21787846088409424, 0.21590996384620667, 0.21562954106114127, 0.21654024720191956, 0.21508755683898925, 0.21611244163729929, 0.21696846728975122, 0.21432719826698304, 0.21499501317739486, 0.21446791738271714, 0.21577224406329068, 0.21747276335954666, 0.21628243178129197, 0.21642084270715714, 0.216141707517884, 0.21690667217428033, 0.21534464982422916, 0.21665492951869963, 0.21622882336378096, 0.21604297161102295, 0.21512569893490185, 0.21653326749801635, 0.21459500044584273, 0.2174114002422853, 0.2158456336368214, 0.21607285737991333, 0.21489426642656326, 0.21723143011331558, 0.21580694913864135, 0.21733932332559067, 0.21770554184913635, 0.21558676064014434, 0.2160828724503517, 0.21497640961950476, 0.21508110653270374, 0.21640060300176794, 0.21615242660045625, 0.21690232455730438, 0.21725424379110336, 0.21577499265020544, 0.21687705367803572, 0.21652226597070695, 0.21690801084041594, 0.21675949882377277, 0.21612759205428037, 0.2162486125122417, 0.21527643927506038, 0.21597455983812158, 0.2146809995174408, 0.215183225274086, 0.21591633558273315, 0.21482108235359193, 0.21638812273740768, 0.21682581454515457, 0.2173113865511758, 0.21649360284209251, 0.21656247025186365, 0.2158116911138807, 0.21591963171958922, 0.2155041667548093, 0.21646919399499892, 0.21628253161907196, 0.21401443779468537, 0.2157223458800997, 0.21619131229817867, 0.21594087237661536, 0.21570772784096853, 0.21475546360015868, 0.2163804146376523, 0.2165280982851982, 0.21594081968069076, 0.2170824646949768, 0.21656667508862235, 0.21621635556221008, 0.21691249310970306, 0.2161969631910324, 0.21561080664396287, 0.21548862755298615, 0.21633500158786773, 0.2164476689967242, 0.21526525169610977, 0.21607705801725388, 0.21498993188142776, 0.21706752330064774, 0.21551288664340973, 0.21623629927635193, 0.21563915610313417, 0.21532712131738663, 0.21717584282159805, 0.21677571684122085, 0.21606099605560303, 0.21574556827545166, 0.21594499796628952, 0.21601035942633948, 0.21577093452215196, 0.21568858176469802, 0.2162308171391487, 0.21651664078235627, 0.21838009655475615, 0.21573086977005004, 0.21580708473920823, 0.21605655252933503, 0.2163932422796885, 0.21569315642118453, 0.21630576997995377, 0.215647791326046, 0.216668438911438, 0.21763721257448196, 0.21633890122175217, 0.2165806397795677, 0.21567237228155137, 0.21688864131768545, 0.216823248565197, 0.21657733768224716, 0.21580327600240706, 0.2150585785508156, 0.2164430648088455, 0.21584077477455138, 0.21618902534246445, 0.21548200100660325, 0.21603873620430628, 0.21649860739707946, 0.215743388235569, 0.2160441443324089, 0.21540221869945525, 0.2164808601140976, 0.21697519719600677, 0.21603682935237883, 0.21710048243403435, 0.21679672463373703, 0.21504912728613074, 0.21675053983926773, 0.21523042565042322, 0.2160037264227867, 0.21680467575788498, 0.21649234890937805, 0.21656612865626812, 0.215456176887859, 0.21621931791305543, 0.21672694385051727, 0.21529674977064134, 0.2152976244688034, 0.2162758320569992, 0.21601984463632107, 0.2170533537864685, 0.21586376428604126, 0.2161433607339859, 0.21654575250365518, 0.21699715554714202, 0.2159247428178787, 0.21666353344917297, 0.2161646317690611, 0.21612008864229376, 0.21691354431889273, 0.21638926565647126, 0.21564274430274963, 0.21621731370687486, 0.215808729827404, 0.21798213012516499, 0.21698629991574722, 0.21629134714603424, 0.21637467498129065, 0.21631852740591223, 0.21662758588790892, 0.21594089540568265, 0.21533057391643523, 0.21688171543858267, 0.2157154470682144, 0.2155580699443817, 0.21560358865694565, 0.2169324972412803, 0.2160040776837956, 0.21568785472349686, 0.2168387368321419, 0.2158924327655272, 0.21541255414485933, 0.21552392704920334, 0.21738818436861038, 0.21638951789249072, 0.21612045168876648, 0.21513957327062433, 0.21464380757375198, 0.21746275424957276, 0.21677091988650235, 0.21674664616584777, 0.2153548774394122, 0.21517494618892669, 0.21670926809310914, 0.2163438851183111, 0.216599316759543, 0.21682030775330283, 0.2169447189027613, 0.21469752490520477, 0.21568832749670203, 0.21650219410657884, 0.21642335978421298, 0.21770050078630448, 0.216427743434906, 0.21657365560531616, 0.21725045415488156, 0.2165417874401266, 0.21655683490363034, 0.21581554561853408, 0.21681643345139243, 0.21633424013853073, 0.2163091478022662, 0.21678783744573593, 0.21666811135682193, 0.2166351852091876, 0.21684367848294123, 0.2162010297179222, 0.21665406972169876, 0.21488254393140474, 0.21681968974215643, 0.21498409062623977, 0.21703086545070013, 0.21602708597977957, 0.21605606727740345, 0.21452325880527495, 0.2144429704972676, 0.21661172807216644, 0.21691209947069487, 0.2156705583135287, 0.21662819917712892, 0.2153994396328926, 0.21599462007482848, 0.2157077799240748, 0.216043299611877, 0.21633170396089554, 0.2161155981676919, 0.21646088734269142, 0.21571488678455353, 0.21544835219780603, 0.21613340824842453, 0.2165077120065689, 0.2168239876627922, 0.21683750549952188, 0.21630108882399166, 0.21669809073209761, 0.21781648695468903, 0.21577294543385506, 0.2156117744743824, 0.21644033988316855, 0.2154461560504777, 0.21645200103521348, 0.215751892576615, 0.21576867997646332, 0.2153709574657328, 0.21637232303619386, 0.21658766056810105, 0.21622209499279657, 0.2155441790819168, 0.2169202690323194, 0.21533325846706117, 0.21611015349626542, 0.2166225587328275, 0.21496208608150483, 0.21594876664526322, 0.21799600571393968, 0.21573440624134882, 0.21738342444101968, 0.21657108018795648, 0.2166255054374536, 0.21535161137580872, 0.21604618057608604, 0.21599762241045634, 0.2162939809701022, 0.21634770631790162, 0.21483732547078813, 0.21561586235960326, 0.21745504438877106, 0.21645941336949667, 0.2167884185910225, 0.21618783175945283, 0.21712497373421988, 0.21622860519325032, 0.2159106597304344, 0.2154464072414807, 0.21487767000993094, 0.2149503417313099, 0.2164265289902687, 0.21543382704257966, 0.21478263785441717, 0.21594801545143127, 0.21580815841169917, 0.21506168842315673, 0.2158428036740848, 0.21540018916130066, 0.2157306708395481, 0.21627304206291834, 0.21640550238745554, 0.21614499241113663, 0.21615687012672424, 0.21567297875881195, 0.2170013198081185, 0.21590222120285035, 0.21653500412191665, 0.21602358296513557, 0.21591286237041155, 0.21643164629737535, 0.214842360998903, 0.21397455781698227, 0.21667426327864328, 0.21601319114367168, 0.21678532660007477, 0.21659288704395294, 0.2152438424527645, 0.21645603825648627, 0.21635892490545908, 0.21620414654413858, 0.2167381153387182, 0.2149197001542364, 0.21591511617104212, 0.2165761155386766, 0.21612689768274626, 0.21616509876080922, 0.21617236733436584, 0.21614811196923256, 0.21673044164975483, 0.21674940691274755, 0.21767550110816955, 0.21685074056897843, 0.2156082565585772, 0.2172138032813867, 0.21661544467012087, 0.21586481481790543, 0.21594874436656633, 0.21605057020982107, 0.21656930884894202, 0.21567413359880447, 0.21637593635490962, 0.21531984334190687, 0.21679602190852165, 0.21737187107404074, 0.21665537463767187, 0.2158292755484581, 0.216408621519804, 0.2163596659898758, 0.21681949233307557, 0.21596406847238542, 0.21567401396376745, 0.21506246427694956, 0.21568027262886366, 0.21537713706493378, 0.21628485868374506, 0.21651792128880817, 0.21681684167946086, 0.2161845311522484, 0.2165703003605207, 0.21533592666188875, 0.2147445393105348, 0.21535252992595946, 0.21655544638633728, 0.21600972736875215, 0.21694860160350798, 0.21627765368012822, 0.21623941659927368, 0.21643000947577612, 0.2172333039343357, 0.21520622943838438, 0.2162125843266646, 0.2157945515854018, 0.21680211573839187, 0.21778141955534616, 0.21602589885393778, 0.2163135751205332, 0.21537831723690032, 0.21738969186941784, 0.21639579733212788, 0.21577875774640304, 0.21648302035672323, 0.2179929626484712, 0.21641578872998554, 0.2168339341878891, 0.2159150222937266, 0.21624811924993992, 0.21662528018156688, 0.21592351893583933, 0.21615618367989858, 0.21563648260556734, 0.21634848628725326, 0.21550561860203743, 0.21786434352397918, 0.2167254528030753, 0.21631414194901785, 0.21695773005485536, 0.21593013803164166, 0.21748353860207967, 0.21481190621852875, 0.21607333521048228, 0.2163593778386712, 0.21589124388992786, 0.21596162617206574, 0.21559582551320394, 0.21617864072322845, 0.2159501497562115, 0.21609909193856375, 0.2172672376036644, 0.21583901842435202, 0.21600863337516785, 0.2147800435622533, 0.2164010884506362, 0.21618864933649698, 0.2158942585811019, 0.21648101309935253, 0.2160254418849945, 0.21675736118446698, 0.21612553050120673, 0.21538435518741608, 0.21659022867679595, 0.21526208420594534, 0.21607627719640732, 0.21593777711192766, 0.2164177345111966, 0.21636767784754435, 0.2167032370964686, 0.2167562788183039, 0.21600212529301643, 0.2161956399679184, 0.216531503200531, 0.21686218572514399, 0.21662021428346634, 0.2169415783137083, 0.21636883715788524, 0.2171480526526769, 0.21646728027950635, 0.21647578477859497, 0.2154564380645752, 0.21724649667739868, 0.21774359792470932, 0.21624172665178776, 0.21602539122104644, 0.21506341795126596, 0.21481245214288885, 0.21621137236555418, 0.21646614174048107, 0.21588651239871978, 0.21582679636776447, 0.21619555912911892, 0.21634061510364214, 0.21656713315418788, 0.21624749784286207, 0.21697972466548285, 0.21755473911762238, 0.2171073816716671, 0.21660548727959394, 0.21497732400894165, 0.21607724130153655, 0.2170487003667014, 0.2162010486309345, 0.21492133289575577, 0.2168973907828331, 0.2155724624171853, 0.21566170174628496, 0.21616986890633902, 0.21551289955774944, 0.2154815537588937, 0.21770411271315354, 0.21627864986658096, 0.21565749645233154, 0.21607682574540377, 0.21571553964167833, 0.2160512072344621, 0.21576854785283406, 0.21480481326580048, 0.21593303749194512, 0.21689032763242722, 0.21700209826231004, 0.2167098108265135, 0.2161546846230825, 0.21686399524862116, 0.21701758727431297, 0.21671306391557058, 0.21657374997933707, 0.21549949701875448, 0.21599357426166535, 0.21619339287281036, 0.21569609310891893, 0.21711493730545045, 0.21655547483400864, 0.2160626786450545, 0.21645665963490804, 0.21551542083422343, 0.21696489950021108, 0.21617150772362947, 0.21669157644112905, 0.21629410795867443, 0.21591415173477596, 0.21505739589532216, 0.2165477993813428, 0.21540638307730356, 0.21669473846753437, 0.21669862866401673, 0.21532894670963287, 0.21585127152502537, 0.21535781224568684, 0.21677004639059305, 0.21771487262513903, 0.21632787684599558, 0.21655799448490143, 0.2163850155969461, 0.21596324642499287, 0.21684818764527639, 0.21665203372637432, 0.2162364460527897, 0.215873650709788, 0.21512417892615002, 0.21634298687179884, 0.21543606902871812, 0.21592372159163156, 0.2165042469277978, 0.21641115500376776, 0.21616686880588531, 0.21678256367643675, 0.21630372802416484, 0.21693269535899162, 0.21500092844168345, 0.21671037996808687, 0.21650926236595427, 0.2157389372587204, 0.21727677527815104, 0.21589116064401773, 0.2161065122255912, 0.21667747795581818, 0.2171118278056383, 0.2149852603673935, 0.21507395431399345, 0.21633356277431762, 0.21693946172793707, 0.21624228917062283, 0.2161215841770172, 0.2162217635374803, 0.2170217620829741, 0.21536896824836732, 0.21540134213864803, 0.21484476576248804, 0.21565640824181692, 0.21748684222499529, 0.2161265229806304, 0.21707932077921355, 0.2153547967855747, 0.21597758680582047, 0.21666487554709116, 0.2157592959702015, 0.21638386050860087, 0.2161780148744583, 0.2175298146903515, 0.21678769359221825, 0.21775850653648376, 0.21631557047367095, 0.21626649890094995, 0.2154875526825587, 0.21670285115639368, 0.21581117595945085, 0.21715009460846582, 0.21563872322440147, 0.2163007752253459, 0.21592547572576082, 0.21729159355163574, 0.21600045561790465, 0.21584927414854368, 0.21603836970669882, 0.2165391780436039, 0.2171796467155218, 0.21606407486475432, 0.21719447809916276, 0.2153824083507061, 0.21663151383399964, 0.21737431827932596, 0.21649315456549326, 0.21517424285411835, 0.21570011121886118, 0.21532150357961655, 0.21652289293706417, 0.2157590423639004, 0.2157881076519306, 0.2169189820686976, 0.21629676036536694, 0.21671114166577657, 0.21541224295894304, 0.21561369725636073, 0.2166109507282575, 0.21614612266421318, 0.21620994462416723, 0.21691234982930696, 0.21641430854797364, 0.21596350893378258, 0.2159239649772644, 0.21750642731785774, 0.2155705030475344, 0.21576730534434319, 0.2169895526021719, 0.21593161958914536, 0.21753051303900206, 0.2173537164926529, 0.21563444137573243, 0.216713004745543, 0.21559259990851085, 0.2148826296130816, 0.216763650732381, 0.215677530815204, 0.21663683280348778, 0.21618282451079443, 0.21580878931742448, 0.21653464809060097, 0.21664988001187643, 0.21506446413695812, 0.21574223240216572, 0.21484167004625002, 0.217016478734357, 0.21594700838128725, 0.21594351157546043, 0.2160456753694094, 0.21763534500048712, 0.2155460516611735, 0.21514803171157837, 0.21639563143253326, 0.21630386312802632, 0.21652339398860931, 0.21568825947386877, 0.21679271757602692, 0.21602005697786808, 0.2160646915435791, 0.21593786546817192, 0.21529836828509966, 0.2154602199792862, 0.21565227396786213, 0.21659070352713267, 0.21571127325296402, 0.21701857021876744, 0.21597997968395552, 0.21526370476931334, 0.2154891536786006, 0.21624052983063918, 0.21592292313774428, 0.21566421588261922, 0.21662369463592768, 0.21707227329413095, 0.21599674224853516, 0.21623147279024124, 0.21570629683824685, 0.21528688760904166, 0.21667620937029522, 0.21665273507436117, 0.2159811221063137, 0.2153941041656903, 0.2160952351987362, 0.21644851472228765, 0.21657743247655722, 0.2176488316976107, 0.21632847438255945, 0.21616289913654327, 0.216234871186316, 0.21607994337876638, 0.21597840264439583, 0.21682333946228027, 0.2157030962407589, 0.21618369780480862, 0.21535338346774763, 0.21626270963595465, 0.21552607168753943, 0.2154370407263438, 0.21601044293493032, 0.21593922873338064, 0.2173793653647105, 0.2166636809706688, 0.21648732998541423, 0.21731447534901754, 0.21626384556293488, 0.2179404005408287, 0.21603380569389888, 0.2159547820687294, 0.21528031677007675, 0.21612377961476645, 0.21587894956270853, 0.21622995473444462, 0.2172265989439828, 0.21639789853777205, 0.2149450421333313, 0.216371388733387, 0.21552847112928117, 0.21619568020105362, 0.21682938374578953, 0.21588667035102843, 0.2161815216143926, 0.21567653585225344, 0.21597877038376673, 0.21674494232450212, 0.2147596925497055, 0.21679461896419525, 0.21622412226029805, 0.21584614217281342, 0.21599169541150331, 0.21617969777435064, 0.21671187664781297, 0.21660279780626296, 0.21623122159923827, 0.21592986732721328, 0.21556778624653816, 0.2158914307753245, 0.2165842831134796, 0.21578585729002953, 0.21677878818341664, 0.21692803502082825, 0.21510157287120818, 0.21577054262161255, 0.2160749382206372, 0.21711254566907884, 0.21557067707180977, 0.21591811875502268, 0.21815617581208546, 0.21599093545228243, 0.21607496589422226, 0.21627123866762435, 0.21607563992341358, 0.21667853146791458, 0.2171182068330901, 0.21642019897699355, 0.21545246057212353, 0.21639776825904847, 0.2166558196147283, 0.21561603993177414, 0.21579527322735106, 0.21641166188887187, 0.21554625034332275, 0.21667408645153047, 0.2163807362318039, 0.21569459605962038, 0.21601328055063884, 0.21591529746850333, 0.21513389330357313, 0.21667866302388056, 0.21631160697766713, 0.21656705836455029, 0.21529089659452438, 0.2161376444356782, 0.21758724600076676, 0.2154740234836936, 0.21566390693187715, 0.2154234637816747, 0.21541110519319773, 0.21608431530850275, 0.21637283364931742, 0.21544748693704605, 0.2157600468822888, 0.21636189799755812, 0.2163533051808675, 0.21648663375526667, 0.21634366363286972, 0.21519247548920767, 0.21500436961650848, 0.21574415266513824, 0.21693933542285646, 0.2176367923617363, 0.21602504141628742, 0.21470782558123272, 0.2165249208609263, 0.21612015459686518, 0.2163601049355098, 0.2174598957811083, 0.2171081632375717, 0.21509698182344436, 0.21607660353183747, 0.21558244992047548, 0.21734292407830555, 0.21662093301614124, 0.2168244058266282, 0.21645921575171606, 0.21671681531838008, 0.21634730696678162, 0.21606034636497498, 0.2163485192826816, 0.21592278629541398, 0.21666221227496862, 0.21620639363924662, 0.2145071695248286, 0.21647080034017563, 0.21614118665456772, 0.2157115904348237, 0.215553085009257, 0.21483683437108994, 0.21578661245959146, 0.21631807386875151, 0.217170100659132, 0.2157072792450587, 0.21622382005055746, 0.21536911744624376, 0.21701656707695552, 0.21659808180161885, 0.2164657344420751, 0.21597342193126678, 0.21723452103989466, 0.2161640167236328, 0.2154930643737316, 0.21610098878542583, 0.21680020789305368, 0.21628406085073948, 0.21585476504904882, 0.216549385871206, 0.21559741894404094, 0.2164047822356224, 0.21536233489002501, 0.2159827634692192, 0.2150576106376118, 0.21736288709299906, 0.21620595920830965, 0.21669154738386473, 0.21592264473438263, 0.21565362910429636, 0.2166919166391546, 0.21671973566214245, 0.21582515835762023, 0.21488028764724731, 0.21569319255650043, 0.21439526478449503, 0.2158017811866907, 0.21646211884523692, 0.21611272990703584, 0.2169223539531231, 0.21660948358476162, 0.2161684364080429, 0.2170864251943735, 0.21505675425654963, 0.21508569717407228, 0.21752070263028145, 0.21617860812693834, 0.21553021868069966, 0.21738863449830276, 0.21663467429186167, 0.21620341738065083, 0.21715571482976279, 0.21747073260220615, 0.21590416878461838, 0.2166761577129364, 0.21611017840249197, 0.21663052760637724, 0.2154423426836729, 0.2156738806515932, 0.215756685535113, 0.2160548801933016, 0.21655252476533254, 0.21601174222795586, 0.21667300661404928, 0.21540491779645285, 0.21641436574004946, 0.2159321442246437, 0.21609286293387414, 0.21572484448552132, 0.21603494584560395, 0.21589414402842522, 0.21677394542429182, 0.21636538290315205, 0.2150388037165006, 0.21553347566548517, 0.21562148062955766, 0.2168580859899521, 0.21625457257032393, 0.2161203734576702, 0.21641789476076762, 0.21563732624053955, 0.21682072513633305, 0.21647719624969694, 0.2160229521493117, 0.2152584011063856, 0.21662246329443796, 0.21763308942317963, 0.2164868600666523, 0.21697645137707391, 0.21659675339857737, 0.21722352504730225, 0.21535058816274008, 0.21600759940014946, 0.21594692518313727, 0.21639344446799336, 0.21587763442879632, 0.21647917479276657, 0.21662365570664405, 0.2161531187593937, 0.21628402173519135, 0.21627623463670412, 0.21617984109454685, 0.21589576370186275, 0.21538657943407694, 0.21573054965804606, 0.2153644859790802, 0.2169445276260376, 0.21581947803497314, 0.21578403810660043, 0.21554659638139936, 0.2170239550371965, 0.21709475885419285, 0.21780789891878763, 0.21640202403068542, 0.21681160396999782, 0.21579397842288017, 0.2153911143541336, 0.21558001408210167, 0.21586617827415466, 0.21564655502637228, 0.2146302511294683, 0.21579846243063608, 0.21624579777320227, 0.21453590393066407, 0.21683752749647414, 0.21583739610818717, 0.2156138668457667, 0.21506630877653757, 0.2151448213391834, 0.21577229164540768, 0.2165123701095581, 0.21673544438985679, 0.2156406134366989, 0.217635249098142, 0.21707435448964438, 0.21699561013115776, 0.2159217937539021, 0.21560412347316743, 0.2175284687961851, 0.21609570315250984, 0.21705242196718852, 0.21567794768249288, 0.21600687962311965, 0.21739485984047255, 0.21594242751598358, 0.2154938973048154, 0.21558876220996565, 0.21633398532867432, 0.21598765332447856, 0.21663911728297963, 0.21559258951590612, 0.2158920094370842, 0.21540742485146774, 0.21613832869950464, 0.2170201620230308, 0.21575924878319105, 0.21667071784797468, 0.2174726923306783, 0.2161689207834356, 0.2160425025683183, 0.21732327590386072, 0.21649891216503947, 0.21688582529039943, 0.2155674294783519, 0.21682080005606016, 0.21649884785476484, 0.21757588404066422, 0.2158148896235686, 0.21648481612404188, 0.2152135144723089, 0.21654037430005915, 0.21651728680500618, 0.2161741405725479, 0.21588346440541117, 0.21678598650864192, 0.2158953015293394, 0.21635678596794605, 0.21622650201121965, 0.2160652694957597, 0.2169261322571681, 0.21646947860717775, 0.2155877932906151, 0.2159948412861143, 0.21766876855066844, 0.2158580149213473, 0.21713084975878397, 0.21662990003824234, 0.2166681427222032, 0.21544001599152882, 0.21645869463682174, 0.21696814681802476, 0.2156195268034935, 0.21614652499556541, 0.21647207190593085, 0.2162595891526767, 0.21561086177825928, 0.21532424489657084, 0.21616616994142532, 0.21542550091232573, 0.21620838663407735, 0.2164472540219625, 0.21541944767038027, 0.21668508116688048, 0.2153195715867556, 0.21527556975682577, 0.21600370605786642, 0.21567435264587403, 0.21674218135220663, 0.21667542308568954, 0.21647158389290175, 0.21616365015506744, 0.2169682509624041]
\score={0: [0.21638794243335724, 0.2160245344042778, 0.2167374464598569, 0.2158053044010611, 0.21764993965625762, 0.2156368444363276, 0.21643760625053854, 0.21596289575099945, 0.21599402030309042, 0.21728304291472716, 0.2157226949930191, 0.2141452096402645, 0.2174670234322548, 0.21686347912658344, 0.21702410280704498, 0.21449319273233414, 0.21640601754188538, 0.2171960584819317, 0.21624771878123283, 0.21550200178342707, 0.21613008404771486, 0.21681522045816695, 0.21616519581187854, 0.21600984185934066, 0.2160834250125018, 0.2165228843688965, 0.21566542088985444, 0.2147006332874298, 0.21700178583463034, 0.21719784576159257, 0.21670071238821204, 0.21669749543070793, 0.21704342388189757, 0.21616811801989874, 0.21630416437983513, 0.2163370062004436, 0.21575394421815872, 0.21569093316793442, 0.21716904938220977, 0.2159742997451262, 0.21632391672867995, 0.21678211065855893, 0.21623948216438293, 0.2158254936337471, 0.2161659151315689, 0.21588020126024882, 0.21591500739256542, 0.21643893527133123, 0.21602093902501193, 0.2170390595992406, 0.2157826476237353, 0.21542812784512838, 0.21702391023819262, 0.21654506400227547, 0.2150727609793345, 0.2167087412542767, 0.21529472103485695, 0.21674689253171284, 0.21624055390174574, 0.21582306708608354, 0.21669949498027563, 0.21590589582920075, 0.21748371597598581, 0.21470444936018723, 0.21764341316052846, 0.21585633854071298, 0.21706156556804976, 0.21606543535987535, 0.21551097823040827, 0.2160493925213814, 0.21593882888555527, 0.2159961094458898, 0.2163406566661947, 0.21597331613302231, 0.21598253051439922, 0.2161958503226439, 0.21619416773319244, 0.21747664113839468, 0.2163532618433237, 0.21658549858973578, 0.21719594987539145, 0.21521121015151343, 0.21738197803497314, 0.2162814885377884, 0.21658848822116852, 0.21572489341100057, 0.2162652239203453, 0.21589140061821258, 0.21560943871736526, 0.21635172267754874, 0.21562286019325255, 0.2166834335241999, 0.21598032414913176, 0.215846280567348, 0.2176647663116455, 0.21712607890367508, 0.21627138379742117, 0.21637057326734066, 0.21567054092884064, 0.21738010759537035, 0.21625627279281617, 0.21625690735303438, 0.217269062211639, 0.21667571490009627, 0.2156923082139757, 0.21710040337509579, 0.21570452882183921, 0.21614792363511193, 0.2170089247326056, 0.21654111444950103, 0.2144309048141752, 0.21505516652877515, 0.2156511296828588, 0.21620719730854035, 0.21621702512105306, 0.21573082904020946, 0.21580457249108484, 0.21636356871861678, 0.21679041865799162, 0.21587652180876052, 0.21612824148991527, 0.21576927478114763, 0.2173967055584255, 0.2163655124604702], 1: [0.21557335356871288, 0.2161833643913269, 0.21722252396020023, 0.21627500653266907, 0.21518265157938005, 0.21581981380780538, 0.21719357897253597, 0.2167153000831604, 0.21616504391034444, 0.21693724393844604, 0.21568427085876465, 0.21640105545520782, 0.2168565893715078, 0.2164872209815418, 0.21605808138847352, 0.21680020497125738, 0.21597380836804708, 0.21659792433766759, 0.21706249316533408, 0.21558884382247925, 0.2156861654736779, 0.21663466095924377, 0.21595737437407175, 0.2163795653511496, 0.21600537498792013, 0.21577424249228308, 0.2157414267460505, 0.2158045843243599, 0.21635369143702768, 0.21536569735583136, 0.2165725976228714, 0.2163432498772939, 0.2160388914977803, 0.21571144163608552, 0.2154846173875472, 0.21538651684919993, 0.2159965753555298, 0.2160075848752802, 0.21599650207687826, 0.21766016036272048, 0.21628154615561168, 0.21622424265917609, 0.2161559283733368, 0.21570798667038188, 0.21578698853651682, 0.21700850874185562, 0.21682547303763303, 0.21644350439310073, 0.2158354769150416, 0.21567518909772238, 0.21660794931299546, 0.21622077524662017, 0.2164013907313347, 0.21652162887833334, 0.21542190804201014, 0.21624259054660797, 0.21612506608168283, 0.21611557462636163, 0.2158304214477539, 0.21520204146703084, 0.21558692963684306, 0.21591640909512838, 0.21721406280994415, 0.21713277155702765, 0.2158816956421908, 0.21668238341808319, 0.21610193351904552, 0.2156247435247197, 0.21639446218808492, 0.21539758543173473, 0.2164635106044657, 0.21537807881832122, 0.21663708835840226, 0.21616775339299982, 0.21651266339947195, 0.21417919248342515, 0.2181389053662618, 0.21505264937877655, 0.21555841366449993, 0.2159270703792572, 0.21630974815172307, 0.21658660769462584, 0.21665239334106445, 0.21707163073799826, 0.21534055471420288, 0.21597591042518616, 0.21638115346431733, 0.21581609108868768, 0.2164613574743271, 0.21724105775356292, 0.2149497165399439, 0.21722204287846883, 0.21715054363012315, 0.21595492552627216, 0.21652763731339397, 0.2160913825035095, 0.21498225231965382, 0.2171344090910519, 0.2168299047385945, 0.21658430695533754, 0.21662770360708236, 0.21585303003137762, 0.216274676954045, 0.2160421480735143, 0.2158200705752653, 0.21540947953859965, 0.21565143764019012, 0.21593376181342386, 0.21729332646902869, 0.21512666543324788, 0.21601901860798106, 0.21512267092863718, 0.21592416961987812, 0.21689623769591837, 0.2147383044163386, 0.21545259952545165, 0.2172428464347666, 0.2168211034115623, 0.21609044969081878, 0.21701872050762178, 0.21725337579846382, 0.21587480107943216, 0.21738419930140176, 0.21570272445678712, 0.21643640236421066, 0.2154469560174381, 0.21686717718839646, 0.21597228348255157, 0.21543461084365845, 0.21600287655989328, 0.21449767549832663, 0.2171693593263626, 0.21697017685933548, 0.21663598277989557, 0.21672885864973068, 0.21631697416305543, 0.2150981007143855, 0.21581070870161057, 0.2170398086309433, 0.21654329001903533, 0.21652504259889777, 0.21553958163541906, 0.21751297265291214, 0.21585757732391359, 0.21660226676613092, 0.21581903100013733, 0.21612251330824458, 0.21605076031251388, 0.21722898206540517, 0.2160435305400328, 0.21662425994873047, 0.21655789559537714, 0.2171270802617073, 0.21553629338741304, 0.21689006984233855, 0.21623435616493225, 0.21755036482444176, 0.21540012820200485, 0.2160969628737523, 0.21562624474366507, 0.2158381776376204, 0.21608414947986604, 0.2162419557571411, 0.21592613433798155, 0.21596978834042183, 0.2155318446457386, 0.2160848920995539, 0.21590460389852523, 0.21614047288894653, 0.21543192416429519, 0.21752263741059738, 0.216029247099703, 0.2164556695656343, 0.21522413641214372, 0.2152575562397639, 0.21635959247748057, 0.21590754985809327, 0.2164692659588421, 0.2173482500589811, 0.21578882075846195, 0.21587567031383514, 0.21535811099139127, 0.21511264259998614, 0.2167734828862277, 0.21598247641866858, 0.21581268310546875, 0.21598071058591206, 0.21587141652901967, 0.21517624067408697, 0.2149997502565384, 0.21604612469673157, 0.21542362123727798, 0.21693087071180345, 0.21636894792318345, 0.21542745704452196, 0.21597937643527984, 0.21550147923139426, 0.21654879640449176, 0.21536298096179962, 0.21572495169109768, 0.21622676998376847, 0.2169460266828537, 0.21515640450848472, 0.21642363220453262, 0.21500465720891954, 0.21638572067022324, 0.21683530360460282, 0.21577981362740198, 0.21767911612987517, 0.21571789796535784, 0.2166598547588695, 0.21504398116043635, 0.21703502701388466, 0.2154166057705879, 0.21565327942371368, 0.21695983741018507, 0.21459210962057113, 0.2153069019317627, 0.21455149799585344, 0.2167169436812401, 0.21538020794590315, 0.21547639816999437, 0.21603244084578294, 0.2154658165845004, 0.21596588620117732, 0.21568835775057474, 0.21756839603185654, 0.21454536020755768, 0.21702049010329777, 0.21568909883499146, 0.21433922797441482, 0.21653568595647812, 0.2161993846297264, 0.21726070096095404, 0.21492816060781478, 0.21610584052709433, 0.21602916717529297, 0.21520239753382547, 0.21626305249002245, 0.21524146497249602, 0.2162734180688858, 0.21723261144426134, 0.21695349365472794, 0.2159191608428955, 0.21657473891973494, 0.21673631221055983, 0.21572492203929208, 0.21690834127366543, 0.21642669141292573, 0.21480999737977982, 0.2157876417040825, 0.21585213641325632, 0.21539895070923698, 0.21521943509578706, 0.21648297607898712, 0.21578532592816788, 0.21655162796378136, 0.21563370823860167, 0.21633643209934234, 0.21681557099024454, 0.2161448614464866, 0.2165936595863766, 0.2157292351126671, 0.2170172542333603, 0.21642635491761295, 0.21757889725267887, 0.21480164378881456, 0.2170022666454315, 0.21658525367577872, 0.21618925697273678, 0.2161223722828759, 0.2155240997672081, 0.21531578600406648, 0.216751981865276, 0.2157133761793375, 0.21666506081819534, 0.21626271158456803, 0.21511794378360113, 0.21512986719608307, 0.21607036391894022, 0.21641928205887476, 0.21671216852135128, 0.21576881064818457, 0.21625125606854756, 0.2152955405987226, 0.21605415855135238, 0.21582755260169506, 0.2156630575656891, 0.21615468997221726, 0.2174586666127046, 0.21606655584441292, 0.21704824383442217, 0.2150738626718521, 0.21635898145345542, 0.2164765905056681, 0.2171773910522461, 0.21576038897037506, 0.21679533674166754, 0.21579678605000177, 0.21578716735045114, 0.21588652523664328, 0.21546216706434887, 0.21563446521759033, 0.21577843385083334, 0.21712994202971458, 0.2164795845746994, 0.2166417298408655, 0.2155813748637835, 0.2168630990717146, 0.2168224281989611, 0.2154427796602249, 0.21471436321735382, 0.21589865535497665, 0.21633834764361382, 0.21560290455818176, 0.21718361515265244, 0.2162788100540638, 0.21550886664125654, 0.21542775630950928, 0.21620811621348063, 0.21605809262165657, 0.21593510785273143, 0.21612019930034876, 0.2152561753988266, 0.2162502809212758, 0.21552548143598768, 0.2154932847389808, 0.21577618817488353, 0.2154508324769827, 0.21641650795936584, 0.21518546249717474, 0.21597939133644103, 0.215851930471567, 0.21577390283346176, 0.21477342148621878, 0.21567403582426217, 0.2173387954632441, 0.21630132312958056, 0.21588627355439322, 0.2169966632500291, 0.21586125940084458, 0.2155741024762392, 0.21658768562170175, 0.2169513205687205, 0.21553546686967215, 0.21683777524874762, 0.2168544312318166, 0.21585427797757661, 0.2155671673161643, 0.21539757680147886, 0.21575068235397338, 0.2166177722123953, 0.21629775315523148, 0.21383173101478153, 0.21579598463498628, 0.21635937790075938, 0.21734099892469552, 0.2166663876601628, 0.21574887353926897, 0.21683097630739212, 0.2154476952094298, 0.2163169557849566, 0.21595885356267294, 0.2165739731146739, 0.21567373375097912, 0.21586945194464463, 0.21598848594086512, 0.21704105008393526, 0.21669918596744536, 0.2155044709260647, 0.21585513030489287, 0.21619723074966007, 0.21625925371280083, 0.21597581406434377, 0.21550549795994392, 0.21649187483957835, 0.21460256818681955, 0.21560164391994477, 0.21574548345345718, 0.21530386929710707, 0.21615230871571434, 0.2169141322374344, 0.21644023358821868, 0.21717404631467965, 0.21587632596492767, 0.2150064231827855, 0.21652089953422546, 0.21656691225675437, 0.21556921427448592, 0.21515922248363495, 0.2149417388897676, 0.2164289464553197, 0.2168555913063196, 0.21639992616006307, 0.2168020037934184, 0.21650857329368592, 0.21573390983618224, 0.21610399583975473, 0.21505795253647697, 0.21728475391864777, 0.21598522861798605, 0.21697241067886353, 0.21594383993319102, 0.21553881373256445, 0.2163070946931839, 0.21672281622886658, 0.21506505211194357, 0.2149642606576284, 0.21643062967520493, 0.2149998962879181, 0.21546794817997858, 0.2153514176607132, 0.21576277073472738, 0.215792977809906, 0.2168189539359166, 0.2152102142572403, 0.21811416745185852, 0.21555770016633546, 0.2157076080640157, 0.2153052412546598, 0.21758112630673818, 0.21584878489375114, 0.2154259517788887, 0.21668180937950426, 0.2146045689781507, 0.21543280945883858, 0.21598320167798263, 0.2159082810084025, 0.2169389002598249, 0.2167221254536084, 0.21600222680717707, 0.21600114852190017, 0.21523640018243057, 0.21661750078201295, 0.21787846088409424, 0.21590996384620667, 0.21562954106114127, 0.21654024720191956, 0.21508755683898925, 0.21611244163729929, 0.21696846728975122, 0.21432719826698304, 0.21499501317739486, 0.21446791738271714, 0.21577224406329068, 0.21747276335954666, 0.21628243178129197, 0.21642084270715714, 0.216141707517884, 0.21690667217428033, 0.21534464982422916, 0.21665492951869963, 0.21622882336378096, 0.21604297161102295, 0.21512569893490185, 0.21653326749801635, 0.21459500044584273, 0.2174114002422853, 0.2158456336368214, 0.21607285737991333, 0.21489426642656326, 0.21723143011331558, 0.21580694913864135, 0.21733932332559067, 0.21770554184913635, 0.21558676064014434, 0.2160828724503517, 0.21497640961950476, 0.21508110653270374, 0.21640060300176794, 0.21615242660045625, 0.21690232455730438, 0.21725424379110336, 0.21577499265020544, 0.21687705367803572, 0.21652226597070695, 0.21690801084041594, 0.21675949882377277, 0.21612759205428037, 0.2162486125122417, 0.21527643927506038, 0.21597455983812158, 0.2146809995174408, 0.215183225274086, 0.21591633558273315, 0.21482108235359193, 0.21638812273740768, 0.21682581454515457, 0.2173113865511758, 0.21649360284209251, 0.21656247025186365, 0.2158116911138807, 0.21591963171958922, 0.2155041667548093, 0.21646919399499892, 0.21628253161907196, 0.21401443779468537, 0.2157223458800997, 0.21619131229817867, 0.21594087237661536, 0.21570772784096853, 0.21475546360015868, 0.2163804146376523, 0.2165280982851982, 0.21594081968069076, 0.2170824646949768, 0.21656667508862235, 0.21621635556221008, 0.21691249310970306, 0.2161969631910324, 0.21561080664396287, 0.21548862755298615, 0.21633500158786773, 0.2164476689967242, 0.21526525169610977, 0.21607705801725388, 0.21498993188142776, 0.21706752330064774, 0.21551288664340973, 0.21623629927635193, 0.21563915610313417, 0.21532712131738663, 0.21717584282159805, 0.21677571684122085, 0.21606099605560303, 0.21574556827545166, 0.21594499796628952, 0.21601035942633948, 0.21577093452215196, 0.21568858176469802, 0.2162308171391487, 0.21651664078235627, 0.21838009655475615, 0.21573086977005004, 0.21580708473920823, 0.21605655252933503, 0.2163932422796885, 0.21569315642118453, 0.21630576997995377, 0.215647791326046, 0.216668438911438, 0.21763721257448196, 0.21633890122175217, 0.2165806397795677, 0.21567237228155137, 0.21688864131768545, 0.216823248565197, 0.21657733768224716, 0.21580327600240706, 0.2150585785508156, 0.2164430648088455, 0.21584077477455138, 0.21618902534246445, 0.21548200100660325, 0.21603873620430628, 0.21649860739707946, 0.215743388235569, 0.2160441443324089, 0.21540221869945525, 0.2164808601140976, 0.21697519719600677, 0.21603682935237883, 0.21710048243403435, 0.21679672463373703, 0.21504912728613074, 0.21675053983926773, 0.21523042565042322, 0.2160037264227867, 0.21680467575788498, 0.21649234890937805, 0.21656612865626812, 0.215456176887859, 0.21621931791305543, 0.21672694385051727, 0.21529674977064134, 0.2152976244688034, 0.2162758320569992, 0.21601984463632107, 0.2170533537864685, 0.21586376428604126, 0.2161433607339859, 0.21654575250365518, 0.21699715554714202, 0.2159247428178787, 0.21666353344917297, 0.2161646317690611, 0.21612008864229376, 0.21691354431889273, 0.21638926565647126, 0.21564274430274963, 0.21621731370687486, 0.215808729827404, 0.21798213012516499, 0.21698629991574722, 0.21629134714603424, 0.21637467498129065, 0.21631852740591223, 0.21662758588790892, 0.21594089540568265, 0.21533057391643523, 0.21688171543858267, 0.2157154470682144, 0.2155580699443817, 0.21560358865694565, 0.2169324972412803, 0.2160040776837956, 0.21568785472349686, 0.2168387368321419, 0.2158924327655272, 0.21541255414485933, 0.21552392704920334, 0.21738818436861038, 0.21638951789249072, 0.21612045168876648, 0.21513957327062433, 0.21464380757375198, 0.21746275424957276, 0.21677091988650235, 0.21674664616584777, 0.2153548774394122, 0.21517494618892669, 0.21670926809310914, 0.2163438851183111, 0.216599316759543, 0.21682030775330283, 0.2169447189027613, 0.21469752490520477, 0.21568832749670203, 0.21650219410657884, 0.21642335978421298, 0.21770050078630448, 0.216427743434906, 0.21657365560531616, 0.21725045415488156, 0.2165417874401266, 0.21655683490363034, 0.21581554561853408, 0.21681643345139243, 0.21633424013853073, 0.2163091478022662, 0.21678783744573593, 0.21666811135682193, 0.2166351852091876, 0.21684367848294123, 0.2162010297179222, 0.21665406972169876, 0.21488254393140474, 0.21681968974215643, 0.21498409062623977, 0.21703086545070013, 0.21602708597977957, 0.21605606727740345, 0.21452325880527495, 0.2144429704972676, 0.21661172807216644, 0.21691209947069487, 0.2156705583135287, 0.21662819917712892, 0.2153994396328926, 0.21599462007482848, 0.2157077799240748, 0.216043299611877, 0.21633170396089554, 0.2161155981676919, 0.21646088734269142, 0.21571488678455353, 0.21544835219780603, 0.21613340824842453, 0.2165077120065689, 0.2168239876627922, 0.21683750549952188, 0.21630108882399166, 0.21669809073209761, 0.21781648695468903, 0.21577294543385506, 0.2156117744743824, 0.21644033988316855, 0.2154461560504777, 0.21645200103521348, 0.215751892576615, 0.21576867997646332, 0.2153709574657328, 0.21637232303619386, 0.21658766056810105, 0.21622209499279657, 0.2155441790819168, 0.2169202690323194, 0.21533325846706117, 0.21611015349626542, 0.2166225587328275, 0.21496208608150483, 0.21594876664526322, 0.21799600571393968, 0.21573440624134882, 0.21738342444101968, 0.21657108018795648, 0.2166255054374536, 0.21535161137580872, 0.21604618057608604, 0.21599762241045634, 0.2162939809701022, 0.21634770631790162, 0.21483732547078813, 0.21561586235960326, 0.21745504438877106, 0.21645941336949667, 0.2167884185910225, 0.21618783175945283, 0.21712497373421988, 0.21622860519325032, 0.2159106597304344, 0.2154464072414807, 0.21487767000993094, 0.2149503417313099, 0.2164265289902687, 0.21543382704257966, 0.21478263785441717, 0.21594801545143127, 0.21580815841169917, 0.21506168842315673, 0.2158428036740848, 0.21540018916130066, 0.2157306708395481, 0.21627304206291834, 0.21640550238745554, 0.21614499241113663, 0.21615687012672424, 0.21567297875881195, 0.2170013198081185, 0.21590222120285035, 0.21653500412191665, 0.21602358296513557, 0.21591286237041155, 0.21643164629737535, 0.214842360998903, 0.21397455781698227, 0.21667426327864328, 0.21601319114367168, 0.21678532660007477, 0.21659288704395294, 0.2152438424527645, 0.21645603825648627, 0.21635892490545908, 0.21620414654413858, 0.2167381153387182, 0.2149197001542364, 0.21591511617104212, 0.2165761155386766, 0.21612689768274626, 0.21616509876080922, 0.21617236733436584, 0.21614811196923256, 0.21673044164975483, 0.21674940691274755, 0.21767550110816955, 0.21685074056897843, 0.2156082565585772, 0.2172138032813867, 0.21661544467012087, 0.21586481481790543, 0.21594874436656633, 0.21605057020982107, 0.21656930884894202, 0.21567413359880447, 0.21637593635490962, 0.21531984334190687, 0.21679602190852165, 0.21737187107404074, 0.21665537463767187, 0.2158292755484581, 0.216408621519804, 0.2163596659898758, 0.21681949233307557, 0.21596406847238542, 0.21567401396376745, 0.21506246427694956, 0.21568027262886366, 0.21537713706493378, 0.21628485868374506, 0.21651792128880817, 0.21681684167946086, 0.2161845311522484, 0.2165703003605207, 0.21533592666188875, 0.2147445393105348, 0.21535252992595946, 0.21655544638633728, 0.21600972736875215, 0.21694860160350798, 0.21627765368012822, 0.21623941659927368, 0.21643000947577612, 0.2172333039343357, 0.21520622943838438, 0.2162125843266646, 0.2157945515854018, 0.21680211573839187, 0.21778141955534616, 0.21602589885393778, 0.2163135751205332, 0.21537831723690032, 0.21738969186941784, 0.21639579733212788, 0.21577875774640304, 0.21648302035672323, 0.2179929626484712, 0.21641578872998554, 0.2168339341878891, 0.2159150222937266, 0.21624811924993992, 0.21662528018156688, 0.21592351893583933, 0.21615618367989858, 0.21563648260556734, 0.21634848628725326, 0.21550561860203743, 0.21786434352397918, 0.2167254528030753, 0.21631414194901785, 0.21695773005485536, 0.21593013803164166, 0.21748353860207967, 0.21481190621852875, 0.21607333521048228, 0.2163593778386712, 0.21589124388992786, 0.21596162617206574, 0.21559582551320394, 0.21617864072322845, 0.2159501497562115, 0.21609909193856375, 0.2172672376036644, 0.21583901842435202, 0.21600863337516785, 0.2147800435622533, 0.2164010884506362, 0.21618864933649698, 0.2158942585811019, 0.21648101309935253, 0.2160254418849945, 0.21675736118446698, 0.21612553050120673, 0.21538435518741608, 0.21659022867679595, 0.21526208420594534, 0.21607627719640732, 0.21593777711192766, 0.2164177345111966, 0.21636767784754435, 0.2167032370964686, 0.2167562788183039, 0.21600212529301643, 0.2161956399679184, 0.216531503200531, 0.21686218572514399, 0.21662021428346634, 0.2169415783137083, 0.21636883715788524, 0.2171480526526769, 0.21646728027950635, 0.21647578477859497, 0.2154564380645752, 0.21724649667739868, 0.21774359792470932, 0.21624172665178776, 0.21602539122104644, 0.21506341795126596, 0.21481245214288885, 0.21621137236555418, 0.21646614174048107, 0.21588651239871978, 0.21582679636776447, 0.21619555912911892, 0.21634061510364214, 0.21656713315418788, 0.21624749784286207, 0.21697972466548285, 0.21755473911762238, 0.2171073816716671, 0.21660548727959394, 0.21497732400894165, 0.21607724130153655, 0.2170487003667014, 0.2162010486309345, 0.21492133289575577, 0.2168973907828331, 0.2155724624171853, 0.21566170174628496, 0.21616986890633902, 0.21551289955774944, 0.2154815537588937, 0.21770411271315354, 0.21627864986658096, 0.21565749645233154, 0.21607682574540377, 0.21571553964167833, 0.2160512072344621, 0.21576854785283406, 0.21480481326580048, 0.21593303749194512, 0.21689032763242722, 0.21700209826231004, 0.2167098108265135, 0.2161546846230825, 0.21686399524862116, 0.21701758727431297, 0.21671306391557058, 0.21657374997933707, 0.21549949701875448, 0.21599357426166535, 0.21619339287281036, 0.21569609310891893, 0.21711493730545045, 0.21655547483400864, 0.2160626786450545, 0.21645665963490804, 0.21551542083422343, 0.21696489950021108, 0.21617150772362947, 0.21669157644112905, 0.21629410795867443, 0.21591415173477596, 0.21505739589532216, 0.2165477993813428, 0.21540638307730356, 0.21669473846753437, 0.21669862866401673, 0.21532894670963287, 0.21585127152502537, 0.21535781224568684, 0.21677004639059305, 0.21771487262513903, 0.21632787684599558, 0.21655799448490143, 0.2163850155969461, 0.21596324642499287, 0.21684818764527639, 0.21665203372637432, 0.2162364460527897, 0.215873650709788, 0.21512417892615002, 0.21634298687179884, 0.21543606902871812, 0.21592372159163156, 0.2165042469277978, 0.21641115500376776, 0.21616686880588531, 0.21678256367643675, 0.21630372802416484, 0.21693269535899162, 0.21500092844168345, 0.21671037996808687, 0.21650926236595427, 0.2157389372587204, 0.21727677527815104, 0.21589116064401773, 0.2161065122255912, 0.21667747795581818, 0.2171118278056383, 0.2149852603673935, 0.21507395431399345, 0.21633356277431762, 0.21693946172793707, 0.21624228917062283, 0.2161215841770172, 0.2162217635374803, 0.2170217620829741, 0.21536896824836732, 0.21540134213864803, 0.21484476576248804, 0.21565640824181692, 0.21748684222499529, 0.2161265229806304, 0.21707932077921355, 0.2153547967855747, 0.21597758680582047, 0.21666487554709116, 0.2157592959702015, 0.21638386050860087, 0.2161780148744583, 0.2175298146903515, 0.21678769359221825, 0.21775850653648376, 0.21631557047367095, 0.21626649890094995, 0.2154875526825587, 0.21670285115639368, 0.21581117595945085, 0.21715009460846582, 0.21563872322440147, 0.2163007752253459, 0.21592547572576082, 0.21729159355163574, 0.21600045561790465, 0.21584927414854368, 0.21603836970669882, 0.2165391780436039, 0.2171796467155218, 0.21606407486475432, 0.21719447809916276, 0.2153824083507061, 0.21663151383399964, 0.21737431827932596, 0.21649315456549326, 0.21517424285411835, 0.21570011121886118, 0.21532150357961655, 0.21652289293706417, 0.2157590423639004, 0.2157881076519306, 0.2169189820686976, 0.21629676036536694, 0.21671114166577657, 0.21541224295894304, 0.21561369725636073, 0.2166109507282575, 0.21614612266421318, 0.21620994462416723, 0.21691234982930696, 0.21641430854797364, 0.21596350893378258, 0.2159239649772644, 0.21750642731785774, 0.2155705030475344, 0.21576730534434319, 0.2169895526021719, 0.21593161958914536, 0.21753051303900206, 0.2173537164926529, 0.21563444137573243, 0.216713004745543, 0.21559259990851085, 0.2148826296130816, 0.216763650732381, 0.215677530815204, 0.21663683280348778, 0.21618282451079443, 0.21580878931742448, 0.21653464809060097, 0.21664988001187643, 0.21506446413695812, 0.21574223240216572, 0.21484167004625002, 0.217016478734357, 0.21594700838128725, 0.21594351157546043, 0.2160456753694094, 0.21763534500048712, 0.2155460516611735, 0.21514803171157837, 0.21639563143253326, 0.21630386312802632, 0.21652339398860931, 0.21568825947386877, 0.21679271757602692, 0.21602005697786808, 0.2160646915435791, 0.21593786546817192, 0.21529836828509966, 0.2154602199792862, 0.21565227396786213, 0.21659070352713267, 0.21571127325296402, 0.21701857021876744, 0.21597997968395552, 0.21526370476931334, 0.2154891536786006, 0.21624052983063918, 0.21592292313774428, 0.21566421588261922, 0.21662369463592768, 0.21707227329413095, 0.21599674224853516, 0.21623147279024124, 0.21570629683824685, 0.21528688760904166, 0.21667620937029522, 0.21665273507436117, 0.2159811221063137, 0.2153941041656903, 0.2160952351987362, 0.21644851472228765, 0.21657743247655722, 0.2176488316976107, 0.21632847438255945, 0.21616289913654327, 0.216234871186316, 0.21607994337876638, 0.21597840264439583, 0.21682333946228027, 0.2157030962407589, 0.21618369780480862, 0.21535338346774763, 0.21626270963595465, 0.21552607168753943, 0.2154370407263438, 0.21601044293493032, 0.21593922873338064, 0.2173793653647105, 0.2166636809706688, 0.21648732998541423, 0.21731447534901754, 0.21626384556293488, 0.2179404005408287, 0.21603380569389888, 0.2159547820687294, 0.21528031677007675, 0.21612377961476645, 0.21587894956270853, 0.21622995473444462, 0.2172265989439828, 0.21639789853777205, 0.2149450421333313, 0.216371388733387, 0.21552847112928117, 0.21619568020105362, 0.21682938374578953, 0.21588667035102843, 0.2161815216143926, 0.21567653585225344, 0.21597877038376673, 0.21674494232450212, 0.2147596925497055, 0.21679461896419525, 0.21622412226029805, 0.21584614217281342, 0.21599169541150331, 0.21617969777435064, 0.21671187664781297, 0.21660279780626296, 0.21623122159923827, 0.21592986732721328, 0.21556778624653816, 0.2158914307753245, 0.2165842831134796, 0.21578585729002953, 0.21677878818341664, 0.21692803502082825, 0.21510157287120818, 0.21577054262161255, 0.2160749382206372, 0.21711254566907884, 0.21557067707180977, 0.21591811875502268, 0.21815617581208546, 0.21599093545228243, 0.21607496589422226, 0.21627123866762435, 0.21607563992341358, 0.21667853146791458, 0.2171182068330901, 0.21642019897699355, 0.21545246057212353, 0.21639776825904847, 0.2166558196147283, 0.21561603993177414, 0.21579527322735106, 0.21641166188887187, 0.21554625034332275, 0.21667408645153047, 0.2163807362318039, 0.21569459605962038, 0.21601328055063884, 0.21591529746850333, 0.21513389330357313, 0.21667866302388056, 0.21631160697766713, 0.21656705836455029, 0.21529089659452438, 0.2161376444356782, 0.21758724600076676, 0.2154740234836936, 0.21566390693187715, 0.2154234637816747, 0.21541110519319773, 0.21608431530850275, 0.21637283364931742, 0.21544748693704605, 0.2157600468822888, 0.21636189799755812, 0.2163533051808675, 0.21648663375526667, 0.21634366363286972, 0.21519247548920767, 0.21500436961650848, 0.21574415266513824, 0.21693933542285646, 0.2176367923617363, 0.21602504141628742, 0.21470782558123272, 0.2165249208609263, 0.21612015459686518, 0.2163601049355098, 0.2174598957811083, 0.2171081632375717, 0.21509698182344436, 0.21607660353183747, 0.21558244992047548, 0.21734292407830555, 0.21662093301614124, 0.2168244058266282, 0.21645921575171606, 0.21671681531838008, 0.21634730696678162, 0.21606034636497498, 0.2163485192826816, 0.21592278629541398, 0.21666221227496862, 0.21620639363924662, 0.2145071695248286, 0.21647080034017563, 0.21614118665456772, 0.2157115904348237, 0.215553085009257, 0.21483683437108994, 0.21578661245959146, 0.21631807386875151, 0.217170100659132, 0.2157072792450587, 0.21622382005055746, 0.21536911744624376, 0.21701656707695552, 0.21659808180161885, 0.2164657344420751, 0.21597342193126678, 0.21723452103989466, 0.2161640167236328, 0.2154930643737316, 0.21610098878542583, 0.21680020789305368, 0.21628406085073948, 0.21585476504904882, 0.216549385871206, 0.21559741894404094, 0.2164047822356224, 0.21536233489002501, 0.2159827634692192, 0.2150576106376118, 0.21736288709299906, 0.21620595920830965, 0.21669154738386473, 0.21592264473438263, 0.21565362910429636, 0.2166919166391546, 0.21671973566214245, 0.21582515835762023, 0.21488028764724731, 0.21569319255650043, 0.21439526478449503, 0.2158017811866907, 0.21646211884523692, 0.21611272990703584, 0.2169223539531231, 0.21660948358476162, 0.2161684364080429, 0.2170864251943735, 0.21505675425654963, 0.21508569717407228, 0.21752070263028145, 0.21617860812693834, 0.21553021868069966, 0.21738863449830276, 0.21663467429186167, 0.21620341738065083, 0.21715571482976279, 0.21747073260220615, 0.21590416878461838, 0.2166761577129364, 0.21611017840249197, 0.21663052760637724, 0.2154423426836729, 0.2156738806515932, 0.215756685535113, 0.2160548801933016, 0.21655252476533254, 0.21601174222795586, 0.21667300661404928, 0.21540491779645285, 0.21641436574004946, 0.2159321442246437, 0.21609286293387414, 0.21572484448552132, 0.21603494584560395, 0.21589414402842522, 0.21677394542429182, 0.21636538290315205, 0.2150388037165006, 0.21553347566548517, 0.21562148062955766, 0.2168580859899521, 0.21625457257032393, 0.2161203734576702, 0.21641789476076762, 0.21563732624053955, 0.21682072513633305, 0.21647719624969694, 0.2160229521493117, 0.2152584011063856, 0.21662246329443796, 0.21763308942317963, 0.2164868600666523, 0.21697645137707391, 0.21659675339857737, 0.21722352504730225, 0.21535058816274008, 0.21600759940014946, 0.21594692518313727, 0.21639344446799336, 0.21587763442879632, 0.21647917479276657, 0.21662365570664405, 0.2161531187593937, 0.21628402173519135, 0.21627623463670412, 0.21617984109454685, 0.21589576370186275, 0.21538657943407694, 0.21573054965804606, 0.2153644859790802, 0.2169445276260376, 0.21581947803497314, 0.21578403810660043, 0.21554659638139936, 0.2170239550371965, 0.21709475885419285, 0.21780789891878763, 0.21640202403068542, 0.21681160396999782, 0.21579397842288017, 0.2153911143541336, 0.21558001408210167, 0.21586617827415466, 0.21564655502637228, 0.2146302511294683, 0.21579846243063608, 0.21624579777320227, 0.21453590393066407, 0.21683752749647414, 0.21583739610818717, 0.2156138668457667, 0.21506630877653757, 0.2151448213391834, 0.21577229164540768, 0.2165123701095581, 0.21673544438985679, 0.2156406134366989, 0.217635249098142, 0.21707435448964438, 0.21699561013115776, 0.2159217937539021, 0.21560412347316743, 0.2175284687961851, 0.21609570315250984, 0.21705242196718852, 0.21567794768249288, 0.21600687962311965, 0.21739485984047255, 0.21594242751598358, 0.2154938973048154, 0.21558876220996565, 0.21633398532867432, 0.21598765332447856, 0.21663911728297963, 0.21559258951590612, 0.2158920094370842, 0.21540742485146774, 0.21613832869950464, 0.2170201620230308, 0.21575924878319105, 0.21667071784797468, 0.2174726923306783, 0.2161689207834356, 0.2160425025683183, 0.21732327590386072, 0.21649891216503947, 0.21688582529039943, 0.2155674294783519, 0.21682080005606016, 0.21649884785476484, 0.21757588404066422, 0.2158148896235686, 0.21648481612404188, 0.2152135144723089, 0.21654037430005915, 0.21651728680500618, 0.2161741405725479, 0.21588346440541117, 0.21678598650864192, 0.2158953015293394, 0.21635678596794605, 0.21622650201121965, 0.2160652694957597, 0.2169261322571681, 0.21646947860717775, 0.2155877932906151, 0.2159948412861143, 0.21766876855066844, 0.2158580149213473, 0.21713084975878397, 0.21662990003824234, 0.2166681427222032, 0.21544001599152882, 0.21645869463682174, 0.21696814681802476, 0.2156195268034935, 0.21614652499556541, 0.21647207190593085, 0.2162595891526767, 0.21561086177825928, 0.21532424489657084, 0.21616616994142532, 0.21542550091232573, 0.21620838663407735, 0.2164472540219625, 0.21541944767038027, 0.21668508116688048, 0.2153195715867556, 0.21527556975682577, 0.21600370605786642, 0.21567435264587403, 0.21674218135220663, 0.21667542308568954, 0.21647158389290175, 0.21616365015506744, 0.2169682509624041]}