('OC-FakeDect1 (Trained on RND Dataset)  \nTested on RND FaceShifter Dataset  \nRunning Average Evaluation', 'OC-FakeDect1_RND', 'RND', 'OC-FakeDect1_RND_raeonFSHFTrnd')
auroc=0.5012861873637061
f1=0.4636363636363636
prec=0.4242928452579035
recall=0.5110220440881763

fpr=[0.0, 0.5084496693607642, 1.0]

tpr=[0.0, 0.5110220440881763, 1.0]

y_true=[0, 0, 0, 0, 0, 0, 0, 0, 0, 0, 0, 0, 0, 0, 0, 0, 0, 0, 0, 0, 0, 0, 0, 0, 0, 0, 0, 0, 0, 0, 0, 0, 0, 0, 0, 0, 0, 0, 0, 0, 0, 0, 0, 0, 0, 0, 0, 0, 0, 0, 0, 0, 0, 0, 0, 0, 0, 0, 0, 0, 0, 0, 0, 0, 0, 0, 0, 0, 0, 0, 0, 0, 0, 0, 0, 0, 0, 0, 0, 0, 0, 0, 0, 0, 0, 0, 0, 0, 0, 0, 0, 0, 0, 0, 0, 0, 0, 0, 0, 0, 0, 0, 0, 0, 0, 0, 0, 0, 0, 0, 0, 0, 0, 0, 0, 0, 0, 0, 0, 0, 0, 0, 0, 0, 0, 0, 0, 0, 0, 0, 0, 0, 0, 0, 0, 0, 0, 0, 0, 0, 0, 0, 0, 0, 0, 0, 0, 0, 0, 0, 0, 0, 0, 0, 0, 0, 0, 0, 0, 0, 0, 0, 0, 0, 0, 0, 0, 0, 0, 0, 0, 0, 0, 0, 0, 0, 0, 0, 0, 0, 0, 0, 0, 0, 0, 0, 0, 0, 0, 0, 0, 0, 0, 0, 0, 0, 0, 0, 0, 0, 0, 0, 0, 0, 0, 0, 0, 0, 0, 0, 0, 0, 0, 0, 0, 0, 0, 0, 0, 0, 0, 0, 0, 0, 0, 0, 0, 0, 0, 0, 0, 0, 0, 0, 0, 0, 0, 0, 0, 0, 0, 0, 0, 0, 0, 0, 0, 0, 0, 0, 0, 0, 0, 0, 0, 0, 0, 0, 0, 0, 0, 0, 0, 0, 0, 0, 0, 0, 0, 0, 0, 0, 0, 0, 0, 0, 0, 0, 0, 0, 0, 0, 0, 0, 0, 0, 0, 0, 0, 0, 0, 0, 0, 0, 0, 0, 0, 0, 0, 0, 0, 0, 0, 0, 0, 0, 0, 0, 0, 0, 0, 0, 0, 0, 0, 0, 0, 0, 0, 0, 0, 0, 0, 0, 0, 0, 0, 0, 0, 0, 0, 0, 0, 0, 0, 0, 0, 0, 0, 0, 0, 0, 0, 0, 0, 0, 0, 0, 0, 0, 0, 0, 0, 0, 0, 0, 0, 0, 0, 0, 0, 0, 0, 0, 0, 0, 0, 0, 0, 0, 0, 0, 0, 0, 0, 0, 0, 0, 0, 0, 0, 0, 0, 0, 0, 0, 0, 0, 0, 0, 0, 0, 0, 0, 0, 0, 0, 0, 0, 0, 0, 0, 0, 0, 0, 0, 0, 0, 0, 0, 0, 0, 0, 0, 0, 0, 0, 0, 0, 0, 0, 0, 0, 0, 0, 0, 0, 0, 0, 0, 0, 0, 0, 0, 0, 0, 0, 0, 0, 0, 0, 0, 0, 0, 0, 0, 0, 0, 0, 0, 0, 0, 0, 0, 0, 0, 0, 0, 0, 0, 0, 0, 0, 0, 0, 0, 0, 0, 0, 0, 0, 0, 0, 0, 0, 0, 0, 0, 0, 0, 0, 0, 0, 0, 0, 0, 0, 0, 0, 0, 0, 0, 0, 0, 0, 0, 0, 0, 0, 0, 0, 0, 0, 0, 0, 0, 0, 0, 0, 0, 0, 0, 0, 0, 0, 0, 0, 0, 0, 0, 0, 0, 0, 0, 0, 0, 0, 0, 0, 0, 0, 0, 0, 0, 0, 0, 0, 0, 0, 0, 0, 0, 0, 0, 0, 0, 0, 0, 0, 0, 0, 0, 0, 0, 0, 0, 0, 0, 0, 0, 0, 0, 0, 0, 0, 0, 0, 0, 0, 0, 0, 0, 0, 0, 0, 0, 0, 0, 0, 0, 0, 0, 0, 0, 0, 0, 0, 0, 0, 0, 0, 0, 0, 0, 0, 0, 0, 0, 0, 0, 0, 0, 0, 0, 0, 0, 0, 0, 0, 0, 0, 0, 0, 0, 0, 0, 0, 0, 0, 0, 0, 0, 0, 0, 0, 0, 0, 0, 0, 0, 0, 0, 0, 0, 0, 0, 0, 0, 0, 0, 0, 0, 0, 0, 0, 0, 0, 0, 0, 0, 0, 0, 0, 0, 0, 0, 0, 0, 0, 0, 0, 0, 0, 0, 0, 0, 0, 0, 0, 0, 0, 0, 0, 0, 0, 0, 0, 0, 0, 0, 0, 0, 0, 0, 0, 0, 0, 0, 0, 0, 0, 0, 0, 0, 0, 0, 0, 0, 0, 0, 0, 0, 0, 0, 0, 0, 0, 0, 0, 0, 0, 0, 0, 0, 0, 0, 0, 0, 0, 0, 0, 0, 0, 0, 0, 0, 0, 0, 0, 0, 0, 0, 0, 0, 0, 0, 0, 0, 0, 0, 0, 0, 0, 0, 0, 0, 0, 0, 0, 0, 0, 0, 0, 0, 0, 0, 0, 0, 0, 0, 0, 0, 0, 0, 0, 0, 0, 0, 0, 0, 0, 0, 0, 0, 0, 0, 0, 0, 0, 0, 0, 0, 0, 0, 0, 0, 0, 0, 0, 0, 0, 0, 0, 0, 0, 0, 0, 0, 0, 0, 0, 0, 0, 0, 0, 0, 0, 0, 0, 0, 0, 0, 0, 0, 0, 0, 0, 0, 0, 0, 0, 0, 0, 0, 0, 0, 0, 0, 0, 0, 0, 0, 0, 0, 0, 0, 0, 0, 0, 0, 0, 0, 0, 0, 0, 0, 0, 0, 0, 0, 0, 0, 0, 0, 0, 0, 0, 0, 0, 0, 0, 0, 0, 0, 0, 0, 0, 0, 0, 0, 0, 0, 0, 0, 0, 0, 0, 0, 0, 0, 0, 0, 0, 0, 0, 0, 0, 0, 0, 0, 0, 0, 0, 0, 0, 0, 0, 0, 0, 0, 0, 0, 0, 0, 0, 0, 0, 0, 0, 0, 0, 0, 0, 0, 0, 0, 0, 0, 0, 0, 0, 0, 0, 0, 0, 0, 0, 0, 0, 0, 0, 0, 0, 0, 0, 0, 0, 0, 0, 0, 0, 0, 0, 0, 0, 0, 0, 0, 0, 0, 0, 0, 0, 0, 0, 0, 0, 0, 0, 0, 0, 0, 0, 0, 0, 0, 0, 0, 0, 0, 0, 0, 0, 0, 0, 0, 0, 0, 0, 0, 0, 0, 0, 0, 0, 0, 0, 0, 0, 0, 0, 0, 0, 0, 0, 0, 0, 0, 0, 0, 0, 0, 0, 0, 0, 0, 0, 0, 0, 0, 0, 0, 0, 0, 0, 0, 0, 0, 0, 0, 0, 0, 0, 0, 0, 0, 0, 0, 0, 0, 0, 0, 0, 0, 0, 0, 0, 0, 0, 0, 0, 0, 0, 0, 0, 0, 0, 0, 0, 0, 0, 0, 0, 0, 0, 0, 0, 0, 0, 0, 0, 0, 0, 0, 0, 0, 0, 0, 0, 0, 0, 0, 0, 0, 0, 0, 0, 0, 0, 0, 0, 0, 0, 0, 0, 0, 0, 0, 0, 0, 0, 0, 0, 0, 0, 0, 0, 0, 0, 0, 0, 0, 0, 0, 0, 0, 0, 0, 0, 0, 0, 0, 0, 0, 0, 0, 0, 0, 0, 0, 0, 0, 0, 0, 0, 0, 0, 0, 0, 0, 0, 0, 0, 0, 0, 0, 0, 0, 0, 0, 0, 0, 0, 0, 0, 0, 0, 0, 0, 0, 0, 0, 0, 0, 0, 0, 0, 0, 0, 0, 0, 0, 0, 0, 0, 0, 0, 0, 0, 0, 0, 0, 0, 0, 0, 0, 0, 0, 0, 0, 0, 0, 0, 0, 0, 0, 0, 0, 0, 0, 0, 0, 0, 0, 0, 0, 0, 0, 0, 0, 0, 0, 0, 0, 0, 0, 0, 0, 0, 0, 0, 0, 0, 0, 0, 0, 0, 0, 0, 0, 0, 0, 0, 0, 0, 0, 0, 0, 0, 0, 0, 0, 0, 0, 0, 0, 0, 0, 0, 0, 0, 0, 0, 0, 0, 0, 0, 0, 0, 0, 0, 0, 0, 0, 0, 0, 0, 0, 0, 0, 0, 0, 0, 0, 0, 0, 0, 0, 0, 0, 0, 0, 0, 0, 0, 0, 0, 0, 0, 0, 0, 0, 0, 0, 0, 0, 0, 0, 0, 0, 0, 0, 0, 0, 0, 0, 0, 0, 0, 0, 0, 0, 0, 0, 0, 0, 0, 0, 0, 0, 0, 0, 0, 0, 0, 0, 0, 0, 0, 0, 0, 0, 0, 0, 0, 0, 0, 0, 0, 0, 0, 0, 0, 0, 0, 0, 0, 0, 0, 0, 0, 0, 0, 0, 0, 0, 0, 0, 0, 0, 0, 0, 0, 0, 0, 0, 0, 0, 0, 0, 0, 1, 1, 1, 1, 1, 1, 1, 1, 1, 1, 1, 1, 1, 1, 1, 1, 1, 1, 1, 1, 1, 1, 1, 1, 1, 1, 1, 1, 1, 1, 1, 1, 1, 1, 1, 1, 1, 1, 1, 1, 1, 1, 1, 1, 1, 1, 1, 1, 1, 1, 1, 1, 1, 1, 1, 1, 1, 1, 1, 1, 1, 1, 1, 1, 1, 1, 1, 1, 1, 1, 1, 1, 1, 1, 1, 1, 1, 1, 1, 1, 1, 1, 1, 1, 1, 1, 1, 1, 1, 1, 1, 1, 1, 1, 1, 1, 1, 1, 1, 1, 1, 1, 1, 1, 1, 1, 1, 1, 1, 1, 1, 1, 1, 1, 1, 1, 1, 1, 1, 1, 1, 1, 1, 1, 1, 1, 1, 1, 1, 1, 1, 1, 1, 1, 1, 1, 1, 1, 1, 1, 1, 1, 1, 1, 1, 1, 1, 1, 1, 1, 1, 1, 1, 1, 1, 1, 1, 1, 1, 1, 1, 1, 1, 1, 1, 1, 1, 1, 1, 1, 1, 1, 1, 1, 1, 1, 1, 1, 1, 1, 1, 1, 1, 1, 1, 1, 1, 1, 1, 1, 1, 1, 1, 1, 1, 1, 1, 1, 1, 1, 1, 1, 1, 1, 1, 1, 1, 1, 1, 1, 1, 1, 1, 1, 1, 1, 1, 1, 1, 1, 1, 1, 1, 1, 1, 1, 1, 1, 1, 1, 1, 1, 1, 1, 1, 1, 1, 1, 1, 1, 1, 1, 1, 1, 1, 1, 1, 1, 1, 1, 1, 1, 1, 1, 1, 1, 1, 1, 1, 1, 1, 1, 1, 1, 1, 1, 1, 1, 1, 1, 1, 1, 1, 1, 1, 1, 1, 1, 1, 1, 1, 1, 1, 1, 1, 1, 1, 1, 1, 1, 1, 1, 1, 1, 1, 1, 1, 1, 1, 1, 1, 1, 1, 1, 1, 1, 1, 1, 1, 1, 1, 1, 1, 1, 1, 1, 1, 1, 1, 1, 1, 1, 1, 1, 1, 1, 1, 1, 1, 1, 1, 1, 1, 1, 1, 1, 1, 1, 1, 1, 1, 1, 1, 1, 1, 1, 1, 1, 1, 1, 1, 1, 1, 1, 1, 1, 1, 1, 1, 1, 1, 1, 1, 1, 1, 1, 1, 1, 1, 1, 1, 1, 1, 1, 1, 1, 1, 1, 1, 1, 1, 1, 1, 1, 1, 1, 1, 1, 1, 1, 1, 1, 1, 1, 1, 1, 1, 1, 1, 1, 1, 1, 1, 1, 1, 1, 1, 1, 1, 1, 1, 1, 1, 1, 1, 1, 1, 1, 1, 1, 1, 1, 1, 1, 1, 1, 1, 1, 1, 1, 1, 1, 1, 1, 1, 1, 1, 1, 1, 1, 1, 1, 1, 1, 1, 1, 1, 1, 1, 1, 1, 1, 1, 1, 1, 1, 1, 1, 1, 1, 1, 1, 1, 1, 1, 1, 1, 1, 1, 1, 1, 1, 1, 1, 1, 1, 1, 1, 1, 1, 1, 1, 1, 1, 1, 1, 1, 1, 1, 1, 1, 1, 1, 1, 1, 1, 1, 1, 1, 1, 1, 1, 1, 1, 1, 1, 1, 1, 1, 1, 1, 1, 1, 1, 1, 1, 1, 1, 1, 1, 1, 1, 1, 1, 1, 1, 1, 1, 1, 1, 1, 1, 1, 1, 1, 1, 1, 1, 1, 1, 1, 1, 1, 1, 1, 1, 1, 1, 1, 1, 1, 1, 1, 1, 1, 1, 1, 1, 1, 1, 1, 1, 1, 1, 1, 1, 1, 1, 1, 1, 1, 1, 1, 1, 1, 1, 1, 1, 1, 1, 1, 1, 1, 1, 1, 1, 1, 1, 1, 1, 1, 1, 1, 1, 1, 1, 1, 1, 1, 1, 1, 1, 1, 1, 1, 1, 1, 1, 1, 1, 1, 1, 1, 1, 1, 1, 1, 1, 1, 1, 1, 1, 1, 1, 1, 1, 1, 1, 1, 1, 1, 1, 1, 1, 1, 1, 1, 1, 1, 1, 1, 1, 1, 1, 1, 1, 1, 1, 1, 1, 1, 1, 1, 1, 1, 1, 1, 1, 1, 1, 1, 1, 1, 1, 1, 1, 1, 1, 1, 1, 1, 1, 1, 1, 1, 1, 1, 1, 1, 1, 1, 1, 1, 1, 1, 1, 1, 1, 1, 1, 1, 1, 1, 1, 1, 1, 1, 1, 1, 1, 1, 1, 1, 1, 1, 1, 1, 1, 1, 1, 1, 1, 1, 1, 1, 1, 1, 1, 1, 1, 1, 1, 1, 1, 1, 1, 1, 1, 1, 1, 1, 1, 1, 1, 1, 1, 1, 1, 1, 1, 1, 1, 1, 1, 1, 1, 1, 1, 1, 1, 1, 1, 1, 1, 1, 1, 1, 1, 1, 1, 1, 1, 1, 1, 1, 1, 1, 1, 1, 1, 1, 1, 1, 1, 1, 1, 1, 1, 1, 1, 1, 1, 1, 1, 1, 1, 1, 1, 1, 1, 1, 1, 1, 1, 1, 1, 1, 1, 1, 1, 1, 1, 1, 1, 1, 1, 1, 1, 1, 1, 1, 1, 1, 1, 1, 1, 1, 1, 1, 1, 1, 1, 1, 1, 1, 1, 1, 1, 1, 1, 1, 1, 1, 1, 1, 1, 1, 1, 1, 1, 1, 1, 1, 1, 1, 1, 1, 1, 1, 1, 1, 1, 1, 1, 1, 1, 1, 1, 1, 1, 1, 1, 1, 1, 1, 1, 1, 1, 1, 1, 1, 1, 1, 1, 1, 1, 1, 1, 1, 1, 1, 1, 1, 1, 1, 1, 1, 1, 1, 1, 1, 1, 1, 1, 1, 1, 1, 1, 1, 1, 1, 1, 1, 1, 1, 1, 1, 1, 1, 1, 1, 1, 1, 1, 1, 1, 1, 1, 1, 1, 1, 1, 1, 1, 1, 1, 1, 1, 1, 1, 1, 1, 1, 1, 1, 1, 1, 1, 1, 1, 1, 1, 1, 1, 1, 1, 1, 1, 1, 1, 1, 1, 1, 1, 1, 1, 1, 1, 1, 1, 1, 1, 1, 1, 1, 1, 1, 1, 1, 1, 1, 1, 1, 1, 1, 1, 1, 1, 1, 1, 1, 1, 1, 1, 1, 1, 1, 1, 1, 1, 1, 1, 1, 1, 1, 1, 1, 1]

y_pred=[0.0, 0.0, 0.0, 1.0, 0.0, 1.0, 1.0, 1.0, 1.0, 0.0, 1.0, 0.0, 1.0, 0.0, 1.0, 0.0, 1.0, 1.0, 0.0, 1.0, 1.0, 0.0, 0.0, 1.0, 0.0, 1.0, 1.0, 0.0, 0.0, 1.0, 1.0, 0.0, 1.0, 1.0, 1.0, 1.0, 0.0, 0.0, 0.0, 1.0, 0.0, 0.0, 0.0, 1.0, 0.0, 0.0, 1.0, 1.0, 0.0, 0.0, 0.0, 1.0, 0.0, 0.0, 1.0, 1.0, 0.0, 1.0, 0.0, 0.0, 1.0, 1.0, 0.0, 0.0, 1.0, 0.0, 0.0, 0.0, 1.0, 1.0, 0.0, 0.0, 0.0, 0.0, 0.0, 0.0, 0.0, 0.0, 0.0, 1.0, 0.0, 0.0, 0.0, 0.0, 0.0, 1.0, 1.0, 0.0, 1.0, 1.0, 0.0, 0.0, 0.0, 0.0, 1.0, 1.0, 1.0, 1.0, 0.0, 1.0, 1.0, 0.0, 1.0, 0.0, 0.0, 1.0, 1.0, 0.0, 1.0, 1.0, 1.0, 0.0, 0.0, 1.0, 1.0, 0.0, 1.0, 1.0, 1.0, 0.0, 1.0, 0.0, 0.0, 1.0, 0.0, 0.0, 0.0, 1.0, 0.0, 0.0, 0.0, 0.0, 1.0, 1.0, 1.0, 0.0, 1.0, 0.0, 0.0, 0.0, 0.0, 1.0, 0.0, 0.0, 1.0, 0.0, 0.0, 1.0, 0.0, 0.0, 1.0, 1.0, 1.0, 0.0, 0.0, 0.0, 1.0, 0.0, 0.0, 0.0, 1.0, 1.0, 0.0, 1.0, 0.0, 1.0, 0.0, 0.0, 1.0, 0.0, 0.0, 0.0, 1.0, 1.0, 0.0, 1.0, 0.0, 0.0, 0.0, 0.0, 0.0, 1.0, 1.0, 1.0, 0.0, 1.0, 0.0, 1.0, 0.0, 1.0, 0.0, 1.0, 1.0, 1.0, 1.0, 1.0, 1.0, 1.0, 0.0, 0.0, 1.0, 0.0, 1.0, 1.0, 1.0, 0.0, 0.0, 0.0, 1.0, 1.0, 1.0, 0.0, 1.0, 0.0, 0.0, 1.0, 0.0, 1.0, 0.0, 0.0, 0.0, 0.0, 1.0, 1.0, 1.0, 1.0, 0.0, 1.0, 1.0, 0.0, 1.0, 0.0, 1.0, 1.0, 0.0, 0.0, 1.0, 1.0, 1.0, 1.0, 0.0, 1.0, 1.0, 0.0, 1.0, 1.0, 0.0, 0.0, 0.0, 0.0, 0.0, 1.0, 1.0, 1.0, 1.0, 0.0, 1.0, 0.0, 0.0, 0.0, 0.0, 0.0, 0.0, 1.0, 1.0, 0.0, 1.0, 1.0, 1.0, 1.0, 0.0, 1.0, 0.0, 1.0, 0.0, 0.0, 0.0, 1.0, 1.0, 0.0, 0.0, 0.0, 0.0, 1.0, 1.0, 0.0, 0.0, 0.0, 0.0, 1.0, 1.0, 1.0, 0.0, 0.0, 1.0, 1.0, 0.0, 1.0, 0.0, 1.0, 0.0, 1.0, 0.0, 1.0, 0.0, 0.0, 1.0, 0.0, 0.0, 1.0, 1.0, 0.0, 0.0, 0.0, 0.0, 1.0, 1.0, 1.0, 1.0, 0.0, 0.0, 0.0, 0.0, 0.0, 1.0, 0.0, 0.0, 1.0, 1.0, 0.0, 0.0, 1.0, 0.0, 1.0, 0.0, 1.0, 0.0, 0.0, 1.0, 1.0, 1.0, 0.0, 1.0, 1.0, 1.0, 0.0, 0.0, 1.0, 1.0, 0.0, 1.0, 1.0, 0.0, 1.0, 1.0, 1.0, 0.0, 1.0, 1.0, 1.0, 1.0, 0.0, 0.0, 0.0, 0.0, 0.0, 0.0, 1.0, 0.0, 1.0, 1.0, 1.0, 0.0, 0.0, 0.0, 0.0, 1.0, 0.0, 0.0, 0.0, 1.0, 1.0, 1.0, 1.0, 1.0, 0.0, 1.0, 0.0, 0.0, 1.0, 0.0, 1.0, 0.0, 1.0, 1.0, 0.0, 1.0, 1.0, 0.0, 0.0, 0.0, 1.0, 1.0, 0.0, 0.0, 0.0, 0.0, 0.0, 1.0, 0.0, 1.0, 0.0, 0.0, 0.0, 0.0, 1.0, 0.0, 1.0, 0.0, 0.0, 1.0, 0.0, 0.0, 1.0, 1.0, 1.0, 1.0, 1.0, 0.0, 0.0, 1.0, 0.0, 0.0, 1.0, 1.0, 1.0, 1.0, 0.0, 0.0, 1.0, 1.0, 1.0, 1.0, 1.0, 1.0, 0.0, 1.0, 0.0, 1.0, 1.0, 0.0, 0.0, 1.0, 0.0, 1.0, 1.0, 0.0, 0.0, 0.0, 0.0, 0.0, 1.0, 0.0, 0.0, 0.0, 1.0, 0.0, 1.0, 0.0, 1.0, 0.0, 0.0, 1.0, 1.0, 1.0, 1.0, 1.0, 1.0, 1.0, 1.0, 1.0, 0.0, 1.0, 1.0, 0.0, 0.0, 1.0, 1.0, 0.0, 1.0, 1.0, 1.0, 1.0, 0.0, 0.0, 0.0, 1.0, 0.0, 0.0, 0.0, 1.0, 0.0, 1.0, 1.0, 1.0, 1.0, 0.0, 0.0, 1.0, 0.0, 0.0, 0.0, 0.0, 0.0, 0.0, 0.0, 0.0, 1.0, 1.0, 1.0, 1.0, 1.0, 1.0, 0.0, 0.0, 0.0, 0.0, 1.0, 0.0, 1.0, 0.0, 1.0, 0.0, 1.0, 0.0, 0.0, 1.0, 0.0, 0.0, 1.0, 0.0, 1.0, 0.0, 0.0, 0.0, 0.0, 0.0, 0.0, 1.0, 0.0, 0.0, 0.0, 0.0, 1.0, 1.0, 1.0, 1.0, 1.0, 0.0, 0.0, 1.0, 0.0, 1.0, 0.0, 0.0, 0.0, 0.0, 1.0, 0.0, 1.0, 1.0, 0.0, 0.0, 0.0, 0.0, 1.0, 0.0, 0.0, 1.0, 0.0, 1.0, 0.0, 0.0, 1.0, 1.0, 0.0, 0.0, 0.0, 1.0, 0.0, 1.0, 0.0, 1.0, 1.0, 1.0, 1.0, 1.0, 0.0, 0.0, 1.0, 0.0, 1.0, 1.0, 0.0, 1.0, 1.0, 0.0, 0.0, 0.0, 1.0, 1.0, 0.0, 1.0, 0.0, 0.0, 1.0, 1.0, 1.0, 0.0, 0.0, 0.0, 1.0, 1.0, 1.0, 1.0, 0.0, 0.0, 1.0, 1.0, 1.0, 1.0, 1.0, 1.0, 0.0, 0.0, 1.0, 1.0, 1.0, 0.0, 1.0, 1.0, 0.0, 1.0, 1.0, 1.0, 1.0, 0.0, 0.0, 1.0, 0.0, 1.0, 1.0, 1.0, 1.0, 1.0, 0.0, 1.0, 1.0, 1.0, 0.0, 0.0, 1.0, 0.0, 0.0, 0.0, 1.0, 0.0, 1.0, 1.0, 0.0, 0.0, 0.0, 0.0, 1.0, 1.0, 1.0, 1.0, 0.0, 1.0, 0.0, 1.0, 1.0, 1.0, 1.0, 1.0, 0.0, 1.0, 0.0, 0.0, 0.0, 0.0, 1.0, 0.0, 1.0, 1.0, 0.0, 0.0, 1.0, 1.0, 0.0, 0.0, 1.0, 1.0, 1.0, 0.0, 1.0, 0.0, 0.0, 1.0, 0.0, 1.0, 0.0, 1.0, 1.0, 0.0, 1.0, 1.0, 0.0, 0.0, 1.0, 1.0, 1.0, 0.0, 1.0, 0.0, 0.0, 1.0, 0.0, 1.0, 1.0, 1.0, 0.0, 0.0, 1.0, 1.0, 1.0, 1.0, 0.0, 0.0, 1.0, 1.0, 1.0, 0.0, 1.0, 0.0, 0.0, 1.0, 1.0, 0.0, 1.0, 1.0, 0.0, 1.0, 0.0, 1.0, 1.0, 1.0, 1.0, 1.0, 1.0, 1.0, 1.0, 0.0, 0.0, 1.0, 0.0, 0.0, 0.0, 1.0, 0.0, 1.0, 1.0, 1.0, 1.0, 0.0, 1.0, 0.0, 1.0, 0.0, 0.0, 1.0, 0.0, 1.0, 0.0, 1.0, 0.0, 0.0, 0.0, 1.0, 1.0, 1.0, 1.0, 0.0, 0.0, 1.0, 0.0, 0.0, 0.0, 0.0, 0.0, 0.0, 0.0, 1.0, 1.0, 1.0, 0.0, 0.0, 1.0, 1.0, 0.0, 0.0, 0.0, 1.0, 1.0, 0.0, 1.0, 1.0, 1.0, 1.0, 1.0, 0.0, 1.0, 1.0, 1.0, 0.0, 1.0, 0.0, 1.0, 0.0, 1.0, 1.0, 0.0, 1.0, 0.0, 1.0, 1.0, 0.0, 0.0, 0.0, 1.0, 1.0, 1.0, 0.0, 0.0, 1.0, 1.0, 0.0, 1.0, 0.0, 0.0, 1.0, 0.0, 0.0, 0.0, 1.0, 0.0, 0.0, 0.0, 1.0, 0.0, 1.0, 1.0, 1.0, 1.0, 0.0, 1.0, 1.0, 1.0, 1.0, 0.0, 1.0, 0.0, 0.0, 0.0, 1.0, 0.0, 1.0, 1.0, 0.0, 1.0, 1.0, 0.0, 1.0, 0.0, 0.0, 1.0, 1.0, 0.0, 1.0, 0.0, 0.0, 0.0, 0.0, 0.0, 0.0, 0.0, 1.0, 1.0, 0.0, 1.0, 1.0, 0.0, 1.0, 0.0, 1.0, 1.0, 1.0, 1.0, 0.0, 0.0, 1.0, 0.0, 0.0, 0.0, 1.0, 1.0, 1.0, 0.0, 0.0, 0.0, 0.0, 0.0, 0.0, 1.0, 1.0, 1.0, 1.0, 1.0, 0.0, 1.0, 0.0, 0.0, 1.0, 1.0, 0.0, 0.0, 1.0, 1.0, 0.0, 0.0, 0.0, 0.0, 1.0, 1.0, 1.0, 1.0, 0.0, 1.0, 0.0, 1.0, 1.0, 0.0, 0.0, 0.0, 0.0, 0.0, 0.0, 0.0, 1.0, 1.0, 0.0, 1.0, 0.0, 1.0, 0.0, 1.0, 1.0, 0.0, 0.0, 1.0, 1.0, 1.0, 0.0, 1.0, 1.0, 1.0, 0.0, 0.0, 0.0, 1.0, 0.0, 0.0, 1.0, 0.0, 0.0, 1.0, 0.0, 1.0, 0.0, 0.0, 1.0, 0.0, 0.0, 1.0, 1.0, 0.0, 1.0, 1.0, 1.0, 0.0, 0.0, 1.0, 1.0, 0.0, 0.0, 0.0, 0.0, 0.0, 0.0, 1.0, 1.0, 0.0, 1.0, 0.0, 1.0, 1.0, 1.0, 1.0, 0.0, 0.0, 1.0, 0.0, 1.0, 0.0, 0.0, 0.0, 1.0, 0.0, 0.0, 1.0, 1.0, 1.0, 0.0, 1.0, 0.0, 0.0, 1.0, 1.0, 0.0, 1.0, 0.0, 0.0, 1.0, 1.0, 1.0, 0.0, 1.0, 1.0, 0.0, 1.0, 0.0, 0.0, 1.0, 0.0, 1.0, 1.0, 1.0, 0.0, 1.0, 0.0, 1.0, 1.0, 0.0, 0.0, 0.0, 1.0, 1.0, 0.0, 1.0, 1.0, 0.0, 1.0, 0.0, 0.0, 0.0, 1.0, 1.0, 0.0, 1.0, 1.0, 1.0, 0.0, 1.0, 0.0, 0.0, 0.0, 0.0, 1.0, 1.0, 0.0, 0.0, 1.0, 1.0, 0.0, 0.0, 1.0, 0.0, 0.0, 1.0, 1.0, 1.0, 1.0, 0.0, 1.0, 1.0, 1.0, 1.0, 1.0, 1.0, 1.0, 1.0, 1.0, 1.0, 1.0, 1.0, 0.0, 0.0, 1.0, 0.0, 0.0, 1.0, 1.0, 1.0, 0.0, 1.0, 0.0, 1.0, 0.0, 1.0, 1.0, 0.0, 0.0, 1.0, 1.0, 0.0, 0.0, 1.0, 1.0, 0.0, 1.0, 0.0, 0.0, 1.0, 0.0, 0.0, 0.0, 0.0, 0.0, 0.0, 1.0, 1.0, 1.0, 1.0, 1.0, 1.0, 1.0, 1.0, 0.0, 0.0, 1.0, 0.0, 1.0, 1.0, 1.0, 0.0, 1.0, 0.0, 1.0, 0.0, 1.0, 1.0, 1.0, 1.0, 1.0, 1.0, 1.0, 0.0, 1.0, 1.0, 0.0, 1.0, 1.0, 1.0, 0.0, 0.0, 0.0, 0.0, 0.0, 1.0, 0.0, 1.0, 0.0, 0.0, 0.0, 1.0, 1.0, 1.0, 1.0, 0.0, 1.0, 1.0, 1.0, 0.0, 0.0, 1.0, 0.0, 0.0, 1.0, 0.0, 1.0, 0.0, 1.0, 1.0, 1.0, 0.0, 0.0, 0.0, 1.0, 0.0, 1.0, 1.0, 1.0, 0.0, 1.0, 0.0, 0.0, 0.0, 0.0, 0.0, 0.0, 0.0, 0.0, 0.0, 1.0, 1.0, 1.0, 1.0, 1.0, 0.0, 0.0, 1.0, 1.0, 1.0, 0.0, 1.0, 0.0, 0.0, 1.0, 0.0, 1.0, 1.0, 0.0, 0.0, 1.0, 1.0, 1.0, 0.0, 0.0, 1.0, 0.0, 1.0, 0.0, 0.0, 1.0, 1.0, 1.0, 0.0, 0.0, 1.0, 0.0, 0.0, 0.0, 1.0, 1.0, 0.0, 1.0, 0.0, 1.0, 0.0, 1.0, 1.0, 1.0, 1.0, 0.0, 1.0, 0.0, 0.0, 1.0, 0.0, 0.0, 1.0, 1.0, 1.0, 1.0, 1.0, 1.0, 1.0, 1.0, 0.0, 0.0, 0.0, 0.0, 0.0, 1.0, 1.0, 1.0, 0.0, 0.0, 0.0, 0.0, 1.0, 0.0, 1.0, 0.0, 1.0, 0.0, 1.0, 1.0, 0.0, 1.0, 0.0, 1.0, 0.0, 1.0, 1.0, 1.0, 0.0, 1.0, 1.0, 0.0, 1.0, 1.0, 0.0, 1.0, 1.0, 0.0, 0.0, 0.0, 1.0, 1.0, 1.0, 1.0, 1.0, 0.0, 1.0, 0.0, 0.0, 0.0, 0.0, 0.0, 1.0, 0.0, 0.0, 1.0, 0.0, 1.0, 0.0, 0.0, 1.0, 0.0, 1.0, 0.0, 0.0, 1.0, 0.0, 1.0, 1.0, 1.0, 0.0, 0.0, 0.0, 1.0, 1.0, 1.0, 1.0, 1.0, 1.0, 1.0, 0.0, 1.0, 0.0, 0.0, 0.0, 0.0, 1.0, 0.0, 1.0, 1.0, 1.0, 0.0, 1.0, 0.0, 0.0, 1.0, 1.0, 0.0, 1.0, 1.0, 0.0, 1.0, 1.0, 1.0, 1.0, 1.0, 1.0, 1.0, 0.0, 0.0, 0.0, 0.0, 1.0, 0.0, 0.0, 0.0, 1.0, 1.0, 0.0, 0.0, 1.0, 1.0, 1.0, 1.0, 1.0, 0.0, 1.0, 1.0, 1.0, 1.0, 1.0, 0.0, 1.0, 1.0, 0.0, 1.0, 0.0, 1.0, 1.0, 1.0, 0.0, 0.0, 1.0, 1.0, 0.0, 1.0, 0.0, 1.0, 1.0, 0.0, 1.0, 1.0, 1.0, 0.0, 0.0, 0.0, 0.0, 0.0, 0.0, 0.0, 1.0, 1.0, 0.0, 0.0, 1.0, 0.0, 1.0, 0.0, 0.0, 0.0, 1.0, 1.0, 1.0, 0.0, 0.0, 0.0, 0.0, 1.0, 0.0, 0.0, 1.0, 1.0, 0.0, 0.0, 0.0, 1.0, 0.0, 1.0, 0.0, 0.0, 1.0, 0.0, 0.0, 1.0, 0.0, 0.0, 0.0, 0.0, 1.0, 1.0, 0.0, 1.0, 0.0, 1.0, 1.0, 1.0, 0.0, 0.0, 1.0, 1.0, 1.0, 0.0, 0.0, 1.0, 1.0, 0.0, 0.0, 1.0, 0.0, 0.0, 1.0, 1.0, 0.0, 0.0, 0.0, 1.0, 1.0, 1.0, 1.0, 0.0, 0.0, 0.0, 1.0, 1.0, 1.0, 0.0, 1.0, 0.0, 1.0, 0.0, 1.0, 0.0, 1.0, 1.0, 1.0, 0.0, 0.0, 0.0, 1.0, 0.0, 0.0, 0.0, 0.0, 0.0, 1.0, 0.0, 0.0, 0.0, 0.0, 0.0, 0.0, 1.0, 0.0, 0.0, 0.0, 0.0, 1.0, 0.0, 0.0, 1.0, 0.0, 1.0, 1.0, 1.0, 0.0, 0.0, 0.0, 0.0, 0.0, 0.0, 0.0, 0.0, 0.0, 1.0, 1.0, 1.0, 0.0, 0.0, 1.0, 0.0, 0.0, 0.0, 1.0, 0.0, 1.0, 1.0, 1.0, 0.0, 1.0, 1.0, 1.0, 1.0, 1.0, 1.0, 1.0, 1.0, 0.0, 1.0, 0.0, 1.0, 0.0, 0.0, 0.0, 0.0, 0.0, 1.0, 1.0, 1.0, 1.0, 1.0, 1.0, 0.0, 1.0, 0.0, 1.0, 0.0, 1.0, 0.0, 1.0, 1.0, 1.0, 0.0, 1.0, 0.0, 1.0, 0.0, 0.0, 1.0, 1.0, 0.0, 1.0, 1.0, 1.0, 0.0, 0.0, 0.0, 1.0, 1.0, 1.0, 1.0, 0.0, 0.0, 0.0, 0.0, 0.0, 1.0, 1.0, 1.0, 0.0, 0.0, 1.0, 1.0, 1.0, 0.0, 0.0, 0.0, 1.0, 1.0, 0.0, 0.0, 0.0, 0.0, 1.0, 1.0, 0.0, 1.0, 0.0, 1.0, 1.0, 1.0, 1.0, 1.0, 0.0, 0.0, 0.0, 1.0, 1.0, 1.0, 1.0, 0.0, 1.0, 1.0, 1.0, 1.0, 0.0, 0.0, 1.0, 1.0, 0.0, 0.0, 0.0, 0.0, 0.0, 0.0, 0.0, 1.0, 0.0, 0.0, 0.0, 0.0, 0.0, 1.0, 1.0, 0.0, 1.0, 1.0, 1.0, 0.0, 0.0, 0.0, 1.0, 1.0, 1.0, 0.0, 0.0, 1.0, 0.0, 1.0, 1.0, 0.0, 0.0, 0.0, 1.0, 1.0, 1.0, 0.0, 0.0, 1.0, 1.0, 1.0, 0.0, 0.0, 0.0, 0.0, 1.0, 0.0, 0.0, 0.0, 0.0, 0.0, 1.0, 0.0, 0.0, 1.0, 1.0, 0.0, 0.0, 1.0, 0.0, 1.0, 1.0, 0.0, 1.0, 1.0, 0.0, 0.0, 0.0, 0.0, 1.0, 0.0, 1.0, 1.0, 0.0, 1.0, 0.0, 1.0, 1.0, 0.0, 1.0, 1.0, 0.0, 1.0, 0.0, 1.0, 0.0, 1.0, 1.0, 1.0, 1.0, 1.0, 0.0, 1.0, 1.0, 0.0, 0.0, 1.0, 0.0, 1.0, 0.0, 0.0, 1.0, 1.0, 1.0, 0.0, 1.0, 1.0, 1.0, 0.0, 1.0, 0.0, 0.0, 0.0, 1.0, 0.0, 1.0, 1.0, 1.0, 1.0, 0.0, 1.0, 1.0, 1.0, 1.0, 0.0, 1.0, 1.0, 1.0, 0.0, 0.0, 0.0, 0.0, 1.0, 0.0, 0.0, 1.0, 1.0, 0.0, 1.0, 1.0, 0.0, 0.0, 0.0, 0.0, 0.0, 1.0, 1.0, 0.0, 0.0, 1.0, 1.0, 0.0, 0.0, 0.0, 0.0, 1.0, 0.0, 0.0, 1.0, 1.0, 1.0, 0.0, 0.0, 0.0, 1.0, 0.0, 1.0, 0.0, 0.0, 1.0, 1.0, 0.0, 0.0, 0.0, 1.0, 0.0, 0.0, 0.0, 0.0, 1.0, 0.0, 0.0, 0.0, 1.0, 0.0, 0.0, 0.0, 0.0, 0.0, 1.0, 1.0, 1.0, 1.0, 1.0, 1.0, 0.0, 0.0, 0.0, 1.0, 0.0, 1.0, 0.0, 1.0, 1.0, 1.0, 1.0, 0.0, 0.0, 1.0, 0.0, 1.0, 0.0, 1.0, 1.0, 1.0, 1.0, 0.0, 0.0, 0.0, 1.0, 1.0, 1.0, 1.0, 0.0, 1.0, 1.0, 0.0, 0.0, 1.0, 0.0, 0.0, 0.0, 1.0, 1.0, 0.0, 0.0, 1.0, 1.0, 0.0, 0.0, 1.0, 0.0, 0.0, 1.0, 1.0, 1.0, 0.0, 0.0, 1.0, 0.0, 1.0, 0.0, 1.0, 0.0, 1.0, 0.0, 0.0, 0.0, 1.0, 1.0, 0.0, 1.0, 0.0, 1.0, 1.0, 1.0, 1.0, 1.0, 0.0, 1.0, 0.0, 0.0, 0.0, 0.0, 0.0, 1.0, 0.0, 0.0, 0.0, 0.0, 1.0, 0.0, 0.0, 0.0, 1.0, 1.0, 1.0, 1.0, 1.0, 1.0, 0.0, 0.0, 0.0, 1.0, 1.0, 0.0, 0.0, 1.0, 1.0, 0.0, 1.0, 1.0, 0.0, 1.0, 1.0, 1.0, 1.0, 0.0, 0.0, 1.0, 0.0, 1.0, 1.0, 0.0, 0.0, 1.0, 1.0, 0.0, 0.0, 0.0, 1.0, 1.0, 1.0, 1.0, 0.0, 0.0, 1.0, 0.0, 1.0, 1.0, 1.0, 1.0, 0.0, 1.0, 0.0, 1.0, 1.0, 0.0, 1.0, 1.0, 1.0, 1.0, 1.0, 1.0, 1.0, 1.0, 1.0, 1.0, 0.0, 1.0, 1.0, 1.0, 1.0, 1.0, 1.0, 1.0, 0.0, 0.0, 0.0, 1.0, 1.0, 0.0, 1.0, 1.0, 0.0, 0.0, 1.0, 0.0, 0.0, 1.0, 0.0, 1.0, 1.0, 0.0, 0.0, 1.0, 0.0, 1.0, 1.0, 0.0, 0.0, 0.0, 1.0, 1.0, 1.0, 0.0, 1.0, 0.0, 1.0, 1.0, 0.0, 0.0, 0.0, 0.0, 0.0, 0.0, 1.0, 0.0, 1.0, 0.0, 1.0, 1.0, 1.0, 1.0, 0.0, 1.0, 0.0, 1.0, 1.0, 0.0, 0.0, 0.0, 1.0, 0.0, 1.0, 1.0, 1.0, 0.0, 0.0, 1.0, 0.0, 0.0, 0.0, 1.0, 1.0, 0.0, 1.0, 0.0, 0.0, 0.0, 0.0, 1.0, 0.0, 0.0, 0.0, 0.0, 1.0, 0.0, 1.0, 1.0, 0.0, 0.0, 1.0, 1.0, 0.0, 1.0, 1.0, 0.0, 1.0, 1.0, 1.0, 1.0, 1.0, 0.0, 1.0, 1.0, 1.0, 1.0, 1.0, 1.0, 0.0, 0.0, 1.0, 1.0, 1.0, 1.0, 1.0, 0.0, 0.0, 1.0, 1.0, 0.0, 1.0, 0.0, 1.0, 1.0, 1.0, 1.0, 0.0, 1.0, 0.0, 0.0, 0.0, 1.0, 0.0, 1.0, 1.0, 1.0, 0.0, 1.0, 0.0, 0.0, 1.0, 0.0, 1.0, 1.0, 0.0, 1.0, 0.0, 0.0, 0.0, 0.0, 0.0, 0.0, 1.0, 1.0, 1.0, 0.0, 1.0, 1.0, 1.0, 1.0, 0.0, 1.0, 0.0, 0.0, 0.0, 0.0, 0.0, 1.0, 1.0, 0.0, 0.0, 0.0, 0.0, 0.0, 1.0, 0.0, 1.0, 0.0, 0.0, 1.0, 0.0, 1.0, 0.0, 0.0, 0.0, 1.0, 1.0, 0.0, 0.0, 0.0, 1.0, 1.0, 1.0, 0.0, 0.0, 0.0, 0.0, 0.0, 0.0, 1.0, 0.0, 0.0, 1.0, 0.0, 0.0, 1.0, 0.0, 1.0, 0.0, 0.0, 1.0, 0.0, 1.0, 1.0, 0.0, 1.0, 0.0, 1.0, 1.0, 0.0, 1.0, 1.0, 0.0, 1.0, 1.0, 1.0, 1.0, 1.0, 1.0, 1.0, 0.0, 0.0, 0.0, 1.0, 0.0, 1.0, 1.0, 1.0, 1.0, 0.0, 0.0, 0.0, 1.0, 1.0, 0.0, 0.0, 1.0, 0.0, 0.0, 1.0, 0.0, 1.0, 1.0, 1.0, 0.0, 1.0, 1.0, 1.0, 1.0, 1.0, 0.0, 1.0, 0.0, 0.0, 1.0, 1.0, 1.0, 0.0, 1.0, 0.0, 1.0, 1.0, 1.0, 1.0, 0.0, 1.0, 0.0, 0.0, 0.0, 1.0, 0.0, 1.0, 0.0, 1.0, 1.0, 0.0, 0.0, 1.0, 0.0, 0.0, 1.0, 0.0, 1.0, 1.0, 1.0, 1.0, 1.0, 1.0, 1.0, 0.0, 0.0, 0.0, 1.0, 0.0, 0.0, 1.0, 0.0, 0.0, 1.0, 0.0]
\score={0: [0.13422226533293724, 0.133948074032863, 0.1340421959757805, 0.13374397265059607, 0.13391226083040236, 0.13359367741005762, 0.1336106719339595, 0.13330495222048325, 0.13382306851838766, 0.13393439065951568, 0.13360136853797094, 0.1341426707804203, 0.13383775543082843, 0.13439488261938096, 0.13355341418222946, 0.13420095145702363, 0.13365809060633183, 0.13334760814905167, 0.13414015824144537, 0.13358083367347717, 0.1333706540366014, 0.13394387066364288, 0.1339420559613601, 0.13360312581062317, 0.1338590790828069, 0.1336262204817363, 0.13262212723493577, 0.1342366913954417, 0.13385982159525156, 0.1334185955616144, 0.13373544048040342, 0.1340939230643786, 0.13383243552276067, 0.1338407039642334, 0.13367066532373428, 0.13372315660766934, 0.13436431189378104, 0.13447039326032004, 0.13451610412448645, 0.13318870630529192, 0.13387597724795341, 0.13396557814934673, 0.1342240727196137, 0.13335834475963013, 0.13423256774743397, 0.13426157633463542, 0.13381167583995396, 0.13347533770969935, 0.13407986611127853, 0.1340100435834182, 0.13451954607780164, 0.13380032352038793, 0.13408792425285687, 0.1338571144474877, 0.1335445363074541, 0.13341017456158347, 0.13453072096620286, 0.13374610328012043, 0.13448054591814676, 0.13411565000812212, 0.13354525156319141, 0.13351211208721686, 0.13458751514554024, 0.13422423750162124, 0.13371258362745628, 0.13401855155825615, 0.13388864407616277, 0.13426639884710312, 0.1337294340133667, 0.1331961222670295, 0.13385702949017286, 0.1349733311396379, 0.13398068149884543, 0.1339501549800237, 0.13394681089802793, 0.13439420588088757, 0.13426020989815393, 0.13395456969738007, 0.13432372158223932, 0.1334439827637239, 0.13451279157941992, 0.13453428281678093, 0.13426160111146815, 0.13445901349186898, 0.13423627820508233, 0.1335778057575226, 0.13296530147393545, 0.13453209400177002, 0.13371680586627036, 0.1331732876598835, 0.13527635782957076, 0.13401846994053235, 0.1343964785337448, 0.1340872049331665, 0.1337234182604428, 0.13363586209322276, 0.13370902919107014, 0.13372701654831567, 0.13441765970653957, 0.1336609750986099, 0.1336352643443317, 0.1340379499291119, 0.1337293416261673, 0.13400505821813236, 0.13394575119018554, 0.13376254329214926, 0.13347709834575652, 0.13454577677390156, 0.13358536660671233, 0.1334094872077306, 0.13327837678102347, 0.13385683499478004, 0.13441071049733597, 0.13346423443995023, 0.1331761467915315, 0.13431595265865326, 0.13339384396870932, 0.13363629579544067, 0.13349180736325003, 0.1339664264367177, 0.13352836349180766, 0.13453463196754456, 0.13432409653538152, 0.13373307726885142, 0.13396180527550833, 0.13424213333376522, 0.13397596989359176, 0.13338318914175035, 0.13442590283720116, 0.1340975287285718, 0.13396520442084262, 0.13425459322475253, 0.13356595293239312, 0.13357087969779968, 0.13358993041846487, 0.1341595559016518, 0.1335944113406268, 0.1343466263750325, 0.13427169993519783, 0.13429795524903707, 0.13452769666910172, 0.13346248120069504, 0.13506955771069779, 0.13442662358283997, 0.13364668075854963, 0.13427080284981502, 0.1338890604674816, 0.13374663753943009, 0.13413636792789807, 0.1338809929214991, 0.1337117382458278, 0.13327179936801686, 0.1333393394947052, 0.13392578661441804, 0.13390412429968515, 0.13396960000197092, 0.1337770465761423, 0.1341197517785159, 0.13429512527394802, 0.13394541293382645, 0.1333882436156273, 0.13346461113542318, 0.13385835488637288, 0.13317561378845802, 0.13391974887677602, 0.13371897271523872, 0.13444866687059404, 0.13448553818922776, 0.13354412543362584, 0.134325901667277, 0.13406891226768494, 0.13412042436274615, 0.13380531072616578, 0.13342348237832388, 0.13398654262224832, 0.13382579736849842, 0.13418910584666513, 0.13390059498223392, 0.13424048489994472, 0.13416080176830292, 0.1350024123986562, 0.1336669318559693, 0.13296668397055733, 0.13359454354724368, 0.13475406765937806, 0.1336862380089967, 0.1339942972574915, 0.13382694870233536, 0.13426961128910384, 0.1336636836781646, 0.13419771900302485, 0.13362891599535942, 0.1337324037001683, 0.1337504188219706, 0.13299718201160432, 0.13371054377666738, 0.13377628790007698, 0.13363147179285687, 0.1344699588688937, 0.13420714757272176, 0.13347508665174246, 0.13389660011638294, 0.13362171607358114, 0.13365169953216205, 0.13349168804975656, 0.1345140685637792, 0.13412283414176532, 0.13434173166751862, 0.1337298391496434, 0.13366204127669334, 0.1336665991693735, 0.13403142988681793, 0.13369350731372834, 0.13436746150255202, 0.134654517357166, 0.13337236344814302, 0.13399954338868458, 0.13347202379788672, 0.1339803288380305, 0.13416678599409154, 0.134079909324646, 0.13428095603982607, 0.13383156836032867, 0.13361387903040106, 0.1327437624335289, 0.13371414070328078, 0.13420743495225906, 0.1335561591386795, 0.13367219641804695, 0.13395653321192816, 0.1337729627887408, 0.13448756895004174, 0.1331585466861725, 0.13297016217428095, 0.13391905675331753, 0.13391417608811304, 0.13356872253558216, 0.13350672423839569, 0.13372099805961957, 0.13351599425077437, 0.13436492532491684, 0.13366075266491284, 0.13368829678405414, 0.13385509053866068, 0.13360561231772106, 0.13381797434954806, 0.13408768236637114, 0.13394279427388134, 0.13405787466831928, 0.13424325154887307, 0.1341367353995641, 0.13316702180438572, 0.1335803996771574, 0.13361262055960568, 0.1337915774848726, 0.13416753833492598, 0.13351106967615045, 0.13386095232433742, 0.1340448343091541, 0.1340998564997027, 0.13408013365485452, 0.1339528788077204, 0.1341438263102814, 0.13360702720555392, 0.13377263509865964, 0.13407230377197266, 0.1337210006184048, 0.13372389723857245, 0.133556307238691, 0.13333216254357938, 0.13443610072135925, 0.13372106022304958, 0.13396962080150843, 0.13327416228620628, 0.1345313326878981, 0.1339449534813563, 0.133898872704733, 0.1330646942059199, 0.1337475444782864, 0.13396650903365193, 0.13401126173826364, 0.13406814634799957, 0.13441336279114088, 0.13368916192225047, 0.13359295414841693, 0.13453504901665908, 0.13401304086049398, 0.13389173837808463, 0.13444203287363052, 0.13354645398530093, 0.13382921647280455, 0.1335628547451713, 0.13398016337305307, 0.1339617406620699, 0.13376885280013084, 0.133294046271679, 0.13396147532122477, 0.1337500035762787, 0.13485204676787058, 0.13379545438857304, 0.13484700597249544, 0.13361965417861937, 0.13422142352376665, 0.13368017116078623, 0.1342942159284245, 0.13420769572257996, 0.13369269539480624, 0.1338641242339061, 0.13441422939300537, 0.13356615524542959, 0.13346627918449608, 0.13445044122636318, 0.1341585568312941, 0.13392474502325058, 0.13460591503164984, 0.1337701447985389, 0.1336141693241456, 0.1335508715022694, 0.13372154007939732, 0.1345976449941334, 0.1348111666738987, 0.13395982100204987, 0.13385958563197742, 0.13406084707150093, 0.13339669125921585, 0.13406464999372308, 0.13423403290410837, 0.13340109701340014, 0.13287787636121115, 0.13414342266817889, 0.1338719204068184, 0.1337159525963568, 0.13463393267658022, 0.1333935149013996, 0.13394706314656793, 0.13282280322164297, 0.13448868904794967, 0.13414117528332603, 0.13377563506364823, 0.1332488598731848, 0.13328136752049127, 0.13413215130567552, 0.13371572643518448, 0.13376225274184655, 0.13383734391795266, 0.13440493047237395, 0.13423828184604644, 0.13350631450784617, 0.13342227177186447, 0.13442220877517352, 0.13353512353367275, 0.13340126474698386, 0.13393382926781972, 0.13365949751163014, 0.13376907684973308, 0.1336967240680348, 0.13478608429431915, 0.13375519340236983, 0.13375745316346485, 0.1330448960264524, 0.13367413690215663, 0.1340120201525481, 0.13406315126589366, 0.13394508096906874, 0.13468554764986038, 0.13406884769598643, 0.13462164785180772, 0.1338158787361213, 0.1345930424603549, 0.13381736353039742, 0.13355384642879167, 0.13366241132219633, 0.13406421148007916, 0.1343272492289543, 0.1339101625813378, 0.1339486579100291, 0.13347141444683075, 0.13416526880529192, 0.1339929136245147, 0.133863622115718, 0.1334560134194114, 0.1336458490363189, 0.13381558749824762, 0.13361335529925975, 0.13359825826924424, 0.13386273910017574, 0.1334609710253202, 0.1342458724975586, 0.1338928215778791, 0.13369381593333352, 0.13465070859952408, 0.1338105114067302, 0.13525762341239236, 0.13364447355270387, 0.13356903692086539, 0.13491279631853104, 0.1336053962057287, 0.13373926281929016, 0.1343484029173851, 0.1342111202803525, 0.13416705499677098, 0.13349567548088406, 0.13327006250619888, 0.13395089815769876, 0.1339039412828592, 0.13446609392052605, 0.13411187628904978, 0.13417803287506103, 0.13379075736911208, 0.13401255094342762, 0.13353464955633337, 0.13415642778078715, 0.13492646948857742, 0.13391050437222357, 0.1338935700746683, 0.13359968264897665, 0.13405129657341883, 0.13373101502656937, 0.13457749145371573, 0.13424886376769454, 0.1337173065313926, 0.13399546009463234, 0.13417009296624557, 0.13324023647741837, 0.1335233279636928, 0.13330067973583937, 0.1337791070342064, 0.13348698019981384, 0.13417556475509296, 0.13414043459025296, 0.1334932198127111, 0.13426516825954118, 0.13400839033879733, 0.13342581116236174, 0.13361077507336935, 0.13377556090171522, 0.1336473443291404, 0.1340347295626998, 0.13390516489744186, 0.13339177933004168, 0.13363166933967954, 0.1338333696126938, 0.13354116976261138, 0.13341788424027934, 0.13313898308710617, 0.13386558927595615, 0.13360030800104142, 0.13405413472134134, 0.13070152699947357, 0.13347522778944534, 0.13389028849140291, 0.13417840961899077, 0.13382822573184966, 0.13430299948562274, 0.1336330994963646, 0.13353353611966398, 0.13389505859878328, 0.1342845529317856, 0.1339218224088351, 0.13396434485912323, 0.13406455144286156, 0.13334854497857715, 0.1341688223183155, 0.13427280702374197, 0.133950966099898, 0.13353373674122063, 0.1340521445328539, 0.13365056365728378, 0.13401604940493902, 0.1337419755237047, 0.1340056660832191, 0.13385511934757233, 0.13382294923067092, 0.1330888919208361, 0.13359862778867995, 0.13325374200940132, 0.133818195624785, 0.1337151825428009, 0.13379184184251008, 0.1333532387560064, 0.1330963793922873, 0.13390772251619232, 0.13362561437216672, 0.1335118549565474, 0.13421083291371663, 0.13389023641745249, 0.13383077862470047, 0.13376690819859505, 0.1340474009513855, 0.13344840407371522, 0.13339897692203523, 0.13358694585886868, 0.1332909944984648, 0.13444073633714157, 0.1341564813080956, 0.13409206767876944, 0.13308227062225342, 0.13448018431663514, 0.1341840624809265, 0.1342555393775304, 0.13352201506495476, 0.13390687642953333, 0.13354376500303095, 0.13361190488705268, 0.1334532189827699, 0.1337249619620187, 0.13404160737991333, 0.1347083772222201, 0.133791110029927, 0.13407642841339112, 0.13394712011019388, 0.1340416024128596, 0.13395046901244384, 0.1340637600847653, 0.13413072483880178, 0.1340796923951099, 0.13439161761810905, 0.13378619307126755, 0.13312634701530138, 0.13378040148661688, 0.13342710652134634, 0.13377679196687844, 0.13365524871782822, 0.1338708546103501, 0.13489564806222915, 0.1344824797577328, 0.134448533708399, 0.13383012612660725, 0.13385645619460515, 0.13375817103819412, 0.13413675661597932, 0.13353576443412088, 0.1346491737799211, 0.13353130122025808, 0.1339807233640126, 0.134333598613739, 0.13377327248454093, 0.1341161716442842, 0.13510840386152267, 0.13363896231902272, 0.1340407907962799, 0.13367220938205718, 0.13393335127168232, 0.13390910625457764, 0.133908418857533, 0.13436915891038048, 0.134210498796569, 0.1341294303536415, 0.1336426372113435, 0.134028693040212, 0.13412037085403095, 0.13409632130673058, 0.13418122430642446, 0.13365239764635378, 0.13363605466755954, 0.13376648525396984, 0.13309831349622636, 0.133689346909523, 0.1346921676939184, 0.1342858485877514, 0.1334420476447452, 0.13452366273850203, 0.1334918588399887, 0.13405005186796187, 0.133938350059368, 0.134365307873693, 0.1346662383187901, 0.13320236825026, 0.13448962420225144, 0.1338319636526562, 0.13361316174268723, 0.1340009035034613, 0.1340883169323206, 0.133896104991436, 0.13420162218458512, 0.13383556127548218, 0.13490502834320067, 0.13388057425618172, 0.13356585254271824, 0.1343926603977497, 0.133409616091977, 0.13423254034098456, 0.13387396261096002, 0.13325334961215654, 0.1335097849369049, 0.13409263427768434, 0.13404569029808044, 0.13445540368556977, 0.1336912133476951, 0.13400753906794957, 0.1336969141707276, 0.13424945312241712, 0.13358254060149194, 0.13372260119233811, 0.13355092162435706, 0.1337967343055285, 0.1335378633095668, 0.13407966609184557, 0.13433737556139627, 0.1337334355339408, 0.13419370353221893, 0.13374671395178195, 0.1334702953696251, 0.13430166114931522, 0.13288223122557005, 0.1335993515593665, 0.1349186014670592, 0.13390987697574827, 0.1341373436152935, 0.13350169089707462, 0.1335873848625592, 0.13386294576856825, 0.13326547419031462, 0.13404412269592286, 0.13428085010785323, 0.13358531174836336, 0.13361897865931194, 0.1336366906762123, 0.13408601159850755, 0.13488173484802246, 0.13389593362808228, 0.13367814789800084, 0.1335059771170983, 0.1332385656626328, 0.13370442616217065, 0.13429157957434654, 0.13435284080712692, 0.13371845735953405, 0.13365412917402056, 0.13358973879967967, 0.1333145096898079, 0.13362414905658135, 0.1336772566040357, 0.13385258271143988, 0.13384733774832316, 0.13354535698890685, 0.1333655466636022, 0.13302802443504333, 0.13455374419689178, 0.1334460973739624, 0.13362676352262498, 0.13385711745782333, 0.13375090373059115, 0.1337502583861351, 0.1336784193228031, 0.13371739708460295, 0.13400752345720926, 0.1339573613027247, 0.13352758078663438, 0.13410799503326415, 0.13381534727180705, 0.1331754485766093, 0.13332532743612927, 0.13351653165677013, 0.13342478756721204, 0.13401613972688975, 0.1338231028230102, 0.13378762112309536, 0.13349803984165193, 0.13415613770484924, 0.13395408021681238, 0.13331894257238933, 0.13394427638162265, 0.13414965569972992, 0.13546521961688995, 0.1335615356053625, 0.1339773784081141, 0.13373304199841288, 0.1338325727868963, 0.13391846617062886, 0.13396731298416853, 0.1344599697900855, 0.13437253368251464, 0.1336162169190014, 0.13310484859076413, 0.13381659345967428, 0.13360055066921092, 0.1339367280403773, 0.13324419810221746, 0.13388388874855908, 0.13342417067005521, 0.13316588680590352, 0.13345276013664578, 0.13352558548961366, 0.13375440537929534, 0.13455829272667566, 0.13367470850547156, 0.13403754805525145, 0.13409933149814607, 0.13413101341575384, 0.1340242286141102, 0.1332785592035011, 0.13393667882139032, 0.13367252631319892, 0.13338003964985118, 0.13420412493379494, 0.1344823001159562, 0.133183449026077, 0.13317691385746003, 0.1339216356476148, 0.13410820439457893, 0.13363528602263508, 0.13362020368759447, 0.13383587077260017, 0.1344622735466276, 0.13339802351864902, 0.1338974952697754, 0.1353254904349645, 0.13334435437406814, 0.13411349803209305, 0.13381603318783972, 0.1338605672121048, 0.13326331600546837, 0.13338974437543324, 0.13419781684875487, 0.13365714997053146, 0.13278517002860704, 0.13420516004165015, 0.13397285838921866, 0.13352535116045097, 0.13265046974023184, 0.1337667927145958, 0.13409284502267838, 0.133451365507566, 0.13393244864764037, 0.13421454131603242, 0.1329625066783693, 0.13420072694619498, 0.1337987706065178, 0.13381493091583252, 0.13362110488944584, 0.13402013409705388, 0.1340654260582394, 0.13336726752194492, 0.13334471815162235, 0.13381488993763924, 0.13348083347082138, 0.1339142918586731, 0.13415495253035, 0.133758794516325, 0.1333777830004692, 0.1336346373838537, 0.1341642348302735, 0.13337925347414883, 0.13445824484030405, 0.13407630721728006, 0.13362272083759308, 0.13376966965469447, 0.13391644557317098, 0.1338426560163498, 0.1333623502184363, 0.13394440997105378, 0.1335679203271866, 0.1342395842075348, 0.1333310437553069, 0.13342851137413697, 0.13359494705994923, 0.13370877504348755, 0.1336143732070923, 0.13335801531439243, 0.13348310738801955, 0.13319042325019836, 0.1341680711821506, 0.13478535549207168, 0.13376795328580415, 0.1342765560437893, 0.13392337915059682, 0.13400129675865174, 0.13319542660163, 0.13424423485994338, 0.13330874494884326, 0.13372291361584382, 0.13361591329941383, 0.13364747762680054, 0.13395081957181296, 0.13372072536084387, 0.13393150363117456, 0.13323866181513844, 0.13392435312271117, 0.1339901304907269, 0.13348363978522165, 0.13398927024432591, 0.13342350555790794, 0.133988658371179, 0.1338024629574073, 0.13435819203203375, 0.133877133621889, 0.13445174992084502, 0.13378100221355757, 0.13315004110336304, 0.13369690666073247, 0.13378819271370215, 0.13489850889891386, 0.13388611642377718, 0.13371445649656757, 0.13410695609839066, 0.1344750076532364, 0.13386246860027312, 0.13398048877716065, 0.13420590043067931, 0.1341063117279726, 0.1344207227230072, 0.13367215543985367, 0.133489833346435, 0.13368714451789857, 0.1342067685392168, 0.1338595404393143, 0.13367213805516562, 0.1337228840903232, 0.13409802317619324, 0.13412678679999182, 0.1345263421535492, 0.13362298973582007, 0.1335415029898286, 0.13406831274429956, 0.13347692516717044, 0.1334856260439445, 0.13360848166048528, 0.13351071224762842, 0.1336414452110018, 0.13387836068868636, 0.1337610200561326, 0.13329260306698934, 0.13377229496836662, 0.13397936813715028, 0.13382577647765478, 0.13402010346281118, 0.1330353442360373, 0.13389042485505342, 0.13278592377901077, 0.13336779673894247, 0.1338762225849288, 0.13340218514204025, 0.13467386737465858, 0.13343385756015777, 0.13374370170964134, 0.1343342261388898, 0.1340612836859443, 0.13425185146002933, 0.13341990348539853, 0.13384378204743066, 0.13375660670655115, 0.1339738552386944, 0.13385147932502958, 0.13378532017980302, 0.13353508959213892, 0.1340809166431427, 0.13352006323197307, 0.13385598944581073, 0.1340650961949275, 0.13372017602835382, 0.13423140134130204, 0.13474052846431733, 0.1341432204300707, 0.13334540194935268, 0.13428104172150293, 0.13413193821907043, 0.1340167847546664, 0.13371538191006102, 0.13389533360799152, 0.13140232861042023, 0.13341704469460708, 0.1337767674454621, 0.13369502499699593, 0.13389967530965804, 0.1336582724166953, 0.1336412685258048, 0.13375332149175498, 0.13351855178674063, 0.13397481990978122, 0.13383942687263092, 0.1341542750597, 0.13427799589493694, 0.13397216956530297, 0.1329767918214202, 0.13452383975187937, 0.1337475439776545, 0.13362335210496729, 0.13404621105445058, 0.133499161236816, 0.133372625336051, 0.1343740254640579, 0.13368164544755762, 0.1344219148159027, 0.13402529391977522, 0.13367868386782134, 0.13359984297018784, 0.1338945221569803, 0.13378355790067603, 0.1340092672035098, 0.13464998304843903, 0.1340927615761757, 0.1342881557188536, 0.13400288874452765, 0.13394572717301986, 0.13384790989485654, 0.13361562974750996, 0.13381596846239907, 0.1339732282795012, 0.1336245284630702, 0.13318751603364945, 0.1339646279811859, 0.1333218663930893, 0.13391471482240236, 0.1334863557265355, 0.13318351159493128, 0.13336087316274642, 0.13373403111472726, 0.13414475601166487, 0.13411612529307604, 0.13384064993797204, 0.13401080348661967, 0.13405151069164276, 0.13424556755593844, 0.13355933129787445, 0.13366020936518908, 0.13322953187993594, 0.13386373154141687, 0.1341733530163765, 0.1339836950813021, 0.13406818732619286, 0.13411576165394348, 0.13407511512438455, 0.13354156538844109, 0.1330091572470135, 0.13372749941689627, 0.1338107550428027, 0.13370912639718308, 0.13406721076795033, 0.13359985500574112, 0.13500870086930014, 0.13421226441860198, 0.13371722439402028, 0.13317578120364082, 0.1350338120352138, 0.1339264027774334, 0.13366532054814426, 0.1337825882434845, 0.13412683776446752, 0.13396808583485453, 0.1338954589196614, 0.133934256931146, 0.1331951689461003, 0.13372555958188098, 0.1336510247654385, 0.13309202387052424, 0.13482096926732498, 0.1338300496339798, 0.13407491689378565, 0.13371246709273413, 0.13331458270549773, 0.13404744723811746, 0.1342075801101224, 0.13407983910292387, 0.134117457483496, 0.1338713499052184, 0.13434053659439088, 0.13449527936823227, 0.1328914448618889, 0.13352233056838697, 0.13398270419350378, 0.13341172486543657, 0.13520686599341306, 0.13310591193536916, 0.13389174222946168, 0.1337391011416912, 0.13381086165706316, 0.13403957795638305, 0.1341876924822205, 0.13360320031642914, 0.13334149393168362, 0.1335831663825295, 0.13414213247597218, 0.13369499970423548, 0.13380985774777152, 0.13366574607789516, 0.13389220562848178, 0.13437802998387083, 0.1338448775442023, 0.13381502138716833, 0.13422148445477852, 0.13403064757585526, 0.1335130582253138, 0.13416519069245883, 0.13434918683308822, 0.13368233293294907, 0.13397036405170665, 0.13368648290634155, 0.1348689409593741, 0.13447305289181796, 0.13345401124520737, 0.1340197666602976, 0.1342046490082374, 0.13359403759241104, 0.1336112835190513, 0.13465189933776855, 0.13339027613401414, 0.1336707653183686, 0.13314957572863653, 0.13402821775525808, 0.13420560862869024, 0.1337031771739324, 0.1331243409829981, 0.13387468606233596, 0.13404832035303116, 0.13386085408705253, 0.13461073581129313, 0.13405970649586785, 0.13400458730757236, 0.13366606682538987, 0.13367022573947906, 0.1338585875928402, 0.13372494017376618, 0.13398944654247977, 0.13379040360450745, 0.13377747781898663, 0.13340790614937292, 0.13353166422423193, 0.134227641671896, 0.13421539093057314, 0.1336242173399244, 0.13443281377355257, 0.13301608165105183, 0.13409457355737686, 0.13388148921987283, 0.13406862995841287, 0.13306917498509088, 0.13433026948145457, 0.13406120520085096, 0.1333006407533373, 0.13319180011749268, 0.13379412790139517, 0.13389350920915605, 0.13340557260172708, 0.13417340026182287, 0.13426719720547015, 0.13311715026696522, 0.13369334890292242, 0.13388920839755766, 0.13336454524147895, 0.13432750318731582, 0.13639500737190247, 0.13310517966747284, 0.13362794401852982, 0.13332371041178703, 0.13421301171183586, 0.133601147301343, 0.13265166093002667, 0.13394047893010652, 0.13361505738326482, 0.1340268125821804, 0.13395280816725322, 0.13332415397824912, 0.13403030378477915, 0.13368286869742654, 0.13345469741357696, 0.13356107125679653, 0.13394100219011307, 0.13338812068104744, 0.13399086548731878, 0.13383370425019944, 0.1335453450679779, 0.13399105548858642, 0.13443672792478042, 0.13410932508607706, 0.13363332922259966, 0.13279284536838531, 0.13414351642131805, 0.13313185969988506, 0.13363923653960227, 0.13451034914363513, 0.13341795239183638, 0.13398572926719984, 0.13454090505838395, 0.13420710836847624, 0.13384199363213997, 0.13349965842146622, 0.13390646129846573, 0.1333211229907142, 0.13382939411246259, 0.13332409262657166, 0.1338643764074032, 0.13371757169564566, 0.13400104216166905, 0.1339122379819552, 0.13431888371706008, 0.13387234238061038, 0.13366215782506125, 0.13366672197977703, 0.13394378042883343, 0.1342572718858719, 0.133691582414839, 0.1333154559135437, 0.13386607783682206, 0.13445443727753378, 0.13375271247191864, 0.13416885068783393, 0.13410450965166093, 0.1335873861204494, 0.13383262265812268, 0.1336301571943543, 0.13330451846122743, 0.13464813182751337, 0.13374372919400532, 0.13368723413039899, 0.13305152846234186, 0.133735953271389, 0.13321675807237626, 0.13381441329654895, 0.13340197602907816, 0.13370084411957683, 0.13351795765069815, 0.1331116333603859, 0.13340452710787457, 0.1334873459168843, 0.13420854806900023, 0.13405954399529627, 0.13321810873115764, 0.1343310039777022, 0.13429579409686002, 0.13359765364573553, 0.1336199247411319, 0.13346434831619264, 0.1339077164729436, 0.13340699328826025, 0.13387765362858772, 0.13369465668996175, 0.13460988232067653, 0.13347871279394305, 0.13382359743118286, 0.1341600241986188, 0.1341894157230854, 0.1338192359967665, 0.13293838500976562, 0.13439088142835176, 0.13389830390612284, 0.13329631388187407, 0.1336567167724882, 0.13406002724712546, 0.13358877328309146, 0.13400314237390246, 0.134019672870636, 0.1337939740523048, 0.13413521414622664, 0.13458878050247827, 0.13409663423111565, 0.13447404404481253, 0.13406158238649368, 0.13393349759280682, 0.13375354409217835, 0.1334022474150325, 0.13337694735903488, 0.13343215893421853, 0.13364282250404358, 0.13341885601932352, 0.1335000427145707, 0.13376634071270624, 0.13413572621842226, 0.1339194569736719, 0.13373772689589747, 0.13441882207989692, 0.13374645290551362, 0.13373182900249958, 0.13361895711798416, 0.13398159099252602, 0.13325174432247877, 0.13405051242027963, 0.13284801840782165, 0.1342696812417772, 0.13335018903017043, 0.13332341760396957, 0.13322065894802412, 0.13384447805583477, 0.13379267087349525, 0.1338414032208292, 0.13327838853001595, 0.13433124423027037, 0.13371371346361496, 0.13384292585154375, 0.1344180941581726, 0.13382497595416176, 0.13343378722667695, 0.13360748787720997, 0.13523472845554352, 0.13416492541631062, 0.13443454844611033, 0.13391275065285818, 0.13413644234339397, 0.13365611163052646, 0.13397445088746596, 0.1337458368922983, 0.1350976692305671, 0.13436090846856436, 0.13389192262421484, 0.1335342120040547, 0.13321733623743057, 0.13361998615057571, 0.13364873925844828, 0.13384616736209753, 0.1333879318676497, 0.1337327168268316, 0.13351100553636966, 0.13418356359004974, 0.13398393405520398, 0.1336851167678833, 0.13387343761595813, 0.1339077709449662, 0.13376642305117387, 0.1339676259085536, 0.1337302654981613, 0.13438422671135733, 0.1337936452843926, 0.13359983364741007, 0.13315043449401856, 0.13384721179803213, 0.13420134695137248, 0.13439592482014137, 0.13375830849011738, 0.13428802728652955, 0.133759044110775, 0.13371279312146678, 0.13384353183209896, 0.13387574591944296, 0.13347629623280632, 0.1340819833179315, 0.13436614654280923, 0.13426028451193933, 0.1340700838300917, 0.13458270703752837, 0.13395152390003204, 0.1339054576614324, 0.1339992962100289, 0.13424654118716717, 0.13348165831782602, 0.13367662534994237, 0.13371867313981056, 0.13360668583349747, 0.133691668510437, 0.13415227929751078, 0.1340010783502034, 0.1337091714143753, 0.1330251470208168, 0.1335332774453693, 0.1340475996786898, 0.1332383660169748, 0.13388813149046014, 0.13392357726891835, 0.13333355486392975, 0.13409799066456882, 0.1338150158524513, 0.13357613342148916, 0.133964974965368, 0.13438300043344498, 0.13345980048179626, 0.13373993468635223, 0.13271590541390813, 0.13416447460651398, 0.13398564959827222, 0.13358728491490887, 0.13423051089048385, 0.13334766492761416, 0.13399437340823087, 0.1341410701473554, 0.13361545345362494, 0.13348882794380187, 0.1334798200563951, 0.1340140781619332, 0.13421081616119904, 0.13368263095617294, 0.1341725049747361, 0.13401278798226957, 0.13411346536416274, 0.1333318886657556, 0.13373425602912903, 0.13386934167808956, 0.13338200085692936, 0.13421443223953247, 0.1334846085972256, 0.13423718241128055, 0.1335718226738465, 0.1338222467381021, 0.13356879353523254, 0.13347187435085123, 0.1359381228685379, 0.13318313658237457, 0.13392516672611238, 0.13438463732600212, 0.13348760720222227, 0.13402760525544485, 0.1339756143944604, 0.1333948043840272, 0.13378385619984734, 0.1333900191660585, 0.13313377102216084, 0.1333773476736886, 0.13333553820848465, 0.1336476469741148, 0.1333652404802186, 0.13486077139774957, 0.13420375893192907, 0.13423146406809489, 0.1340871099382639, 0.13394556194543839, 0.13303141295909882, 0.13362507969141008, 0.13347160479714792, 0.13403524279594423, 0.13398417965932327, 0.13417372107505798, 0.13407165681322417, 0.13359570668803322, 0.13428908905812673, 0.13338716179132462, 0.13403603576478504, 0.13319377465681595, 0.13438566871311353, 0.13368071218331654, 0.1337018981575966, 0.13400040025060828, 0.13359994779933582, 0.1341585079508443, 0.13349413582020336, 0.1341045285048692, 0.13347400228182474, 0.13372977202137312, 0.13254115564955604, 0.13418776541948318, 0.1336703555924552, 0.13346241765162525, 0.13437749528222614, 0.1331624292901584, 0.13321980668438804, 0.1347266547381878, 0.13372955275209328, 0.13353671336715872, 0.13391436751072222, 0.13455566878502184, 0.1339745596051216, 0.13327101152390242, 0.13379207466329848, 0.13383858650922775, 0.133825509594037, 0.13359936848282813, 0.134087729042974, 0.13322356194257737, 0.13389570397489212, 0.1340780148903529, 0.13413675957255894, 0.13391201022793264, 0.13398174792528153, 0.13384102049626803, 0.1342756285479194, 0.13404762744903564, 0.133755330976687, 0.13402977450327438, 0.13368704571173742, 0.13384592533111572, 0.13420595849553743, 0.13377554714679718, 0.133884459733963, 0.13350116047594282], 1: [0.13388652297166678, 0.1340261509543971, 0.1337041145279294, 0.13410884588956834, 0.13381199492141604, 0.13354568630456926, 0.13380658451248617, 0.13402349466369265, 0.13414861917495727, 0.13416575454175472, 0.13368807484706244, 0.13294790293041028, 0.13368359793509757, 0.13365979120135307, 0.1336737722158432, 0.1335040107369423, 0.1334204776928975, 0.13385362840361065, 0.13288923849662146, 0.13423030823469162, 0.13442041174225186, 0.13401873894035815, 0.1341562509536743, 0.13371189644462184, 0.13487119170335624, 0.13353842361406845, 0.13369981423020363, 0.1337482471551214, 0.13401002827144803, 0.13364417744534357, 0.1339782029390335, 0.13409681894161082, 0.13327912706881762, 0.13334998488426208, 0.13396161993344624, 0.13322177935730328, 0.1335846400923199, 0.13410664796829225, 0.13375999281803766, 0.1334594705930123, 0.13372102081775666, 0.13307315235336623, 0.1333007887005806, 0.13347121700644493, 0.13382973935869005, 0.13387286414702734, 0.13405763606230417, 0.13417236804962157, 0.13400588116862558, 0.13283472508192062, 0.13388538185287924, 0.1339554110808032, 0.13421699777245522, 0.13373836676279705, 0.1337896097790111, 0.1343454962426966, 0.1353577540980445, 0.13371640774938795, 0.13349903747439384, 0.13351938724517823, 0.1334325209969566, 0.1333535056222569, 0.13427710297860598, 0.13349099999124353, 0.13331625271927228, 0.13338409040285193, 0.13381985632272866, 0.13350713523951444, 0.1340860936202501, 0.13374704122543335, 0.13351854952898892, 0.1342929561029781, 0.13352075219154358, 0.13398425010117618, 0.13377781573570136, 0.13374315608631482, 0.13366207204483174, 0.13467953296808097, 0.13426070660352707, 0.13336270577029177, 0.13342208911975226, 0.13397463630227482, 0.13376728401464574, 0.1342672139406204, 0.1337575525045395, 0.1335099846124649, 0.13397366181015968, 0.13308334525893717, 0.1336909823796966, 0.13378315550439498, 0.13385424514611563, 0.13395623564720155, 0.13427169919013976, 0.1347917223518545, 0.1341898670563331, 0.13394936280591146, 0.13442648840802057, 0.1335932303752218, 0.13330106756516866, 0.13392763110724362, 0.13474261264006296, 0.13357483929601208, 0.1341991356827996, 0.13335213189323744, 0.13430824726819993, 0.13444164937192743, 0.13418602714171776, 0.13260210388236576, 0.13358099894090134, 0.13316961212290657, 0.13394850865006447, 0.13394199311733246, 0.13404147773981095, 0.1338873969184028, 0.1334511935710907, 0.13434098064899444, 0.13398780354431697, 0.1331711390188762, 0.13371311715154938, 0.13435309628645578, 0.13391630965120652, 0.13404137061701882, 0.1337824345399172, 0.13409525636703737, 0.13370802927584874, 0.13450050155321758, 0.13418861230214438, 0.1336971087889238, 0.13428419557484714, 0.13442208298615047, 0.13367241971633015, 0.13395794201642275, 0.13401485166766428, 0.13400658170382182, 0.1340471931866237, 0.1332553575436274, 0.13340578675270082, 0.13450164943933487, 0.13367242312857083, 0.13469682748501116, 0.13340185311707584, 0.13312581015957725, 0.1337467228824442, 0.13404494076967238, 0.13399515952914953, 0.13253893229094418, 0.13372569932387426, 0.1337925357123216, 0.13419579646804117, 0.13494285358035046, 0.1337897138936179, 0.1335898146033287, 0.13390402719378472, 0.13387861599524817, 0.13319335132837296, 0.13432946123860098, 0.13435983285307884, 0.13378823491243216, 0.13380611108409035, 0.13466373192412512, 0.1339629113674164, 0.13388962050278982, 0.13350587462385496, 0.13370699286460877, 0.13334450579207877, 0.1334928035736084, 0.13385455558697382, 0.13417874859726947, 0.13440548571256491, 0.13362230062484742, 0.13365225087512622, 0.1335322380065918, 0.13421471760823175, 0.13323669677430933, 0.1342182094231248, 0.13351209549342885, 0.13392436639829117, 0.13295904397964478, 0.13415348921951495, 0.1335158348083496, 0.13377997726202012, 0.13378867382804552, 0.13432992870608965, 0.13431595407781147, 0.13439086144385132, 0.13364241644740105, 0.1341533601284027, 0.13402007818222045, 0.1339100386415209, 0.1338482661680742, 0.1343392813578248, 0.13336985355073755, 0.1341926469044252, 0.13460670092276164, 0.13409847943555742, 0.13402242183685303, 0.13407395429470959, 0.13414308022369037, 0.13316745907068253, 0.134051351249218, 0.13456172049045562, 0.1342680501666936, 0.134571126765675, 0.1337761531273524, 0.13415117155421863, 0.13448126478628677, 0.13341679920752844, 0.13451924768029427, 0.13354340593020123, 0.13362704396247863, 0.13382315635681152, 0.13437725156545638, 0.1340341175144369, 0.13411667536605487, 0.1344553776409315, 0.1345793902873993, 0.13416807949543, 0.13395156959692636, 0.1339967124737226, 0.1344615739804727, 0.13369781392462113, 0.13369902347524962, 0.13339556841289296, 0.13400100585487154, 0.1345203323289752, 0.1335542183369398, 0.13448509201407433, 0.13456352551778158, 0.134770268201828, 0.13377000081042448, 0.13405866282326834, 0.1332978354766965, 0.13353140031298003, 0.13369500849928176, 0.13437437845600975, 0.1337909385561943, 0.13364258656899133, 0.13357697833668103, 0.13376444743739235, 0.13256593917806944, 0.13309589680284262, 0.13366143937621797, 0.1329534947872162, 0.1341361552476883, 0.13366008996963502, 0.13403648563793727, 0.13353493809700012, 0.13426394839035838, 0.1340625110794516, 0.13398616313934325, 0.1346251138231971, 0.13394639853920257, 0.13335968897892878, 0.13346248716115952, 0.13343885999459487, 0.1335550630092621, 0.13381733549268623, 0.1329702541232109, 0.13387969533602398, 0.13368641991506924, 0.13423665138808163, 0.1334607258439064, 0.13421851571868448, 0.13384308790167174, 0.134132898905698, 0.13335821491021377, 0.13335611710422918, 0.13382796583504514, 0.13391408696770668, 0.13367815954344614, 0.13437280402733728, 0.13335780302683511, 0.13386952877044678, 0.13414978682994844, 0.13341565342510447, 0.1336229383945465, 0.13436431996524334, 0.1329424712393019, 0.13337883353233337, 0.1335515923359815, 0.1342872685712317, 0.13404081604982676, 0.13410178447763124, 0.13307312519653983, 0.13288760061065355, 0.13372421450912952, 0.13337904685421995, 0.13419357484037225, 0.1347344612533396, 0.13434057403355837, 0.1341567961499095, 0.13456100631843915, 0.1338370523669503, 0.13370909009660994, 0.1338052099070898, 0.13435768170489204, 0.13497850050528845, 0.13361228350549936, 0.1338120134813445, 0.13349957125527517, 0.13391505970674403, 0.13437596460183462, 0.13443193068871132, 0.1336015494806426, 0.13362824358046055, 0.13413043692708015, 0.13401434676987783, 0.13444619625806808, 0.13441953890853459, 0.13377617124248953, 0.13357561909490162, 0.13404900922968582, 0.13382696012655895, 0.13512034267187117, 0.13363698239509875, 0.13327995726936742, 0.1334372777491808, 0.1334072138581957, 0.13341661943839148, 0.13417759868833753, 0.1341150288398449, 0.13437352668155322, 0.1334006773928801, 0.13357502378915487, 0.1337115272231724, 0.13373206886980268, 0.13385149492667273, 0.1337022419486727, 0.13371485099196434, 0.13371539454568515, 0.13374498817655775, 0.13421525955200195, 0.1343762120231986, 0.13371889914075533, 0.1336621697011747, 0.13395972485127655, 0.13457603909467397, 0.1339568942785263, 0.13430217305819195, 0.13392131278912225, 0.13430111234386763, 0.13438913013253892, 0.1337927460670471, 0.13410216569900513, 0.13405464589595795, 0.13389976895772493, 0.13385029882192612, 0.13447543481985727, 0.13349055051803588, 0.13376315496861935, 0.13400846272706984, 0.13333482015877962, 0.13307671936658713, 0.13361570984125137, 0.13439040581385295, 0.13410850490132967, 0.13398152825079465, 0.13382621183991433, 0.1338371882836024, 0.13339658223447345, 0.1347163778084975, 0.13419944524765015, 0.13354757893830538, 0.13423634950931257, 0.13353532734440593, 0.13380390405654907, 0.1341474637389183, 0.13423082563612196, 0.13400910711950725, 0.13367289198296411, 0.1335543543100357, 0.13305484876036644, 0.13418408632278442, 0.1338481968268752, 0.13336553010675642, 0.1335433046023051, 0.13352100253105165, 0.13434643712308672, 0.13450806538263957, 0.13397185628612837, 0.1342733587537493, 0.13376874011009932, 0.13400255739688874, 0.13419308960437776, 0.13452358543872833, 0.1341307680857809, 0.1339432755485177, 0.13372297585010529, 0.1345092873362934, 0.13413596830584787, 0.13346767196288475, 0.13318638056516646, 0.13399845820206863, 0.13400414139032363, 0.13384103402495384, 0.1347976652058688, 0.13352651769916216, 0.13312422037124633, 0.13390756617574132, 0.13326483815908433, 0.13358903558630691, 0.1341273428073951, 0.13396145900090536, 0.1341787418898414, 0.1343631036579609, 0.13311972320079804, 0.13392810949257442, 0.13359949655003017, 0.1331745359030637, 0.13388174380126752, 0.13375049829483032, 0.1342250734567642, 0.13323725511630377, 0.13361005078662525, 0.1344613220010485, 0.1331079661846161, 0.1330169358036735, 0.13398606247372097, 0.13336809227863947, 0.13424740512581432, 0.13328446376891362, 0.13413157562414804, 0.13381550212701163, 0.13358550227206686, 0.13337927507726768, 0.1337352151220495, 0.13358846577731046, 0.13444764614105226, 0.13351884670555592, 0.13381374308041163, 0.1347769618034363, 0.13490292544548327, 0.13339611291885375, 0.13409548135180221, 0.13381394147872924, 0.1342983834800266, 0.1341667279601097, 0.13381794840097427, 0.13314442429691553, 0.13355754726919636, 0.13448042625730688, 0.13371119309555402, 0.1335013237069635, 0.13342589463876642, 0.13397897441278805, 0.13352718618181017, 0.13419334590435028, 0.13409647804040176, 0.1341549919711219, 0.133566748102506, 0.13451825827360153, 0.13383636474609376, 0.13364124433560806, 0.13356002401082945, 0.13350232640902202, 0.13418989504377046, 0.13357586545102737, 0.13382477909326554, 0.13366709561908946, 0.13341321280369392, 0.13427771048413384, 0.1337171254886521, 0.13369781361973804, 0.13366718861189755, 0.13453268508116403, 0.13405222977910722, 0.13405439496040344, 0.13442797865718603, 0.13332405934731165, 0.1340996092185378, 0.13395321865876517, 0.13344386490908536, 0.13380811777379778, 0.13421127274632455, 0.13360095545649528, 0.13364110248429434, 0.1339983969926834, 0.13428986900382572, 0.1346955269575119, 0.1340339794754982, 0.1341425386213121, 0.13333979674748012, 0.13324821492036185, 0.13395393707535483, 0.1338498478426653, 0.13370402292771774, 0.13372550755739213, 0.13440833666494914, 0.13456766880475557, 0.1355248734354973, 0.1349603235721588, 0.13344472460448742, 0.13447946403175592, 0.13395380874474844, 0.13374882530082355, 0.1337118148803711, 0.1337164259619183, 0.13399746567010878, 0.1339808507212277, 0.13390996009111406, 0.13349876495508048, 0.1341446379297658, 0.13368153707547623, 0.13399813217776163, 0.1341329775750637, 0.13338170165107363, 0.13317724938193956, 0.13447022438049316, 0.13452835579713185, 0.13444677460938692, 0.13368761101189783, 0.13425334095954894, 0.13393824503702276, 0.13413741687933603, 0.13389177336579278, 0.13339835206667583, 0.13393039188601755, 0.134182778497537, 0.13414605855941772, 0.13383367019040243, 0.13447786548307963, 0.13385500638715683, 0.13405741344798694, 0.13482682832649776, 0.13427894479698604, 0.13342570031390472, 0.13383563404733484, 0.1338292822241783, 0.13269986361265182, 0.13371039777994156, 0.13303604796528817, 0.13385151699185371, 0.13392637372016908, 0.13404397453580583, 0.13375562544052416, 0.1338690859079361, 0.1334383375942707, 0.13446775409910414, 0.1337885503706179, 0.13278169557452202, 0.13363504223525524, 0.13381356795628865, 0.13438299069037804, 0.13472302382191023, 0.13312293063191807, 0.13419540051151724, 0.13258165568113328, 0.13402423398061233, 0.13364224135875702, 0.13377348395685354, 0.1336558610200882, 0.1333938908009302, 0.13408235744351432, 0.1338684054521414, 0.13485657125711442, 0.13371600210666656, 0.13383407394091287, 0.13377393985336478, 0.133809432387352, 0.13390512019395828, 0.1335378885269165, 0.13310831146580832, 0.134118995987452, 0.1338520050048828, 0.13344646458114898, 0.13458688828078183, 0.13399165518143596, 0.13431008011102677, 0.1337520658969879, 0.13379328910793578, 0.1341251999139786, 0.13406713519777572, 0.13328852373010971, 0.1336629072825114, 0.1344064876437187, 0.13390594820181528, 0.1332448489136166, 0.13406440157156724, 0.1340420191938227, 0.13358853260676065, 0.1334469715754191, 0.13382554964886773, 0.13403103053569793, 0.13450433952467783, 0.13301757065688863, 0.13428798046979037, 0.13351318125541395, 0.13400819668403038, 0.13359850374135104, 0.13394497169388664, 0.1335850026872423, 0.1338452748954296, 0.1338494149968028, 0.13440847747466145, 0.13367449957877398, 0.13343979914983115, 0.13404299946207748, 0.13371856646104294, 0.13387612998485565, 0.133629252910614, 0.13363559419910112, 0.13345246141155562, 0.13318043319802536, 0.13352489054203034, 0.1339499001149778, 0.13351942484195417, 0.1339585304260254, 0.1343714639544487, 0.1341439959677783, 0.13406063380994296, 0.13411689128564752, 0.1338267145972503, 0.13421583354473113, 0.13411194582780203, 0.13413255719038156, 0.13389077931642532, 0.13370921031424873, 0.13420888505600118, 0.13390188167492548, 0.1342857444570178, 0.13363799277473898, 0.13383296380440393, 0.13337626457214355, 0.13287675380706787, 0.13374751806259155, 0.13339813550313315, 0.1346413774622811, 0.1340344561771913, 0.1339345420045512, 0.13276433944702148, 0.1334090232849121, 0.13384535292099262, 0.13420210381348927, 0.1337414189026906, 0.13354422450065612, 0.13407881744205952, 0.13370060436427594, 0.13329781591892242, 0.1340777530618336, 0.13345246911048889, 0.1335112789162883, 0.13321358636021613, 0.13353034853935242, 0.13424838015011378, 0.13406767864381114, 0.13367387528220812, 0.1339196427946999, 0.13316739407869485, 0.13377731516957284, 0.13405640103987285, 0.1344603571024808, 0.13370623642748053, 0.1335122654835383, 0.13430191576480865, 0.13412819719976848, 0.134187151491642, 0.1333574838936329, 0.13349995265404382, 0.13363690445056328, 0.1334210026722688, 0.1344543289054524, 0.13407856632362714, 0.1338406354188919, 0.13445114096005759, 0.1336455394824346, 0.13381844846641316, 0.1332172381877899, 0.1336730352856896, 0.13416460475751332, 0.13347069323062896, 0.1342667080461979, 0.13353436244161507, 0.1336431331001222, 0.13460063131955954, 0.13375006914138793, 0.13361383286806253, 0.13375684544444083, 0.1338305945197741, 0.13363404985931185, 0.13361091099002145, 0.1337652231256167, 0.13381409557426677, 0.13373559713363647, 0.13372791558504105, 0.13440693821758032, 0.13344631379558927, 0.13373886942863464, 0.13337567051251728, 0.13381489217281342, 0.13359550297260284, 0.13380703943617203, 0.1328824067657644, 0.13388398154215378, 0.13392560996792532, 0.13390276746617424, 0.13350790043671926, 0.13337962329387665, 0.13408094566119344, 0.1333481211747442, 0.13373031639135802, 0.13394144448367032, 0.13409397937357426, 0.13375156305053018, 0.13443538174033165, 0.1346181184053421, 0.13299641013145447, 0.13397506911021012, 0.13358229940587824, 0.1336387309588884, 0.13422933280467986, 0.13474300801753997, 0.13356027379631996, 0.13445095558251655, 0.13381382822990417, 0.1337505124864124, 0.13393138416788794, 0.13399807555334908, 0.1340548721226779, 0.1336877778172493, 0.13299572738734158, 0.13380504300196966, 0.1340862742879174, 0.1335835616503443, 0.1339653193950653, 0.13348372009667483, 0.13308712045351664, 0.13447490334510803, 0.13456143885850907, 0.13427032579978307, 0.13436587154865265, 0.1339507834477858, 0.1340889571742578, 0.13343412961278642, 0.1338462018304401, 0.13347833390746797, 0.13437026962637902, 0.1336726420200788, 0.13310384129484495, 0.13366837684924787, 0.13360315967689862, 0.1339280509522983, 0.13356290600801768, 0.13388576110204062, 0.13312208652496338, 0.1336863012984395, 0.13446256518363953, 0.1341585560756571, 0.13430647750695546, 0.13343394281608717, 0.1340932556811501, 0.13333368963665432, 0.1333294077353044, 0.133779214128204, 0.13411444065899686, 0.13426712850729625, 0.13355882194909183, 0.13401092453436417, 0.13384802315546118, 0.13391344994306564, 0.1336801318745864, 0.13349973261356354, 0.13420835230499506, 0.1334567387898763, 0.1340620368719101, 0.13430710678750818, 0.13420774694532156, 0.13445616364479065, 0.13363948740341045, 0.13476997207511554, 0.13389032021645578, 0.1346176555928062, 0.1341368087700435, 0.13368513377813193, 0.1340000142653783, 0.13295285084417888, 0.13340180249590622, 0.13426642740766206, 0.13414290795723596, 0.1337930250626344, 0.1336890748052886, 0.1340169898337788, 0.1336100534314201, 0.1334322175154319, 0.1340990172965186, 0.13304062746465206, 0.1336949375959543, 0.1335610882802443, 0.1336185370500271, 0.13326092436909676, 0.13428620331817204, 0.1337041103321573, 0.13366656111819403, 0.13362433140476546, 0.13304284628894594, 0.13368818908929825, 0.13356851413846016, 0.133850174871358, 0.13396175792722992, 0.13366589602082968, 0.13382400274276735, 0.13302214531337514, 0.13379261004073278, 0.1336621857351727, 0.1343084067106247, 0.1340556129509089, 0.13371031424578497, 0.13358707832438604, 0.13422199487686157, 0.13328947499394417, 0.13407620117068292, 0.13273803076960825, 0.13349636711857535, 0.13349979438564993, 0.13357330204510107, 0.1340313298361642, 0.13360424225146955, 0.13395290374755858, 0.13445495183651263, 0.13397000091416494, 0.13348212838172913, 0.1339079084304663, 0.1335213710864385, 0.1328004395419901, 0.1327803134918213, 0.1343399327662256, 0.1338085479596082, 0.13393162135724668, 0.1339053783727729, 0.13324325829744338, 0.13407833530352667, 0.13297028467059135, 0.13333631374619223, 0.13401516132494984, 0.13322476616927556, 0.13388424180448055, 0.1340466932608531, 0.1344253085553646, 0.13417298453194754, 0.13399532238642375, 0.13389796591722047, 0.13368217095180793, 0.1330354647202925, 0.13380909876690972, 0.13399366628039966, 0.1337517121185859, 0.13266945133606592, 0.13366442422072092, 0.13306371569633485, 0.1339505672454834, 0.13266811072826384, 0.13429899886250496, 0.1345406933264299, 0.13390351633230846, 0.1346978640982083, 0.13408711671829224, 0.13380190787407067, 0.13383941849072775, 0.13387561376605714, 0.13393840491771697, 0.1338683728660856, 0.13456376735121012, 0.13467181406237863, 0.13316868070293875, 0.13400527970357376, 0.1333812691271305, 0.13408360481262208, 0.1339670689333053, 0.13369412979354028, 0.13427221278349558, 0.13380934975363992, 0.13396219909191132, 0.1342408603855542, 0.13436158689168784, 0.13345675959306605, 0.13352369765440622, 0.13421612076069178, 0.13445446640253067, 0.13387484848499298, 0.13326188325881957, 0.1337265662021107, 0.13362151205539705, 0.13398158685727554, 0.1341048965851466, 0.13432007158795992, 0.13385718166828156, 0.13394931016060022, 0.1341919106872458, 0.133692913585239, 0.1338667314160954, 0.13426871399084728, 0.1337979257106781, 0.1340332077494983, 0.13424037933349608, 0.13379203975200654, 0.134183638475158, 0.13334161788225174, 0.13398155901167128, 0.13428932707756758, 0.13326891192368098, 0.13432642275636847, 0.13325673639774321, 0.13345074984762403, 0.13511407226324082, 0.13375463833411536, 0.1343345766266187, 0.13369697984308004, 0.13344452083110808, 0.13427515975807025, 0.1335694616039594, 0.13307118322700262, 0.134344759312543, 0.13380331546068192, 0.13366971413294473, 0.13383208364248275, 0.13315047919750214, 0.1333641020151285, 0.13324184601123518, 0.13353393865483149, 0.1341700628399849, 0.13459945991635322, 0.13396987183527512, 0.13361897889305563, 0.13413644112922526, 0.13344986736774445, 0.13286192829792315, 0.13344214608271918, 0.13352210118490107, 0.13388643711805343, 0.13409647604693536, 0.134362464149793, 0.13381648326621337, 0.13339799046516418, 0.13498575737078986, 0.13436539471149445, 0.13332754820585252, 0.1341109613577525, 0.1339199369152387, 0.13383515758646858, 0.13385622046495738, 0.13336752189530265, 0.13378477898927835, 0.13335732031952252, 0.1342510571082433, 0.133460134267807, 0.13320506025444379, 0.13352514803409576, 0.1331449035141203, 0.13384056687355042, 0.13443696634335953, 0.1337794573046267, 0.1339569568634033, 0.13424777705222368, 0.13369375008803147, 0.13366408944129943, 0.13368792682886124, 0.13440141196434313, 0.13345845192670822, 0.1339934766292572, 0.13381614429610117, 0.13380096033215522, 0.133166609538926, 0.1335482667935522, 0.1340151293711229, 0.13305410200899298, 0.1342264160513878, 0.13395869880914688, 0.1341788928423609, 0.1337712973356247, 0.1340857336918513, 0.13280158964070407, 0.1340034008026123, 0.133750949986279, 0.13302685107503617, 0.1340756006538868, 0.13479403323597378, 0.1336158275604248, 0.1343041893682982, 0.13416032722363105, 0.13345044715837998, 0.13388715790850775, 0.13346592279580924, 0.13378641133507094, 0.13332442740599315, 0.1332755610346794, 0.13366072338361007, 0.13378120958805084, 0.13347380049526691, 0.13410064578056335, 0.1338882026347247, 0.1339523524045944, 0.13369382917881012, 0.1339597632487615, 0.13395652920007706, 0.13336202637715774, 0.13435171414976535, 0.1339624467048239, 0.13362733308564534, 0.13385713001092275]}