('OC-FakeDect1 (Trained on RND Dataset)  \nTested on RND FaceSwap Dataset  \nRunning Average Evaluation', 'OC-FakeDect1_RND', 'RND', 'OC-FakeDect1_RND_raeonFSrnd')
auroc=0.5049260902407313
f1=0.456778889899909
prec=0.41833333333333333
recall=0.503006012024048

fpr=[0.0, 0.503006012024048, 1.0]

tpr=[0.0, 0.5128581925055107, 1.0]

y_true=[0, 0, 0, 0, 0, 0, 0, 0, 0, 0, 0, 0, 0, 0, 0, 0, 0, 0, 0, 0, 0, 0, 0, 0, 0, 0, 0, 0, 0, 0, 0, 0, 0, 0, 0, 0, 0, 0, 0, 0, 0, 0, 0, 0, 0, 0, 0, 0, 0, 0, 0, 0, 0, 0, 0, 0, 0, 0, 0, 0, 0, 0, 0, 0, 0, 0, 0, 0, 0, 0, 0, 0, 0, 0, 0, 0, 0, 0, 0, 0, 0, 0, 0, 0, 0, 0, 0, 0, 0, 0, 0, 0, 0, 0, 0, 0, 0, 0, 0, 0, 0, 0, 0, 0, 0, 0, 0, 0, 0, 0, 0, 0, 0, 0, 0, 0, 0, 0, 0, 0, 0, 0, 0, 0, 0, 0, 0, 0, 0, 0, 0, 0, 0, 0, 0, 0, 0, 0, 0, 0, 0, 0, 0, 0, 0, 0, 0, 0, 0, 0, 0, 0, 0, 0, 0, 0, 0, 0, 0, 0, 0, 0, 0, 0, 0, 0, 0, 0, 0, 0, 0, 0, 0, 0, 0, 0, 0, 0, 0, 0, 0, 0, 0, 0, 0, 0, 0, 0, 0, 0, 0, 0, 0, 0, 0, 0, 0, 0, 0, 0, 0, 0, 0, 0, 0, 0, 0, 0, 0, 0, 0, 0, 0, 0, 0, 0, 0, 0, 0, 0, 0, 0, 0, 0, 0, 0, 0, 0, 0, 0, 0, 0, 0, 0, 0, 0, 0, 0, 0, 0, 0, 0, 0, 0, 0, 0, 0, 0, 0, 0, 0, 0, 0, 0, 0, 0, 0, 0, 0, 0, 0, 0, 0, 0, 0, 0, 0, 0, 0, 0, 0, 0, 0, 0, 0, 0, 0, 0, 0, 0, 0, 0, 0, 0, 0, 0, 0, 0, 0, 0, 0, 0, 0, 0, 0, 0, 0, 0, 0, 0, 0, 0, 0, 0, 0, 0, 0, 0, 0, 0, 0, 0, 0, 0, 0, 0, 0, 0, 0, 0, 0, 0, 0, 0, 0, 0, 0, 0, 0, 0, 0, 0, 0, 0, 0, 0, 0, 0, 0, 0, 0, 0, 0, 0, 0, 0, 0, 0, 0, 0, 0, 0, 0, 0, 0, 0, 0, 0, 0, 0, 0, 0, 0, 0, 0, 0, 0, 0, 0, 0, 0, 0, 0, 0, 0, 0, 0, 0, 0, 0, 0, 0, 0, 0, 0, 0, 0, 0, 0, 0, 0, 0, 0, 0, 0, 0, 0, 0, 0, 0, 0, 0, 0, 0, 0, 0, 0, 0, 0, 0, 0, 0, 0, 0, 0, 0, 0, 0, 0, 0, 0, 0, 0, 0, 0, 0, 0, 0, 0, 0, 0, 0, 0, 0, 0, 0, 0, 0, 0, 0, 0, 0, 0, 0, 0, 0, 0, 0, 0, 0, 0, 0, 0, 0, 0, 0, 0, 0, 0, 0, 0, 0, 0, 0, 0, 0, 0, 0, 0, 0, 0, 0, 0, 0, 0, 0, 0, 0, 0, 0, 0, 0, 0, 0, 0, 0, 0, 0, 0, 0, 0, 0, 0, 0, 0, 0, 0, 0, 0, 0, 0, 0, 0, 0, 0, 0, 0, 0, 0, 0, 0, 0, 0, 0, 0, 0, 0, 0, 0, 0, 0, 0, 0, 0, 0, 0, 0, 0, 0, 0, 0, 0, 0, 0, 0, 0, 0, 0, 0, 0, 0, 0, 0, 0, 0, 0, 0, 0, 0, 0, 0, 0, 0, 0, 0, 0, 0, 0, 0, 0, 0, 0, 0, 0, 0, 0, 0, 0, 0, 0, 0, 0, 0, 0, 0, 0, 0, 0, 0, 0, 0, 0, 0, 0, 0, 0, 0, 0, 0, 0, 0, 0, 0, 0, 0, 0, 0, 0, 0, 0, 0, 0, 0, 0, 0, 0, 0, 0, 0, 0, 0, 0, 0, 0, 0, 0, 0, 0, 0, 0, 0, 0, 0, 0, 0, 0, 0, 0, 0, 0, 0, 0, 0, 0, 0, 0, 0, 0, 0, 0, 0, 0, 0, 0, 0, 0, 0, 0, 0, 0, 0, 0, 0, 0, 0, 0, 0, 0, 0, 0, 0, 0, 0, 0, 0, 0, 0, 0, 0, 0, 0, 0, 0, 0, 0, 0, 0, 0, 0, 0, 0, 0, 0, 0, 0, 0, 0, 0, 0, 0, 0, 0, 0, 0, 0, 0, 0, 0, 0, 0, 0, 0, 0, 0, 0, 0, 0, 0, 0, 0, 0, 0, 0, 0, 0, 0, 0, 0, 0, 0, 0, 0, 0, 0, 0, 0, 0, 0, 0, 0, 0, 0, 0, 0, 0, 0, 0, 0, 0, 0, 0, 0, 0, 0, 0, 0, 0, 0, 0, 0, 0, 0, 0, 0, 0, 0, 0, 0, 0, 0, 0, 0, 0, 0, 0, 0, 0, 0, 0, 0, 0, 0, 0, 0, 0, 0, 0, 0, 0, 0, 0, 0, 0, 0, 0, 0, 0, 0, 0, 0, 0, 0, 0, 0, 0, 0, 0, 0, 0, 0, 0, 0, 0, 0, 0, 0, 0, 0, 0, 0, 0, 0, 0, 0, 0, 0, 0, 0, 0, 0, 0, 0, 0, 0, 0, 0, 0, 0, 0, 0, 0, 0, 0, 0, 0, 0, 0, 0, 0, 0, 0, 0, 0, 0, 0, 0, 0, 0, 0, 0, 0, 0, 0, 0, 0, 0, 0, 0, 0, 0, 0, 0, 0, 0, 0, 0, 0, 0, 0, 0, 0, 0, 0, 0, 0, 0, 0, 0, 0, 0, 0, 0, 0, 0, 0, 0, 0, 0, 0, 0, 0, 0, 0, 0, 0, 0, 0, 0, 0, 0, 0, 0, 0, 0, 0, 0, 0, 0, 0, 0, 0, 0, 0, 0, 0, 0, 0, 0, 0, 0, 0, 0, 0, 0, 0, 0, 0, 0, 0, 0, 0, 0, 0, 0, 0, 0, 0, 0, 0, 0, 0, 0, 0, 0, 0, 0, 0, 0, 0, 0, 0, 0, 0, 0, 0, 0, 0, 0, 0, 0, 0, 0, 0, 0, 0, 0, 0, 0, 0, 0, 0, 0, 0, 0, 0, 0, 0, 0, 0, 0, 0, 0, 0, 0, 0, 0, 0, 0, 0, 0, 0, 0, 0, 0, 0, 0, 0, 0, 0, 0, 0, 0, 0, 0, 0, 0, 0, 0, 0, 0, 0, 0, 0, 0, 0, 0, 0, 0, 0, 0, 0, 0, 0, 0, 0, 0, 0, 0, 0, 0, 0, 0, 0, 0, 0, 0, 0, 0, 0, 0, 0, 0, 0, 0, 0, 0, 0, 0, 0, 0, 0, 0, 0, 0, 0, 0, 0, 0, 0, 0, 0, 0, 0, 0, 0, 0, 0, 0, 0, 0, 0, 0, 0, 0, 0, 0, 0, 0, 0, 0, 0, 0, 0, 0, 0, 0, 0, 0, 0, 0, 0, 0, 0, 0, 0, 0, 0, 0, 0, 0, 0, 0, 0, 0, 0, 0, 0, 0, 0, 0, 0, 0, 0, 0, 0, 0, 0, 0, 0, 0, 0, 0, 0, 0, 0, 0, 0, 0, 0, 0, 0, 0, 0, 0, 0, 0, 0, 0, 0, 0, 0, 0, 0, 0, 0, 0, 0, 0, 0, 0, 0, 0, 0, 0, 0, 0, 0, 0, 0, 0, 0, 0, 0, 0, 0, 0, 0, 0, 0, 0, 0, 0, 0, 0, 0, 0, 0, 0, 0, 0, 0, 0, 0, 0, 0, 0, 0, 0, 0, 0, 0, 0, 0, 0, 0, 0, 0, 0, 0, 0, 0, 0, 0, 0, 0, 0, 0, 0, 0, 0, 0, 0, 0, 0, 0, 0, 0, 0, 0, 0, 0, 0, 0, 0, 0, 0, 0, 0, 0, 0, 0, 0, 0, 0, 0, 0, 0, 0, 0, 0, 0, 0, 0, 0, 0, 0, 0, 0, 0, 0, 0, 0, 0, 0, 0, 0, 0, 0, 0, 0, 0, 0, 0, 0, 0, 0, 0, 0, 0, 0, 0, 0, 0, 0, 0, 0, 0, 0, 0, 0, 0, 0, 0, 0, 0, 0, 0, 0, 0, 0, 0, 0, 0, 0, 0, 0, 0, 0, 0, 0, 0, 0, 0, 0, 0, 0, 0, 0, 0, 0, 0, 0, 0, 0, 0, 0, 0, 0, 0, 0, 0, 0, 0, 0, 0, 0, 0, 0, 0, 0, 0, 0, 0, 0, 0, 0, 0, 0, 0, 0, 0, 0, 0, 0, 0, 0, 0, 0, 0, 0, 0, 0, 0, 0, 0, 0, 0, 0, 0, 0, 0, 1, 1, 1, 1, 1, 1, 1, 1, 1, 1, 1, 1, 1, 1, 1, 1, 1, 1, 1, 1, 1, 1, 1, 1, 1, 1, 1, 1, 1, 1, 1, 1, 1, 1, 1, 1, 1, 1, 1, 1, 1, 1, 1, 1, 1, 1, 1, 1, 1, 1, 1, 1, 1, 1, 1, 1, 1, 1, 1, 1, 1, 1, 1, 1, 1, 1, 1, 1, 1, 1, 1, 1, 1, 1, 1, 1, 1, 1, 1, 1, 1, 1, 1, 1, 1, 1, 1, 1, 1, 1, 1, 1, 1, 1, 1, 1, 1, 1, 1, 1, 1, 1, 1, 1, 1, 1, 1, 1, 1, 1, 1, 1, 1, 1, 1, 1, 1, 1, 1, 1, 1, 1, 1, 1, 1, 1, 1, 1, 1, 1, 1, 1, 1, 1, 1, 1, 1, 1, 1, 1, 1, 1, 1, 1, 1, 1, 1, 1, 1, 1, 1, 1, 1, 1, 1, 1, 1, 1, 1, 1, 1, 1, 1, 1, 1, 1, 1, 1, 1, 1, 1, 1, 1, 1, 1, 1, 1, 1, 1, 1, 1, 1, 1, 1, 1, 1, 1, 1, 1, 1, 1, 1, 1, 1, 1, 1, 1, 1, 1, 1, 1, 1, 1, 1, 1, 1, 1, 1, 1, 1, 1, 1, 1, 1, 1, 1, 1, 1, 1, 1, 1, 1, 1, 1, 1, 1, 1, 1, 1, 1, 1, 1, 1, 1, 1, 1, 1, 1, 1, 1, 1, 1, 1, 1, 1, 1, 1, 1, 1, 1, 1, 1, 1, 1, 1, 1, 1, 1, 1, 1, 1, 1, 1, 1, 1, 1, 1, 1, 1, 1, 1, 1, 1, 1, 1, 1, 1, 1, 1, 1, 1, 1, 1, 1, 1, 1, 1, 1, 1, 1, 1, 1, 1, 1, 1, 1, 1, 1, 1, 1, 1, 1, 1, 1, 1, 1, 1, 1, 1, 1, 1, 1, 1, 1, 1, 1, 1, 1, 1, 1, 1, 1, 1, 1, 1, 1, 1, 1, 1, 1, 1, 1, 1, 1, 1, 1, 1, 1, 1, 1, 1, 1, 1, 1, 1, 1, 1, 1, 1, 1, 1, 1, 1, 1, 1, 1, 1, 1, 1, 1, 1, 1, 1, 1, 1, 1, 1, 1, 1, 1, 1, 1, 1, 1, 1, 1, 1, 1, 1, 1, 1, 1, 1, 1, 1, 1, 1, 1, 1, 1, 1, 1, 1, 1, 1, 1, 1, 1, 1, 1, 1, 1, 1, 1, 1, 1, 1, 1, 1, 1, 1, 1, 1, 1, 1, 1, 1, 1, 1, 1, 1, 1, 1, 1, 1, 1, 1, 1, 1, 1, 1, 1, 1, 1, 1, 1, 1, 1, 1, 1, 1, 1, 1, 1, 1, 1, 1, 1, 1, 1, 1, 1, 1, 1, 1, 1, 1, 1, 1, 1, 1, 1, 1, 1, 1, 1, 1, 1, 1, 1, 1, 1, 1, 1, 1, 1, 1, 1, 1, 1, 1, 1, 1, 1, 1, 1, 1, 1, 1, 1, 1, 1, 1, 1, 1, 1, 1, 1, 1, 1, 1, 1, 1, 1, 1, 1, 1, 1, 1, 1, 1, 1, 1, 1, 1, 1, 1, 1, 1, 1, 1, 1, 1, 1, 1, 1, 1, 1, 1, 1, 1, 1, 1, 1, 1, 1, 1, 1, 1, 1, 1, 1, 1, 1, 1, 1, 1, 1, 1, 1, 1, 1, 1, 1, 1, 1, 1, 1, 1, 1, 1, 1, 1, 1, 1, 1, 1, 1, 1, 1, 1, 1, 1, 1, 1, 1, 1, 1, 1, 1, 1, 1, 1, 1, 1, 1, 1, 1, 1, 1, 1, 1, 1, 1, 1, 1, 1, 1, 1, 1, 1, 1, 1, 1, 1, 1, 1, 1, 1, 1, 1, 1, 1, 1, 1, 1, 1, 1, 1, 1, 1, 1, 1, 1, 1, 1, 1, 1, 1, 1, 1, 1, 1, 1, 1, 1, 1, 1, 1, 1, 1, 1, 1, 1, 1, 1, 1, 1, 1, 1, 1, 1, 1, 1, 1, 1, 1, 1, 1, 1, 1, 1, 1, 1, 1, 1, 1, 1, 1, 1, 1, 1, 1, 1, 1, 1, 1, 1, 1, 1, 1, 1, 1, 1, 1, 1, 1, 1, 1, 1, 1, 1, 1, 1, 1, 1, 1, 1, 1, 1, 1, 1, 1, 1, 1, 1, 1, 1, 1, 1, 1, 1, 1, 1, 1, 1, 1, 1, 1, 1, 1, 1, 1, 1, 1, 1, 1, 1, 1, 1, 1, 1, 1, 1, 1, 1, 1, 1, 1, 1, 1, 1, 1, 1, 1, 1, 1, 1, 1, 1, 1, 1, 1, 1, 1, 1, 1, 1, 1, 1, 1, 1, 1, 1, 1, 1, 1, 1, 1, 1, 1, 1, 1, 1, 1, 1, 1, 1, 1, 1, 1, 1, 1, 1, 1, 1, 1, 1, 1, 1, 1, 1, 1, 1, 1, 1, 1, 1, 1, 1, 1, 1, 1, 1, 1, 1, 1, 1, 1, 1, 1, 1, 1, 1, 1, 1, 1, 1, 1, 1, 1, 1, 1, 1, 1, 1, 1, 1, 1, 1, 1, 1, 1, 1, 1, 1, 1, 1, 1, 1, 1, 1, 1, 1, 1, 1, 1, 1, 1, 1, 1, 1, 1, 1, 1, 1, 1, 1, 1, 1, 1, 1, 1, 1, 1, 1, 1, 1, 1, 1, 1, 1, 1, 1, 1, 1, 1, 1, 1, 1, 1, 1, 1, 1, 1, 1, 1, 1, 1, 1, 1, 1, 1, 1, 1, 1, 1, 1, 1, 1, 1, 1, 1, 1, 1, 1, 1, 1, 1, 1, 1, 1, 1, 1, 1, 1, 1, 1, 1, 1, 1, 1, 1, 1, 1, 1, 1, 1, 1, 1, 1, 1, 1, 1, 1, 1, 1, 1, 1, 1, 1, 1, 1, 1, 1, 1, 1, 1, 1, 1, 1, 1, 1, 1, 1, 1, 1, 1, 1, 1, 1, 1, 1, 1, 1, 1, 1, 1, 1, 1, 1, 1, 1, 1, 1, 1, 1, 1, 1, 1, 1, 1, 1, 1, 1, 1, 1, 1, 1, 1, 1, 1, 1, 1, 1, 1, 1, 1]

y_pred=[1.0, 0.0, 0.0, 1.0, 1.0, 0.0, 1.0, 0.0, 0.0, 0.0, 0.0, 1.0, 0.0, 0.0, 1.0, 1.0, 0.0, 1.0, 1.0, 1.0, 1.0, 1.0, 0.0, 0.0, 1.0, 1.0, 0.0, 0.0, 0.0, 0.0, 1.0, 0.0, 0.0, 1.0, 1.0, 0.0, 1.0, 0.0, 0.0, 0.0, 0.0, 0.0, 1.0, 1.0, 1.0, 1.0, 0.0, 0.0, 1.0, 0.0, 0.0, 1.0, 1.0, 0.0, 0.0, 0.0, 1.0, 1.0, 0.0, 0.0, 1.0, 1.0, 1.0, 1.0, 0.0, 1.0, 1.0, 0.0, 0.0, 1.0, 0.0, 0.0, 1.0, 0.0, 0.0, 1.0, 0.0, 0.0, 0.0, 0.0, 1.0, 1.0, 1.0, 1.0, 0.0, 1.0, 0.0, 0.0, 0.0, 1.0, 0.0, 1.0, 0.0, 0.0, 0.0, 1.0, 0.0, 0.0, 1.0, 0.0, 1.0, 0.0, 1.0, 0.0, 0.0, 0.0, 0.0, 0.0, 1.0, 1.0, 0.0, 0.0, 1.0, 1.0, 0.0, 0.0, 1.0, 1.0, 1.0, 1.0, 1.0, 0.0, 1.0, 0.0, 0.0, 1.0, 1.0, 1.0, 0.0, 1.0, 1.0, 0.0, 0.0, 1.0, 0.0, 0.0, 0.0, 0.0, 1.0, 0.0, 1.0, 0.0, 1.0, 0.0, 0.0, 0.0, 1.0, 0.0, 1.0, 0.0, 0.0, 1.0, 1.0, 0.0, 1.0, 0.0, 1.0, 1.0, 0.0, 1.0, 1.0, 1.0, 1.0, 0.0, 0.0, 1.0, 0.0, 1.0, 1.0, 0.0, 1.0, 0.0, 1.0, 0.0, 0.0, 1.0, 1.0, 1.0, 0.0, 0.0, 0.0, 1.0, 1.0, 0.0, 0.0, 0.0, 0.0, 0.0, 0.0, 0.0, 1.0, 0.0, 0.0, 1.0, 1.0, 1.0, 0.0, 1.0, 1.0, 1.0, 1.0, 1.0, 1.0, 0.0, 0.0, 1.0, 0.0, 0.0, 0.0, 0.0, 1.0, 1.0, 0.0, 1.0, 1.0, 1.0, 1.0, 1.0, 0.0, 0.0, 1.0, 1.0, 0.0, 1.0, 0.0, 1.0, 1.0, 0.0, 1.0, 1.0, 1.0, 0.0, 1.0, 1.0, 1.0, 1.0, 1.0, 1.0, 0.0, 1.0, 0.0, 0.0, 0.0, 0.0, 1.0, 0.0, 0.0, 1.0, 0.0, 0.0, 1.0, 1.0, 1.0, 0.0, 0.0, 0.0, 0.0, 0.0, 0.0, 0.0, 1.0, 0.0, 0.0, 1.0, 0.0, 1.0, 0.0, 0.0, 0.0, 1.0, 1.0, 0.0, 0.0, 1.0, 0.0, 1.0, 1.0, 1.0, 1.0, 0.0, 1.0, 1.0, 0.0, 1.0, 0.0, 0.0, 1.0, 1.0, 1.0, 0.0, 0.0, 0.0, 0.0, 1.0, 0.0, 0.0, 1.0, 1.0, 1.0, 1.0, 0.0, 1.0, 1.0, 0.0, 0.0, 0.0, 0.0, 0.0, 0.0, 0.0, 1.0, 0.0, 0.0, 0.0, 1.0, 1.0, 0.0, 1.0, 0.0, 1.0, 0.0, 1.0, 0.0, 1.0, 0.0, 0.0, 1.0, 0.0, 1.0, 1.0, 1.0, 1.0, 0.0, 0.0, 0.0, 0.0, 1.0, 0.0, 0.0, 1.0, 0.0, 1.0, 1.0, 1.0, 1.0, 0.0, 0.0, 0.0, 0.0, 1.0, 0.0, 1.0, 0.0, 1.0, 1.0, 1.0, 1.0, 0.0, 0.0, 0.0, 1.0, 0.0, 0.0, 0.0, 0.0, 1.0, 0.0, 0.0, 0.0, 1.0, 0.0, 0.0, 0.0, 0.0, 1.0, 1.0, 1.0, 1.0, 0.0, 0.0, 1.0, 0.0, 0.0, 0.0, 1.0, 1.0, 0.0, 1.0, 0.0, 0.0, 1.0, 1.0, 1.0, 0.0, 0.0, 1.0, 0.0, 1.0, 0.0, 1.0, 1.0, 1.0, 0.0, 1.0, 1.0, 0.0, 0.0, 0.0, 1.0, 0.0, 0.0, 1.0, 1.0, 0.0, 1.0, 0.0, 0.0, 0.0, 1.0, 0.0, 1.0, 1.0, 1.0, 1.0, 0.0, 1.0, 1.0, 1.0, 0.0, 1.0, 0.0, 0.0, 0.0, 0.0, 0.0, 1.0, 1.0, 1.0, 1.0, 1.0, 1.0, 1.0, 0.0, 1.0, 1.0, 0.0, 0.0, 0.0, 0.0, 1.0, 1.0, 0.0, 0.0, 0.0, 1.0, 0.0, 0.0, 0.0, 0.0, 0.0, 0.0, 0.0, 0.0, 0.0, 1.0, 1.0, 1.0, 0.0, 0.0, 1.0, 1.0, 1.0, 1.0, 1.0, 0.0, 1.0, 0.0, 0.0, 1.0, 0.0, 1.0, 0.0, 0.0, 0.0, 0.0, 0.0, 1.0, 1.0, 0.0, 0.0, 1.0, 0.0, 1.0, 0.0, 1.0, 0.0, 0.0, 0.0, 0.0, 1.0, 0.0, 1.0, 0.0, 0.0, 1.0, 0.0, 1.0, 0.0, 1.0, 1.0, 1.0, 0.0, 0.0, 0.0, 0.0, 1.0, 0.0, 0.0, 0.0, 1.0, 0.0, 1.0, 0.0, 0.0, 0.0, 1.0, 1.0, 1.0, 1.0, 0.0, 1.0, 0.0, 0.0, 0.0, 1.0, 1.0, 0.0, 1.0, 0.0, 0.0, 0.0, 0.0, 1.0, 0.0, 1.0, 1.0, 1.0, 0.0, 1.0, 1.0, 0.0, 1.0, 0.0, 1.0, 1.0, 0.0, 1.0, 0.0, 0.0, 0.0, 0.0, 0.0, 0.0, 0.0, 1.0, 1.0, 0.0, 1.0, 1.0, 1.0, 1.0, 1.0, 1.0, 0.0, 1.0, 0.0, 1.0, 0.0, 1.0, 1.0, 0.0, 1.0, 1.0, 0.0, 0.0, 1.0, 1.0, 0.0, 1.0, 0.0, 1.0, 0.0, 0.0, 0.0, 0.0, 0.0, 0.0, 1.0, 0.0, 0.0, 0.0, 0.0, 0.0, 0.0, 1.0, 1.0, 1.0, 1.0, 1.0, 1.0, 1.0, 1.0, 1.0, 0.0, 0.0, 1.0, 0.0, 0.0, 0.0, 0.0, 1.0, 0.0, 1.0, 0.0, 0.0, 0.0, 0.0, 0.0, 1.0, 1.0, 1.0, 0.0, 1.0, 1.0, 0.0, 0.0, 1.0, 0.0, 1.0, 0.0, 0.0, 0.0, 1.0, 1.0, 1.0, 0.0, 0.0, 0.0, 1.0, 1.0, 1.0, 1.0, 1.0, 1.0, 0.0, 0.0, 1.0, 0.0, 1.0, 1.0, 0.0, 0.0, 0.0, 1.0, 1.0, 0.0, 0.0, 0.0, 1.0, 0.0, 1.0, 0.0, 1.0, 0.0, 1.0, 0.0, 1.0, 0.0, 0.0, 0.0, 1.0, 0.0, 1.0, 1.0, 1.0, 1.0, 0.0, 1.0, 1.0, 1.0, 1.0, 0.0, 1.0, 1.0, 0.0, 1.0, 0.0, 0.0, 0.0, 1.0, 0.0, 0.0, 1.0, 0.0, 1.0, 1.0, 0.0, 0.0, 1.0, 1.0, 1.0, 1.0, 0.0, 0.0, 0.0, 1.0, 1.0, 1.0, 0.0, 1.0, 1.0, 0.0, 0.0, 0.0, 1.0, 0.0, 1.0, 0.0, 0.0, 1.0, 1.0, 0.0, 0.0, 1.0, 1.0, 1.0, 0.0, 1.0, 0.0, 0.0, 0.0, 1.0, 0.0, 0.0, 0.0, 1.0, 1.0, 1.0, 0.0, 1.0, 1.0, 1.0, 1.0, 0.0, 0.0, 1.0, 1.0, 0.0, 0.0, 1.0, 0.0, 1.0, 1.0, 0.0, 0.0, 0.0, 1.0, 0.0, 0.0, 0.0, 1.0, 0.0, 1.0, 1.0, 0.0, 0.0, 0.0, 0.0, 1.0, 0.0, 1.0, 0.0, 1.0, 0.0, 0.0, 0.0, 1.0, 1.0, 1.0, 1.0, 0.0, 1.0, 0.0, 0.0, 1.0, 1.0, 0.0, 0.0, 0.0, 0.0, 0.0, 1.0, 0.0, 1.0, 0.0, 1.0, 0.0, 0.0, 0.0, 0.0, 1.0, 1.0, 0.0, 1.0, 0.0, 1.0, 1.0, 0.0, 0.0, 0.0, 1.0, 0.0, 0.0, 1.0, 1.0, 1.0, 0.0, 1.0, 1.0, 1.0, 0.0, 0.0, 1.0, 0.0, 1.0, 0.0, 0.0, 1.0, 0.0, 0.0, 1.0, 0.0, 1.0, 0.0, 0.0, 1.0, 1.0, 1.0, 0.0, 1.0, 1.0, 0.0, 0.0, 1.0, 0.0, 0.0, 0.0, 1.0, 0.0, 1.0, 1.0, 0.0, 1.0, 1.0, 0.0, 0.0, 0.0, 1.0, 1.0, 0.0, 0.0, 1.0, 0.0, 1.0, 0.0, 1.0, 1.0, 0.0, 0.0, 0.0, 0.0, 0.0, 0.0, 0.0, 1.0, 1.0, 1.0, 0.0, 0.0, 1.0, 1.0, 0.0, 1.0, 1.0, 0.0, 0.0, 1.0, 1.0, 0.0, 1.0, 1.0, 1.0, 0.0, 1.0, 1.0, 1.0, 1.0, 1.0, 1.0, 1.0, 0.0, 0.0, 1.0, 0.0, 1.0, 1.0, 1.0, 1.0, 0.0, 1.0, 1.0, 0.0, 0.0, 1.0, 0.0, 0.0, 1.0, 0.0, 1.0, 0.0, 0.0, 0.0, 0.0, 0.0, 1.0, 0.0, 0.0, 0.0, 1.0, 0.0, 0.0, 1.0, 1.0, 1.0, 1.0, 1.0, 1.0, 0.0, 1.0, 0.0, 1.0, 1.0, 1.0, 1.0, 0.0, 0.0, 0.0, 0.0, 0.0, 0.0, 0.0, 0.0, 1.0, 0.0, 0.0, 1.0, 1.0, 1.0, 0.0, 1.0, 1.0, 1.0, 0.0, 0.0, 1.0, 0.0, 0.0, 0.0, 0.0, 1.0, 1.0, 0.0, 1.0, 0.0, 0.0, 1.0, 0.0, 0.0, 1.0, 0.0, 0.0, 1.0, 0.0, 0.0, 1.0, 0.0, 0.0, 1.0, 1.0, 1.0, 1.0, 1.0, 1.0, 1.0, 1.0, 1.0, 1.0, 0.0, 1.0, 0.0, 0.0, 0.0, 1.0, 1.0, 1.0, 1.0, 1.0, 0.0, 0.0, 1.0, 0.0, 1.0, 1.0, 1.0, 0.0, 1.0, 0.0, 1.0, 0.0, 0.0, 0.0, 0.0, 0.0, 1.0, 1.0, 1.0, 1.0, 0.0, 0.0, 1.0, 0.0, 0.0, 1.0, 0.0, 1.0, 1.0, 0.0, 0.0, 1.0, 1.0, 0.0, 1.0, 0.0, 0.0, 0.0, 1.0, 1.0, 0.0, 1.0, 1.0, 0.0, 1.0, 1.0, 0.0, 0.0, 0.0, 1.0, 0.0, 0.0, 1.0, 0.0, 1.0, 0.0, 0.0, 1.0, 0.0, 0.0, 0.0, 1.0, 1.0, 0.0, 0.0, 0.0, 0.0, 0.0, 1.0, 1.0, 0.0, 1.0, 1.0, 0.0, 0.0, 0.0, 0.0, 1.0, 0.0, 1.0, 0.0, 1.0, 0.0, 0.0, 0.0, 1.0, 1.0, 0.0, 1.0, 0.0, 0.0, 0.0, 0.0, 0.0, 1.0, 1.0, 0.0, 0.0, 1.0, 1.0, 1.0, 1.0, 0.0, 0.0, 1.0, 1.0, 0.0, 1.0, 1.0, 1.0, 1.0, 0.0, 1.0, 1.0, 0.0, 0.0, 0.0, 0.0, 1.0, 0.0, 1.0, 0.0, 0.0, 0.0, 0.0, 1.0, 0.0, 1.0, 1.0, 1.0, 1.0, 0.0, 1.0, 0.0, 1.0, 1.0, 1.0, 1.0, 0.0, 0.0, 0.0, 1.0, 0.0, 1.0, 0.0, 1.0, 1.0, 1.0, 1.0, 0.0, 1.0, 0.0, 0.0, 0.0, 0.0, 0.0, 1.0, 1.0, 1.0, 1.0, 1.0, 0.0, 1.0, 1.0, 1.0, 0.0, 0.0, 0.0, 1.0, 0.0, 0.0, 1.0, 1.0, 0.0, 1.0, 1.0, 1.0, 1.0, 0.0, 0.0, 1.0, 0.0, 1.0, 0.0, 1.0, 1.0, 0.0, 0.0, 1.0, 1.0, 1.0, 1.0, 0.0, 0.0, 0.0, 0.0, 0.0, 1.0, 1.0, 1.0, 0.0, 1.0, 0.0, 1.0, 1.0, 1.0, 0.0, 1.0, 1.0, 1.0, 1.0, 0.0, 1.0, 0.0, 1.0, 1.0, 0.0, 0.0, 1.0, 1.0, 1.0, 1.0, 1.0, 0.0, 0.0, 0.0, 0.0, 1.0, 1.0, 1.0, 0.0, 0.0, 1.0, 1.0, 1.0, 1.0, 1.0, 1.0, 0.0, 0.0, 0.0, 1.0, 1.0, 1.0, 1.0, 1.0, 0.0, 0.0, 0.0, 0.0, 0.0, 1.0, 0.0, 0.0, 1.0, 1.0, 0.0, 1.0, 1.0, 1.0, 0.0, 1.0, 0.0, 0.0, 0.0, 0.0, 0.0, 0.0, 0.0, 1.0, 1.0, 1.0, 1.0, 0.0, 0.0, 0.0, 1.0, 1.0, 1.0, 1.0, 1.0, 0.0, 0.0, 0.0, 1.0, 0.0, 0.0, 1.0, 0.0, 0.0, 0.0, 1.0, 1.0, 1.0, 0.0, 1.0, 0.0, 1.0, 0.0, 0.0, 1.0, 1.0, 1.0, 1.0, 0.0, 1.0, 0.0, 0.0, 1.0, 0.0, 0.0, 1.0, 0.0, 0.0, 1.0, 0.0, 0.0, 0.0, 1.0, 0.0, 1.0, 0.0, 1.0, 0.0, 1.0, 0.0, 0.0, 1.0, 1.0, 1.0, 0.0, 1.0, 1.0, 0.0, 1.0, 1.0, 0.0, 1.0, 0.0, 0.0, 1.0, 1.0, 0.0, 1.0, 1.0, 0.0, 0.0, 0.0, 0.0, 1.0, 0.0, 1.0, 1.0, 1.0, 0.0, 0.0, 1.0, 1.0, 1.0, 1.0, 0.0, 1.0, 1.0, 1.0, 0.0, 0.0, 0.0, 1.0, 0.0, 1.0, 0.0, 1.0, 1.0, 1.0, 1.0, 0.0, 0.0, 0.0, 0.0, 1.0, 0.0, 1.0, 0.0, 1.0, 1.0, 0.0, 0.0, 1.0, 0.0, 1.0, 0.0, 0.0, 0.0, 1.0, 0.0, 0.0, 0.0, 0.0, 0.0, 1.0, 1.0, 1.0, 1.0, 0.0, 0.0, 1.0, 1.0, 0.0, 0.0, 0.0, 1.0, 1.0, 1.0, 1.0, 1.0, 1.0, 1.0, 1.0, 0.0, 1.0, 0.0, 1.0, 1.0, 0.0, 1.0, 1.0, 1.0, 1.0, 0.0, 1.0, 0.0, 0.0, 0.0, 1.0, 0.0, 1.0, 0.0, 0.0, 1.0, 1.0, 1.0, 0.0, 1.0, 0.0, 1.0, 1.0, 0.0, 1.0, 0.0, 1.0, 0.0, 0.0, 0.0, 0.0, 1.0, 0.0, 0.0, 0.0, 0.0, 1.0, 1.0, 1.0, 1.0, 1.0, 1.0, 1.0, 0.0, 0.0, 0.0, 1.0, 0.0, 0.0, 0.0, 0.0, 0.0, 0.0, 1.0, 1.0, 1.0, 0.0, 1.0, 1.0, 1.0, 1.0, 1.0, 1.0, 0.0, 1.0, 1.0, 0.0, 1.0, 1.0, 1.0, 1.0, 0.0, 1.0, 1.0, 1.0, 1.0, 1.0, 0.0, 1.0, 0.0, 0.0, 0.0, 1.0, 0.0, 0.0, 0.0, 0.0, 1.0, 1.0, 0.0, 0.0, 1.0, 0.0, 0.0, 0.0, 0.0, 1.0, 0.0, 0.0, 0.0, 1.0, 1.0, 0.0, 0.0, 0.0, 1.0, 0.0, 1.0, 0.0, 0.0, 0.0, 0.0, 1.0, 0.0, 0.0, 1.0, 0.0, 0.0, 1.0, 0.0, 1.0, 0.0, 0.0, 1.0, 0.0, 0.0, 0.0, 0.0, 1.0, 0.0, 1.0, 0.0, 0.0, 1.0, 0.0, 0.0, 1.0, 0.0, 1.0, 0.0, 1.0, 1.0, 0.0, 1.0, 0.0, 0.0, 0.0, 0.0, 0.0, 1.0, 1.0, 0.0, 0.0, 0.0, 1.0, 1.0, 0.0, 1.0, 0.0, 1.0, 0.0, 0.0, 1.0, 0.0, 0.0, 0.0, 1.0, 1.0, 1.0, 0.0, 0.0, 0.0, 1.0, 1.0, 0.0, 1.0, 0.0, 1.0, 0.0, 1.0, 1.0, 1.0, 0.0, 0.0, 0.0, 0.0, 1.0, 0.0, 0.0, 1.0, 1.0, 1.0, 1.0, 1.0, 0.0, 0.0, 0.0, 1.0, 0.0, 0.0, 0.0, 0.0, 0.0, 1.0, 0.0, 1.0, 0.0, 1.0, 0.0, 0.0, 0.0, 1.0, 1.0, 0.0, 0.0, 0.0, 0.0, 1.0, 1.0, 0.0, 1.0, 1.0, 1.0, 1.0, 1.0, 0.0, 0.0, 1.0, 1.0, 0.0, 1.0, 0.0, 0.0, 1.0, 0.0, 0.0, 1.0, 1.0, 0.0, 0.0, 1.0, 0.0, 1.0, 1.0, 0.0, 1.0, 1.0, 1.0, 0.0, 0.0, 0.0, 1.0, 0.0, 0.0, 0.0, 1.0, 1.0, 1.0, 1.0, 0.0, 0.0, 0.0, 0.0, 1.0, 1.0, 1.0, 0.0, 1.0, 1.0, 0.0, 1.0, 0.0, 1.0, 1.0, 1.0, 0.0, 1.0, 1.0, 0.0, 0.0, 0.0, 0.0, 1.0, 1.0, 0.0, 1.0, 1.0, 1.0, 0.0, 0.0, 1.0, 0.0, 0.0, 0.0, 0.0, 0.0, 1.0, 1.0, 0.0, 1.0, 1.0, 0.0, 1.0, 0.0, 1.0, 1.0, 1.0, 0.0, 1.0, 1.0, 0.0, 0.0, 0.0, 0.0, 0.0, 1.0, 1.0, 0.0, 1.0, 0.0, 1.0, 0.0, 0.0, 1.0, 0.0, 1.0, 1.0, 1.0, 0.0, 1.0, 1.0, 1.0, 0.0, 0.0, 0.0, 0.0, 1.0, 0.0, 1.0, 1.0, 0.0, 0.0, 1.0, 0.0, 1.0, 0.0, 0.0, 0.0, 1.0, 0.0, 1.0, 1.0, 0.0, 1.0, 1.0, 1.0, 1.0, 0.0, 1.0, 0.0, 0.0, 0.0, 0.0, 0.0, 0.0, 1.0, 0.0, 1.0, 1.0, 1.0, 1.0, 0.0, 1.0, 1.0, 0.0, 1.0, 0.0, 1.0, 0.0, 1.0, 0.0, 0.0, 0.0, 0.0, 0.0, 1.0, 0.0, 0.0, 1.0, 0.0, 0.0, 0.0, 1.0, 0.0, 1.0, 1.0, 1.0, 0.0, 1.0, 0.0, 0.0, 0.0, 1.0, 1.0, 1.0, 1.0, 1.0, 0.0, 1.0, 1.0, 1.0, 0.0, 1.0, 0.0, 0.0, 1.0, 0.0, 0.0, 0.0, 0.0, 1.0, 0.0, 1.0, 1.0, 0.0, 1.0, 1.0, 1.0, 1.0, 0.0, 1.0, 0.0, 1.0, 0.0, 1.0, 0.0, 0.0, 1.0, 1.0, 1.0, 1.0, 0.0, 0.0, 1.0, 0.0, 1.0, 1.0, 0.0, 0.0, 0.0, 0.0, 1.0, 1.0, 0.0, 1.0, 1.0, 1.0, 1.0, 1.0, 1.0, 1.0, 0.0, 1.0, 0.0, 1.0, 0.0, 0.0, 0.0, 1.0, 1.0, 1.0, 0.0, 1.0, 0.0, 1.0, 1.0, 1.0, 0.0, 0.0, 0.0, 1.0, 0.0, 0.0, 0.0, 1.0, 1.0, 1.0, 1.0, 0.0, 1.0, 1.0, 1.0, 0.0, 1.0, 1.0, 0.0, 0.0, 1.0, 0.0, 1.0, 1.0, 0.0, 1.0, 1.0, 1.0, 1.0, 0.0, 0.0, 1.0, 0.0, 1.0, 0.0, 0.0, 0.0, 0.0, 0.0, 0.0, 0.0, 1.0, 0.0, 0.0, 0.0, 1.0, 1.0, 1.0, 1.0, 0.0, 1.0, 0.0, 0.0, 1.0, 0.0, 1.0, 0.0, 1.0, 0.0, 1.0, 1.0, 0.0, 0.0, 0.0, 1.0, 1.0, 0.0, 1.0, 1.0, 0.0, 0.0, 1.0, 1.0, 1.0, 0.0, 0.0, 0.0, 1.0, 1.0, 1.0, 0.0, 0.0, 1.0, 0.0, 1.0, 1.0, 1.0, 0.0, 1.0, 0.0, 0.0, 0.0, 0.0, 1.0, 1.0, 1.0, 0.0, 1.0, 1.0, 1.0, 1.0, 0.0, 1.0, 1.0, 0.0, 1.0, 1.0, 1.0, 0.0, 1.0, 0.0, 1.0, 1.0, 0.0, 0.0, 1.0, 0.0, 1.0, 1.0, 1.0, 1.0, 1.0, 0.0, 1.0, 1.0, 0.0, 0.0, 0.0, 1.0, 0.0, 0.0, 0.0, 1.0, 1.0, 0.0, 0.0, 0.0, 1.0, 0.0, 0.0, 1.0, 0.0, 0.0, 0.0, 1.0, 1.0, 1.0, 0.0, 1.0, 0.0, 0.0, 0.0, 0.0, 1.0, 0.0, 0.0, 0.0, 0.0, 0.0, 0.0, 0.0, 1.0, 0.0, 1.0, 0.0, 0.0, 0.0, 0.0, 1.0, 1.0, 1.0, 0.0, 0.0, 0.0, 0.0, 0.0, 1.0, 1.0, 1.0, 1.0, 1.0, 0.0, 1.0, 1.0, 0.0, 0.0, 0.0, 0.0, 1.0, 0.0, 1.0, 1.0, 1.0, 0.0, 1.0, 1.0, 0.0, 0.0, 1.0, 0.0, 1.0, 1.0, 0.0, 1.0, 1.0, 1.0, 0.0, 1.0, 1.0, 0.0, 0.0, 0.0, 1.0, 1.0, 1.0, 1.0, 1.0, 1.0, 0.0, 0.0, 1.0, 0.0, 0.0, 1.0, 1.0, 0.0, 1.0, 0.0, 0.0, 1.0, 0.0, 0.0, 0.0, 0.0, 0.0, 0.0, 1.0, 0.0, 1.0, 1.0, 0.0, 0.0, 1.0, 0.0, 1.0, 0.0, 1.0, 0.0, 1.0, 0.0, 1.0, 1.0, 0.0, 0.0, 0.0, 1.0, 1.0, 1.0, 1.0, 1.0, 1.0, 0.0, 0.0, 0.0, 0.0, 0.0, 0.0, 1.0, 0.0, 1.0, 1.0, 1.0, 0.0, 1.0, 1.0, 1.0, 0.0, 1.0, 1.0, 1.0, 1.0, 0.0, 1.0, 1.0, 0.0, 0.0, 0.0, 1.0, 1.0, 1.0, 0.0, 1.0, 0.0, 0.0, 0.0, 0.0, 1.0, 1.0, 0.0, 1.0, 1.0, 1.0, 1.0, 1.0, 1.0, 0.0, 1.0, 0.0, 0.0, 0.0, 1.0, 0.0, 1.0, 1.0, 1.0, 0.0, 1.0, 1.0, 1.0, 0.0, 0.0, 0.0, 0.0, 1.0, 1.0, 0.0, 1.0, 1.0, 1.0, 0.0, 1.0, 0.0, 1.0, 0.0, 0.0, 1.0, 1.0, 0.0, 1.0, 1.0, 0.0, 1.0, 0.0, 1.0, 1.0, 1.0, 1.0, 0.0, 0.0, 1.0, 0.0, 1.0, 1.0, 1.0, 0.0, 0.0, 0.0, 1.0, 0.0, 1.0, 0.0, 0.0, 0.0, 1.0, 1.0, 1.0, 1.0, 0.0, 0.0, 0.0, 0.0, 1.0, 1.0, 0.0, 0.0, 0.0, 0.0, 1.0, 1.0, 0.0, 0.0, 1.0, 0.0, 0.0, 1.0, 0.0, 1.0, 0.0, 0.0, 1.0, 1.0, 1.0, 1.0, 0.0, 0.0, 0.0, 0.0, 1.0, 0.0, 0.0, 1.0, 0.0, 1.0, 0.0, 0.0, 0.0, 0.0, 1.0, 0.0, 1.0, 0.0, 1.0, 1.0, 0.0, 1.0, 1.0, 0.0, 1.0, 1.0, 1.0, 0.0, 0.0, 1.0, 0.0, 1.0, 1.0, 1.0, 0.0, 1.0, 1.0, 0.0, 0.0, 0.0, 0.0, 0.0, 0.0, 1.0, 1.0, 0.0, 0.0, 1.0, 0.0]
\score={0: [0.1403638981282711, 0.13919358514249325, 0.13939507092748368, 0.13976249205214636, 0.13970169723033904, 0.13946708185332163, 0.13963046757613912, 0.13899045505306937, 0.13929065120847603, 0.13909267003719622, 0.13919580514941896, 0.1396354315802455, 0.1394971175627275, 0.13956197947263718, 0.14003908092325384, 0.13977260887622833, 0.13947394862771034, 0.14044563192874193, 0.14039094068787314, 0.13997454568743706, 0.14026496559381485, 0.13991278707981109, 0.13949181754951892, 0.13913918818746293, 0.13967022051413855, 0.13982657130275453, 0.1393534079194069, 0.13952538073062898, 0.13911022897809744, 0.13933071952599746, 0.1398318478694329, 0.13932499289512634, 0.13936415421111242, 0.14012764394283295, 0.1398660327707018, 0.13937297139478766, 0.13977182110150654, 0.1392401173001244, 0.139605812728405, 0.1387348108821445, 0.1394128439327081, 0.13907844967701855, 0.13966290093958378, 0.13987944242746933, 0.13993715345859528, 0.13988823294639588, 0.13947364356782702, 0.13913545367263613, 0.13977065235376357, 0.13935028251848722, 0.13930010489928416, 0.14033559177603042, 0.13964018496600064, 0.13926322840982014, 0.1395391309633851, 0.13928502279779184, 0.1398800483771733, 0.13987622989548576, 0.13937138716379802, 0.13886914402246475, 0.1396423252299428, 0.1397772508448568, 0.1398005448281765, 0.13965109437704087, 0.13947242421981615, 0.14009046802918115, 0.13972655179039126, 0.13942238067587218, 0.13910690397024156, 0.13985781507058578, 0.139312288723886, 0.13947351620747492, 0.14020484023623997, 0.1393285055955251, 0.13955318182706833, 0.13979864617188772, 0.13912057504057884, 0.1395865336937063, 0.13895150477235968, 0.13910576701164246, 0.13967388461936603, 0.13965592119428846, 0.13988965048509486, 0.1399734064936638, 0.13945666931826492, 0.1397954449057579, 0.13863060474395753, 0.13950932621955872, 0.13949407050103851, 0.13990295454859733, 0.13928858190774918, 0.14021894471211868, 0.1394562969605128, 0.13870742917060852, 0.13951315653735194, 0.13983440203102013, 0.13885057386424807, 0.13923334081967673, 0.14012202454937828, 0.13925094604492189, 0.13971573695903872, 0.13958301434391424, 0.14024039804935456, 0.13933245905420996, 0.13914497159421443, 0.13931753875120825, 0.13935134708881378, 0.13946323535021612, 0.14046182483434677, 0.13963364760080973, 0.1396236144579374, 0.13949201960821409, 0.139973216436126, 0.13963351006570615, 0.13897205201479104, 0.1395229467501243, 0.13977045979764727, 0.13989110503877913, 0.1406307491389188, 0.1402038691135553, 0.1397377657038825, 0.13940577805042267, 0.13973024644349752, 0.13960446574186025, 0.13956686960799353, 0.13971736461951814, 0.14008213207125664, 0.13994576781988144, 0.1392969426355864, 0.1401565752246163, 0.14022324900878103, 0.13943029727254594, 0.1391872211738869, 0.1403402178124948, 0.13959203743272358, 0.13946938968223074, 0.13940504464236173, 0.13917142671087515, 0.13985622078180313, 0.13936404990298407, 0.14026259779930114, 0.1389535591006279, 0.14035778767184207, 0.1389728459444913, 0.13896629787408388, 0.13947368235815139, 0.14003209620714188, 0.1393503858284517, 0.14056024632670663, 0.13943374099639746, 0.13880812908921922, 0.13964473499971278, 0.14013156592845916, 0.13938178486294217, 0.1400968352953593, 0.13935067628820738, 0.13991426210850477, 0.1411891444162889, 0.1395616518690231, 0.1396962950627009, 0.14008865339888465, 0.13996276631951332, 0.13989071448644003, 0.13931929549345604, 0.13925073189394815, 0.13969957549124956, 0.13836846351623536, 0.1397921832708212, 0.13972451666305805, 0.13960831032858956, 0.14030075818300247, 0.13929126343943857, 0.14000863790512086, 0.1392482966184616, 0.1391870270172755, 0.13971037899746613, 0.13998779925433072, 0.13986022770404816, 0.13908215198251936, 0.13945486817670905, 0.13903802037239074, 0.14006608252118274, 0.13983868062496185, 0.1393157618271338, 0.13954147398471833, 0.13939157905785934, 0.13916887662240437, 0.1395635393758615, 0.1395460938413938, 0.13959207182580774, 0.13985546560663925, 0.13954623974859715, 0.13922491211157578, 0.1397016637382053, 0.14039086898167927, 0.13963725088640702, 0.13936236169603136, 0.13966571887334187, 0.14071525904265317, 0.1399619589958872, 0.13991468865424395, 0.13965349508957428, 0.1398757823875972, 0.13943986459211868, 0.13956354214594915, 0.1397485596438249, 0.13955140912107059, 0.13901908482824052, 0.13948588949792526, 0.13939707291622958, 0.13985852990299463, 0.13963215566914658, 0.13853226453065873, 0.13978182673454284, 0.14011506965527168, 0.14038162231445311, 0.14026505549748738, 0.1399130198572363, 0.1395967255036036, 0.13947809064710462, 0.140193224284384, 0.13975404699643454, 0.1394045013189316, 0.13964361223307523, 0.13917863816022874, 0.1396518756325046, 0.13998674154281615, 0.1392046719789505, 0.13979281391948462, 0.13979412959172174, 0.13978116810321808, 0.13914881914089888, 0.14005521635214488, 0.13990820944309235, 0.13969481537739437, 0.1397536202118947, 0.13976111219209783, 0.13967009484767914, 0.1394746953790838, 0.1398073360323906, 0.13896039128303528, 0.1394480900330977, 0.13948692110451785, 0.13929488559563954, 0.139627010623614, 0.13939651795502367, 0.1395817917585373, 0.13966495149275837, 0.1394727851422328, 0.139096705449952, 0.1402340034643809, 0.13984653684828016, 0.13977785222232342, 0.1393200619654222, 0.13956707219282785, 0.13960315535465875, 0.13909925779570703, 0.13950235148270926, 0.1393874168395996, 0.13904369021615676, 0.1398052383552898, 0.1395240096669448, 0.13899419567099325, 0.13986242494799875, 0.13960758619236224, 0.139675342223861, 0.1388020465771357, 0.13915073064466318, 0.13951800851260915, 0.13999247716532814, 0.1399028287269175, 0.13944515420330894, 0.13905696291476488, 0.1404204658771816, 0.13956701213663275, 0.14008465905984244, 0.1399563785110201, 0.14017921686172485, 0.139627796005119, 0.1391621354748221, 0.13973537144752649, 0.14024382936103003, 0.139397411296765, 0.13968238234519958, 0.13906749759031378, 0.13912502618936393, 0.13974969188372294, 0.13977755376925835, 0.13991156816482545, 0.13936544141986154, 0.13924531545490026, 0.1390351029959592, 0.13957283459603786, 0.1400195053395103, 0.13924420376618704, 0.1393345434998357, 0.1397529308285032, 0.14072285145521163, 0.139720202734073, 0.13965903648308345, 0.1389267100737645, 0.14009173214435577, 0.13986678719520568, 0.1394265732831425, 0.138877502896569, 0.13914125114679338, 0.13948841198630954, 0.13908469676971436, 0.13937675952911377, 0.13924405292460793, 0.1398557625912331, 0.13900591060519218, 0.13911036479062047, 0.13939565867185594, 0.14022966067899356, 0.14026486738161606, 0.1394769584431368, 0.14025803994048724, 0.13952382303336086, 0.1396549414647253, 0.13951813305417696, 0.13979163088581778, 0.13938893513246017, 0.13989133559740508, 0.139133681269253, 0.1391179155219685, 0.13971439935266972, 0.1395094062273319, 0.14097371200720468, 0.1400794486204783, 0.1405753791332245, 0.1396897675529603, 0.1393989473581314, 0.1391322365961969, 0.1394590833565084, 0.13877342082560062, 0.1399716447506632, 0.1395580694079399, 0.13944528996944427, 0.14026004190628344, 0.13947037938568327, 0.13983451575040817, 0.13993418961763382, 0.13963009776740237, 0.13968119356367323, 0.13881762325763702, 0.13959263414144515, 0.139335533668255, 0.13911854949864474, 0.14069519666108218, 0.13873091257280773, 0.13996755414538914, 0.1391007721424103, 0.1401090430361884, 0.1397683588521821, 0.13982280885631387, 0.14017961812870844, 0.13865887373685837, 0.1393501708904902, 0.13918872425953546, 0.1397239503107573, 0.13905793557996335, 0.13908550781863077, 0.139341425564554, 0.13942239433526993, 0.13978440860907237, 0.1394439765385219, 0.13941599588309014, 0.1395079859278419, 0.14047135785222054, 0.139360590527455, 0.13895559186736742, 0.13946791858442367, 0.1390840783715248, 0.13979026675224304, 0.14048809210459393, 0.13985477523370224, 0.14059491786691877, 0.1389783413513847, 0.13923565381103092, 0.1407956602898511, 0.1395124149109636, 0.13890103623270988, 0.1394702693883409, 0.13985527178336835, 0.13963724322178783, 0.1386502327827307, 0.13992660045623778, 0.139379260631708, 0.13917201509078345, 0.139733533967625, 0.13980011554325328, 0.14042417163198645, 0.13909613937139512, 0.13844619939724603, 0.1397540047764778, 0.13957669111815366, 0.14019793272018433, 0.1394120268523693, 0.13980846919796683, 0.13963320807499044, 0.13971287206463193, 0.13934234033028284, 0.14011905768087932, 0.13977013986844283, 0.1393692237990243, 0.13901903799601964, 0.13961632668972015, 0.13973897640351896, 0.1389822471472952, 0.13956080106171695, 0.13969885243309868, 0.14015026796947827, 0.13937216349270032, 0.14038917422294617, 0.1384729047616323, 0.13873355778364035, 0.13938650116324425, 0.13964917191437312, 0.1392501542965571, 0.14020006358623505, 0.13975978340651538, 0.13997987171877985, 0.13967335766012018, 0.13941126529659545, 0.13969815149903297, 0.14073387384414673, 0.13990309685468674, 0.1389005041935227, 0.13974512842568484, 0.13948659896850585, 0.13939678172270456, 0.13923854420059606, 0.1391572539622967, 0.13962643345197043, 0.13965698045033675, 0.13985258476300674, 0.14002105733379722, 0.1396868589023749, 0.1399704604237168, 0.13976881830465226, 0.1400313377380371, 0.1395389571785927, 0.13981391086771683, 0.13977111198685385, 0.13888550363481045, 0.13946519494056703, 0.13936335949794107, 0.13899286091327667, 0.139936318451708, 0.13978562528087246, 0.13940228628260748, 0.13909051269292833, 0.13870848715305328, 0.13982887845486403, 0.13960921130281814, 0.13916920291052925, 0.1394341394305229, 0.13931241184473037, 0.13927800328500808, 0.1393206100910902, 0.13900354569372925, 0.13909892365336418, 0.13953805782578207, 0.13972552120685577, 0.13963359634618502, 0.1398410052061081, 0.13957869913429022, 0.13956428153647316, 0.1396995997706125, 0.13975738110590954, 0.13995253741741182, 0.13971990197896958, 0.13984971137150473, 0.1392673303683599, 0.14004375860095025, 0.1394849189303138, 0.13922506257107384, 0.14007171050265985, 0.1389780193567276, 0.13976688069455764, 0.13878637552261353, 0.13935692405158823, 0.13911718626817068, 0.13928872346878052, 0.13957070807615915, 0.1398123185271802, 0.140161561469237, 0.13935696482658386, 0.13939503530661265, 0.13971612552801768, 0.1396156454628164, 0.13981311602724922, 0.13896228237585587, 0.13976477174197927, 0.13926850093735588, 0.13955544623044822, 0.13924734741449357, 0.13888860665834868, 0.1400619034965833, 0.13934778794646263, 0.13997577054378313, 0.13961224257946014, 0.13848118827893183, 0.13971315324306488, 0.13906565379528774, 0.13963618874549866, 0.13953537659512627, 0.14007200521451454, 0.14015437215566634, 0.13967284659544627, 0.13905926876597935, 0.13926468732265326, 0.13889862384114945, 0.13848476644073213, 0.1398249786151083, 0.13948244954410352, 0.13934830671701676, 0.1390757511059443, 0.13974105910612986, 0.1392777751792561, 0.13982847332954407, 0.13927157629619946, 0.13951077075993143, 0.1390819028019905, 0.13979251186052957, 0.14019463414495642, 0.13990702033042907, 0.13965306466534025, 0.13825081559744748, 0.14020294270345143, 0.13957807353951715, 0.13901599970730869, 0.13959888517856597, 0.14045687871319906, 0.13986003547906875, 0.139264789968729, 0.1397859683403602, 0.13861740049388674, 0.13951674103736877, 0.1395975520213445, 0.13920827090740204, 0.14038704997963375, 0.13958373402847962, 0.13968022038107333, 0.1396851939735589, 0.14047552562422222, 0.1385119751095772, 0.14017340540885925, 0.14029704928398132, 0.1389339119195938, 0.1396403453852001, 0.13933604607979458, 0.1399167117017966, 0.13990493525158276, 0.13924433141946793, 0.14000232872508822, 0.13958539441227913, 0.13919370553710245, 0.13959783191482225, 0.13950602371584286, 0.1395449535921216, 0.1393263339996338, 0.13837819248437883, 0.1397154419510453, 0.13993117110482578, 0.139541281895204, 0.1399315091279837, 0.13993825539946556, 0.13963839269819714, 0.13979943469166756, 0.14019719037142667, 0.13997134752571583, 0.13919056132435798, 0.1400738595163121, 0.13944641888141632, 0.13985682874917985, 0.1393823338051637, 0.13966498350103695, 0.14037331824119276, 0.1395660023326459, 0.14023534427670872, 0.139799802005291, 0.13866776476303735, 0.13910424980250272, 0.13997251646859304, 0.1402234360575676, 0.13923770040273667, 0.1398585154251619, 0.1394745104369663, 0.14002914049408652, 0.13953664215902487, 0.13954660370945932, 0.13918590829485938, 0.1390140557830984, 0.13866039766715124, 0.13947122830611008, 0.13987745917760408, 0.13844672507709926, 0.13939602579921484, 0.13936090883281496, 0.13926129539807638, 0.1394478626549244, 0.139525285233622, 0.14006032049655914, 0.13993229025176593, 0.14000304845663217, 0.13977653947141436, 0.14002331594626108, 0.13999829238111322, 0.14008739005242074, 0.13986854255199432, 0.14018049463629723, 0.13931011756261188, 0.13894372032238886, 0.13992106528193862, 0.13949666370948155, 0.13882642909884452, 0.1389909324546655, 0.13942929059267045, 0.14064575731754303, 0.1393386984572691, 0.14024751690717843, 0.13953958386960236, 0.13953354954719543, 0.1389328271150589, 0.13928406134895657, 0.13876702808416808, 0.14002211640278497, 0.13976547843025577, 0.14008010774850846, 0.1392794022193322, 0.1401738996307055, 0.1401037539427097, 0.1392199226788112, 0.1391586979230245, 0.13977653923488798, 0.13933191895484925, 0.1397538375854492, 0.13926589190959932, 0.139398492872715, 0.13917611132968555, 0.14012874041994414, 0.14021746516227723, 0.13982716151352587, 0.13949724114858186, 0.1395318948087238, 0.1395642183175901, 0.1398822174028114, 0.13999960273504258, 0.1399640300694634, 0.13997145195802052, 0.14003170629342396, 0.13984785097486832, 0.1395703829251803, 0.13961079716682434, 0.139908982095895, 0.13958240455637375, 0.14022013545036316, 0.14032875498135886, 0.13927931812676517, 0.13958699894802912, 0.13940934091806412, 0.13982033108671507, 0.14101531356573105, 0.13946113948311126, 0.13891806143025556, 0.1395152968664964, 0.13989192882069834, 0.13925604969263078, 0.14018408302217722, 0.13914723823899808, 0.14018780124538086, 0.1393113013576059, 0.14065053381703116, 0.13897119959195456, 0.13998252870859923, 0.13918439050515494, 0.13883761373850015, 0.13955359025435013, 0.13999657261939275, 0.139287325643724, 0.1397805498993915, 0.13971806743315288, 0.14001074731349944, 0.13993063320716223, 0.13961916002962324, 0.13964519732528263, 0.13995267152786256, 0.139677288942039, 0.1399476212950853, 0.13939201997386086, 0.13965991003946823, 0.13972817858060202, 0.13948619716307697, 0.14024334989095988, 0.13949206554227406, 0.1395589670827312, 0.1395447477698326, 0.14035661021868387, 0.1388597283512354, 0.1390419865355772, 0.14016191432109246, 0.139439407736063, 0.1403554624744824, 0.14021670005538248, 0.13949651817480724, 0.13903281291325886, 0.13986349638019288, 0.13970528915524483, 0.13968254087699783, 0.1403566852211952, 0.13927851368983588, 0.1395622342824936, 0.1391698145866394, 0.1397748962044716, 0.1401274986565113, 0.14048396795988083, 0.1393123276176907, 0.13972591412694832, 0.13986846142345005, 0.13947261763470514, 0.13946450153986614, 0.1393403009726451, 0.13980842022984116, 0.13929986556371052, 0.13983828408850563, 0.13951367802090114, 0.13897075951099397, 0.13989212025295605, 0.1398489640818702, 0.1395291458992731, 0.1392876994278696, 0.14040764759887348, 0.1402380954888132, 0.13977483411629996, 0.1396242469549179, 0.13990099728107452, 0.13957050229821885, 0.13946224935352802, 0.13803505003452302, 0.13975239063010497, 0.1395634189248085, 0.13925422592596573, 0.13852905631065368, 0.13980681002140044, 0.13997882418334484, 0.13979999721050262, 0.13939732313156128, 0.13994178175926208, 0.13983073918258443, 0.14003387895914224, 0.1403308779001236, 0.13873446881771087, 0.13925223403117237, 0.1398922836079317, 0.14019532601038615, 0.1389131082428826, 0.13896283358335496, 0.13983875901802725, 0.13930293172597885, 0.13978410214185716, 0.14014374033400886, 0.13879198377782648, 0.13942657697659272, 0.13962027430534363, 0.14004709470916438, 0.13930055648088455, 0.1392983840062068, 0.1394927904009819, 0.14025028179521146, 0.13938407336964326, 0.13978217542171478, 0.13963863253593445, 0.13884773602088293, 0.13944464342461693, 0.13905570842325687, 0.13918102488798254, 0.14033503457903862, 0.13921876196508054, 0.1397646420768329, 0.13900487231356756, 0.13972229758898416, 0.13954117311083752, 0.13941141139519841, 0.13854744082147424, 0.14050377817714915, 0.14006054103374482, 0.14022400478521982, 0.13976838191350302, 0.1395096990622972, 0.13986409759079968, 0.13886108063161373, 0.13939236583454268, 0.13998188129786787, 0.13991542160511017, 0.13947637677192687, 0.13924606839815776, 0.1389368787407875, 0.13937977731227874, 0.13866707682609558, 0.13990686647593975, 0.13958839868957346, 0.13982566658939635, 0.1391059562563896, 0.140161770913336, 0.13942905929353502, 0.13892877184682423, 0.1395261758252194, 0.13934245793258443, 0.13995670220431158, 0.14004708640277386, 0.1393298344178633, 0.13996790256351233, 0.13903737564881644, 0.14006234163587744, 0.1400957415843832, 0.13948141783475876, 0.13887697572891528, 0.13950716065508978, 0.13969499220450718, 0.1394906460211195, 0.13906856732709066, 0.1396607682108879, 0.1397185627280212, 0.14021909112731615, 0.13960864266444897, 0.13976342187208288, 0.13963177862266699, 0.13976272344589233, 0.13917242363095284, 0.1392472641808646, 0.14022234976291656, 0.13961591105908155, 0.13983229398727418, 0.13943765781543874, 0.13904266618192196, 0.13988720557906412, 0.13953878036860762, 0.13942364877776095, 0.1404761808613936, 0.1390274614095688, 0.13990190567878577, 0.1393915687998136, 0.13950099547704062, 0.14018063164419597, 0.13967773830518126, 0.13999713782001943, 0.1394564256719921, 0.13980789597217852, 0.1397495594407831, 0.13961175226029895, 0.13893448263406755, 0.1396392353556373, 0.13924035761091444, 0.1395509901146094, 0.13923793592873743, 0.13983240317214618, 0.1393679966186655, 0.1400667240222295, 0.1421404927968979, 0.13958483132032248, 0.14000096225312778, 0.1400173818692565, 0.13953907340764998, 0.13944991451242697, 0.13929672964981624, 0.13983095895785552, 0.1398510668012831, 0.13952374458312988, 0.13922226366897425, 0.13982124829834158, 0.13961052719284506, 0.13976923003792763, 0.13948783837258816, 0.13967475990454356, 0.13966996060765308, 0.13900334591215308, 0.13961734426648995, 0.13917821066247094, 0.13962537981569767, 0.1388182560602824, 0.1391369564966722, 0.13916397094726562, 0.13996565673086378, 0.1400166669717202, 0.13989151956943366, 0.13928317609760496, 0.1394904934697681, 0.13974923361092806, 0.14001698195934295, 0.13885859698057174, 0.13963411826836436, 0.1403107616034421, 0.13908481071977055, 0.13883923400532117, 0.13982901349663734, 0.13985466361045837, 0.13960080919787288, 0.13984269476853883, 0.13968631625175476, 0.13977302196953031, 0.13959910869598388, 0.14060258406859177, 0.14023498961558709, 0.13990751405556998, 0.13999381214380263, 0.13999713910743594, 0.13975031580775976, 0.14011417981237173, 0.1395971633684941, 0.13958687973873957, 0.1400329997142156, 0.13932652292507036, 0.1399034735034494, 0.13971412647515535, 0.13982397158231055, 0.13998727703636343, 0.13922614604234695, 0.13981798645995913, 0.14025343830386797, 0.13917373730377716, 0.1393773795829879, 0.13963701203465462, 0.13927464021576774, 0.13915731332131795, 0.1397558188154584, 0.1395334868054641, 0.1397552192211151, 0.13937135599553585, 0.13951014388691296, 0.1395774556057794, 0.13943473484955335, 0.13952525787883335, 0.14031114632433112, 0.13926595821976662, 0.1390558210286227, 0.1394249278306961, 0.13966387723173415, 0.1394362575129459, 0.1391948706337384, 0.14073531329631805, 0.1396695083898047, 0.13972516552261685, 0.13973746531539494, 0.13998674732797287, 0.14007387107068842, 0.1394738334417343, 0.14021795310757376, 0.13880884303496435, 0.1398171991109848, 0.13997247302904725, 0.13990050913958713, 0.13991652335971594, 0.13931312571678842, 0.13960916229656764, 0.13921116590499877, 0.13948557832661798, 0.13938331007957458, 0.13962695040763953, 0.13939412379706348, 0.13943361341953278, 0.13996183330362494, 0.139268571510911, 0.13919634938240052, 0.13986823335289955, 0.14069191987315813, 0.14000932069925162, 0.1391158213740901, 0.13981858044862747, 0.1399695954539559, 0.14040056412870233, 0.13938732780516147, 0.13953092694282532, 0.14001981778578323, 0.13853143993765116, 0.13950454105030408, 0.13921761482345815, 0.1396112355746721, 0.13980566071612494, 0.13977002467100436, 0.1395605413450135, 0.13963639338811237, 0.13954341464809009, 0.13936108580002418, 0.13987512780087336, 0.13951330982586918, 0.13942379876971245, 0.13967180624604225, 0.13922479206865485, 0.13957954536784778, 0.139864279943354, 0.13899960884681115, 0.13944133520126342, 0.1398812085390091, 0.1382351666688919, 0.13929948061704636, 0.13991905395921908, 0.13990539083114037, 0.13995413482189178, 0.13978746067732573, 0.1397421658039093, 0.13993383155149572, 0.13990340232849122, 0.14010235832797158, 0.13980739922435195, 0.14006837271153927, 0.13960958023866019, 0.13976156897842884, 0.13914715051651, 0.13902675188504732, 0.1392349029580752, 0.1397265134488835, 0.1399690888144753, 0.13997191356288063, 0.13980651096157407, 0.13986012023506741, 0.1395914195215001, 0.13948838859796525, 0.14036659089227518, 0.13914500496217183, 0.13972860388457775, 0.13978287080923715, 0.1397546872496605, 0.13952164611090784, 0.1402046802369031, 0.13918916136026382, 0.1396907035793577, 0.1395832970738411, 0.13954835810831615, 0.13868462443351745, 0.13961465458075206, 0.13955802023410796, 0.13973416600908553, 0.1396304132307277, 0.1396386336821776, 0.1401509702205658, 0.13894532735531145, 0.13955171694678645, 0.139879550183973, 0.13961843933377946, 0.1363449990749359, 0.13997455388307573, 0.1396252409271572, 0.14026324450969696, 0.14013076946139336, 0.13929785027795907, 0.13913322714242068, 0.1398668919618313, 0.14005326426454953, 0.13944824296852637, 0.1402769876377923, 0.13919969827964387, 0.13929551999483789, 0.13910302790728482, 0.1397051161362065, 0.1397459700703621, 0.13959388583898544, 0.13997589610517025, 0.13999772702272123, 0.1388368702360562, 0.13976871073246003, 0.1397125244140625, 0.13886850665916095, 0.13949687033891678, 0.13896619652708372, 0.14270227402448654, 0.13896022393153265, 0.13849572241306304, 0.13968882262706755, 0.13898639380931854, 0.14033651020791796, 0.13948778559764227, 0.1393541008234024, 0.14010567342241606, 0.13942847814824846, 0.13914608092684494, 0.13942427188158035, 0.1400633446044392, 0.13981805353061014, 0.13956317380070687, 0.1394622904750017, 0.138763332650775, 0.13960434141613187, 0.13949161767959595, 0.14016375094652175, 0.1402287699959495, 0.138920074062688, 0.14017852048079174, 0.1397986105746693, 0.1395779230764934, 0.13905341178178787, 0.1391778454184532, 0.13873741206000834, 0.1400677182457664, 0.1395698210055178, 0.13991236342833593, 0.13926955983042716, 0.13978237049146133, 0.1395111639391292, 0.13929267329248515, 0.13944914191961288, 0.14025658120711645, 0.1396735817193985, 0.13957069300372024, 0.13976357132196426, 0.13932994455099107, 0.13946450054645537, 0.13921397297005905, 0.13940848112106324, 0.139409840983503, 0.13968795767197242, 0.1399436742067337, 0.1393730655312538, 0.1390078216791153, 0.13986591696739198, 0.13990209996700287, 0.13996287435293198, 0.13986089825630188, 0.13923663171854886, 0.13910466088698462, 0.13983488934380667, 0.13979118913412095, 0.1392738252878189, 0.1398912794314898, 0.14153686041633287, 0.13984881341457367, 0.1397084141416209, 0.13927729911095388, 0.13973626159131528, 0.1401767066933892, 0.13961014337837696, 0.13900099830193954, 0.1393219100104438, 0.1393013229736915, 0.13969735751549403, 0.13936801701784135, 0.14003375066178186, 0.13924364881082016, 0.13924761658365076, 0.13924025297164916, 0.1393069326877594, 0.14005482067232547, 0.13926050439476967, 0.14002563638819587, 0.14015597732443558, 0.14042974180645412, 0.14066687524318694, 0.13929725158959627, 0.13979590982198714, 0.13937981392061988, 0.13982587895895304, 0.13984091686350958, 0.13980062305927277, 0.13979570025747473, 0.13923637019960503, 0.1393201599518458, 0.13920923632880053, 0.1403660187497735, 0.1394258721007241, 0.14019997790455818, 0.13948677949331426, 0.1396751580759883, 0.14013295738320602, 0.1398664289399197, 0.13989047892391682, 0.13930069176214083, 0.1398692935705185, 0.13954824788702858, 0.13909941911697388, 0.13940919190645218, 0.13913225258390108, 0.13917816430330276, 0.14038987343127912, 0.13967649481798472, 0.13972461276820727, 0.14038686007261275, 0.14011920813251943, 0.13886826547483602, 0.14000979562600455, 0.14000283678372702, 0.14021928548812868, 0.13859611749649048, 0.13915549218654633, 0.13961141109466552, 0.14003527419907705, 0.13959474755184992, 0.1388929307460785, 0.1396566548130729, 0.1396394819021225, 0.13940741547516414, 0.14089263478914896, 0.13983963032563526, 0.14024580626384073, 0.14060811562971634, 0.1390877291560173, 0.1389191843893217, 0.1400900363922119, 0.13875953807975305, 0.13978385533157148, 0.1392013264053008, 0.13996514937152033, 0.13965876460075377, 0.13890777398710666, 0.13955452144145966, 0.14011130346493286, 0.13969901535246107, 0.1400092186836096, 0.13979212706908584, 0.13914396315813066, 0.13916190713644028, 0.13945172862573105, 0.13955378135045368, 0.13924252837896348, 0.1399993701941437, 0.14005241762189305, 0.139651511203159, 0.1389713833729426, 0.13992119073867798, 0.13953647017478943, 0.13964999406724363, 0.13964939769357443, 0.1401735621113931, 0.1389434395564927, 0.14046558365225792, 0.14016879824074832, 0.1396426746378774, 0.13983067638344235, 0.13868705183267593, 0.139910027384758, 0.13921954307486029, 0.1399732990698381, 0.13969420734792948, 0.1395354358987375, 0.13919994103557923, 0.13970456272363663, 0.14029737494208597, 0.1398281030356884, 0.14069280127684275, 0.13991358876228333, 0.13923550844192506, 0.13934057106574377, 0.1396128816737069, 0.13955415582115, 0.1396503196312831, 0.1397239919062014, 0.14021917780240375, 0.13914875835180282, 0.13906485790556128, 0.14013392627239227, 0.1400300349508013, 0.13998944844518388, 0.1397120537502425, 0.14029864519834517, 0.1399921113077332, 0.1393850401920431, 0.1393814766407013, 0.1393828172432749, 0.1397375714394354, 0.13969696611166, 0.13973243431798343, 0.13976764272559772, 0.14014087369044623, 0.1393572837114334, 0.139476627856493, 0.1396206712180918, 0.1394087238745256, 0.1394781842827797, 0.13991834337894732, 0.13906532608800465, 0.13933381824581711, 0.13998739421367645, 0.13969056804974875, 0.13859228293100992, 0.1396620331539048, 0.13991677595509422, 0.13976818203926086, 0.13954645064142016, 0.14104945144870065, 0.13908755664642042, 0.13892852482588394, 0.13921656933697787, 0.13931861316615884, 0.13781856000423431, 0.13931871391832829, 0.1395203197002411, 0.13984013497829437, 0.14062839938748267, 0.1397204821308454, 0.1398838274180889, 0.1393896841577121, 0.13958611753251818, 0.13946657910429197, 0.13982545137405394, 0.1397023977977889, 0.1404120832681656, 0.13972450091558344, 0.14000982152564184, 0.13912761708100638, 0.1395568376587283, 0.13954023818175, 0.13978407252579927, 0.1391303976997733, 0.13934109568595887, 0.13989981561899184, 0.13931679341100878, 0.1389734822511673, 0.13942328501831402, 0.13998319581151009, 0.13983340685566267, 0.139706595076455, 0.1391992052750928, 0.14040472656488417, 0.1392319223710469, 0.14015331864356995, 0.13933494751868042, 0.1393750513593356, 0.13978085219860076, 0.14024457200007004, 0.13979109647599133, 0.1398476520853658, 0.1393733819325765, 0.1397350411052289, 0.13921473324298858, 0.13909108253816763, 0.1398922254641851, 0.13926128641917154, 0.13945391135556356, 0.13980337188524358, 0.1396121374434895, 0.13892669124262674, 0.13965703712569344, 0.13941144198179245, 0.13947415744003497, 0.13958128744905646, 0.13974120410589072, 0.13924607863793007, 0.13987732359341212, 0.13904944341629744, 0.14019074113596053, 0.139605313539505, 0.1398469186746157, 0.13916281014680862, 0.1391586245133959, 0.14001902118325232, 0.1397545460392447, 0.13995910584926605, 0.13958920538425446, 0.1396285479559618, 0.14004556834697723, 0.13936888701037356, 0.13962915147605695, 0.139663350853053, 0.1396088819754751, 0.13971541686491531, 0.1393232700916437, 0.13945462080565366, 0.14011613776286444, 0.1401380772391955, 0.13916836335108831, 0.14005333847469753], 1: [0.14003461226820946, 0.13938125179094427, 0.13950575085786673, 0.13959313035011292, 0.1392191488009233, 0.1400045320391655, 0.13918229061014512, 0.1407368377997325, 0.1400026814504103, 0.13972552567720414, 0.1396249197423458, 0.13914036833577687, 0.1398677776257197, 0.13966905857835496, 0.14084659923206677, 0.1399126559495926, 0.13940693208804497, 0.13999556817791678, 0.14070008446772894, 0.14053076819369667, 0.13945986006570898, 0.13916930183768272, 0.13887109458446503, 0.14000047544638317, 0.13933563920167777, 0.140178831666708, 0.13854090242009415, 0.139651460143236, 0.14015210254324806, 0.13998042153460638, 0.14011177014220844, 0.13936279515425365, 0.13869002585609755, 0.13927311524748803, 0.13957127928733826, 0.1396791771054268, 0.13953634103139242, 0.14032235576046836, 0.1386804454601728, 0.1398628309369087, 0.14010021885236104, 0.1395239755511284, 0.13910578340291976, 0.1403591727668589, 0.1390059987703959, 0.13982944438854852, 0.13941918448968368, 0.13925842816630998, 0.13950872321923574, 0.13971673101186752, 0.13918168492176952, 0.13957263209990092, 0.13927619829773902, 0.1391675074895223, 0.13918413420518239, 0.1398490924726833, 0.14012079272005293, 0.13999774307012558, 0.1408781831463178, 0.13882205933332442, 0.13916114323279438, 0.13971351764418863, 0.1398035161770307, 0.13884300738573074, 0.13921204886653207, 0.13939887285232544, 0.13985758561354417, 0.13964369215748526, 0.13988438993692398, 0.13985681384801865, 0.14054767110131003, 0.13989561796188354, 0.1396592226293352, 0.1400381258942864, 0.13946485748657814, 0.14010175249793314, 0.13885294036431747, 0.14008289846506985, 0.1398325115442276, 0.1391359289487203, 0.13992621625463167, 0.13976831485827765, 0.13977982366786285, 0.1400098830461502, 0.13931055267651876, 0.14055022448301316, 0.13873708993196487, 0.1392857362242306, 0.13926544785499573, 0.1398295900400947, 0.1394413778415093, 0.14029369354248047, 0.13879395027955374, 0.1395703445781361, 0.13974502224188584, 0.13968292077382405, 0.13975667740617478, 0.13951147028378078, 0.14039034464142539, 0.13934393227100372, 0.13998052974541983, 0.14012479285399118, 0.13955047049305655, 0.14060373231768608, 0.13941214233636856, 0.13999473371288992, 0.13955017351187193, 0.13935942782296074, 0.13931157643144781, 0.13947487870852152, 0.13993697240948677, 0.13860139365379626, 0.1376970589160919, 0.13870526757091284, 0.13869946392682883, 0.13998559713363648, 0.13994366045181567, 0.1396842122077942, 0.13993790249029794, 0.14043081253767015, 0.13992019945924933, 0.1398599689657038, 0.1391271154085795, 0.13958492875099182, 0.13893331516356694, 0.13996963500976561, 0.13921227181951204, 0.1392946338111704, 0.13939891349185596, 0.1395756226210367, 0.13945489078760148, 0.13960999064147472, 0.14105194129727103, 0.14000611121837908, 0.14025272230307262, 0.13889364732636345, 0.13991990685462952, 0.14021808356046678, 0.1399394761432301, 0.139729306101799, 0.13988297229463403, 0.13983219034141964, 0.1394663222811439, 0.13983312166399425, 0.1397675722837448, 0.1386651654135097, 0.13994786257927233, 0.14007784697142514, 0.14007898623293097, 0.14010644108057022, 0.13872067630290985, 0.14022947400808333, 0.14011209126975802, 0.14032960310578346, 0.14030636847019196, 0.1397297422994267, 0.13926062675622794, 0.14003146290779114, 0.13872064981195661, 0.13886590514864242, 0.1391016885638237, 0.13991395235061646, 0.13899130953682792, 0.1393827825784683, 0.13921808451414108, 0.1393846144278844, 0.1398769348859787, 0.1399493542584506, 0.1390893138371981, 0.139582459628582, 0.13963509689677844, 0.13921442180871962, 0.13919552889737216, 0.1392324837771329, 0.13906284822867468, 0.14012231964331406, 0.1395417180928317, 0.1394271974762281, 0.13961696218360553, 0.1407288759946823, 0.1397773414850235, 0.1395390679438909, 0.13924293220043182, 0.13888617130843076, 0.13996339837710062, 0.1393965920433402, 0.1398332566022873, 0.13922866582870483, 0.138823464512825, 0.13912614860704967, 0.1393606560304761, 0.13963780078020963, 0.13951561532237314, 0.1382313533262773, 0.13983728662133216, 0.13932752494628614, 0.1386546229614931, 0.1404699668288231, 0.13940370678901673, 0.14013646841049193, 0.1395481765270233, 0.13951488749848473, 0.1402274171511332, 0.13839574605226518, 0.1394122987985611, 0.1384995850649747, 0.1390551444556978, 0.14000798070005008, 0.13949808975060782, 0.13982778668403625, 0.139309165875117, 0.13816153556108474, 0.1402724886482412, 0.13956531882286072, 0.13921213285489517, 0.1403632789850235, 0.13951582610607147, 0.13963547005103186, 0.13936148312958804, 0.14030096573489054, 0.140140101313591, 0.13892782479524612, 0.14002432425816855, 0.13898024832208952, 0.13815105892717838, 0.13949792180210352, 0.1385221059123675, 0.13948581367731094, 0.1396870623741831, 0.13974997798601788, 0.13920632856232779, 0.1393544552847743, 0.13954532767335573, 0.13967234322002955, 0.1399456130133735, 0.1395697772502899, 0.13982421372617995, 0.13895553415236267, 0.14061257541179656, 0.13927982205694373, 0.1390613615512848, 0.14103633910417557, 0.13934850599616766, 0.13945428133010865, 0.1393853932619095, 0.14009485925946916, 0.1397194577889009, 0.13999796360731126, 0.13937872472931356, 0.1393868073821068, 0.13953022807836532, 0.13963823871953146, 0.14026418328285217, 0.13911916613578795, 0.13991866881648699, 0.1396196186542511, 0.13971868683310115, 0.13895506858825685, 0.14019103472431502, 0.13990916098867143, 0.13964878171682357, 0.13855134695768356, 0.1391868621110916, 0.13908840219179788, 0.13948829347888628, 0.1400867239995436, 0.13939780090004206, 0.139399705748809, 0.13971911668777465, 0.14042621638093675, 0.14015938341617584, 0.13977136380142635, 0.1406812474131584, 0.13931315764784813, 0.13905672263354063, 0.1392144246233834, 0.13972905384642736, 0.13905398713217842, 0.13881865267952284, 0.1389851402491331, 0.13869391488177435, 0.1395230034464284, 0.14101538558801016, 0.139244816225508, 0.14019654989242553, 0.13958276457646313, 0.13999940725890073, 0.13924591107801956, 0.13917803493413058, 0.13910574093461037, 0.1397976978467061, 0.13988993791016666, 0.13889434486627578, 0.13879192146387967, 0.13956943651040396, 0.1395935739080111, 0.13964076204733414, 0.13980991672724485, 0.13940070271492006, 0.14016140861944718, 0.139914911459474, 0.13974549372990927, 0.1400984628842427, 0.1397801326079802, 0.1394884611169497, 0.1394166722893715, 0.1397206602352006, 0.13999389559030534, 0.13951068785455492, 0.13994698226451874, 0.13938811007473204, 0.13922696948051452, 0.139777806188379, 0.13923582136631013, 0.1393171414732933, 0.1398699829975764, 0.1398382174472014, 0.1391152748838067, 0.13913653447077826, 0.13982324302196503, 0.13960427618943727, 0.13984263756058432, 0.13978284100691477, 0.13955209678725192, 0.13981054587797684, 0.13963827821943495, 0.13996209089572614, 0.139372556692078, 0.13932912703603506, 0.1392366256226193, 0.14008536438147226, 0.1385987803339958, 0.13938438426703215, 0.13927892595529556, 0.14025382399559022, 0.1397007316350937, 0.13985705297244222, 0.13977196663618088, 0.13961352507273356, 0.13942086613840526, 0.13960276047388712, 0.1389835958297436, 0.13991306722164154, 0.14070491045713424, 0.1398155376315117, 0.13947717616191277, 0.13967288192361593, 0.13996679268100046, 0.13908481150865554, 0.1401962655432084, 0.13883555084466934, 0.1402938598766923, 0.14072749831459738, 0.1400473564863205, 0.1390244464079539, 0.1399144008755684, 0.13977395311782234, 0.13941733751978194, 0.13927499287658268, 0.13912926385035881, 0.1393286929680751, 0.1397961676120758, 0.1399432787528405, 0.13951261341571808, 0.1398073360323906, 0.13969599157571794, 0.13985812067985534, 0.13886965008882377, 0.13927393832377025, 0.13974947550080039, 0.13961565122008324, 0.1388290598988533, 0.13906428217887878, 0.1388858247261781, 0.1387086676226722, 0.14004401614268622, 0.1396652857462565, 0.1391993284225464, 0.14016818205515544, 0.1396297663450241, 0.13911893963813782, 0.13973674550652504, 0.13915760666131974, 0.14037857353687286, 0.1401813194155693, 0.13990733878953115, 0.1394958958029747, 0.13977266252040862, 0.1397074119133108, 0.13924106549132953, 0.1393264800310135, 0.1394725874066353, 0.1393672124697612, 0.13925974667072297, 0.1402716152369976, 0.14000744952095878, 0.13948950171470642, 0.14023793786764144, 0.13886316368977228, 0.1397051459976605, 0.13905920460820198, 0.13906787931919098, 0.1398538090288639, 0.1395247459411621, 0.14051015178362528, 0.14016734212636947, 0.13997577450105123, 0.1395499584349719, 0.14030073583126068, 0.13968012525754817, 0.13995357602834702, 0.13950216323137282, 0.1394579435388247, 0.13891233503818512, 0.1389702292425292, 0.14060973525047302, 0.1391927030953494, 0.1397816762328148, 0.13989356756210328, 0.13953205347061157, 0.13910867273807526, 0.14036736956664495, 0.13913573821385702, 0.13980554173821988, 0.13863130193203688, 0.13901949470693414, 0.13877728445963425, 0.13991712199317086, 0.13879364728927612, 0.1398388147354126, 0.14030662328004836, 0.13941590487957, 0.14004827439785003, 0.13970960956066847, 0.1404660533774983, 0.13966806658676692, 0.1395895376801491, 0.1401486017487266, 0.13921960815787315, 0.13919528776949103, 0.13881781019947745, 0.13958135518160733, 0.13921109214425087, 0.13957081437110902, 0.14029759168624878, 0.13933096329371134, 0.13966019617186654, 0.1396625469128291, 0.13968126393026775, 0.14011643661393058, 0.1392754382557339, 0.13996023337046307, 0.14024996310472487, 0.13929200023412705, 0.14001519029790704, 0.13936106413602828, 0.1397226522366206, 0.1394469357199139, 0.1397867071277955, 0.1393413027891746, 0.13891232758760452, 0.13893704817575567, 0.13960926731427512, 0.1395241685888984, 0.1398350683351358, 0.13907777043906125, 0.13895806263793598, 0.13983097807927566, 0.13949139788746834, 0.13919183611869812, 0.1393505409359932, 0.13995113510351914, 0.13944361938370597, 0.14013474211096763, 0.13989698974525228, 0.139933885208198, 0.13919940292835237, 0.14026592759525075, 0.1393200397491455, 0.1392209693789482, 0.1396051287651062, 0.13967295736074448, 0.1402922189897961, 0.1396559950980273, 0.13971336285273234, 0.13990017094395377, 0.13896115124225616, 0.13990165718964168, 0.14075267910957337, 0.14021554589271545, 0.13924306631088257, 0.14016702969868977, 0.139231794513762, 0.1394028350710869, 0.13977493413470007, 0.1392786204814911, 0.13962132649289238, 0.13900111466646195, 0.13914842704931896, 0.13993475288152696, 0.1393425097832313, 0.14020627737045288, 0.13984559340910477, 0.13945111419473374, 0.14058780521154404, 0.13986850587221292, 0.14001700406273207, 0.14106909102863735, 0.1387483557065328, 0.13987291672013022, 0.13934145569801332, 0.14026047786076865, 0.1395696955067771, 0.14014747142791747, 0.13943693822338468, 0.13954844077428183, 0.13994369588115, 0.14014005796475845, 0.14024234414100648, 0.13987548276782036, 0.13906846940517426, 0.13944848288189282, 0.13986164060505954, 0.13885099142789842, 0.13996101238510825, 0.13973326367490432, 0.13960854129658806, 0.13919664919376373, 0.13959212005138397, 0.1394361431399981, 0.14032261297106743, 0.13963519968092442, 0.13962438553571702, 0.13986004441976546, 0.14010552947337812, 0.13980762021882193, 0.1404218701645732, 0.13974205238951576, 0.13969891243859342, 0.1401023492217064, 0.13935145464810458, 0.1403091549873352, 0.1391301923073255, 0.13978833332657814, 0.13933560848236085, 0.13954119559596567, 0.13943755626678467, 0.1405276913534511, 0.1401819803498008, 0.14021222970702432, 0.13931995034217834, 0.1396856022377809, 0.13961375611168997, 0.14013224152418283, 0.13999124467372895, 0.13963799426952997, 0.1396074816584587, 0.13951434567570686, 0.13943824023008347, 0.1404415083428224, 0.13942817817716038, 0.13947885589940207, 0.13836465775966644, 0.13968867605382745, 0.1402933331472533, 0.1396436013958671, 0.13984452012707205, 0.13933788985013962, 0.1397532656788826, 0.1398985864860671, 0.13968374878168105, 0.1389736771583557, 0.14104427728388044, 0.14015493392944336, 0.13846561014652253, 0.13944117426872255, 0.13963055610656738, 0.1394356990402395, 0.13969855416904797, 0.1400540639956792, 0.13927040596803028, 0.13969285868936115, 0.14007422228654226, 0.13998589984008245, 0.1400208096293842, 0.13957599211822858, 0.139253081037448, 0.140155628323555, 0.13954481044236353, 0.1409598489602407, 0.13924512598249647, 0.13959885910153388, 0.13926184549927711, 0.13918190317995408, 0.1390845887362957, 0.1393489142258962, 0.1389180730496134, 0.1398087035525929, 0.139275960624218, 0.13929883307880825, 0.13961729655663171, 0.14031066745519638, 0.13966635411435907, 0.1398695582151413, 0.14010925415684194, 0.13948532938957214, 0.14012672528624534, 0.13912295252084733, 0.1389977214011279, 0.1400400474667549, 0.13946873481784547, 0.14036998450756072, 0.1395986738304297, 0.13989275445540747, 0.139554045521296, 0.1397704819838206, 0.13994783560434979, 0.13920143693685533, 0.13800628185272218, 0.13922503819832435, 0.13980437715848287, 0.1403220391699246, 0.1394509419798851, 0.14052248949354346, 0.13962830332192508, 0.13960763067007065, 0.1390339798397488, 0.13974006999941432, 0.14002231847156177, 0.139999558031559, 0.1391520993067668, 0.13960670232772826, 0.13937888768586246, 0.1401069313287735, 0.13996646255254747, 0.13999385183507745, 0.13943807780742645, 0.13910241425037384, 0.1398478258739818, 0.13863243907690048, 0.13976650834083557, 0.13994982093572617, 0.14023910462856293, 0.13934660170759475, 0.13966785829800826, 0.13927582185715437, 0.13921325728297235, 0.139353769329878, 0.13949943110346794, 0.14050634843962534, 0.13973159275271677, 0.13968542069196702, 0.13954830169677734, 0.14071475104852157, 0.13978883624076843, 0.13985842019319533, 0.13977888350685438, 0.13887208700180054, 0.14011743779365832, 0.13989695333517516, 0.1385124298659238, 0.13987864553928375, 0.14023512303829194, 0.1396520048379898, 0.1392572929461797, 0.13989998629459968, 0.13961052623662082, 0.13969636098905044, 0.13967408559152059, 0.1391479030251503, 0.13927877818544707, 0.13976131286472082, 0.13916617135206857, 0.13982356970126814, 0.13988415151834488, 0.13999154476019052, 0.13966005467451537, 0.13982669602740894, 0.13959286527501213, 0.13977130434729837, 0.13970697422822317, 0.1390445033709208, 0.13915676826780493, 0.1392387209030298, 0.14019826253255208, 0.13900468179157802, 0.13956139385700225, 0.13854670226573945, 0.1397282083829244, 0.139962038397789, 0.1377513654091779, 0.13893195986747742, 0.1394244906577197, 0.1403090317140926, 0.1393244231448454, 0.13914462625980378, 0.14026133120059966, 0.1395169912200225, 0.13913387060165405, 0.13946109551649827, 0.1396313404495066, 0.14018693566322327, 0.14002047072757373, 0.13935137736169914, 0.14052843302488327, 0.1394832811572335, 0.1393567013243834, 0.13956858217716217, 0.13950554712822563, 0.1401932636896769, 0.1396256595849991, 0.13947307566801706, 0.13948526872055872, 0.13939652365186941, 0.1395594192047914, 0.1395681157708168, 0.13947334713660753, 0.1402084469795227, 0.1386146366596222, 0.1402602724053643, 0.139334318392417, 0.13952834382653237, 0.13887213383402144, 0.1395257035891215, 0.14012138003652747, 0.14015967547893524, 0.14018218333904559, 0.13889541029930114, 0.13898134074713053, 0.1395195952870629, 0.13942174071615393, 0.1394869898046766, 0.14018593089921133, 0.13998859292931026, 0.1399020105600357, 0.13980075493454933, 0.13968231190334668, 0.13925452902913094, 0.14108396493471587, 0.14061591300097379, 0.139536124254976, 0.1390414983034134, 0.13860515505075455, 0.13913529515266418, 0.13982849866151809, 0.13909907390673956, 0.13990607261657714, 0.1407159964243571, 0.14007926785520144, 0.13897421693100648, 0.13999844011333254, 0.14007700844244522, 0.13913491666316985, 0.13891238253563643, 0.13986284037431082, 0.13935309242118488, 0.1402048644694415, 0.13967416967664445, 0.1389534130692482, 0.1400841465767692, 0.14075420200824737, 0.14065613970160484, 0.1396132896343867, 0.13980309013277292, 0.13966588269580493, 0.1381449818611145, 0.1393619328737259, 0.13843652109305063, 0.13978826322338797, 0.13991572186350823, 0.1396439715343363, 0.1396320898618017, 0.1401863327393165, 0.14048903584480285, 0.13923478232962744, 0.13956695795059204, 0.1409713663160801, 0.13944258391857148, 0.1392513891825309, 0.13981850309805435, 0.13977685421705247, 0.1389363014272281, 0.14025397484119123, 0.1387897552922368, 0.1390531326715763, 0.14039679444753206, 0.13946940004825592, 0.13942846197348374, 0.13947606086730957, 0.13936165422201158, 0.13934036013152865, 0.13911028330524763, 0.1397127240896225, 0.13933727592229844, 0.14157806212703386, 0.14006468916640563, 0.13958823003552176, 0.13916181976144965, 0.13979935348033906, 0.139122378300218, 0.14055638015270233, 0.13936669773915233, 0.14052867723835838, 0.13922190352490074, 0.13982369378209114, 0.13936976194381714, 0.1398617848753929, 0.14002501865228018, 0.1390069696036252, 0.13946351728269032, 0.13868115991353988, 0.1401978162201968, 0.14000680148601533, 0.1406041294336319, 0.13997648869241988, 0.14072115146196806, 0.13973643204995564, 0.13887978792190553, 0.13869415010724748, 0.13930656474370223, 0.13911165297031403, 0.1391947682087238, 0.13955772585339016, 0.1399924099445343, 0.13956388706962267, 0.14012803838533514, 0.13983119505902994, 0.13980411122674527, 0.1395355761051178, 0.1402772900958856, 0.14005817472934723, 0.13985477658835324, 0.13877520236102017, 0.1397481464913913, 0.14008244673411052, 0.14001167049774757, 0.14024118582407633, 0.1394637514437948, 0.1404381737112999, 0.13990517648366782, 0.13962278101179335, 0.13850512558763678, 0.13951217300362057, 0.13976020298220895, 0.1397492637236913, 0.14029217014710108, 0.13918265948692957, 0.1396933153271675, 0.13950476149717966, 0.1396109417080879, 0.13889144062995912, 0.13930771161209454, 0.13967918356259665, 0.1401297479867935, 0.1392697819641658, 0.13966261276176997, 0.13971860706806183, 0.14058671678815568, 0.13984455565611523, 0.14059520016113916, 0.13974456023424864, 0.1395604208111763, 0.13986135446108305, 0.13942152532664212, 0.13951285845703548, 0.13945650160312653, 0.13965514728001185, 0.13920756461827652, 0.1398591361939907, 0.13963012803684582, 0.13967813849449157, 0.13949806030307496, 0.13976394683122634, 0.1399960228625466, 0.13970308750867844, 0.13921135663986206, 0.13922897229592004, 0.13938080858100543, 0.13932387365235221, 0.1399613129241126, 0.14028640800998324, 0.1394455541263927, 0.13963864066384055, 0.13971463466684023, 0.13995375990867615, 0.13928421934445698, 0.13963320354620615, 0.1393440067768097, 0.1397676169872284, 0.13917761941750845, 0.13898987621068953, 0.14019454084336758, 0.1397909114235326, 0.1391366571187973, 0.14006845382126895, 0.13975719958543778, 0.13957555757628548, 0.13964170403778553, 0.13895035038391748, 0.14007504690777173, 0.13988413661718369, 0.13998907804489136, 0.13988564759492875, 0.1390092922374606, 0.1396198756992817, 0.1400362364947796, 0.13913380801677705, 0.13997245273169348, 0.14046672359108925, 0.139846733212471, 0.1393571950887379, 0.1395673326083592, 0.1394968934002377, 0.14003798146458232, 0.1390583641253985, 0.13965702056884766, 0.1395643536861126, 0.1392578360709277, 0.13944013696163893, 0.13967744559049605, 0.13977742330594498, 0.13968158557134516, 0.14034245411554971, 0.13936807215213776, 0.13939756561409344, 0.13927536755800246, 0.1395280922160429, 0.14035638719797133, 0.1399437442421913, 0.1394374600865624, 0.1395433560013771, 0.1396050214767456, 0.13908751184741655, 0.14016816255293393, 0.14068369567394257, 0.13947127312421798, 0.13926364210518924, 0.13997247194250426, 0.13904019296169282, 0.1390161994430754, 0.14037389136277711, 0.13896351104432886, 0.1399604802330335, 0.13930776342749596, 0.1394422338767485, 0.14034112881530414, 0.1402062028646469, 0.14003386050462724, 0.14049097895622253, 0.1395701253786683, 0.1395538792014122, 0.13927480280399324, 0.13928818537129295, 0.1403490424156189, 0.13902972936630248, 0.1395981632746183, 0.14005426615476607, 0.1389986053109169, 0.14020337696586335, 0.1395142035824912, 0.13886602057351005, 0.1394035816192627, 0.13903676786205985, 0.14030395719138058, 0.1395063191652298, 0.14004596024751664, 0.13888675825936453, 0.1399817019701004, 0.1397409364581108, 0.13926547765731812, 0.13987156110150473, 0.1413206271827221, 0.13870202749967575, 0.1399825265010198, 0.1397631565729777, 0.1402319888273875, 0.1390332339538468, 0.13919946665947253, 0.13985800607637924, 0.13962420182568686, 0.1396692429597561, 0.1398418148358663, 0.13976724594831466, 0.13919142219755384, 0.13984014437748835, 0.14039323953065005, 0.1394148658622395, 0.13959120107548578, 0.13919314064762808, 0.13931377232074738, 0.13912480121309106, 0.13919578393300375, 0.14030409130183133, 0.13965632698752664, 0.1390016128619512, 0.13913422416556964, 0.14022387564182281, 0.1395990401506424]}