('OC-FakeDect1 (Trained on AVG Dataset)  \nTested on AVG NeuralTextures Dataset  \nRunning Average Evaluation', 'OC-FakeDect1_AVG', 'AVG', 'OC-FakeDect1_AVG_raeonNTavg')
auroc=0.5154324052193267
f1=0.4521038495971352
prec=0.4089068825910931
recall=0.5055055055055055

fpr=[0.0, 0.5055055055055055, 1.0]

tpr=[0.0, 0.5363703159441587, 1.0]

y_true=[0, 0, 0, 0, 0, 0, 0, 0, 0, 0, 0, 0, 0, 0, 0, 0, 0, 0, 0, 0, 0, 0, 0, 0, 0, 0, 0, 0, 0, 0, 0, 0, 0, 0, 0, 0, 0, 0, 0, 0, 0, 0, 0, 0, 0, 0, 0, 0, 0, 0, 0, 0, 0, 0, 0, 0, 0, 0, 0, 0, 0, 0, 0, 0, 0, 0, 0, 0, 0, 0, 0, 0, 0, 0, 0, 0, 0, 0, 0, 0, 0, 0, 0, 0, 0, 0, 0, 0, 0, 0, 0, 0, 0, 0, 0, 0, 0, 0, 0, 0, 0, 0, 0, 0, 0, 0, 0, 0, 0, 0, 0, 0, 0, 0, 0, 0, 0, 0, 0, 0, 0, 0, 0, 0, 0, 0, 0, 0, 0, 0, 0, 0, 0, 0, 0, 0, 0, 0, 0, 0, 0, 0, 0, 0, 0, 0, 0, 0, 0, 0, 0, 0, 0, 0, 0, 0, 0, 0, 0, 0, 0, 0, 0, 0, 0, 0, 0, 0, 0, 0, 0, 0, 0, 0, 0, 0, 0, 0, 0, 0, 0, 0, 0, 0, 0, 0, 0, 0, 0, 0, 0, 0, 0, 0, 0, 0, 0, 0, 0, 0, 0, 0, 0, 0, 0, 0, 0, 0, 0, 0, 0, 0, 0, 0, 0, 0, 0, 0, 0, 0, 0, 0, 0, 0, 0, 0, 0, 0, 0, 0, 0, 0, 0, 0, 0, 0, 0, 0, 0, 0, 0, 0, 0, 0, 0, 0, 0, 0, 0, 0, 0, 0, 0, 0, 0, 0, 0, 0, 0, 0, 0, 0, 0, 0, 0, 0, 0, 0, 0, 0, 0, 0, 0, 0, 0, 0, 0, 0, 0, 0, 0, 0, 0, 0, 0, 0, 0, 0, 0, 0, 0, 0, 0, 0, 0, 0, 0, 0, 0, 0, 0, 0, 0, 0, 0, 0, 0, 0, 0, 0, 0, 0, 0, 0, 0, 0, 0, 0, 0, 0, 0, 0, 0, 0, 0, 0, 0, 0, 0, 0, 0, 0, 0, 0, 0, 0, 0, 0, 0, 0, 0, 0, 0, 0, 0, 0, 0, 0, 0, 0, 0, 0, 0, 0, 0, 0, 0, 0, 0, 0, 0, 0, 0, 0, 0, 0, 0, 0, 0, 0, 0, 0, 0, 0, 0, 0, 0, 0, 0, 0, 0, 0, 0, 0, 0, 0, 0, 0, 0, 0, 0, 0, 0, 0, 0, 0, 0, 0, 0, 0, 0, 0, 0, 0, 0, 0, 0, 0, 0, 0, 0, 0, 0, 0, 0, 0, 0, 0, 0, 0, 0, 0, 0, 0, 0, 0, 0, 0, 0, 0, 0, 0, 0, 0, 0, 0, 0, 0, 0, 0, 0, 0, 0, 0, 0, 0, 0, 0, 0, 0, 0, 0, 0, 0, 0, 0, 0, 0, 0, 0, 0, 0, 0, 0, 0, 0, 0, 0, 0, 0, 0, 0, 0, 0, 0, 0, 0, 0, 0, 0, 0, 0, 0, 0, 0, 0, 0, 0, 0, 0, 0, 0, 0, 0, 0, 0, 0, 0, 0, 0, 0, 0, 0, 0, 0, 0, 0, 0, 0, 0, 0, 0, 0, 0, 0, 0, 0, 0, 0, 0, 0, 0, 0, 0, 0, 0, 0, 0, 0, 0, 0, 0, 0, 0, 0, 0, 0, 0, 0, 0, 0, 0, 0, 0, 0, 0, 0, 0, 0, 0, 0, 0, 0, 0, 0, 0, 0, 0, 0, 0, 0, 0, 0, 0, 0, 0, 0, 0, 0, 0, 0, 0, 0, 0, 0, 0, 0, 0, 0, 0, 0, 0, 0, 0, 0, 0, 0, 0, 0, 0, 0, 0, 0, 0, 0, 0, 0, 0, 0, 0, 0, 0, 0, 0, 0, 0, 0, 0, 0, 0, 0, 0, 0, 0, 0, 0, 0, 0, 0, 0, 0, 0, 0, 0, 0, 0, 0, 0, 0, 0, 0, 0, 0, 0, 0, 0, 0, 0, 0, 0, 0, 0, 0, 0, 0, 0, 0, 0, 0, 0, 0, 0, 0, 0, 0, 0, 0, 0, 0, 0, 0, 0, 0, 0, 0, 0, 0, 0, 0, 0, 0, 0, 0, 0, 0, 0, 0, 0, 0, 0, 0, 0, 0, 0, 0, 0, 0, 0, 0, 0, 0, 0, 0, 0, 0, 0, 0, 0, 0, 0, 0, 0, 0, 0, 0, 0, 0, 0, 0, 0, 0, 0, 0, 0, 0, 0, 0, 0, 0, 0, 0, 0, 0, 0, 0, 0, 0, 0, 0, 0, 0, 0, 0, 0, 0, 0, 0, 0, 0, 0, 0, 0, 0, 0, 0, 0, 0, 0, 0, 0, 0, 0, 0, 0, 0, 0, 0, 0, 0, 0, 0, 0, 0, 0, 0, 0, 0, 0, 0, 0, 0, 0, 0, 0, 0, 0, 0, 0, 0, 0, 0, 0, 0, 0, 0, 0, 0, 0, 0, 0, 0, 0, 0, 0, 0, 0, 0, 0, 0, 0, 0, 0, 0, 0, 0, 0, 0, 0, 0, 0, 0, 0, 0, 0, 0, 0, 0, 0, 0, 0, 0, 0, 0, 0, 0, 0, 0, 0, 0, 0, 0, 0, 0, 0, 0, 0, 0, 0, 0, 0, 0, 0, 0, 0, 0, 0, 0, 0, 0, 0, 0, 0, 0, 0, 0, 0, 0, 0, 0, 0, 0, 0, 0, 0, 0, 0, 0, 0, 0, 0, 0, 0, 0, 0, 0, 0, 0, 0, 0, 0, 0, 0, 0, 0, 0, 0, 0, 0, 0, 0, 0, 0, 0, 0, 0, 0, 0, 0, 0, 0, 0, 0, 0, 0, 0, 0, 0, 0, 0, 0, 0, 0, 0, 0, 0, 0, 0, 0, 0, 0, 0, 0, 0, 0, 0, 0, 0, 0, 0, 0, 0, 0, 0, 0, 0, 0, 0, 0, 0, 0, 0, 0, 0, 0, 0, 0, 0, 0, 0, 0, 0, 0, 0, 0, 0, 0, 0, 0, 0, 0, 0, 0, 0, 0, 0, 0, 0, 0, 0, 0, 0, 0, 0, 0, 0, 0, 0, 0, 0, 0, 0, 0, 0, 0, 0, 0, 0, 0, 0, 0, 0, 0, 0, 0, 0, 0, 0, 0, 0, 0, 0, 0, 0, 0, 0, 0, 0, 0, 0, 0, 0, 0, 0, 0, 0, 0, 0, 0, 0, 0, 0, 0, 0, 0, 0, 0, 0, 0, 0, 0, 0, 0, 0, 0, 0, 0, 0, 0, 0, 0, 0, 0, 0, 0, 0, 0, 0, 0, 0, 0, 0, 0, 0, 0, 0, 0, 0, 0, 0, 0, 0, 0, 0, 0, 0, 0, 0, 0, 0, 0, 0, 0, 0, 0, 0, 0, 0, 0, 0, 0, 0, 0, 0, 0, 0, 0, 0, 0, 0, 0, 0, 0, 0, 0, 0, 0, 0, 0, 0, 0, 0, 0, 0, 0, 0, 0, 0, 0, 0, 0, 0, 0, 0, 0, 0, 0, 0, 0, 0, 0, 0, 0, 0, 0, 0, 0, 0, 0, 0, 0, 0, 0, 0, 0, 0, 0, 0, 0, 0, 0, 0, 0, 0, 0, 0, 0, 0, 0, 0, 0, 0, 0, 0, 0, 0, 0, 0, 0, 0, 0, 0, 0, 0, 0, 0, 0, 0, 0, 0, 0, 0, 0, 0, 0, 0, 0, 0, 0, 0, 0, 0, 0, 0, 0, 0, 0, 0, 0, 0, 0, 0, 0, 0, 0, 0, 0, 0, 0, 0, 0, 0, 0, 0, 0, 0, 0, 0, 0, 0, 0, 0, 0, 0, 0, 0, 0, 0, 0, 0, 0, 0, 0, 0, 0, 0, 0, 0, 0, 0, 0, 0, 0, 0, 0, 0, 0, 0, 0, 0, 0, 0, 0, 0, 0, 0, 0, 0, 0, 0, 0, 0, 0, 0, 0, 0, 0, 0, 0, 0, 0, 0, 0, 0, 0, 0, 0, 0, 0, 0, 0, 0, 0, 0, 0, 0, 0, 0, 0, 0, 0, 0, 0, 0, 0, 0, 0, 0, 0, 0, 0, 0, 0, 0, 0, 0, 0, 0, 0, 0, 0, 0, 0, 0, 0, 0, 0, 0, 0, 0, 0, 0, 0, 0, 0, 0, 0, 0, 0, 0, 0, 0, 0, 0, 0, 0, 0, 0, 0, 0, 0, 0, 0, 0, 0, 0, 0, 0, 0, 0, 0, 0, 0, 0, 0, 0, 0, 0, 0, 0, 0, 0, 0, 0, 0, 0, 0, 0, 0, 0, 0, 0, 1, 1, 1, 1, 1, 1, 1, 1, 1, 1, 1, 1, 1, 1, 1, 1, 1, 1, 1, 1, 1, 1, 1, 1, 1, 1, 1, 1, 1, 1, 1, 1, 1, 1, 1, 1, 1, 1, 1, 1, 1, 1, 1, 1, 1, 1, 1, 1, 1, 1, 1, 1, 1, 1, 1, 1, 1, 1, 1, 1, 1, 1, 1, 1, 1, 1, 1, 1, 1, 1, 1, 1, 1, 1, 1, 1, 1, 1, 1, 1, 1, 1, 1, 1, 1, 1, 1, 1, 1, 1, 1, 1, 1, 1, 1, 1, 1, 1, 1, 1, 1, 1, 1, 1, 1, 1, 1, 1, 1, 1, 1, 1, 1, 1, 1, 1, 1, 1, 1, 1, 1, 1, 1, 1, 1, 1, 1, 1, 1, 1, 1, 1, 1, 1, 1, 1, 1, 1, 1, 1, 1, 1, 1, 1, 1, 1, 1, 1, 1, 1, 1, 1, 1, 1, 1, 1, 1, 1, 1, 1, 1, 1, 1, 1, 1, 1, 1, 1, 1, 1, 1, 1, 1, 1, 1, 1, 1, 1, 1, 1, 1, 1, 1, 1, 1, 1, 1, 1, 1, 1, 1, 1, 1, 1, 1, 1, 1, 1, 1, 1, 1, 1, 1, 1, 1, 1, 1, 1, 1, 1, 1, 1, 1, 1, 1, 1, 1, 1, 1, 1, 1, 1, 1, 1, 1, 1, 1, 1, 1, 1, 1, 1, 1, 1, 1, 1, 1, 1, 1, 1, 1, 1, 1, 1, 1, 1, 1, 1, 1, 1, 1, 1, 1, 1, 1, 1, 1, 1, 1, 1, 1, 1, 1, 1, 1, 1, 1, 1, 1, 1, 1, 1, 1, 1, 1, 1, 1, 1, 1, 1, 1, 1, 1, 1, 1, 1, 1, 1, 1, 1, 1, 1, 1, 1, 1, 1, 1, 1, 1, 1, 1, 1, 1, 1, 1, 1, 1, 1, 1, 1, 1, 1, 1, 1, 1, 1, 1, 1, 1, 1, 1, 1, 1, 1, 1, 1, 1, 1, 1, 1, 1, 1, 1, 1, 1, 1, 1, 1, 1, 1, 1, 1, 1, 1, 1, 1, 1, 1, 1, 1, 1, 1, 1, 1, 1, 1, 1, 1, 1, 1, 1, 1, 1, 1, 1, 1, 1, 1, 1, 1, 1, 1, 1, 1, 1, 1, 1, 1, 1, 1, 1, 1, 1, 1, 1, 1, 1, 1, 1, 1, 1, 1, 1, 1, 1, 1, 1, 1, 1, 1, 1, 1, 1, 1, 1, 1, 1, 1, 1, 1, 1, 1, 1, 1, 1, 1, 1, 1, 1, 1, 1, 1, 1, 1, 1, 1, 1, 1, 1, 1, 1, 1, 1, 1, 1, 1, 1, 1, 1, 1, 1, 1, 1, 1, 1, 1, 1, 1, 1, 1, 1, 1, 1, 1, 1, 1, 1, 1, 1, 1, 1, 1, 1, 1, 1, 1, 1, 1, 1, 1, 1, 1, 1, 1, 1, 1, 1, 1, 1, 1, 1, 1, 1, 1, 1, 1, 1, 1, 1, 1, 1, 1, 1, 1, 1, 1, 1, 1, 1, 1, 1, 1, 1, 1, 1, 1, 1, 1, 1, 1, 1, 1, 1, 1, 1, 1, 1, 1, 1, 1, 1, 1, 1, 1, 1, 1, 1, 1, 1, 1, 1, 1, 1, 1, 1, 1, 1, 1, 1, 1, 1, 1, 1, 1, 1, 1, 1, 1, 1, 1, 1, 1, 1, 1, 1, 1, 1, 1, 1, 1, 1, 1, 1, 1, 1, 1, 1, 1, 1, 1, 1, 1, 1, 1, 1, 1, 1, 1, 1, 1, 1, 1, 1, 1, 1, 1, 1, 1, 1, 1, 1, 1, 1, 1, 1, 1, 1, 1, 1, 1, 1, 1, 1, 1, 1, 1, 1, 1, 1, 1, 1, 1, 1, 1, 1, 1, 1, 1, 1, 1, 1, 1, 1, 1, 1, 1, 1, 1, 1, 1, 1, 1, 1, 1, 1, 1, 1, 1, 1, 1, 1, 1, 1, 1, 1, 1, 1, 1, 1, 1, 1, 1, 1, 1, 1, 1, 1, 1, 1, 1, 1, 1, 1, 1, 1, 1, 1, 1, 1, 1, 1, 1, 1, 1, 1, 1, 1, 1, 1, 1, 1, 1, 1, 1, 1, 1, 1, 1, 1, 1, 1, 1, 1, 1, 1, 1, 1, 1, 1, 1, 1, 1, 1, 1, 1, 1, 1, 1, 1, 1, 1, 1, 1, 1, 1, 1, 1, 1, 1, 1, 1, 1, 1, 1, 1, 1, 1, 1, 1, 1, 1, 1, 1, 1, 1, 1, 1, 1, 1, 1, 1, 1, 1, 1, 1, 1, 1, 1, 1, 1, 1, 1, 1, 1, 1, 1, 1, 1, 1, 1, 1, 1, 1, 1, 1, 1, 1, 1, 1, 1, 1, 1, 1, 1, 1, 1, 1, 1, 1, 1, 1, 1, 1, 1, 1, 1, 1, 1, 1, 1, 1, 1, 1, 1, 1, 1, 1, 1, 1, 1, 1, 1, 1, 1, 1, 1, 1, 1, 1, 1, 1, 1, 1, 1, 1, 1, 1, 1, 1, 1, 1, 1, 1, 1, 1, 1, 1, 1, 1, 1, 1, 1, 1, 1, 1, 1, 1, 1, 1, 1, 1, 1, 1, 1, 1, 1, 1, 1, 1, 1, 1, 1, 1, 1, 1, 1, 1, 1, 1, 1, 1, 1, 1, 1, 1, 1, 1, 1, 1, 1, 1, 1, 1, 1, 1, 1, 1, 1, 1, 1, 1, 1, 1, 1, 1, 1, 1, 1, 1, 1, 1, 1, 1, 1, 1, 1, 1, 1, 1, 1, 1, 1, 1, 1, 1, 1, 1, 1, 1, 1, 1, 1, 1, 1, 1, 1, 1, 1, 1, 1, 1, 1, 1, 1, 1, 1, 1, 1, 1, 1, 1, 1, 1, 1, 1, 1, 1, 1, 1, 1, 1, 1, 1, 1, 1, 1, 1, 1, 1, 1, 1, 1, 1, 1, 1, 1, 1, 1, 1, 1, 1, 1, 1, 1, 1, 1, 1, 1, 1, 1, 1, 1, 1, 1, 1, 1, 1, 1, 1, 1, 1, 1, 1, 1, 1, 1, 1, 1, 1, 1, 1, 1, 1, 1, 1, 1, 1, 1, 1]

y_pred=[1.0, 1.0, 1.0, 0.0, 0.0, 1.0, 0.0, 0.0, 0.0, 1.0, 0.0, 1.0, 0.0, 1.0, 1.0, 0.0, 1.0, 1.0, 1.0, 1.0, 1.0, 0.0, 1.0, 1.0, 0.0, 1.0, 1.0, 1.0, 1.0, 1.0, 1.0, 1.0, 0.0, 0.0, 1.0, 1.0, 1.0, 1.0, 0.0, 0.0, 0.0, 0.0, 1.0, 1.0, 0.0, 1.0, 1.0, 1.0, 0.0, 0.0, 0.0, 0.0, 0.0, 0.0, 0.0, 0.0, 0.0, 0.0, 0.0, 0.0, 1.0, 0.0, 0.0, 0.0, 0.0, 1.0, 0.0, 1.0, 1.0, 0.0, 0.0, 1.0, 0.0, 1.0, 1.0, 1.0, 0.0, 1.0, 1.0, 0.0, 0.0, 1.0, 1.0, 0.0, 0.0, 0.0, 0.0, 0.0, 0.0, 1.0, 1.0, 0.0, 0.0, 0.0, 1.0, 0.0, 0.0, 1.0, 0.0, 0.0, 0.0, 0.0, 0.0, 0.0, 1.0, 0.0, 1.0, 1.0, 0.0, 1.0, 0.0, 0.0, 1.0, 0.0, 1.0, 0.0, 0.0, 1.0, 0.0, 0.0, 1.0, 0.0, 1.0, 1.0, 0.0, 0.0, 0.0, 1.0, 0.0, 0.0, 1.0, 1.0, 0.0, 1.0, 1.0, 0.0, 1.0, 0.0, 0.0, 0.0, 1.0, 0.0, 0.0, 0.0, 1.0, 1.0, 1.0, 1.0, 0.0, 0.0, 1.0, 0.0, 0.0, 1.0, 0.0, 0.0, 1.0, 0.0, 0.0, 1.0, 1.0, 0.0, 0.0, 0.0, 0.0, 0.0, 0.0, 0.0, 1.0, 0.0, 1.0, 1.0, 0.0, 1.0, 1.0, 0.0, 0.0, 1.0, 0.0, 0.0, 0.0, 1.0, 0.0, 0.0, 1.0, 0.0, 0.0, 0.0, 0.0, 1.0, 1.0, 0.0, 1.0, 0.0, 0.0, 1.0, 1.0, 1.0, 1.0, 0.0, 0.0, 0.0, 1.0, 1.0, 0.0, 0.0, 0.0, 1.0, 0.0, 0.0, 1.0, 1.0, 1.0, 0.0, 1.0, 0.0, 1.0, 0.0, 1.0, 1.0, 1.0, 0.0, 1.0, 1.0, 1.0, 1.0, 1.0, 1.0, 1.0, 0.0, 0.0, 1.0, 0.0, 1.0, 0.0, 1.0, 0.0, 1.0, 0.0, 0.0, 1.0, 1.0, 1.0, 1.0, 0.0, 0.0, 1.0, 1.0, 1.0, 1.0, 0.0, 0.0, 1.0, 0.0, 1.0, 0.0, 0.0, 0.0, 1.0, 0.0, 1.0, 1.0, 0.0, 0.0, 0.0, 0.0, 1.0, 1.0, 1.0, 0.0, 1.0, 1.0, 1.0, 1.0, 0.0, 1.0, 0.0, 0.0, 1.0, 1.0, 0.0, 0.0, 0.0, 1.0, 0.0, 1.0, 0.0, 0.0, 1.0, 1.0, 1.0, 1.0, 1.0, 0.0, 1.0, 0.0, 0.0, 0.0, 0.0, 0.0, 0.0, 0.0, 1.0, 1.0, 1.0, 1.0, 0.0, 0.0, 0.0, 0.0, 1.0, 1.0, 0.0, 0.0, 0.0, 1.0, 0.0, 0.0, 1.0, 0.0, 1.0, 0.0, 0.0, 0.0, 0.0, 1.0, 1.0, 0.0, 0.0, 0.0, 1.0, 1.0, 0.0, 0.0, 1.0, 0.0, 0.0, 1.0, 0.0, 0.0, 0.0, 0.0, 0.0, 0.0, 1.0, 1.0, 1.0, 0.0, 1.0, 1.0, 1.0, 0.0, 0.0, 0.0, 1.0, 0.0, 1.0, 1.0, 0.0, 0.0, 1.0, 1.0, 0.0, 1.0, 0.0, 0.0, 1.0, 1.0, 1.0, 1.0, 0.0, 0.0, 0.0, 0.0, 1.0, 1.0, 0.0, 0.0, 1.0, 1.0, 0.0, 0.0, 1.0, 0.0, 1.0, 1.0, 1.0, 1.0, 0.0, 1.0, 0.0, 1.0, 0.0, 1.0, 0.0, 1.0, 1.0, 0.0, 1.0, 1.0, 1.0, 1.0, 0.0, 0.0, 1.0, 0.0, 0.0, 0.0, 0.0, 0.0, 1.0, 1.0, 1.0, 1.0, 0.0, 1.0, 1.0, 0.0, 1.0, 0.0, 0.0, 0.0, 0.0, 0.0, 0.0, 1.0, 0.0, 1.0, 0.0, 1.0, 0.0, 0.0, 1.0, 0.0, 1.0, 1.0, 0.0, 1.0, 1.0, 0.0, 0.0, 0.0, 0.0, 1.0, 0.0, 1.0, 0.0, 1.0, 0.0, 1.0, 0.0, 1.0, 0.0, 1.0, 0.0, 0.0, 0.0, 0.0, 0.0, 0.0, 1.0, 0.0, 1.0, 1.0, 1.0, 0.0, 0.0, 0.0, 0.0, 1.0, 0.0, 1.0, 0.0, 1.0, 0.0, 0.0, 0.0, 0.0, 0.0, 1.0, 0.0, 1.0, 1.0, 0.0, 1.0, 1.0, 1.0, 0.0, 1.0, 0.0, 1.0, 0.0, 0.0, 1.0, 0.0, 1.0, 0.0, 1.0, 1.0, 1.0, 1.0, 1.0, 1.0, 1.0, 1.0, 1.0, 1.0, 1.0, 1.0, 1.0, 0.0, 0.0, 0.0, 0.0, 0.0, 0.0, 0.0, 0.0, 0.0, 0.0, 1.0, 0.0, 0.0, 1.0, 1.0, 1.0, 1.0, 1.0, 0.0, 1.0, 0.0, 1.0, 0.0, 1.0, 1.0, 1.0, 0.0, 0.0, 0.0, 0.0, 0.0, 0.0, 1.0, 1.0, 1.0, 1.0, 1.0, 1.0, 1.0, 0.0, 0.0, 1.0, 1.0, 1.0, 1.0, 0.0, 0.0, 0.0, 1.0, 0.0, 0.0, 0.0, 0.0, 1.0, 0.0, 0.0, 1.0, 0.0, 1.0, 0.0, 0.0, 1.0, 1.0, 0.0, 1.0, 0.0, 1.0, 0.0, 0.0, 1.0, 1.0, 0.0, 0.0, 0.0, 0.0, 1.0, 1.0, 1.0, 0.0, 0.0, 1.0, 1.0, 1.0, 0.0, 1.0, 1.0, 1.0, 1.0, 0.0, 0.0, 1.0, 0.0, 1.0, 0.0, 1.0, 1.0, 1.0, 1.0, 1.0, 0.0, 1.0, 0.0, 1.0, 0.0, 1.0, 0.0, 0.0, 1.0, 0.0, 1.0, 1.0, 1.0, 1.0, 0.0, 1.0, 1.0, 0.0, 0.0, 0.0, 0.0, 1.0, 1.0, 1.0, 0.0, 1.0, 0.0, 0.0, 1.0, 0.0, 1.0, 0.0, 0.0, 0.0, 0.0, 1.0, 0.0, 1.0, 1.0, 0.0, 1.0, 0.0, 0.0, 0.0, 1.0, 0.0, 0.0, 0.0, 0.0, 0.0, 1.0, 1.0, 0.0, 0.0, 1.0, 1.0, 1.0, 0.0, 0.0, 1.0, 1.0, 0.0, 0.0, 1.0, 0.0, 1.0, 0.0, 1.0, 1.0, 0.0, 1.0, 0.0, 1.0, 0.0, 0.0, 0.0, 1.0, 0.0, 0.0, 0.0, 1.0, 0.0, 1.0, 0.0, 1.0, 0.0, 1.0, 1.0, 0.0, 0.0, 0.0, 0.0, 1.0, 1.0, 0.0, 0.0, 0.0, 0.0, 0.0, 1.0, 1.0, 0.0, 0.0, 0.0, 0.0, 1.0, 1.0, 0.0, 0.0, 1.0, 1.0, 1.0, 1.0, 0.0, 1.0, 0.0, 1.0, 0.0, 1.0, 0.0, 0.0, 0.0, 1.0, 1.0, 1.0, 0.0, 0.0, 0.0, 0.0, 0.0, 1.0, 1.0, 0.0, 0.0, 0.0, 0.0, 0.0, 0.0, 0.0, 0.0, 0.0, 0.0, 1.0, 0.0, 1.0, 0.0, 0.0, 1.0, 0.0, 1.0, 1.0, 1.0, 1.0, 1.0, 0.0, 1.0, 1.0, 1.0, 0.0, 1.0, 1.0, 0.0, 1.0, 1.0, 1.0, 0.0, 1.0, 0.0, 1.0, 0.0, 0.0, 1.0, 0.0, 1.0, 1.0, 1.0, 1.0, 0.0, 1.0, 0.0, 0.0, 1.0, 0.0, 0.0, 0.0, 0.0, 1.0, 0.0, 0.0, 0.0, 1.0, 0.0, 0.0, 0.0, 0.0, 1.0, 1.0, 0.0, 0.0, 1.0, 1.0, 0.0, 0.0, 1.0, 1.0, 1.0, 0.0, 0.0, 0.0, 0.0, 1.0, 1.0, 1.0, 1.0, 1.0, 0.0, 0.0, 0.0, 0.0, 0.0, 1.0, 1.0, 1.0, 1.0, 1.0, 0.0, 0.0, 0.0, 0.0, 1.0, 0.0, 0.0, 0.0, 0.0, 0.0, 1.0, 1.0, 0.0, 1.0, 0.0, 1.0, 1.0, 0.0, 0.0, 1.0, 1.0, 0.0, 1.0, 1.0, 1.0, 0.0, 1.0, 0.0, 0.0, 0.0, 1.0, 1.0, 1.0, 1.0, 1.0, 0.0, 0.0, 0.0, 1.0, 1.0, 1.0, 0.0, 0.0, 0.0, 1.0, 1.0, 0.0, 1.0, 1.0, 0.0, 0.0, 0.0, 0.0, 1.0, 0.0, 1.0, 0.0, 0.0, 0.0, 0.0, 0.0, 0.0, 0.0, 0.0, 1.0, 0.0, 0.0, 0.0, 0.0, 0.0, 1.0, 1.0, 1.0, 0.0, 1.0, 1.0, 1.0, 1.0, 1.0, 1.0, 1.0, 0.0, 0.0, 0.0, 1.0, 1.0, 0.0, 0.0, 1.0, 1.0, 0.0, 1.0, 0.0, 0.0, 0.0, 1.0, 0.0, 0.0, 0.0, 1.0, 1.0, 0.0, 0.0, 0.0, 0.0, 1.0, 0.0, 0.0, 1.0, 1.0, 1.0, 0.0, 0.0, 0.0, 0.0, 1.0, 0.0, 0.0, 0.0, 1.0, 1.0, 1.0, 0.0, 1.0, 1.0, 1.0, 1.0, 1.0, 0.0, 0.0, 1.0, 1.0, 1.0, 1.0, 0.0, 0.0, 0.0, 0.0, 1.0, 1.0, 0.0, 0.0, 0.0, 0.0, 1.0, 0.0, 1.0, 0.0, 1.0, 1.0, 0.0, 1.0, 1.0, 0.0, 0.0, 0.0, 0.0, 0.0, 0.0, 1.0, 1.0, 1.0, 0.0, 0.0, 0.0, 1.0, 1.0, 0.0, 1.0, 1.0, 0.0, 1.0, 0.0, 0.0, 1.0, 0.0, 0.0, 0.0, 0.0, 0.0, 1.0, 1.0, 0.0, 1.0, 0.0, 0.0, 0.0, 1.0, 1.0, 0.0, 1.0, 0.0, 0.0, 0.0, 0.0, 1.0, 0.0, 1.0, 1.0, 0.0, 0.0, 1.0, 0.0, 1.0, 1.0, 1.0, 1.0, 0.0, 1.0, 0.0, 0.0, 0.0, 1.0, 0.0, 0.0, 0.0, 0.0, 0.0, 0.0, 0.0, 1.0, 1.0, 1.0, 0.0, 1.0, 1.0, 0.0, 1.0, 0.0, 0.0, 0.0, 0.0, 1.0, 0.0, 0.0, 0.0, 0.0, 0.0, 1.0, 0.0, 0.0, 0.0, 0.0, 0.0, 1.0, 0.0, 0.0, 0.0, 1.0, 0.0, 0.0, 0.0, 0.0, 1.0, 1.0, 1.0, 1.0, 0.0, 1.0, 0.0, 1.0, 0.0, 1.0, 0.0, 0.0, 0.0, 0.0, 0.0, 1.0, 1.0, 1.0, 1.0, 0.0, 1.0, 0.0, 1.0, 1.0, 0.0, 1.0, 0.0, 1.0, 0.0, 1.0, 0.0, 1.0, 0.0, 0.0, 0.0, 1.0, 0.0, 1.0, 0.0, 0.0, 1.0, 1.0, 1.0, 1.0, 1.0, 0.0, 0.0, 1.0, 1.0, 1.0, 1.0, 1.0, 0.0, 0.0, 0.0, 0.0, 0.0, 0.0, 0.0, 0.0, 0.0, 0.0, 0.0, 0.0, 0.0, 1.0, 0.0, 1.0, 0.0, 1.0, 0.0, 0.0, 1.0, 1.0, 0.0, 1.0, 0.0, 0.0, 1.0, 0.0, 1.0, 1.0, 1.0, 1.0, 0.0, 0.0, 0.0, 0.0, 1.0, 0.0, 1.0, 1.0, 1.0, 1.0, 0.0, 0.0, 1.0, 1.0, 0.0, 1.0, 1.0, 1.0, 1.0, 0.0, 1.0, 0.0, 1.0, 1.0, 1.0, 1.0, 0.0, 1.0, 0.0, 0.0, 0.0, 0.0, 0.0, 0.0, 0.0, 1.0, 1.0, 1.0, 1.0, 0.0, 1.0, 1.0, 0.0, 0.0, 0.0, 0.0, 0.0, 1.0, 1.0, 1.0, 0.0, 1.0, 0.0, 0.0, 0.0, 0.0, 0.0, 0.0, 0.0, 0.0, 0.0, 1.0, 1.0, 0.0, 1.0, 1.0, 0.0, 0.0, 1.0, 1.0, 0.0, 0.0, 1.0, 1.0, 1.0, 0.0, 0.0, 1.0, 1.0, 1.0, 1.0, 0.0, 0.0, 1.0, 1.0, 1.0, 0.0, 1.0, 0.0, 1.0, 0.0, 0.0, 0.0, 1.0, 0.0, 0.0, 1.0, 0.0, 0.0, 1.0, 1.0, 0.0, 0.0, 0.0, 0.0, 0.0, 1.0, 0.0, 0.0, 0.0, 1.0, 1.0, 1.0, 1.0, 0.0, 0.0, 1.0, 0.0, 0.0, 1.0, 0.0, 1.0, 0.0, 0.0, 1.0, 1.0, 0.0, 1.0, 0.0, 0.0, 0.0, 0.0, 0.0, 0.0, 0.0, 1.0, 0.0, 1.0, 1.0, 0.0, 0.0, 1.0, 1.0, 1.0, 1.0, 1.0, 1.0, 0.0, 0.0, 0.0, 1.0, 1.0, 1.0, 1.0, 1.0, 1.0, 1.0, 0.0, 0.0, 0.0, 1.0, 0.0, 1.0, 0.0, 0.0, 0.0, 0.0, 0.0, 0.0, 1.0, 1.0, 0.0, 1.0, 1.0, 1.0, 0.0, 1.0, 0.0, 1.0, 1.0, 0.0, 1.0, 1.0, 1.0, 1.0, 0.0, 1.0, 1.0, 0.0, 0.0, 1.0, 1.0, 1.0, 1.0, 0.0, 1.0, 0.0, 1.0, 1.0, 0.0, 0.0, 1.0, 0.0, 1.0, 1.0, 0.0, 0.0, 1.0, 1.0, 0.0, 0.0, 0.0, 1.0, 1.0, 1.0, 1.0, 1.0, 1.0, 0.0, 0.0, 1.0, 1.0, 0.0, 1.0, 1.0, 0.0, 1.0, 1.0, 0.0, 1.0, 1.0, 1.0, 1.0, 0.0, 1.0, 0.0, 0.0, 1.0, 0.0, 1.0, 1.0, 1.0, 0.0, 0.0, 1.0, 0.0, 0.0, 1.0, 1.0, 1.0, 0.0, 1.0, 0.0, 1.0, 1.0, 1.0, 1.0, 0.0, 1.0, 1.0, 1.0, 1.0, 1.0, 0.0, 0.0, 0.0, 1.0, 1.0, 0.0, 1.0, 1.0, 0.0, 1.0, 1.0, 1.0, 1.0, 0.0, 1.0, 0.0, 0.0, 1.0, 1.0, 1.0, 1.0, 1.0, 1.0, 1.0, 1.0, 1.0, 1.0, 0.0, 1.0, 0.0, 1.0, 1.0, 0.0, 1.0, 0.0, 0.0, 0.0, 0.0, 0.0, 0.0, 1.0, 0.0, 0.0, 1.0, 0.0, 1.0, 0.0, 1.0, 0.0, 0.0, 1.0, 0.0, 1.0, 1.0, 1.0, 1.0, 1.0, 0.0, 0.0, 1.0, 1.0, 0.0, 1.0, 0.0, 1.0, 1.0, 1.0, 0.0, 0.0, 0.0, 1.0, 0.0, 0.0, 0.0, 0.0, 0.0, 1.0, 0.0, 1.0, 0.0, 0.0, 0.0, 1.0, 0.0, 0.0, 0.0, 0.0, 0.0, 0.0, 1.0, 0.0, 0.0, 0.0, 1.0, 1.0, 0.0, 1.0, 0.0, 0.0, 1.0, 1.0, 1.0, 0.0, 1.0, 1.0, 0.0, 0.0, 1.0, 0.0, 1.0, 1.0, 1.0, 1.0, 0.0, 1.0, 1.0, 1.0, 1.0, 0.0, 0.0, 1.0, 0.0, 0.0, 1.0, 1.0, 0.0, 1.0, 0.0, 1.0, 1.0, 1.0, 1.0, 0.0, 1.0, 0.0, 0.0, 0.0, 0.0, 0.0, 1.0, 0.0, 1.0, 1.0, 0.0, 0.0, 0.0, 1.0, 1.0, 0.0, 0.0, 0.0, 1.0, 1.0, 0.0, 1.0, 0.0, 0.0, 0.0, 0.0, 0.0, 1.0, 0.0, 0.0, 0.0, 0.0, 0.0, 1.0, 0.0, 0.0, 0.0, 0.0, 0.0, 1.0, 0.0, 1.0, 0.0, 0.0, 0.0, 0.0, 0.0, 1.0, 1.0, 0.0, 1.0, 1.0, 0.0, 0.0, 0.0, 0.0, 1.0, 0.0, 1.0, 0.0, 0.0, 0.0, 0.0, 1.0, 1.0, 1.0, 0.0, 0.0, 1.0, 0.0, 0.0, 1.0, 0.0, 0.0, 1.0, 1.0, 0.0, 0.0, 1.0, 1.0, 0.0, 1.0, 0.0, 1.0, 1.0, 0.0, 0.0, 1.0, 0.0, 0.0, 1.0, 0.0, 0.0, 1.0, 1.0, 1.0, 0.0, 0.0, 1.0, 0.0, 0.0, 0.0, 1.0, 1.0, 1.0, 1.0, 0.0, 1.0, 1.0, 1.0, 1.0, 0.0, 1.0, 0.0, 1.0, 0.0, 1.0, 1.0, 0.0, 0.0, 0.0, 1.0, 1.0, 1.0, 0.0, 1.0, 0.0, 1.0, 1.0, 1.0, 1.0, 0.0, 0.0, 1.0, 1.0, 0.0, 0.0, 1.0, 0.0, 0.0, 0.0, 1.0, 0.0, 0.0, 1.0, 0.0, 1.0, 1.0, 1.0, 0.0, 1.0, 0.0, 0.0, 0.0, 0.0, 1.0, 1.0, 0.0, 0.0, 1.0, 0.0, 1.0, 1.0, 1.0, 1.0, 0.0, 0.0, 0.0, 0.0, 1.0, 0.0, 0.0, 1.0, 1.0, 1.0, 1.0, 0.0, 1.0, 0.0, 0.0, 1.0, 0.0, 0.0, 1.0, 1.0, 1.0, 0.0, 1.0, 0.0, 1.0, 1.0, 0.0, 1.0, 0.0, 1.0, 1.0, 1.0, 0.0, 1.0, 0.0, 1.0, 1.0, 1.0, 1.0, 1.0, 0.0, 0.0, 1.0, 0.0, 0.0, 1.0, 0.0, 0.0, 1.0, 1.0, 1.0, 0.0, 0.0, 1.0, 0.0, 1.0, 1.0, 0.0, 1.0, 1.0, 1.0, 0.0, 0.0, 1.0, 1.0, 0.0, 1.0, 0.0, 0.0, 1.0, 0.0, 1.0, 1.0, 0.0, 0.0, 0.0, 0.0, 0.0, 1.0, 0.0, 1.0, 1.0, 0.0, 0.0, 0.0, 0.0, 0.0, 0.0, 0.0, 1.0, 1.0, 1.0, 1.0, 0.0, 1.0, 0.0, 1.0, 1.0, 0.0, 0.0, 0.0, 0.0, 0.0, 1.0, 1.0, 1.0, 1.0, 1.0, 1.0, 0.0, 1.0, 1.0, 0.0, 0.0, 1.0, 1.0, 0.0, 1.0, 1.0, 1.0, 0.0, 0.0, 0.0, 1.0, 0.0, 1.0, 1.0, 0.0, 1.0, 1.0, 1.0, 1.0, 0.0, 1.0, 0.0, 0.0, 0.0, 1.0, 0.0, 0.0, 0.0, 0.0, 1.0, 1.0, 1.0, 1.0, 1.0, 1.0, 1.0, 0.0, 1.0, 1.0, 1.0, 0.0, 0.0, 0.0, 1.0, 1.0, 1.0, 0.0, 0.0, 0.0, 1.0, 1.0, 0.0, 0.0, 1.0, 0.0, 1.0, 1.0, 0.0, 0.0, 1.0, 0.0, 0.0, 1.0, 0.0, 0.0, 1.0, 0.0, 1.0, 0.0, 1.0, 0.0, 1.0, 1.0, 0.0, 1.0, 0.0, 1.0, 1.0, 1.0, 0.0, 1.0, 1.0, 1.0, 0.0, 0.0, 1.0, 1.0, 0.0, 0.0, 1.0, 0.0, 1.0, 1.0, 0.0, 0.0, 0.0, 1.0, 0.0, 0.0, 0.0, 0.0, 0.0, 0.0, 1.0, 1.0, 1.0, 1.0, 1.0, 0.0, 1.0, 1.0, 0.0, 1.0, 0.0, 1.0, 0.0, 1.0, 1.0, 0.0, 1.0, 0.0, 1.0, 0.0, 0.0, 1.0, 1.0, 0.0, 0.0, 1.0, 0.0, 0.0, 0.0, 1.0, 1.0, 0.0, 1.0, 1.0, 1.0, 0.0, 0.0, 0.0, 0.0, 1.0, 1.0, 0.0, 0.0, 1.0, 1.0, 1.0, 1.0, 1.0, 0.0, 0.0, 0.0, 1.0, 1.0, 1.0, 1.0, 0.0, 0.0, 1.0, 1.0, 1.0, 0.0, 1.0, 0.0, 1.0, 0.0, 0.0, 1.0, 1.0, 1.0, 1.0, 0.0, 0.0, 1.0, 1.0, 1.0, 1.0, 0.0, 0.0, 1.0, 1.0, 0.0, 0.0, 1.0, 0.0, 1.0, 0.0, 0.0, 1.0, 1.0, 1.0, 0.0, 0.0, 0.0, 0.0, 0.0, 0.0, 1.0, 1.0, 1.0, 1.0, 1.0, 0.0, 0.0, 1.0, 1.0, 0.0, 0.0, 1.0, 0.0, 0.0, 0.0, 0.0, 0.0, 1.0, 0.0, 0.0, 0.0, 0.0, 0.0, 1.0, 1.0, 1.0, 1.0, 1.0, 0.0, 0.0, 1.0, 0.0, 1.0, 0.0, 0.0, 1.0, 0.0, 1.0, 1.0, 0.0, 0.0, 0.0, 0.0, 1.0, 1.0, 0.0, 0.0, 1.0, 0.0, 1.0, 0.0, 1.0, 0.0, 1.0, 0.0, 1.0, 0.0, 0.0, 0.0, 1.0, 1.0, 1.0, 1.0, 0.0, 0.0, 1.0, 0.0, 0.0, 1.0, 1.0, 0.0, 1.0, 0.0, 0.0, 0.0, 1.0, 0.0, 0.0, 0.0, 0.0, 0.0, 1.0, 0.0, 0.0, 0.0, 0.0, 0.0, 0.0, 1.0, 0.0, 1.0, 0.0, 0.0, 1.0, 1.0, 0.0, 1.0, 0.0, 0.0, 1.0, 0.0, 0.0, 1.0, 0.0, 0.0, 1.0, 1.0, 1.0, 0.0, 1.0, 0.0, 0.0, 0.0, 1.0, 0.0, 1.0, 0.0, 1.0, 0.0, 1.0, 0.0, 1.0, 0.0, 0.0, 0.0, 0.0, 0.0, 1.0, 0.0, 1.0, 1.0, 0.0, 0.0, 0.0, 1.0, 0.0, 1.0, 0.0, 0.0, 1.0, 0.0, 0.0, 0.0, 1.0, 0.0, 0.0, 1.0, 0.0, 1.0, 1.0, 1.0, 0.0, 1.0, 0.0, 0.0, 1.0, 1.0, 0.0, 1.0, 0.0, 1.0, 0.0, 0.0, 0.0, 1.0, 0.0, 0.0, 0.0, 1.0, 0.0, 1.0, 1.0, 1.0, 0.0, 1.0, 1.0, 1.0, 1.0, 0.0, 0.0, 0.0, 0.0, 1.0, 0.0, 1.0, 0.0, 0.0, 0.0, 0.0, 1.0, 1.0, 1.0, 1.0, 1.0, 0.0, 0.0, 1.0, 1.0, 0.0, 0.0, 0.0, 1.0, 1.0, 0.0, 0.0, 1.0, 1.0, 1.0, 0.0, 1.0, 1.0, 0.0, 0.0, 0.0, 0.0, 1.0, 1.0, 1.0, 0.0, 1.0, 0.0, 0.0, 0.0, 0.0, 1.0, 0.0, 0.0, 0.0, 1.0, 0.0, 1.0, 0.0, 1.0, 1.0, 0.0, 1.0, 0.0, 0.0, 1.0, 1.0, 0.0, 0.0, 1.0, 1.0, 1.0, 1.0, 1.0, 1.0, 0.0, 0.0, 1.0, 0.0, 0.0, 1.0, 0.0, 0.0, 0.0, 0.0, 1.0, 0.0, 0.0, 0.0, 1.0, 1.0, 1.0, 1.0, 0.0, 1.0, 0.0, 0.0, 0.0, 0.0, 1.0, 1.0, 1.0, 0.0, 0.0, 0.0, 1.0, 1.0, 0.0, 0.0, 1.0, 1.0, 0.0, 1.0, 1.0, 0.0, 1.0, 1.0, 1.0, 1.0, 0.0, 0.0, 0.0, 0.0, 0.0, 1.0, 0.0, 1.0, 0.0, 1.0, 0.0, 1.0, 1.0, 0.0, 1.0, 1.0, 0.0, 0.0, 1.0, 0.0, 1.0, 0.0, 1.0, 1.0]
\score={0: [0.11348621031412712, 0.11459162544745666, 0.11409370079636574, 0.11265935997168224, 0.11337837290305358, 0.11378171915809314, 0.11327261788149674, 0.11309136357158422, 0.11338262947706076, 0.11402740194038911, 0.11313227150175306, 0.11362880261407958, 0.11322968867090014, 0.11370478322108586, 0.11350212481461074, 0.11338860347219136, 0.11396642727777362, 0.113903670148416, 0.114018639549613, 0.11369179263710975, 0.1137938912619244, 0.11337010697884993, 0.11429555300209257, 0.11391770768733252, 0.11318254202604294, 0.11383744589984417, 0.11386177016467583, 0.1139345762009422, 0.11365388114662732, 0.1136516173338068, 0.11341624866638865, 0.1142096917789716, 0.1130146315055234, 0.1133038526667016, 0.11348324805498124, 0.11359267135461172, 0.11383012036482493, 0.11343012391417115, 0.11331254709511995, 0.11134311769689832, 0.11323640319077592, 0.1124314356308717, 0.11392540012190981, 0.11345015229149298, 0.11328010944028695, 0.11499368324875832, 0.11393377820893032, 0.114128228276968, 0.11274612322449684, 0.11299864285522038, 0.11316428581873576, 0.11257471193869908, 0.1131816797635772, 0.11338274026739187, 0.11326921507716178, 0.1133597514459065, 0.11279560797489606, 0.11326520913280547, 0.11295175552368164, 0.11336401302148313, 0.11414755365023246, 0.11290778188655774, 0.11308381799608469, 0.1133391863920472, 0.1130145438015461, 0.11376631530848416, 0.11261503845453262, 0.11413376033306122, 0.11351871392444561, 0.11293871700763702, 0.1127119233662432, 0.11379797210295996, 0.11310434838136037, 0.11385056908641543, 0.1140110284090042, 0.11405981704592705, 0.11331754550337791, 0.11485196898380916, 0.11370697672720309, 0.11301526257937605, 0.11310987556592011, 0.11423688940703869, 0.11391595378518105, 0.1130852218597166, 0.11244025253332578, 0.11309565438164605, 0.11326129155026542, 0.11339333382519809, 0.11281741695368991, 0.11379218048283032, 0.11408240161836147, 0.11249726340174675, 0.11254810955789354, 0.11334348537705162, 0.11542412042617797, 0.11325615300582005, 0.11146759986877441, 0.11437123654217556, 0.11312966106029657, 0.11326499825174158, 0.11327225947752595, 0.11327283440724663, 0.11303652733564377, 0.11338088573778377, 0.11345791609750853, 0.11313433359776225, 0.11367635490993659, 0.11343014774457463, 0.11334431859163138, 0.11368839235769378, 0.11287779361009598, 0.11291903303936124, 0.11367451738227498, 0.11333551731976596, 0.11349190903060577, 0.11255857009779323, 0.1129686845576062, 0.11407749280333519, 0.11202519055869845, 0.11297244406663455, 0.11345169852886881, 0.11180402487516403, 0.11360586594258036, 0.11372587040943258, 0.11274490157763163, 0.1129845584432284, 0.11283145720760028, 0.11363592060903709, 0.11328340795907108, 0.11267114353590998, 0.11457899754697626, 0.11440960764884948, 0.11306149706892345, 0.11346805840730667, 0.1140527730358058, 0.11294561423159935, 0.11397882436330502, 0.11328970166769894, 0.11301410505000282, 0.11307481417189473, 0.11377782225608826, 0.11336012471180695, 0.1128417154153188, 0.11230738554149866, 0.1145496385938981, 0.11442612558603286, 0.11424361681565642, 0.11423993334174157, 0.11320872062986548, 0.1129529896107587, 0.11356231729899134, 0.11310761123895645, 0.11336723850532011, 0.1143029373139143, 0.11306534934303035, 0.11305568195306338, 0.11359434351325035, 0.11216485147413455, 0.11321272924542428, 0.1137317180633545, 0.11446924731135369, 0.11304890885949134, 0.11335563864558935, 0.11324347638421589, 0.11260681439723287, 0.11292967064814134, 0.11321518346667289, 0.11258400275426753, 0.11356486814717452, 0.11271633527108602, 0.11388470185920596, 0.1137357907635825, 0.1126922857016325, 0.11390821635723114, 0.11346573169742312, 0.11322314292192459, 0.11235531893643466, 0.11371028070387088, 0.11336248630986494, 0.11243190202448103, 0.1126296396056811, 0.11362066666285196, 0.11245628353208303, 0.1133454719494129, 0.11387302694113358, 0.11329397355968301, 0.11317707715850127, 0.1131284199655056, 0.11297716200351715, 0.11340996871391933, 0.11342791840434074, 0.11308872732131378, 0.11383204241948468, 0.11199967414140702, 0.11299900362888972, 0.11365056105635384, 0.11365782000400403, 0.11370445229113102, 0.11358579310278098, 0.11296636424958706, 0.11335664242506027, 0.11315006762742996, 0.11385869115591049, 0.11360156252270653, 0.11296845641401079, 0.11319259012287314, 0.11283126505820648, 0.11410575446027976, 0.11315225412448247, 0.11327466165477579, 0.1138851061463356, 0.11372654015819232, 0.11494729047020276, 0.11270112469792366, 0.11344485091311592, 0.11329512911684372, 0.11343006988366446, 0.11336440931666981, 0.11359073221683502, 0.11359182447195053, 0.11341085880994797, 0.11297986358404159, 0.11452533464346613, 0.11398423835635185, 0.11364546418190002, 0.11347232324381669, 0.11374761790037155, 0.11389216259121895, 0.11409018527377736, 0.11294477060437202, 0.11308877501222822, 0.113596800892126, 0.11260410940105264, 0.11431012073388466, 0.11335892424635265, 0.11383817419409752, 0.1133702090010047, 0.11404464095830917, 0.11306982580572367, 0.11288756877183914, 0.11363401636481285, 0.11376440028349559, 0.11393785011023283, 0.11386561925922122, 0.11321988701820374, 0.11280800881130355, 0.11422996087507768, 0.11424041336232965, 0.11379313330959391, 0.11392168452342351, 0.1128506755286997, 0.11229890522857507, 0.11429658957890101, 0.11277370154857635, 0.11405790348847707, 0.11265669894569061, 0.1131945034632316, 0.11315965693857935, 0.11354155217607816, 0.11276939443566582, 0.11367057482985889, 0.11343507992254721, 0.11311534508353188, 0.11299410997889936, 0.11302134746478663, 0.11294165795499628, 0.11358563146657413, 0.11406226207812627, 0.11402058353026708, 0.11327753863052319, 0.11351705193519593, 0.11348547706646579, 0.11401581905178122, 0.11340077860014779, 0.11293584447015416, 0.11387903418611078, 0.11291443390978707, 0.11318046847979228, 0.11349118094552647, 0.11345738363127376, 0.11314175489048163, 0.11311019957065582, 0.1131326574832201, 0.11354584924199364, 0.11218701535835862, 0.1141370799053799, 0.11275382402042548, 0.11293403538210052, 0.1135724276304245, 0.11368514825494921, 0.11376354843378067, 0.11355735113223393, 0.113973787852696, 0.11295275902375579, 0.11407101124525071, 0.11314017921686173, 0.11326225331196418, 0.11221931129693985, 0.11333534186301024, 0.11304511229197184, 0.11287109519947659, 0.11294964984768913, 0.11401777259177631, 0.1140732283775623, 0.11351338277260463, 0.11370553956790404, 0.11293517425656319, 0.11276114014563737, 0.11212082890172799, 0.11268428216377895, 0.11374851129949093, 0.11350049450993538, 0.11305446922779083, 0.1128857456471609, 0.11314249145133155, 0.11369779871569739, 0.11320179576675098, 0.11287960816513408, 0.1134194016456604, 0.11241490935737436, 0.11415545791387557, 0.11289835756733305, 0.11328683979809284, 0.1126417227089405, 0.11297471945484479, 0.11465630680322647, 0.11348941549658775, 0.11269978061318398, 0.11321152001619339, 0.11333249402897698, 0.11422650571222659, 0.11429820507764817, 0.11292637512087822, 0.11266235634684563, 0.11403664068451949, 0.11258633869389693, 0.11279139464551752, 0.11445600377476733, 0.1125232813989415, 0.11298814959622719, 0.11204138696193695, 0.11313829251698085, 0.11304004171064921, 0.11247426345944404, 0.11363219123865877, 0.1134819841155639, 0.11369011280211536, 0.11297651511781356, 0.11390441423282027, 0.11374310031533241, 0.11359899762001904, 0.11276792396198619, 0.11301589544330325, 0.11294413171708584, 0.1136564239859581, 0.11310136798889406, 0.11358949542045593, 0.11346882852641019, 0.11310772685443654, 0.11225900392640721, 0.11353181675076485, 0.113464186899364, 0.112690385769714, 0.11342582168678443, 0.11331821525735515, 0.11264087202457282, 0.113755077496171, 0.11378332404863267, 0.11397931435041958, 0.11388773036499818, 0.11239927262067795, 0.11314398609101772, 0.1131748951971531, 0.11314091362335064, 0.11359757516119215, 0.11342100116113822, 0.11320454531138943, 0.11293018880215558, 0.11352288612612972, 0.11399595826864242, 0.1133242147533517, 0.11296721957623959, 0.11365275147060554, 0.11297983210533857, 0.11414704751223326, 0.11368757051726182, 0.11373122462204524, 0.11340572393458823, 0.1133557048372247, 0.11359946456338678, 0.11307539001983755, 0.1134159959576748, 0.11296996772289276, 0.11346743144094944, 0.11290995450690389, 0.11392618296667933, 0.11356751248240471, 0.11277739889919758, 0.11377093858189052, 0.11362521267599529, 0.1134341577688853, 0.1136822305046595, 0.11313281443558242, 0.11277932375669479, 0.11391634900461543, 0.11234080046415329, 0.11318610768233027, 0.1123406495898962, 0.1127239465713501, 0.11336540086911275, 0.11378279245562023, 0.1140799384031977, 0.11363398975559644, 0.1137213275457422, 0.11336864282687505, 0.11376967750213764, 0.11428426007429758, 0.11288623997698659, 0.11409530307977431, 0.11328358296304941, 0.11303010353675255, 0.11285707768466738, 0.1124724813482978, 0.11312100405876453, 0.11307880379583525, 0.11340319116910298, 0.11327875364157888, 0.11345793368915717, 0.11276363953948021, 0.11355415025823995, 0.11287812143564224, 0.1128959983587265, 0.11386234236174617, 0.11294972524046898, 0.11382119993076605, 0.11348955400965431, 0.11276110871271654, 0.11386944601933162, 0.11360488875823863, 0.1128169447183609, 0.11300398959290414, 0.11337447911500931, 0.11295319075991468, 0.11363674849271774, 0.1127191831668218, 0.11386906117200851, 0.1131316986348894, 0.1138295829296112, 0.11233247816562653, 0.11342532507010869, 0.11257666213945909, 0.11423743860079692, 0.11203768501679102, 0.11375605370159503, 0.11316663575799842, 0.1131357878446579, 0.1133504689417102, 0.11315594478086992, 0.11230723033933078, 0.11333578385603733, 0.11345152362533238, 0.11298319945732753, 0.1138906367123127, 0.11447931453585625, 0.11341760729749997, 0.11297332346439362, 0.11303277605253717, 0.11294151842594147, 0.11337921367241786, 0.11369083715336663, 0.11280839280648665, 0.11466011879119006, 0.11310399236047969, 0.1140729084610939, 0.11326052062213421, 0.11283417471817561, 0.11331450773610009, 0.11338137586911519, 0.11286874115467072, 0.11351010970333043, 0.11313475770029155, 0.11369167894124985, 0.11423673804687418, 0.11228112736716866, 0.11394336142323234, 0.11350125670433045, 0.11352073773741722, 0.11263344379571769, 0.11363746598362923, 0.11093923449516296, 0.11378465468684833, 0.11250211928899471, 0.11295865774154663, 0.11417178733226581, 0.11329419799941651, 0.11367706132346186, 0.11281704952319463, 0.11408463693582095, 0.11406318944963542, 0.113550466299057, 0.11351629781226318, 0.11393750613105708, 0.11340266936703731, 0.11396719142794609, 0.11622488498687744, 0.11347861786683401, 0.11405765886108081, 0.11356618783126275, 0.1138011671602726, 0.11393615738912062, 0.11330548199740323, 0.11284108278719154, 0.11248704848381189, 0.11258655088022351, 0.11325865758712901, 0.1130882755798452, 0.11280236672610044, 0.11310154428848854, 0.11277132257819175, 0.11329147070646287, 0.11369436184565226, 0.11313015520572663, 0.11283279955387115, 0.1134066954255104, 0.11369842355665953, 0.11354285057472147, 0.11364935090144475, 0.11357688723966994, 0.11280933237738079, 0.11358707298835119, 0.11290861772639411, 0.11408549121447972, 0.113337567558995, 0.11414715754134315, 0.11383524714481263, 0.1138134030359132, 0.1131204351161917, 0.11334623458484809, 0.1130373931179444, 0.11275243988403907, 0.11304601342702399, 0.11319462416900529, 0.11367168202996254, 0.11347579812774292, 0.11359467208385468, 0.11378193832933903, 0.11340580745176836, 0.11347515292857822, 0.1135664979616801, 0.11329148635268212, 0.1129286229610443, 0.11343511782194439, 0.11342399219671885, 0.11367192589922955, 0.11354164735359304, 0.11330457073118952, 0.11334822873274485, 0.11310682575339856, 0.11359549260565213, 0.11318497856458028, 0.11299343603221994, 0.11226169615983964, 0.11334949359297752, 0.11395012446351953, 0.11177041381597519, 0.11256425753235817, 0.11489759656515988, 0.113156467055281, 0.11427957600071317, 0.1131372617987486, 0.11333605051040649, 0.11346310045984057, 0.11344240109125774, 0.11317297597141827, 0.11352181260784468, 0.11269081676644939, 0.11374573111534118, 0.11339694932103157, 0.11306160613894463, 0.11362283338199962, 0.11412981840280387, 0.11322537735104561, 0.11288192421197892, 0.11311599480755188, 0.11326933279633522, 0.11365929577085707, 0.1136111557483673, 0.11446403317591723, 0.1124422162771225, 0.1130242370069027, 0.11366384649692579, 0.11453165452588689, 0.11370647733294686, 0.1131770568522247, 0.1145475834608078, 0.11414376522103946, 0.11358857021117821, 0.11371831624553753, 0.11328523152548334, 0.11260596960783005, 0.11368703895381518, 0.11264946618500878, 0.11376588087942865, 0.11328521329495642, 0.1137795959909757, 0.11415479507516413, 0.11411631221954639, 0.11359127504484993, 0.11365980722687462, 0.11314699286594987, 0.11375855654478073, 0.11256860792636872, 0.11340347167692687, 0.11287234304472804, 0.11357546928856108, 0.11326298210769892, 0.11326819996942174, 0.11341867099205653, 0.11267340034246445, 0.11363920196890831, 0.11401335150003433, 0.11365444085427694, 0.11379212247473854, 0.1131675484088751, 0.11423316051562628, 0.1134792858734727, 0.1127170267013403, 0.1129570952974833, 0.11296242078145345, 0.11286899926406997, 0.113606658577919, 0.1137606982480396, 0.11367926288109559, 0.11273557196060817, 0.11380335146730597, 0.11329259898732691, 0.11327978742845131, 0.11355346102606166, 0.11308383196592331, 0.11372404545545578, 0.11297808374677386, 0.11276849685236812, 0.11294230712311608, 0.11320760810659045, 0.11371432639220182, 0.113056953800352, 0.11352954101231363, 0.11567973345518112, 0.1132182323119857, 0.11342740170657635, 0.11319688030264595, 0.1124161146581173, 0.11243971955517064, 0.11354785121005515, 0.11312185735865073, 0.11207780720932144, 0.11293813653967598, 0.11274886469949376, 0.11273402472337087, 0.11380292971928914, 0.1135148300152076, 0.11293089863928882, 0.11304819039427318, 0.11360904980789531, 0.11385345971211791, 0.11344574578106403, 0.11337607298736219, 0.11222312897443772, 0.11352813265779439, 0.1134823748598928, 0.11312839484367615, 0.11267934201492204, 0.11368899699300528, 0.11261955104195155, 0.11400951671859492, 0.11339003220200539, 0.11377774924039841, 0.1135200892503445, 0.11318879491753048, 0.11390124737388557, 0.11291015201381274, 0.1134648010134697, 0.1130079250368807, 0.11252488219179213, 0.11279670468398503, 0.11354767301907906, 0.1132764799351042, 0.11316803569595019, 0.11313354875892401, 0.1136806363860766, 0.11288946906202718, 0.11342685195532712, 0.11318206166227658, 0.11353340937245276, 0.11253610104322434, 0.1136276790941203, 0.11435677061478297, 0.11309845000505447, 0.11278138309717178, 0.1122759833931923, 0.11330078821629286, 0.11345545947551727, 0.11403810785662744, 0.11304407108288544, 0.1128545097178883, 0.1128460131585598, 0.11299886852502823, 0.11331778739889463, 0.11367358586617879, 0.11400692330466376, 0.11310988388679645, 0.11333584102491538, 0.11276946783065796, 0.11330915689468384, 0.11374506478508313, 0.11364423377173287, 0.11312956921756268, 0.11334153041243553, 0.11349340012440315, 0.11404680063327154, 0.11358579074343046, 0.11363791731687692, 0.11217864060943777, 0.11378581123426557, 0.11335748657584191, 0.11374889640137553, 0.11312046122144569, 0.11434441953897476, 0.11277231341227889, 0.11290786415338516, 0.11241060197353363, 0.11342031827994756, 0.11380852366748609, 0.11384569614061288, 0.11332793086767197, 0.11319037056282948, 0.1131833866238594, 0.11261411208440275, 0.11252303634371076, 0.11361128260051051, 0.11370039043518212, 0.11241740671296914, 0.11319239900029938, 0.11278919756412506, 0.11291764983359505, 0.1129052421450615, 0.11291132095668997, 0.11325267205635707, 0.11297748205454453, 0.1132940385294588, 0.1125581368803978, 0.11367544631163279, 0.11307230122663357, 0.1137135801491914, 0.11294398829340935, 0.11272615501109291, 0.1136827493707339, 0.11318108638127646, 0.11443942412734032, 0.1138680401173505, 0.11395107954740524, 0.11368291725715002, 0.11386254852016767, 0.11292759484301011, 0.11356231197714806, 0.11359532239536445, 0.11365585178136825, 0.11134228607018788, 0.11402592772529238, 0.11425238785644372, 0.11337591428309679, 0.11343149448695936, 0.1137809157371521, 0.11385659270343326, 0.11301157355308533, 0.11366211330252034, 0.11328981391021184, 0.11358825862407684, 0.11333474658784412, 0.11329792361510427, 0.11366069219682527, 0.11324356089938771, 0.11360747893066968, 0.11435316544440058, 0.11421254960199197, 0.11359697713383607, 0.11330287201063974, 0.11375289708375931, 0.11321451040831479, 0.1130642163402894, 0.11369171106454098, 0.11328999027609825, 0.11318488525492805, 0.11303237724033269, 0.11305236630141735, 0.11351001608584609, 0.11319416454609703, 0.11285571505626042, 0.1121753340488986, 0.11344283191781294, 0.1132499764362971, 0.11264312728529885, 0.11284383416175842, 0.11315447024323723, 0.11430698012312253, 0.11374345339006847, 0.11322491359896958, 0.1122789430347356, 0.1140280006961389, 0.11417707833259003, 0.11288196759091483, 0.1132099652396781, 0.1134611533747779, 0.11411043380697568, 0.11367693021893502, 0.11300830600353387, 0.11261980936807744, 0.11293659110864003, 0.1131286087135474, 0.11347897785405318, 0.11361673441918, 0.11372389587072226, 0.11377558765970931, 0.11341418911303792, 0.11337748765945435, 0.11252105012536048, 0.11322635851609401, 0.1125250406563282, 0.11277446687221528, 0.11352333302299182, 0.11347288638353348, 0.11362476016466434, 0.1134633481502533, 0.11394322564204534, 0.11327201748887698, 0.11278761674960454, 0.11297160238027573, 0.11331802109877269, 0.11357442154125734, 0.11316833587793204, 0.11273437812924385, 0.11308882385492325, 0.1130482479929924, 0.11286088731139898, 0.11351943290547321, 0.11385314166545868, 0.11247644776647742, 0.11348654835351876, 0.1133213186705554, 0.11355021997140004, 0.11359313607215882, 0.11324314290986341, 0.11300544664263726, 0.11415606211213504, 0.11363255191180441, 0.11307533936841148, 0.11361655905362099, 0.11363357935960476, 0.11353849805891514, 0.1130026163239228, 0.11353964870795608, 0.1133080990268634, 0.1131514764644883, 0.11322774589061738, 0.1146742742922571, 0.11370789416526493, 0.11371310982035428, 0.11408049075139894, 0.11363912998668609, 0.11250614747405052, 0.1133281267606295, 0.1129338014870882, 0.11385153358181317, 0.11392338598767916, 0.1136830358300358, 0.11302615300967143, 0.11283684273560841, 0.11321381576683211, 0.11356803717521521, 0.11447708755731582, 0.11297141244778267, 0.11383639791837105, 0.11382237374782563, 0.11292881412165505, 0.11335228234529496, 0.11327849701046944, 0.11324667235215505, 0.11409646043410668, 0.11302344704216177, 0.1134510591174617, 0.11339719670599904, 0.11264218048503001, 0.11254237219691277, 0.11277757734060287, 0.11307106912136078, 0.11267029742399852, 0.11271980963647366, 0.11316998465918005, 0.1137301918119192, 0.11332343984395266, 0.11338468765219052, 0.11264856904745102, 0.11309214367678291, 0.11264826154167001, 0.11400978593155742, 0.11351574387620478, 0.11365845277905465, 0.11280393414199352, 0.11416932589867536, 0.1136177639166514, 0.11342941698702899, 0.11344632059335709, 0.11369534404504866, 0.1135284023789259, 0.11370683133602143, 0.11291563157972537, 0.11284783547339232, 0.11304194579521815, 0.11357932537794113, 0.11341566899243523, 0.11304099954988646, 0.11299376686414082, 0.11376681799689929, 0.11347921352301325, 0.11251746437379292, 0.11390575468540191, 0.11289688758552074, 0.11286563591824637, 0.11296151081720988, 0.11389873872200648, 0.1129188399229731, 0.11335899249503487, 0.11262413561344146, 0.11424661634696855, 0.11370837620713493, 0.11273184418678284, 0.11293090631564458, 0.11289210878312587, 0.11309387348592281, 0.11380119827286951, 0.11269728703932329, 0.11295767799019814, 0.11364484950900078, 0.11362667216195001, 0.11357679665088653, 0.11270977867146333, 0.11243008280342276, 0.11297356088956197, 0.11274916949597272, 0.11361991338155887, 0.11254456238104747, 0.11263566017150879, 0.11286743481953938, 0.11384043246507644, 0.11377900775442733, 0.11380716133862734, 0.11259317370476546, 0.11359114335341887, 0.11379180569201708, 0.11394431324381578, 0.11488660424947739, 0.11364195834506642, 0.11289765983819962, 0.11325290100648999, 0.11362876915014707, 0.11362504810094834, 0.11349737058792796, 0.11369737858573596, 0.11315652636849151, 0.1133904755115509, 0.11334321151177089, 0.11328022862258165, 0.11354578318803207, 0.11357560301465648, 0.11271383768568437, 0.11310808668318002, 0.11263447322628715, 0.11308968398306105, 0.11487043317821291, 0.11313354772956748, 0.1142727578324931, 0.113150377427378, 0.11462169973289266, 0.11416196940760863, 0.11308477260172367, 0.11387341599101605, 0.11410162483270352, 0.11335664299818185, 0.11234260805779034, 0.11314242798835039, 0.11260951391380766, 0.11322379448721485, 0.1129333268512379, 0.11370263099670411, 0.1134366589513692, 0.1146964780986309, 0.11332475269834201, 0.11254179999232292, 0.11322805285453796, 0.11364687141031027, 0.11410610228776932, 0.11312219873070717, 0.11342521243054292, 0.11355727233669975, 0.11320336038867633, 0.11377331898325965, 0.11293722728365346, 0.11327540332620795, 0.11430029727910694, 0.11150695458054542, 0.11327599873766303, 0.1130524513622125, 0.11306654519978024, 0.11338012814521789, 0.11457879940668741, 0.11366697680205107, 0.11338494311679494, 0.11465270817279816, 0.11271678975650243, 0.11274848431348801, 0.11333170822925037, 0.11356651115006414, 0.11524221797784169, 0.11305675407250722, 0.11381958665386323, 0.11339148354751093, 0.11279845330864191, 0.11242229988177617, 0.11322525516152382, 0.11342603464921315, 0.11321084810928865, 0.11362375070651372, 0.11360621837706401, 0.11326726255091754, 0.11283637930949529, 0.11374528954426448, 0.11319717485457659, 0.11409764524017062, 0.11371359527111054, 0.11432414047601747, 0.1135577948557006, 0.1133933812379837, 0.11365054871725, 0.1123070771927419, 0.11324740366803275, 0.11335035369676702, 0.11439924890344794, 0.11277996748685837, 0.11284891633610976, 0.11257954120635986, 0.1133069736154183, 0.11298864673484456, 0.11284457659348845, 0.1122769082293791, 0.11448946222662926, 0.11342903599143028, 0.11392843679470174, 0.11290541291236877, 0.11470814297596614, 0.1136211605893599, 0.11278541386127472, 0.1139938851649111, 0.11269339472055435, 0.11306044426949127, 0.1128946812571706, 0.11198840737342834, 0.11448002877560529, 0.11310867699129241, 0.11330128212769826, 0.11327571724541485, 0.1132204896685752, 0.11331228107213974, 0.11340335682034493, 0.11324593424797058, 0.11292698451628287, 0.11254909262061119, 0.1131569653749466, 0.11319826828206286, 0.11365709640085697, 0.1132835407148708, 0.11230791834267703, 0.11331263929605484, 0.11379500851035118, 0.11309993453323841, 0.11304693181927387, 0.11317917269965012, 0.11308127840360006, 0.11481706719649465, 0.11400113767012954, 0.11346911880615596, 0.11366626970908221, 0.11199048534035683, 0.11375047825276852, 0.11278259993663856, 0.11341760626861028, 0.11232588133391212, 0.1134769865208202, 0.11298018178114524, 0.11264916102994572, 0.11333751610734245, 0.11298965933648022, 0.11303474754095078, 0.11419188667987955, 0.11370165795087814, 0.1140036131529247, 0.11379375010728836, 0.11308902960557204, 0.11404676238695781, 0.11291059106588364, 0.1137450616116877, 0.11411494589768924, 0.11273742591341336, 0.11380197394352692, 0.11287600600293704, 0.11351448698685719, 0.11316883703693748, 0.1134839616715908, 0.11224473789334297, 0.11397754525144894, 0.11309397691174557, 0.11245809942483902, 0.11268360167741776, 0.1144666238264604, 0.11290548455256683, 0.11367492129405339, 0.1133898556713135, 0.11312150858018709, 0.11464004516601563, 0.11359440399841829, 0.11344122407691819, 0.11404145658016204, 0.1137617054794516, 0.11313439657290776, 0.11332838816775216, 0.11346701938997615, 0.11356357279522665, 0.11389085520868716, 0.11382261464993158, 0.11397477200156764, 0.11306376832312551, 0.11273363706740466, 0.11327567597230276, 0.1128608979857885, 0.11295662467416964, 0.11317959278821946, 0.11310719911541257, 0.11327395072350135, 0.11326504551938602, 0.11326281974713008, 0.11309806066445816, 0.11331672718127568, 0.11303323608907787, 0.11363550963310096, 0.11329433023929596, 0.11353548887101086, 0.11300449953837828, 0.11351215608161071, 0.11243085811535518, 0.11296062717835108, 0.11352370530366898, 0.11366330803586887, 0.11334991687908769, 0.11372406972992805, 0.11281871248264702, 0.11277106776833534, 0.11341719478368759, 0.11287299543619156, 0.11350746759596993, 0.11349060855529926, 0.11365434633834022, 0.11353764002737791, 0.11284990258076612, 0.11319213456684543, 0.1132497456856072, 0.11095642298460007, 0.11389318356911342, 0.11328873112797737, 0.11468355906637091, 0.11378683560881121, 0.1143210700580052, 0.11345925686113975, 0.11279710163088406, 0.11305830565591653, 0.11431847971219283, 0.11379414051771164, 0.11331476913443927, 0.11386306143619797, 0.11442734897136689, 0.11378228156404062, 0.11379171186877836, 0.11231954869898883, 0.11393716977909207, 0.1125905519085271, 0.11380179524421692, 0.1135135605931282, 0.11371599815108559, 0.11362311840057374, 0.11334733664989471, 0.11372292740270495, 0.11318486757003345, 0.11296637491746382, 0.11276620882563293, 0.11324818494419257, 0.11283342689275741, 0.11334930710932788, 0.11331524699926376, 0.11415775994891705, 0.11491863971406763, 0.11379926254351934, 0.11375738162061443, 0.11303963015476863, 0.1138249222189188, 0.11434519936641058, 0.11083957552909851, 0.11248019744049419, 0.1130639326113921, 0.11309484520862842, 0.11216720566153526, 0.11380327263703713, 0.11351837636902928, 0.11378056026603046, 0.11335217654705047, 0.11383775353431702, 0.11265410624799274, 0.11322920040951835, 0.11322915107011795, 0.11308511439710855, 0.11325096835692723, 0.1123940958218141, 0.1131042093038559, 0.1132944445399677, 0.11332138582612529, 0.11389533029152797, 0.11350161801366244, 0.11338897380563948, 0.11387894438071684, 0.11357107548377453, 0.11244040727615356, 0.11264067346399481, 0.11340622077969943, 0.1140399103363355, 0.1129906726154414, 0.1127080661058426, 0.11354893716898831, 0.1134639331384709, 0.11396538792178035, 0.11338266590610147, 0.11280416597922643, 0.11368185237926595, 0.11445142914141927, 0.11366119318538243, 0.11375957280397415, 0.11318221390247345, 0.11326704484721024, 0.11351192157183375, 0.11371535725063747, 0.11359721693125638, 0.11179211871190504, 0.113409503856126, 0.11318794122109047, 0.11400767894727844, 0.11322026902979071, 0.11335080808826856, 0.11337992142547261, 0.11385437136604673, 0.11328434768845053, 0.11327822273597121, 0.11373628973960877, 0.11284134288628896, 0.11303398427036074, 0.11492068388245323, 0.11355635430663824, 0.11293591558933258, 0.11269751779342953, 0.1130479534759241, 0.1132714342739847, 0.11319123793925558, 0.11348158160322591, 0.11336229206062853, 0.11331046067855575, 0.11336635276675225, 0.11392643011134604, 0.11375747233629227, 0.11387226151095496, 0.11356866288752783, 0.11329132920274368, 0.11337861369053523, 0.11372421749613502, 0.11302618086338043, 0.11313392696055499, 0.11351113612281866, 0.11338005991692239, 0.11369518786668778, 0.11318556857960564, 0.11338498901862365, 0.11366021782159805, 0.11386978144154829, 0.11240412098796744, 0.11371607333421707, 0.11331623086803838, 0.11331285743249787, 0.11313146958127618, 0.11258509293908164, 0.11324642991854085, 0.11318706199526787, 0.1130942553281784, 0.11403653711080551, 0.11326159304007888, 0.11341520669785413, 0.11369181306738603, 0.11339231919158589, 0.11296810520191987, 0.11374102681875228, 0.11369415257985775, 0.11398641688042674, 0.11395471234773767, 0.1136598570479287, 0.11403738293382856, 0.113179637119174, 0.11271161635716756, 0.1127363211578793, 0.11369538041097778, 0.11417011303060196, 0.11374401375651359, 0.11452934628023821, 0.11370930696527164, 0.11364483926445246, 0.11355871131474321, 0.1132733275492986, 0.11293347881120794, 0.11331920487725217, 0.11430099839344621, 0.11301618193586667, 0.11410525776445865, 0.11277961184581121, 0.11255574023181741, 0.11305231515031594, 0.11316780000925064, 0.11228309348225593, 0.11273473845078395, 0.11449378387381633, 0.1138040331693796, 0.11312374100089073, 0.11385210319643929, 0.11421038288819163, 0.11363165896563303, 0.1130878122523427, 0.11487110621399349, 0.11297453913305487, 0.11419708952307701, 0.11348879443747657, 0.11320068719594376, 0.11360029965639114, 0.11353255125383536, 0.11375799402594566, 0.11402469293938743, 0.11337115784937685, 0.11340785067942408, 0.11356108678238733, 0.11311892712754863, 0.11310310363769531], 1: [0.11454914957284927, 0.11365410008213737, 0.11382043361663818, 0.11359816268086434, 0.11237843409180641, 0.11363505801329246, 0.11275149981180826, 0.11385357131560643, 0.11459763182534112, 0.11253804103894667, 0.11338767612522299, 0.11361906304955482, 0.11294968470054514, 0.11342459438102585, 0.11356956511735916, 0.11298781683047612, 0.11271474861046847, 0.11379679441452026, 0.11401965543627739, 0.11280278251929717, 0.11324830066699249, 0.11320738138064095, 0.11341214345561133, 0.11367742920463736, 0.11343967003954782, 0.11408182647493151, 0.11446775292808359, 0.11439438536763191, 0.11252977401018142, 0.11305307916232518, 0.11374895221420697, 0.11425832882523537, 0.11251088082790375, 0.11391875445842743, 0.11377392150461674, 0.11214762451973828, 0.11385680415800639, 0.11369927289585273, 0.11267931237816811, 0.1134033937539373, 0.1136787086725235, 0.11348669644859102, 0.11374779840310414, 0.11337232887744904, 0.11343930821333613, 0.11257738868395488, 0.1132855008948933, 0.11385183781385422, 0.1125089167193933, 0.11449457285925746, 0.11388651958920738, 0.11517166843016942, 0.11235208809375763, 0.11329483820332421, 0.11382043920457363, 0.11292067961767316, 0.1129992064088583, 0.11388144506649538, 0.11381268203258514, 0.11401951488326578, 0.11335960489052993, 0.11365213990211487, 0.11312425591879421, 0.11359894207932732, 0.11363470325103173, 0.11388969421386719, 0.11481894281777469, 0.11168457642197609, 0.11402649618685246, 0.11342901239792506, 0.1134694234601089, 0.11379108264258034, 0.11351050635178885, 0.11318397149443626, 0.11294058011844754, 0.11298986375331879, 0.11340773986144499, 0.11360679152939054, 0.11335799572142688, 0.11393340366582076, 0.11403748310274547, 0.11312728432508615, 0.11356184287713124, 0.11458744002240044, 0.11434374501307805, 0.11408502012491226, 0.11176020787520842, 0.11346336396840903, 0.11241467669606209, 0.11337040909207784, 0.1137545658991887, 0.11402657441794872, 0.11406299430463049, 0.11382816794017951, 0.11411250861627716, 0.11438622077306111, 0.11358558734258016, 0.11341369301080703, 0.11412009664557198, 0.11382845888535181, 0.11314181465169658, 0.11376250088214875, 0.11242466537575972, 0.11365251755341887, 0.11350941454822366, 0.11294235356829384, 0.1137837752699852, 0.11246570845444998, 0.11304351463913917, 0.1133787252008915, 0.11338393042484919, 0.11261289084658903, 0.11319275471297177, 0.11349270145098368, 0.11311463949580987, 0.1133001372218132, 0.11419273574243892, 0.11307800824151319, 0.11444286505381267, 0.11277682996458477, 0.11368389626344046, 0.11332784742116928, 0.11258410052819685, 0.11339873763231131, 0.11274615355900355, 0.11354582533240318, 0.11355281418020075, 0.11454567536711693, 0.11345872193574906, 0.1145521305501461, 0.11287587732076645, 0.11208289116621017, 0.11359384407599767, 0.1136525095655368, 0.11336662992835045, 0.11432738555595279, 0.11325940191745758, 0.11340555697679519, 0.11351379255453746, 0.11345743731810497, 0.1127348467707634, 0.11236593241874988, 0.11215480417013168, 0.11371971340849996, 0.11329481073401192, 0.11296308212555371, 0.11286630210551349, 0.11320661132534345, 0.11320170677370495, 0.11365512971367155, 0.11331224789222082, 0.1139458604156971, 0.11310652677308429, 0.11334446335540098, 0.11319103315472603, 0.11436210572719574, 0.11315858140587806, 0.11312646960670297, 0.11257039705912272, 0.11215721300015083, 0.11306398775842455, 0.1130557366543346, 0.11356521184955325, 0.11310282200574875, 0.11282662053902943, 0.11293158382177353, 0.11366056650876999, 0.11371185444295406, 0.11320083927024495, 0.11346935853362083, 0.11259486263289172, 0.11316076219081879, 0.11414724196258344, 0.11357946917414666, 0.11456124552271583, 0.11297023370862007, 0.11382015347480774, 0.11376809901916064, 0.11302311806117787, 0.11268471367657185, 0.11359490673331653, 0.11312182247638702, 0.11497719958424568, 0.11379911088281208, 0.11384423971176147, 0.113816632101169, 0.11317158354954286, 0.11355425417423248, 0.11394104609886806, 0.11389609358527443, 0.11343516477129677, 0.11328263415230645, 0.11329448486075681, 0.11343532221184836, 0.11241722603638966, 0.11302950158715248, 0.11431782133877277, 0.11401129446246407, 0.11293883220507549, 0.11350373994736444, 0.11324696748384408, 0.11429504901170731, 0.11381856848796208, 0.11432274227792566, 0.11357056125998496, 0.11272259950637817, 0.11389279094609348, 0.11311652564576694, 0.11323054405775937, 0.11294278502464294, 0.11330281541897701, 0.113189896941185, 0.1136390246450901, 0.11289200021160974, 0.11447095068601462, 0.11401147395372391, 0.11335412363211314, 0.11272022195837715, 0.1127492293715477, 0.11370247176715306, 0.11431056540459394, 0.11225911602377892, 0.11290648047413145, 0.11275095185812782, 0.1137218435223286, 0.11356465285643935, 0.11290547152360281, 0.11365275084972382, 0.11291920244693757, 0.11213907125321301, 0.11321194940491726, 0.11320970171973818, 0.11301859902838866, 0.1134345070882277, 0.11313012784177606, 0.11326660414536795, 0.11338843887343127, 0.11328380013054068, 0.11313502203959686, 0.11389971456744453, 0.11301404466995826, 0.11301469927032788, 0.11298182523912853, 0.11338360607624054, 0.11313227510878018, 0.11369555375792763, 0.11302739456295967, 0.11411279290914536, 0.11263338641987906, 0.11313582555605815, 0.11326770619912581, 0.11335871061858009, 0.11336743226274848, 0.11344807754669871, 0.11409469693899155, 0.11308544650673866, 0.11403557704761624, 0.11399279128421437, 0.11338653415441513, 0.11321801195542018, 0.1129700828057069, 0.11328015079100927, 0.11342839449644089, 0.11287227438555823, 0.11443843692541122, 0.11246295070106332, 0.1131931326606057, 0.11273280005244647, 0.11319277942180633, 0.11376850679516792, 0.11340120434761047, 0.11377691993346581, 0.11222621256654913, 0.11296193244365546, 0.11390949885050455, 0.11322577049334843, 0.11277519762516022, 0.11349802133109835, 0.1127758181343476, 0.11338280803627437, 0.11355600702135187, 0.11423086002469063, 0.11281186528503895, 0.11273341160267591, 0.113409124314785, 0.11354383081197739, 0.11260381500635828, 0.11377875097095966, 0.11337319673860774, 0.11345333080081378, 0.11429429107478686, 0.11329958140850067, 0.1131546821977411, 0.11341767087578773, 0.11211091093719006, 0.11315183166195364, 0.11392673280309229, 0.11286339908838272, 0.11336232789538124, 0.11370076292327472, 0.1137225544627975, 0.11390645376273564, 0.11317420452833175, 0.11316407620906829, 0.11420695980389912, 0.11249243811919139, 0.11194809973239898, 0.11338467963717201, 0.11410443186759948, 0.1136149987578392, 0.11392360031604767, 0.11345589657624562, 0.11230235025286675, 0.11407626773181714, 0.11399003267288207, 0.11425691639835184, 0.11382071673870087, 0.11291923522949218, 0.11383417420662366, 0.11338416207581758, 0.11377938960989316, 0.1127686433494091, 0.11354001771126475, 0.11343750018965114, 0.1125625205727724, 0.11251113067070644, 0.11319927920897802, 0.11403533274477179, 0.11407082595608452, 0.11506219953298569, 0.11179609513945049, 0.11366858374741343, 0.11217886433005334, 0.1141239944845438, 0.11349616356586155, 0.11381477552155654, 0.11376968026161194, 0.11339604035019875, 0.11321389228105545, 0.11380407710870107, 0.11441609933972359, 0.11225815252824263, 0.11291359635916623, 0.11343976544837157, 0.11285185664892197, 0.11269729412519015, 0.11281687307816285, 0.1135554670223168, 0.11300322413444519, 0.11237094077196988, 0.11347468623093196, 0.11315657812006333, 0.11370232800642649, 0.11372637036054031, 0.11353759095072746, 0.11310991396506627, 0.11401766836643219, 0.11283615976572037, 0.11314541961138065, 0.11282574435075124, 0.11319415436850654, 0.11350985765457153, 0.1135012898594141, 0.11241933537854089, 0.11247304081916809, 0.11375608667731285, 0.11214688867330551, 0.11465666213860878, 0.1140810421534947, 0.11398465795950456, 0.1148735157081059, 0.11301306262612343, 0.1121125042438507, 0.11276235803961754, 0.11328209327025847, 0.11415671963583339, 0.1126401914904515, 0.11246813375216264, 0.11367240399122239, 0.1138224635611881, 0.1145506332317988, 0.11471069976687431, 0.11283750757575035, 0.11356413834973385, 0.1131229970071997, 0.1132811192761768, 0.11437888240272348, 0.11284837827962987, 0.11208261859913667, 0.1135437419781318, 0.11385728757489812, 0.11350773274898529, 0.11298729727665584, 0.11415130421519279, 0.11274059861898422, 0.11399092353307284, 0.1142955564639785, 0.11245908339818318, 0.11370183303952217, 0.11291225999593735, 0.11344501490776356, 0.11423187874830686, 0.11385947018861771, 0.11261325267453988, 0.1133987084031105, 0.113018016402538, 0.11350109428167343, 0.11400608718395233, 0.11448474662999313, 0.11360345494288665, 0.11343711465597153, 0.11309654017289479, 0.11325021968646483, 0.11373546272516251, 0.11337843943725932, 0.11275646022774956, 0.11395363789051771, 0.11270894296467304, 0.11335991119796579, 0.11454148189379619, 0.1134528131224215, 0.11397311588128407, 0.11311068208444686, 0.11250294525833691, 0.11414402052760124, 0.11317432224750519, 0.11342174428350785, 0.1141448352071974, 0.11319134384393692, 0.11362963651909548, 0.11374508908816747, 0.11344968220766853, 0.1133835141857465, 0.11272191220805758, 0.11366784572601318, 0.11406086534261703, 0.11335965131337826, 0.11403943647940953, 0.11310254948006736, 0.113256675692705, 0.11434550354113945, 0.11301842873746698, 0.11340090557932854, 0.11418854994209189, 0.11318988104661305, 0.11329436875306644, 0.11213937029242516, 0.11320230985681216, 0.11222127825021744, 0.11454856445391973, 0.1130538634955883, 0.1135645940899849, 0.11394369921513967, 0.11293623679214054, 0.11225167959928513, 0.11297640306028453, 0.11331269619139758, 0.11313539037578985, 0.11310743987560272, 0.11319837123155593, 0.11351930485530333, 0.11379656402601136, 0.1138674332336946, 0.11515890806913376, 0.11303369998931885, 0.11385111379272797, 0.11311318399384618, 0.11365466497161171, 0.11378985829651356, 0.11322560347616673, 0.1130414699514707, 0.11326082609593868, 0.11292282721171013, 0.11222981214523316, 0.11371093701857787, 0.11406855937093496, 0.11480101623705455, 0.11402261649307452, 0.1142796262034348, 0.11362283726533254, 0.1131517816748884, 0.11387396718447025, 0.1141820667932431, 0.11325738235161854, 0.11295317858457565, 0.11408312821930106, 0.1145785464481874, 0.11338080912828445, 0.11352262989832805, 0.11410246375534269, 0.11399820695320766, 0.11269115491045846, 0.11317762863986633, 0.1133810125968673, 0.11359982990792819, 0.11274825462273189, 0.11379982734268362, 0.1137475274503231, 0.11298164585605264, 0.11382769147555033, 0.1135211152335008, 0.1134385364620309, 0.11345793389611775, 0.11281332969665528, 0.11389080761000514, 0.11255629691812727, 0.11257618597962639, 0.11319849964069284, 0.11360866352915763, 0.11327395774424076, 0.11236186139285564, 0.11254954510010205, 0.11333798404250826, 0.11418303251266479, 0.11348741725087166, 0.11463095857338472, 0.11391569903263679, 0.11387312412261963, 0.11342246532440185, 0.11391929164528847, 0.11230686455965042, 0.11419005118883573, 0.11401256248354912, 0.11350864544510841, 0.11318763345479965, 0.1129509899765253, 0.11330230601809242, 0.11352774982943255, 0.11427500378340483, 0.11379148485139012, 0.11326323300600052, 0.11317091256380081, 0.11321986378992305, 0.11461576548489658, 0.11344748329032552, 0.11225069537758828, 0.11331172516712776, 0.11379473805427551, 0.11317942912379901, 0.1145201288163662, 0.11350178394628607, 0.11327017843723297, 0.11333745469649632, 0.11344899924901816, 0.11328252404928207, 0.11327809366312894, 0.11373335495591164, 0.11298523504625667, 0.11262884736061096, 0.11385768766586597, 0.11234245970845222, 0.11412584781646729, 0.11277199942957271, 0.1134026183613709, 0.11310693215240132, 0.11353212275675365, 0.11415697769685225, 0.11223551901904019, 0.11450701728463172, 0.11285618000796863, 0.1142888834530657, 0.11489301445809277, 0.11345161944627762, 0.11326324265627634, 0.11381627917289734, 0.1139314740896225, 0.11380641907453537, 0.11308907680213451, 0.11274928812469755, 0.11426388969024022, 0.11387737757629818, 0.11330987445332787, 0.11291583211106412, 0.1137356512248516, 0.11205890625715256, 0.11360531353524753, 0.1143703047524799, 0.11309215000697545, 0.11174615969260533, 0.11327431960539384, 0.11356222801483594, 0.11252974470456441, 0.11298599673642053, 0.11304681322404317, 0.11304796197348171, 0.11311511830850081, 0.11326433824641365, 0.11416858275021825, 0.11352242976427078, 0.11367972840865453, 0.11474002762274309, 0.11451331824064255, 0.1132228175799052, 0.11373136714100837, 0.11388685628771782, 0.11310150474309921, 0.11425454840064049, 0.11302972584962845, 0.11354762502014637, 0.11336523507322584, 0.11439310014247894, 0.11392265409231186, 0.1126260593533516, 0.11377430019470361, 0.11314336806535721, 0.11380463987588882, 0.11267019063234329, 0.11311930485747078, 0.11365427821874619, 0.11416841074824333, 0.11337760778573844, 0.11263337189500983, 0.1140844464302063, 0.11231241840869188, 0.11282669884317062, 0.11310152438553897, 0.11429799061555129, 0.11374106109142304, 0.11327044530348344, 0.11450829605261485, 0.11356483896573384, 0.11450084069600472, 0.11189480641713509, 0.11312129969398181, 0.11303089931607246, 0.11314590275287628, 0.11394441276788711, 0.11417267322540284, 0.1133902740219365, 0.11271752281622453, 0.11451262464890113, 0.11381248570978642, 0.11391254365444184, 0.11387184330008247, 0.11343536339700222, 0.11296122645338376, 0.11233610808849334, 0.1133576664659712, 0.11380718716166237, 0.11374278159605132, 0.11374699836596847, 0.1137523493833012, 0.11304195411503315, 0.11232527966300647, 0.11357930214966044, 0.1137912745277087, 0.11367218941450119, 0.11280753802169453, 0.11342614801491008, 0.11302978607515494, 0.11396095231175422, 0.11254267999902368, 0.11284849420189857, 0.11393941058353944, 0.11383019252256914, 0.11345653506842526, 0.1134530066379479, 0.11324235796928406, 0.11259419769048691, 0.11349576102061705, 0.11363185463207108, 0.11406830088658766, 0.11450584924646787, 0.11290756116310756, 0.1130473254756494, 0.11467967927455902, 0.11419563172828584, 0.1125882089138031, 0.11306262016296387, 0.11358165740966797, 0.11296447264877232, 0.11367297867933909, 0.11249362842904197, 0.113360964439132, 0.11387017170588175, 0.11351292038505728, 0.11349666242798169, 0.11273126825690269, 0.1130945777351206, 0.11224321027596791, 0.1132028266787529, 0.11330590167870888, 0.11239194646477699, 0.11375805396925319, 0.11340399086475372, 0.11410680189728736, 0.11360719640340124, 0.11391983181238174, 0.11319390737584659, 0.11315904706716537, 0.11373535109062989, 0.1136297836071915, 0.11317955050617456, 0.11320379376411438, 0.11341686546802521, 0.11317062140865759, 0.11326404586434365, 0.11279410868883133, 0.11258858179344851, 0.11319679376624879, 0.11359265508751075, 0.11318727379495447, 0.11256249025464057, 0.11298678144812584, 0.11323329557975133, 0.11264325196252149, 0.11401150065163772, 0.11481869593262672, 0.11349211971868169, 0.1139412172138691, 0.11368424569567044, 0.11269086089573409, 0.11301319450139999, 0.1136187059538705, 0.11312914368781177, 0.11484186351299286, 0.11252988502383232, 0.11289103532379324, 0.11368582546710967, 0.11269574090838433, 0.11351705938577653, 0.11392577279072541, 0.11320573546820217, 0.11326643725236257, 0.1132019568234682, 0.11316528916358948, 0.11402940667337841, 0.11399849752585094, 0.11334745366783704, 0.11231585821280113, 0.11441326886415482, 0.11308242052793503, 0.11381144987212287, 0.11291305950054756, 0.1136786336345332, 0.11240717396140099, 0.11399627849459648, 0.11333056481984946, 0.11407606179515521, 0.11253458803350275, 0.11276503205299378, 0.11333284946158528, 0.11386834423650395, 0.11430538044526027, 0.1137862704694271, 0.1137447865171866, 0.11306293225950664, 0.11326354692379634, 0.1135659809741709, 0.11321055982261896, 0.11335352708896002, 0.11350004239515825, 0.11373029039664702, 0.1132630120430674, 0.11367046494375575, 0.11337153572175238, 0.11318710073828697, 0.11266303062438965, 0.11342793107032775, 0.11320082197586695, 0.1121399324191244, 0.11323630263408026, 0.1128288126654095, 0.11223025321960449, 0.11410654025773208, 0.11268552392721176, 0.11186877563595772, 0.11286932304501533, 0.11318582817912101, 0.11299087032675743, 0.11335744274159272, 0.11372500463672307, 0.11204182221130891, 0.11407040219221797, 0.11309880473547512, 0.11282764313121636, 0.11361894384026527, 0.11360496350310066, 0.11262649376141398, 0.11378028802573681, 0.11299474723637104, 0.11258662898432124, 0.11341857639226047, 0.11269380711019039, 0.11315922141075134, 0.11358287620047729, 0.11311370535538746, 0.11247311159968376, 0.11411105021834374, 0.11423030974609512, 0.11387381330132484, 0.11304457361499469, 0.11365601221720377, 0.11310433915683202, 0.11336044743657112, 0.11335030357752528, 0.11418639517882291, 0.11269958259967658, 0.11385404284704816, 0.11315351538360119, 0.11393441011508305, 0.11334118843078614, 0.11381589819987616, 0.11279949620366096, 0.11419241577386856, 0.11305766701698303, 0.11240440065210516, 0.11240694299340248, 0.11264846970637639, 0.11303251050412655, 0.11482364808519681, 0.11324572364489237, 0.11341150030493737, 0.11390454593029889, 0.11293201893568039, 0.1120256417327457, 0.11334998993312612, 0.11466938505570094, 0.11317094042897224, 0.1139122650903814, 0.11227161520057255, 0.11295076324181123, 0.1136849731206894, 0.11287284601065847, 0.11305838145992973, 0.11303987860679626, 0.11350368046098286, 0.1132257833249039, 0.11289403587579727, 0.11361909141907325, 0.11256479691056644, 0.11391655914485455, 0.1142855428159237, 0.1134108379483223, 0.11305501152362142, 0.11497134417295456, 0.1130891889333725, 0.11299861893057823, 0.11465504937447034, 0.1140951630142, 0.11264596811749718, 0.11438275935749213, 0.11249957457184792, 0.11369458734989166, 0.11330598863688382, 0.11286499351263046, 0.11256664544343949, 0.11342842131853104, 0.11299109526655891, 0.11330334571274844, 0.11324069706293252, 0.11373797100451258, 0.11315893050697115, 0.11358854609231155, 0.11382130334774652, 0.11342255906625227, 0.11273408979177475, 0.11341065008725439, 0.1147859588265419, 0.11470366790890693, 0.11370061134750192, 0.11253761313855648, 0.11320015117526054, 0.11316016451878981, 0.1128163354901167, 0.11424956944855777, 0.11313431560993195, 0.11397431592146555, 0.11321944817900657, 0.11259640951951345, 0.11335237820943196, 0.11338676139712334, 0.11345743040243784, 0.11360910087823868, 0.11438079550862312, 0.11422444432973862, 0.11358274602227741, 0.11266719177365303, 0.112678341035332, 0.11388385160402818, 0.11353546977043152, 0.11324800594764597, 0.11295723961666226, 0.11336524412035942, 0.11388057470321655, 0.11450596824288369, 0.11324109400019926, 0.11326335918377428, 0.1137761426242915, 0.11342057627108362, 0.11361623284491626, 0.11280438966221279, 0.11425647139549255, 0.11352342665195465, 0.1122292160987854, 0.11325223779394514, 0.11298660809795062, 0.11327548027038574, 0.11407116906983512, 0.11388283868630728, 0.11389995767520024, 0.11268173158168793, 0.11400483176112175, 0.11276779896937884, 0.11276390627026558, 0.11298307776451111, 0.11227193634424891, 0.11372783514005798, 0.11257856711745262, 0.11316747665405273, 0.11334895342588425, 0.11344566941261292, 0.11337411900361379, 0.11371948340764412, 0.11300480086356401, 0.11347559094429016, 0.11375309651096661, 0.11310797997496345, 0.11452202126383781, 0.1122151993215084, 0.11243388463150371, 0.11371249457200368, 0.11387515952810645, 0.11290105581283569, 0.1130495690740645, 0.11351929427612395, 0.1152876503765583, 0.11382998864759099, 0.11394316296685826, 0.11341052041167304, 0.11398128792643547, 0.11330664743270193, 0.11210887293730463, 0.11363292982180913, 0.11309285461902618, 0.11232773417776282, 0.11360923679811614, 0.11311891451478004, 0.11328122839331627, 0.11314941777123345, 0.11310359835624695, 0.11395050314339725, 0.11331124107042949, 0.11261711811477487, 0.11323135771921702, 0.11350261157049853, 0.11380339236486525, 0.11362045577594213, 0.11432433128356934, 0.1132174858616458, 0.11372705772519112, 0.11315454244613647, 0.11334867849946022, 0.11235181167721749, 0.1131764246771733, 0.11354210174509458, 0.11438218504190445, 0.11350023820996284, 0.11305944956839084, 0.11187131588275616, 0.11287985704839229, 0.11378243091431531, 0.11430153995752335, 0.1132768745223681, 0.11289704591035843, 0.11342823844064366, 0.11353372511538593, 0.11318755353038962, 0.113681929984263, 0.11359526013786142, 0.11253109201788902, 0.11364631023671892, 0.11365237832069397, 0.1140077445994724, 0.11389509244607045, 0.1130066229538484, 0.11320640697427418, 0.11324410343712027, 0.11314887553453445, 0.11299035384466774, 0.11340703747489235, 0.1132022426886992, 0.11351331919431687, 0.11313888356089592, 0.11357407147685687, 0.1126628549148639, 0.11396298110485077, 0.11372372197608153, 0.11287035725333473, 0.11382461152970791, 0.11377898650243878, 0.11277571712669573, 0.11337124396647726, 0.11378238681289884, 0.11331872704128425, 0.11371102867027123, 0.11290902147690456, 0.11343803766526674, 0.11425242998770305]}