('OC-FakeDect1 (Trained on RND Dataset) \nTested on AVG Deepfakes Dataset \nRunning Average Evaluation', 'OC-FakeDect1_RND', 'RND', 'OC-FakeDect1_RND_raeonDFavg')
auroc=0.5102029923182146
f1=0.46340326340326343
prec=0.43330427201394944
recall=0.49799599198396793

fpr=[0.0, 0.4775900073475386, 1.0]

tpr=[0.0, 0.49799599198396793, 1.0]

y_true=[0, 0, 0, 0, 0, 0, 0, 0, 0, 0, 0, 0, 0, 0, 0, 0, 0, 0, 0, 0, 0, 0, 0, 0, 0, 0, 0, 0, 0, 0, 0, 0, 0, 0, 0, 0, 0, 0, 0, 0, 0, 0, 0, 0, 0, 0, 0, 0, 0, 0, 0, 0, 0, 0, 0, 0, 0, 0, 0, 0, 0, 0, 0, 0, 0, 0, 0, 0, 0, 0, 0, 0, 0, 0, 0, 0, 0, 0, 0, 0, 0, 0, 0, 0, 0, 0, 0, 0, 0, 0, 0, 0, 0, 0, 0, 0, 0, 0, 0, 0, 0, 0, 0, 0, 0, 0, 0, 0, 0, 0, 0, 0, 0, 0, 0, 0, 0, 0, 0, 0, 0, 0, 0, 0, 0, 0, 0, 0, 0, 0, 0, 0, 0, 0, 0, 0, 0, 0, 0, 0, 0, 0, 0, 0, 0, 0, 0, 0, 0, 0, 0, 0, 0, 0, 0, 0, 0, 0, 0, 0, 0, 0, 0, 0, 0, 0, 0, 0, 0, 0, 0, 0, 0, 0, 0, 0, 0, 0, 0, 0, 0, 0, 0, 0, 0, 0, 0, 0, 0, 0, 0, 0, 0, 0, 0, 0, 0, 0, 0, 0, 0, 0, 0, 0, 0, 0, 0, 0, 0, 0, 0, 0, 0, 0, 0, 0, 0, 0, 0, 0, 0, 0, 0, 0, 0, 0, 0, 0, 0, 0, 0, 0, 0, 0, 0, 0, 0, 0, 0, 0, 0, 0, 0, 0, 0, 0, 0, 0, 0, 0, 0, 0, 0, 0, 0, 0, 0, 0, 0, 0, 0, 0, 0, 0, 0, 0, 0, 0, 0, 0, 0, 0, 0, 0, 0, 0, 0, 0, 0, 0, 0, 0, 0, 0, 0, 0, 0, 0, 0, 0, 0, 0, 0, 0, 0, 0, 0, 0, 0, 0, 0, 0, 0, 0, 0, 0, 0, 0, 0, 0, 0, 0, 0, 0, 0, 0, 0, 0, 0, 0, 0, 0, 0, 0, 0, 0, 0, 0, 0, 0, 0, 0, 0, 0, 0, 0, 0, 0, 0, 0, 0, 0, 0, 0, 0, 0, 0, 0, 0, 0, 0, 0, 0, 0, 0, 0, 0, 0, 0, 0, 0, 0, 0, 0, 0, 0, 0, 0, 0, 0, 0, 0, 0, 0, 0, 0, 0, 0, 0, 0, 0, 0, 0, 0, 0, 0, 0, 0, 0, 0, 0, 0, 0, 0, 0, 0, 0, 0, 0, 0, 0, 0, 0, 0, 0, 0, 0, 0, 0, 0, 0, 0, 0, 0, 0, 0, 0, 0, 0, 0, 0, 0, 0, 0, 0, 0, 0, 0, 0, 0, 0, 0, 0, 0, 0, 0, 0, 0, 0, 0, 0, 0, 0, 0, 0, 0, 0, 0, 0, 0, 0, 0, 0, 0, 0, 0, 0, 0, 0, 0, 0, 0, 0, 0, 0, 0, 0, 0, 0, 0, 0, 0, 0, 0, 0, 0, 0, 0, 0, 0, 0, 0, 0, 0, 0, 0, 0, 0, 0, 0, 0, 0, 0, 0, 0, 0, 0, 0, 0, 0, 0, 0, 0, 0, 0, 0, 0, 0, 0, 0, 0, 0, 0, 0, 0, 0, 0, 0, 0, 0, 0, 0, 0, 0, 0, 0, 0, 0, 0, 0, 0, 0, 0, 0, 0, 0, 0, 0, 0, 0, 0, 0, 0, 0, 0, 0, 0, 0, 0, 0, 0, 0, 0, 0, 0, 0, 0, 0, 0, 0, 0, 0, 0, 0, 0, 0, 0, 0, 0, 0, 0, 0, 0, 0, 0, 0, 0, 0, 0, 0, 0, 0, 0, 0, 0, 0, 0, 0, 0, 0, 0, 0, 0, 0, 0, 0, 0, 0, 0, 0, 0, 0, 0, 0, 0, 0, 0, 0, 0, 0, 0, 0, 0, 0, 0, 0, 0, 0, 0, 0, 0, 0, 0, 0, 0, 0, 0, 0, 0, 0, 0, 0, 0, 0, 0, 0, 0, 0, 0, 0, 0, 0, 0, 0, 0, 0, 0, 0, 0, 0, 0, 0, 0, 0, 0, 0, 0, 0, 0, 0, 0, 0, 0, 0, 0, 0, 0, 0, 0, 0, 0, 0, 0, 0, 0, 0, 0, 0, 0, 0, 0, 0, 0, 0, 0, 0, 0, 0, 0, 0, 0, 0, 0, 0, 0, 0, 0, 0, 0, 0, 0, 0, 0, 0, 0, 0, 0, 0, 0, 0, 0, 0, 0, 0, 0, 0, 0, 0, 0, 0, 0, 0, 0, 0, 0, 0, 0, 0, 0, 0, 0, 0, 0, 0, 0, 0, 0, 0, 0, 0, 0, 0, 0, 0, 0, 0, 0, 0, 0, 0, 0, 0, 0, 0, 0, 0, 0, 0, 0, 0, 0, 0, 0, 0, 0, 0, 0, 0, 0, 0, 0, 0, 0, 0, 0, 0, 0, 0, 0, 0, 0, 0, 0, 0, 0, 0, 0, 0, 0, 0, 0, 0, 0, 0, 0, 0, 0, 0, 0, 0, 0, 0, 0, 0, 0, 0, 0, 0, 0, 0, 0, 0, 0, 0, 0, 0, 0, 0, 0, 0, 0, 0, 0, 0, 0, 0, 0, 0, 0, 0, 0, 0, 0, 0, 0, 0, 0, 0, 0, 0, 0, 0, 0, 0, 0, 0, 0, 0, 0, 0, 0, 0, 0, 0, 0, 0, 0, 0, 0, 0, 0, 0, 0, 0, 0, 0, 0, 0, 0, 0, 0, 0, 0, 0, 0, 0, 0, 0, 0, 0, 0, 0, 0, 0, 0, 0, 0, 0, 0, 0, 0, 0, 0, 0, 0, 0, 0, 0, 0, 0, 0, 0, 0, 0, 0, 0, 0, 0, 0, 0, 0, 0, 0, 0, 0, 0, 0, 0, 0, 0, 0, 0, 0, 0, 0, 0, 0, 0, 0, 0, 0, 0, 0, 0, 0, 0, 0, 0, 0, 0, 0, 0, 0, 0, 0, 0, 0, 0, 0, 0, 0, 0, 0, 0, 0, 0, 0, 0, 0, 0, 0, 0, 0, 0, 0, 0, 0, 0, 0, 0, 0, 0, 0, 0, 0, 0, 0, 0, 0, 0, 0, 0, 0, 0, 0, 0, 0, 0, 0, 0, 0, 0, 0, 0, 0, 0, 0, 0, 0, 0, 0, 0, 0, 0, 0, 0, 0, 0, 0, 0, 0, 0, 0, 0, 0, 0, 0, 0, 0, 0, 0, 0, 0, 0, 0, 0, 0, 0, 0, 0, 0, 0, 0, 0, 0, 0, 0, 0, 0, 0, 0, 0, 0, 0, 0, 0, 0, 0, 0, 0, 0, 0, 0, 0, 0, 0, 0, 0, 0, 0, 0, 0, 0, 0, 0, 0, 0, 0, 0, 0, 0, 0, 0, 0, 0, 0, 0, 0, 0, 0, 0, 0, 0, 0, 0, 0, 0, 0, 0, 0, 0, 0, 0, 0, 0, 0, 0, 0, 0, 0, 0, 0, 0, 0, 0, 0, 0, 0, 0, 0, 0, 0, 0, 0, 0, 0, 0, 0, 0, 0, 0, 0, 0, 0, 0, 0, 0, 0, 0, 0, 0, 0, 0, 0, 0, 0, 0, 0, 0, 0, 0, 0, 0, 0, 0, 0, 0, 0, 0, 0, 0, 0, 0, 0, 0, 0, 0, 0, 0, 0, 0, 0, 0, 0, 0, 0, 0, 0, 0, 0, 0, 0, 0, 0, 0, 0, 0, 0, 0, 0, 0, 0, 0, 0, 0, 0, 0, 0, 0, 0, 0, 0, 0, 0, 0, 0, 0, 0, 0, 0, 0, 0, 0, 0, 0, 0, 0, 0, 0, 0, 0, 0, 0, 0, 0, 0, 0, 0, 0, 0, 0, 0, 0, 0, 0, 0, 0, 0, 0, 0, 0, 0, 0, 0, 0, 0, 0, 0, 0, 0, 0, 0, 0, 0, 0, 0, 0, 0, 0, 0, 0, 0, 0, 0, 0, 0, 0, 0, 0, 0, 0, 0, 0, 0, 0, 0, 0, 0, 0, 0, 0, 0, 0, 0, 0, 0, 0, 0, 0, 0, 0, 0, 0, 0, 0, 0, 0, 0, 0, 0, 0, 0, 0, 0, 0, 0, 0, 0, 0, 0, 0, 0, 0, 0, 0, 0, 0, 0, 0, 0, 0, 0, 0, 0, 0, 0, 0, 0, 0, 0, 0, 0, 0, 0, 0, 0, 0, 0, 0, 0, 0, 0, 0, 0, 0, 0, 0, 0, 0, 0, 0, 0, 0, 0, 0, 0, 0, 0, 0, 0, 0, 0, 0, 0, 0, 0, 0, 0, 0, 0, 0, 1, 1, 1, 1, 1, 1, 1, 1, 1, 1, 1, 1, 1, 1, 1, 1, 1, 1, 1, 1, 1, 1, 1, 1, 1, 1, 1, 1, 1, 1, 1, 1, 1, 1, 1, 1, 1, 1, 1, 1, 1, 1, 1, 1, 1, 1, 1, 1, 1, 1, 1, 1, 1, 1, 1, 1, 1, 1, 1, 1, 1, 1, 1, 1, 1, 1, 1, 1, 1, 1, 1, 1, 1, 1, 1, 1, 1, 1, 1, 1, 1, 1, 1, 1, 1, 1, 1, 1, 1, 1, 1, 1, 1, 1, 1, 1, 1, 1, 1, 1, 1, 1, 1, 1, 1, 1, 1, 1, 1, 1, 1, 1, 1, 1, 1, 1, 1, 1, 1, 1, 1, 1, 1, 1, 1, 1, 1, 1, 1, 1, 1, 1, 1, 1, 1, 1, 1, 1, 1, 1, 1, 1, 1, 1, 1, 1, 1, 1, 1, 1, 1, 1, 1, 1, 1, 1, 1, 1, 1, 1, 1, 1, 1, 1, 1, 1, 1, 1, 1, 1, 1, 1, 1, 1, 1, 1, 1, 1, 1, 1, 1, 1, 1, 1, 1, 1, 1, 1, 1, 1, 1, 1, 1, 1, 1, 1, 1, 1, 1, 1, 1, 1, 1, 1, 1, 1, 1, 1, 1, 1, 1, 1, 1, 1, 1, 1, 1, 1, 1, 1, 1, 1, 1, 1, 1, 1, 1, 1, 1, 1, 1, 1, 1, 1, 1, 1, 1, 1, 1, 1, 1, 1, 1, 1, 1, 1, 1, 1, 1, 1, 1, 1, 1, 1, 1, 1, 1, 1, 1, 1, 1, 1, 1, 1, 1, 1, 1, 1, 1, 1, 1, 1, 1, 1, 1, 1, 1, 1, 1, 1, 1, 1, 1, 1, 1, 1, 1, 1, 1, 1, 1, 1, 1, 1, 1, 1, 1, 1, 1, 1, 1, 1, 1, 1, 1, 1, 1, 1, 1, 1, 1, 1, 1, 1, 1, 1, 1, 1, 1, 1, 1, 1, 1, 1, 1, 1, 1, 1, 1, 1, 1, 1, 1, 1, 1, 1, 1, 1, 1, 1, 1, 1, 1, 1, 1, 1, 1, 1, 1, 1, 1, 1, 1, 1, 1, 1, 1, 1, 1, 1, 1, 1, 1, 1, 1, 1, 1, 1, 1, 1, 1, 1, 1, 1, 1, 1, 1, 1, 1, 1, 1, 1, 1, 1, 1, 1, 1, 1, 1, 1, 1, 1, 1, 1, 1, 1, 1, 1, 1, 1, 1, 1, 1, 1, 1, 1, 1, 1, 1, 1, 1, 1, 1, 1, 1, 1, 1, 1, 1, 1, 1, 1, 1, 1, 1, 1, 1, 1, 1, 1, 1, 1, 1, 1, 1, 1, 1, 1, 1, 1, 1, 1, 1, 1, 1, 1, 1, 1, 1, 1, 1, 1, 1, 1, 1, 1, 1, 1, 1, 1, 1, 1, 1, 1, 1, 1, 1, 1, 1, 1, 1, 1, 1, 1, 1, 1, 1, 1, 1, 1, 1, 1, 1, 1, 1, 1, 1, 1, 1, 1, 1, 1, 1, 1, 1, 1, 1, 1, 1, 1, 1, 1, 1, 1, 1, 1, 1, 1, 1, 1, 1, 1, 1, 1, 1, 1, 1, 1, 1, 1, 1, 1, 1, 1, 1, 1, 1, 1, 1, 1, 1, 1, 1, 1, 1, 1, 1, 1, 1, 1, 1, 1, 1, 1, 1, 1, 1, 1, 1, 1, 1, 1, 1, 1, 1, 1, 1, 1, 1, 1, 1, 1, 1, 1, 1, 1, 1, 1, 1, 1, 1, 1, 1, 1, 1, 1, 1, 1, 1, 1, 1, 1, 1, 1, 1, 1, 1, 1, 1, 1, 1, 1, 1, 1, 1, 1, 1, 1, 1, 1, 1, 1, 1, 1, 1, 1, 1, 1, 1, 1, 1, 1, 1, 1, 1, 1, 1, 1, 1, 1, 1, 1, 1, 1, 1, 1, 1, 1, 1, 1, 1, 1, 1, 1, 1, 1, 1, 1, 1, 1, 1, 1, 1, 1, 1, 1, 1, 1, 1, 1, 1, 1, 1, 1, 1, 1, 1, 1, 1, 1, 1, 1, 1, 1, 1, 1, 1, 1, 1, 1, 1, 1, 1, 1, 1, 1, 1, 1, 1, 1, 1, 1, 1, 1, 1, 1, 1, 1, 1, 1, 1, 1, 1, 1, 1, 1, 1, 1, 1, 1, 1, 1, 1, 1, 1, 1, 1, 1, 1, 1, 1, 1, 1, 1, 1, 1, 1, 1, 1, 1, 1, 1, 1, 1, 1, 1, 1, 1, 1, 1, 1, 1, 1, 1, 1, 1, 1, 1, 1, 1, 1, 1, 1, 1, 1, 1, 1, 1, 1, 1, 1, 1, 1, 1, 1, 1, 1, 1, 1, 1, 1, 1, 1, 1, 1, 1, 1, 1, 1, 1, 1, 1, 1, 1, 1, 1, 1, 1, 1, 1, 1, 1, 1, 1, 1, 1, 1, 1, 1, 1, 1, 1, 1, 1, 1, 1, 1, 1, 1, 1, 1, 1, 1, 1, 1, 1, 1, 1, 1, 1, 1, 1, 1, 1, 1, 1, 1, 1, 1, 1, 1, 1, 1, 1, 1, 1, 1, 1, 1, 1, 1, 1, 1, 1, 1, 1, 1, 1, 1, 1, 1, 1, 1, 1, 1, 1, 1, 1, 1, 1, 1, 1, 1, 1, 1, 1, 1, 1, 1, 1, 1, 1, 1, 1, 1, 1, 1, 1, 1, 1, 1, 1, 1, 1, 1, 1, 1, 1, 1, 1, 1, 1, 1, 1, 1, 1, 1, 1, 1, 1, 1, 1, 1, 1, 1, 1, 1, 1, 1, 1, 1, 1, 1, 1, 1, 1, 1, 1, 1, 1, 1, 1, 1, 1, 1, 1, 1, 1, 1, 1, 1, 1, 1, 1, 1, 1, 1, 1, 1, 1, 1, 1, 1, 1, 1, 1, 1, 1, 1, 1, 1, 1, 1, 1, 1, 1, 1, 1, 1, 1, 1, 1, 1, 1, 1, 1, 1, 1, 1, 1, 1, 1, 1, 1, 1, 1, 1, 1, 1, 1, 1, 1, 1, 1, 1, 1, 1, 1, 1, 1, 1, 1, 1, 1, 1, 1, 1, 1, 1, 1, 1, 1, 1, 1, 1, 1, 1, 1]

y_pred=[0.0, 0.0, 0.0, 0.0, 0.0, 1.0, 1.0, 0.0, 0.0, 1.0, 1.0, 0.0, 1.0, 1.0, 1.0, 0.0, 0.0, 1.0, 0.0, 1.0, 0.0, 0.0, 0.0, 1.0, 0.0, 0.0, 0.0, 1.0, 1.0, 0.0, 0.0, 1.0, 0.0, 0.0, 1.0, 1.0, 1.0, 0.0, 0.0, 0.0, 1.0, 1.0, 0.0, 0.0, 1.0, 0.0, 0.0, 1.0, 0.0, 0.0, 0.0, 0.0, 0.0, 0.0, 0.0, 1.0, 1.0, 0.0, 1.0, 0.0, 1.0, 0.0, 1.0, 0.0, 0.0, 0.0, 1.0, 0.0, 1.0, 1.0, 1.0, 1.0, 0.0, 0.0, 0.0, 1.0, 0.0, 0.0, 0.0, 1.0, 0.0, 0.0, 0.0, 0.0, 1.0, 1.0, 1.0, 1.0, 0.0, 0.0, 1.0, 0.0, 0.0, 0.0, 0.0, 0.0, 1.0, 0.0, 1.0, 1.0, 1.0, 1.0, 0.0, 1.0, 1.0, 0.0, 1.0, 1.0, 0.0, 1.0, 1.0, 1.0, 0.0, 0.0, 1.0, 0.0, 1.0, 0.0, 0.0, 0.0, 1.0, 1.0, 0.0, 1.0, 0.0, 0.0, 0.0, 0.0, 1.0, 1.0, 1.0, 0.0, 0.0, 1.0, 0.0, 1.0, 0.0, 0.0, 1.0, 1.0, 1.0, 0.0, 1.0, 0.0, 0.0, 1.0, 0.0, 1.0, 0.0, 0.0, 0.0, 1.0, 0.0, 0.0, 0.0, 1.0, 0.0, 1.0, 0.0, 1.0, 0.0, 0.0, 0.0, 0.0, 0.0, 1.0, 0.0, 1.0, 1.0, 1.0, 1.0, 1.0, 1.0, 0.0, 0.0, 1.0, 0.0, 1.0, 1.0, 1.0, 0.0, 1.0, 0.0, 1.0, 0.0, 0.0, 0.0, 1.0, 0.0, 1.0, 0.0, 0.0, 1.0, 1.0, 1.0, 1.0, 0.0, 0.0, 1.0, 1.0, 1.0, 1.0, 0.0, 1.0, 0.0, 0.0, 1.0, 1.0, 0.0, 1.0, 1.0, 0.0, 1.0, 1.0, 0.0, 1.0, 1.0, 0.0, 0.0, 1.0, 0.0, 1.0, 1.0, 1.0, 1.0, 1.0, 1.0, 1.0, 1.0, 1.0, 0.0, 0.0, 1.0, 0.0, 1.0, 1.0, 0.0, 1.0, 0.0, 1.0, 0.0, 0.0, 1.0, 1.0, 1.0, 0.0, 1.0, 1.0, 1.0, 1.0, 0.0, 0.0, 0.0, 0.0, 0.0, 1.0, 0.0, 0.0, 1.0, 1.0, 1.0, 1.0, 0.0, 1.0, 0.0, 1.0, 0.0, 1.0, 0.0, 1.0, 1.0, 0.0, 0.0, 1.0, 1.0, 1.0, 1.0, 1.0, 0.0, 0.0, 0.0, 0.0, 0.0, 1.0, 0.0, 0.0, 1.0, 0.0, 1.0, 1.0, 0.0, 0.0, 1.0, 0.0, 1.0, 0.0, 1.0, 1.0, 0.0, 1.0, 0.0, 0.0, 0.0, 1.0, 1.0, 1.0, 0.0, 1.0, 1.0, 0.0, 0.0, 0.0, 0.0, 1.0, 1.0, 0.0, 1.0, 1.0, 0.0, 0.0, 1.0, 1.0, 0.0, 1.0, 0.0, 1.0, 1.0, 1.0, 0.0, 0.0, 1.0, 1.0, 1.0, 1.0, 0.0, 0.0, 0.0, 0.0, 0.0, 0.0, 1.0, 0.0, 1.0, 1.0, 0.0, 0.0, 0.0, 1.0, 1.0, 0.0, 1.0, 0.0, 0.0, 0.0, 1.0, 1.0, 1.0, 0.0, 0.0, 0.0, 1.0, 0.0, 1.0, 0.0, 0.0, 0.0, 0.0, 0.0, 0.0, 0.0, 0.0, 0.0, 1.0, 0.0, 1.0, 0.0, 0.0, 1.0, 1.0, 1.0, 1.0, 1.0, 0.0, 1.0, 0.0, 1.0, 1.0, 0.0, 0.0, 0.0, 1.0, 0.0, 0.0, 1.0, 0.0, 0.0, 0.0, 1.0, 1.0, 0.0, 0.0, 0.0, 1.0, 0.0, 0.0, 0.0, 0.0, 1.0, 1.0, 1.0, 1.0, 1.0, 0.0, 1.0, 0.0, 0.0, 1.0, 0.0, 0.0, 1.0, 1.0, 1.0, 1.0, 1.0, 1.0, 0.0, 0.0, 1.0, 0.0, 0.0, 1.0, 1.0, 0.0, 0.0, 0.0, 0.0, 0.0, 0.0, 1.0, 0.0, 1.0, 1.0, 0.0, 0.0, 0.0, 0.0, 1.0, 1.0, 0.0, 0.0, 1.0, 0.0, 1.0, 0.0, 0.0, 1.0, 1.0, 0.0, 1.0, 1.0, 1.0, 1.0, 1.0, 1.0, 1.0, 1.0, 1.0, 1.0, 0.0, 0.0, 1.0, 1.0, 1.0, 0.0, 0.0, 0.0, 1.0, 0.0, 1.0, 1.0, 1.0, 0.0, 0.0, 0.0, 0.0, 0.0, 0.0, 0.0, 1.0, 0.0, 1.0, 0.0, 0.0, 1.0, 0.0, 1.0, 1.0, 1.0, 1.0, 0.0, 1.0, 1.0, 0.0, 1.0, 0.0, 1.0, 1.0, 1.0, 0.0, 0.0, 0.0, 1.0, 1.0, 0.0, 1.0, 1.0, 0.0, 0.0, 0.0, 1.0, 1.0, 0.0, 1.0, 1.0, 0.0, 0.0, 1.0, 1.0, 1.0, 0.0, 1.0, 0.0, 1.0, 0.0, 0.0, 0.0, 1.0, 0.0, 0.0, 0.0, 0.0, 0.0, 0.0, 0.0, 0.0, 0.0, 0.0, 1.0, 1.0, 1.0, 1.0, 1.0, 0.0, 1.0, 1.0, 1.0, 1.0, 1.0, 0.0, 0.0, 1.0, 1.0, 1.0, 0.0, 0.0, 1.0, 0.0, 1.0, 1.0, 1.0, 0.0, 0.0, 1.0, 0.0, 0.0, 0.0, 0.0, 0.0, 1.0, 0.0, 0.0, 1.0, 0.0, 0.0, 1.0, 0.0, 1.0, 0.0, 0.0, 0.0, 1.0, 1.0, 1.0, 0.0, 0.0, 0.0, 1.0, 0.0, 0.0, 0.0, 1.0, 1.0, 0.0, 1.0, 0.0, 1.0, 1.0, 1.0, 1.0, 0.0, 0.0, 1.0, 1.0, 1.0, 1.0, 1.0, 1.0, 0.0, 1.0, 0.0, 1.0, 1.0, 1.0, 1.0, 1.0, 1.0, 0.0, 0.0, 0.0, 0.0, 0.0, 0.0, 0.0, 0.0, 1.0, 0.0, 0.0, 1.0, 1.0, 1.0, 1.0, 0.0, 0.0, 1.0, 1.0, 1.0, 1.0, 0.0, 0.0, 1.0, 1.0, 1.0, 0.0, 0.0, 1.0, 0.0, 0.0, 0.0, 0.0, 0.0, 0.0, 0.0, 1.0, 0.0, 1.0, 0.0, 1.0, 0.0, 1.0, 1.0, 1.0, 1.0, 0.0, 1.0, 1.0, 0.0, 0.0, 1.0, 1.0, 0.0, 1.0, 1.0, 1.0, 1.0, 1.0, 1.0, 1.0, 0.0, 1.0, 0.0, 0.0, 0.0, 1.0, 1.0, 0.0, 0.0, 1.0, 0.0, 1.0, 0.0, 1.0, 0.0, 1.0, 1.0, 0.0, 1.0, 0.0, 0.0, 0.0, 1.0, 0.0, 0.0, 0.0, 1.0, 1.0, 1.0, 1.0, 0.0, 1.0, 1.0, 0.0, 0.0, 0.0, 1.0, 1.0, 1.0, 1.0, 0.0, 1.0, 0.0, 1.0, 1.0, 1.0, 1.0, 1.0, 0.0, 0.0, 0.0, 1.0, 0.0, 0.0, 1.0, 0.0, 0.0, 0.0, 0.0, 0.0, 0.0, 1.0, 1.0, 0.0, 0.0, 1.0, 1.0, 1.0, 1.0, 1.0, 0.0, 0.0, 1.0, 0.0, 1.0, 1.0, 0.0, 1.0, 0.0, 0.0, 1.0, 0.0, 1.0, 1.0, 1.0, 1.0, 1.0, 1.0, 0.0, 0.0, 1.0, 0.0, 1.0, 1.0, 0.0, 0.0, 1.0, 0.0, 1.0, 1.0, 1.0, 0.0, 1.0, 0.0, 0.0, 1.0, 1.0, 0.0, 0.0, 0.0, 0.0, 1.0, 1.0, 1.0, 0.0, 1.0, 0.0, 0.0, 1.0, 0.0, 1.0, 0.0, 0.0, 1.0, 1.0, 0.0, 0.0, 0.0, 0.0, 1.0, 0.0, 0.0, 1.0, 0.0, 1.0, 0.0, 0.0, 0.0, 0.0, 1.0, 0.0, 0.0, 1.0, 1.0, 0.0, 0.0, 1.0, 0.0, 0.0, 0.0, 1.0, 0.0, 0.0, 1.0, 0.0, 1.0, 0.0, 0.0, 0.0, 0.0, 0.0, 1.0, 1.0, 1.0, 0.0, 1.0, 0.0, 1.0, 0.0, 0.0, 1.0, 0.0, 0.0, 0.0, 1.0, 0.0, 0.0, 1.0, 0.0, 1.0, 1.0, 0.0, 1.0, 1.0, 0.0, 0.0, 1.0, 1.0, 1.0, 1.0, 1.0, 0.0, 1.0, 1.0, 0.0, 1.0, 1.0, 0.0, 1.0, 0.0, 0.0, 0.0, 0.0, 1.0, 1.0, 1.0, 0.0, 0.0, 1.0, 1.0, 1.0, 0.0, 0.0, 1.0, 1.0, 0.0, 0.0, 1.0, 1.0, 1.0, 1.0, 0.0, 0.0, 1.0, 1.0, 0.0, 1.0, 1.0, 1.0, 1.0, 1.0, 1.0, 0.0, 0.0, 1.0, 1.0, 1.0, 0.0, 1.0, 0.0, 1.0, 1.0, 0.0, 1.0, 1.0, 0.0, 0.0, 1.0, 0.0, 1.0, 0.0, 0.0, 0.0, 1.0, 1.0, 1.0, 1.0, 0.0, 0.0, 0.0, 1.0, 1.0, 0.0, 0.0, 1.0, 1.0, 0.0, 1.0, 0.0, 0.0, 0.0, 0.0, 1.0, 1.0, 0.0, 0.0, 1.0, 1.0, 1.0, 0.0, 0.0, 0.0, 1.0, 1.0, 0.0, 0.0, 1.0, 0.0, 0.0, 1.0, 1.0, 1.0, 0.0, 0.0, 1.0, 0.0, 0.0, 1.0, 0.0, 0.0, 1.0, 0.0, 0.0, 0.0, 1.0, 0.0, 1.0, 1.0, 0.0, 0.0, 0.0, 1.0, 1.0, 0.0, 0.0, 1.0, 0.0, 0.0, 0.0, 0.0, 0.0, 1.0, 0.0, 0.0, 0.0, 1.0, 0.0, 0.0, 0.0, 0.0, 1.0, 1.0, 0.0, 1.0, 0.0, 0.0, 0.0, 0.0, 0.0, 0.0, 0.0, 1.0, 0.0, 1.0, 0.0, 0.0, 0.0, 1.0, 1.0, 0.0, 0.0, 0.0, 0.0, 0.0, 1.0, 1.0, 0.0, 0.0, 0.0, 1.0, 0.0, 1.0, 0.0, 1.0, 0.0, 0.0, 0.0, 1.0, 0.0, 1.0, 0.0, 0.0, 1.0, 0.0, 0.0, 0.0, 1.0, 0.0, 0.0, 0.0, 0.0, 0.0, 1.0, 1.0, 0.0, 1.0, 0.0, 0.0, 0.0, 1.0, 0.0, 1.0, 1.0, 1.0, 1.0, 0.0, 1.0, 1.0, 1.0, 1.0, 1.0, 1.0, 0.0, 1.0, 1.0, 1.0, 1.0, 0.0, 0.0, 1.0, 0.0, 1.0, 0.0, 1.0, 0.0, 1.0, 0.0, 0.0, 0.0, 1.0, 1.0, 0.0, 1.0, 1.0, 0.0, 1.0, 0.0, 0.0, 0.0, 0.0, 1.0, 0.0, 0.0, 1.0, 0.0, 1.0, 0.0, 1.0, 1.0, 1.0, 0.0, 0.0, 1.0, 0.0, 0.0, 0.0, 1.0, 1.0, 0.0, 0.0, 1.0, 1.0, 0.0, 0.0, 1.0, 0.0, 1.0, 0.0, 0.0, 0.0, 1.0, 0.0, 0.0, 1.0, 1.0, 0.0, 1.0, 1.0, 0.0, 0.0, 0.0, 1.0, 0.0, 0.0, 1.0, 1.0, 0.0, 0.0, 1.0, 1.0, 0.0, 1.0, 1.0, 0.0, 0.0, 0.0, 0.0, 0.0, 0.0, 0.0, 0.0, 0.0, 1.0, 0.0, 0.0, 1.0, 1.0, 1.0, 0.0, 0.0, 1.0, 0.0, 1.0, 1.0, 1.0, 1.0, 0.0, 0.0, 0.0, 1.0, 0.0, 0.0, 1.0, 0.0, 1.0, 0.0, 1.0, 0.0, 1.0, 1.0, 0.0, 1.0, 0.0, 0.0, 0.0, 0.0, 0.0, 1.0, 0.0, 0.0, 0.0, 1.0, 0.0, 1.0, 1.0, 0.0, 0.0, 1.0, 1.0, 1.0, 1.0, 1.0, 1.0, 1.0, 0.0, 1.0, 1.0, 0.0, 1.0, 1.0, 0.0, 1.0, 1.0, 1.0, 0.0, 0.0, 1.0, 1.0, 0.0, 0.0, 1.0, 1.0, 0.0, 0.0, 0.0, 0.0, 0.0, 1.0, 0.0, 1.0, 1.0, 1.0, 0.0, 0.0, 1.0, 0.0, 0.0, 1.0, 0.0, 1.0, 0.0, 1.0, 1.0, 1.0, 0.0, 1.0, 0.0, 1.0, 0.0, 1.0, 0.0, 0.0, 0.0, 0.0, 0.0, 0.0, 0.0, 1.0, 0.0, 1.0, 0.0, 0.0, 1.0, 1.0, 0.0, 0.0, 1.0, 0.0, 1.0, 1.0, 0.0, 0.0, 0.0, 1.0, 0.0, 1.0, 0.0, 0.0, 0.0, 1.0, 0.0, 0.0, 1.0, 1.0, 1.0, 1.0, 1.0, 1.0, 1.0, 0.0, 0.0, 1.0, 0.0, 1.0, 0.0, 0.0, 0.0, 1.0, 1.0, 0.0, 1.0, 1.0, 1.0, 1.0, 0.0, 1.0, 0.0, 0.0, 0.0, 1.0, 0.0, 0.0, 1.0, 1.0, 1.0, 0.0, 0.0, 1.0, 0.0, 0.0, 1.0, 0.0, 0.0, 0.0, 1.0, 1.0, 0.0, 0.0, 0.0, 0.0, 1.0, 0.0, 0.0, 1.0, 1.0, 0.0, 1.0, 0.0, 0.0, 0.0, 1.0, 0.0, 0.0, 0.0, 1.0, 1.0, 0.0, 0.0, 1.0, 0.0, 1.0, 1.0, 1.0, 1.0, 0.0, 1.0, 0.0, 1.0, 1.0, 0.0, 0.0, 1.0, 1.0, 0.0, 0.0, 1.0, 1.0, 0.0, 0.0, 0.0, 0.0, 1.0, 1.0, 1.0, 0.0, 1.0, 1.0, 0.0, 1.0, 0.0, 0.0, 1.0, 0.0, 1.0, 1.0, 0.0, 1.0, 1.0, 0.0, 0.0, 0.0, 1.0, 0.0, 1.0, 0.0, 0.0, 1.0, 1.0, 1.0, 1.0, 0.0, 0.0, 1.0, 1.0, 1.0, 1.0, 1.0, 1.0, 1.0, 0.0, 0.0, 1.0, 0.0, 0.0, 0.0, 0.0, 1.0, 0.0, 1.0, 1.0, 0.0, 0.0, 1.0, 1.0, 0.0, 0.0, 1.0, 1.0, 0.0, 1.0, 1.0, 0.0, 1.0, 1.0, 1.0, 0.0, 1.0, 1.0, 1.0, 0.0, 0.0, 0.0, 0.0, 1.0, 0.0, 1.0, 1.0, 0.0, 0.0, 1.0, 0.0, 0.0, 1.0, 1.0, 1.0, 1.0, 0.0, 0.0, 0.0, 0.0, 1.0, 0.0, 0.0, 1.0, 1.0, 0.0, 1.0, 0.0, 0.0, 1.0, 0.0, 1.0, 1.0, 0.0, 0.0, 1.0, 0.0, 1.0, 0.0, 0.0, 1.0, 1.0, 0.0, 1.0, 1.0, 0.0, 1.0, 1.0, 0.0, 0.0, 0.0, 1.0, 1.0, 0.0, 1.0, 0.0, 0.0, 0.0, 1.0, 1.0, 0.0, 0.0, 0.0, 1.0, 1.0, 1.0, 1.0, 0.0, 1.0, 0.0, 1.0, 1.0, 1.0, 1.0, 0.0, 0.0, 0.0, 0.0, 1.0, 1.0, 0.0, 1.0, 1.0, 1.0, 1.0, 1.0, 1.0, 1.0, 1.0, 0.0, 0.0, 1.0, 0.0, 0.0, 1.0, 0.0, 1.0, 0.0, 0.0, 0.0, 0.0, 0.0, 1.0, 0.0, 0.0, 0.0, 1.0, 0.0, 0.0, 1.0, 1.0, 0.0, 0.0, 1.0, 1.0, 0.0, 1.0, 1.0, 1.0, 0.0, 0.0, 0.0, 0.0, 0.0, 0.0, 0.0, 0.0, 1.0, 0.0, 1.0, 0.0, 0.0, 1.0, 0.0, 1.0, 1.0, 1.0, 0.0, 0.0, 1.0, 1.0, 1.0, 1.0, 0.0, 0.0, 1.0, 1.0, 1.0, 1.0, 0.0, 0.0, 0.0, 0.0, 0.0, 1.0, 1.0, 0.0, 1.0, 1.0, 0.0, 0.0, 0.0, 0.0, 0.0, 1.0, 1.0, 0.0, 1.0, 1.0, 1.0, 1.0, 0.0, 0.0, 0.0, 1.0, 1.0, 0.0, 0.0, 0.0, 0.0, 1.0, 0.0, 1.0, 0.0, 0.0, 1.0, 0.0, 0.0, 0.0, 1.0, 0.0, 0.0, 1.0, 1.0, 1.0, 0.0, 1.0, 1.0, 0.0, 0.0, 0.0, 0.0, 1.0, 0.0, 1.0, 0.0, 1.0, 0.0, 0.0, 1.0, 0.0, 1.0, 0.0, 1.0, 0.0, 1.0, 1.0, 1.0, 1.0, 0.0, 1.0, 1.0, 0.0, 0.0, 1.0, 0.0, 1.0, 1.0, 1.0, 1.0, 1.0, 1.0, 0.0, 0.0, 1.0, 1.0, 1.0, 0.0, 0.0, 0.0, 1.0, 0.0, 1.0, 0.0, 0.0, 1.0, 1.0, 1.0, 0.0, 0.0, 0.0, 1.0, 0.0, 0.0, 0.0, 0.0, 0.0, 0.0, 1.0, 1.0, 0.0, 1.0, 1.0, 0.0, 1.0, 0.0, 1.0, 0.0, 1.0, 0.0, 0.0, 0.0, 0.0, 1.0, 1.0, 1.0, 0.0, 1.0, 0.0, 0.0, 1.0, 1.0, 1.0, 0.0, 0.0, 0.0, 0.0, 0.0, 0.0, 1.0, 1.0, 1.0, 0.0, 0.0, 0.0, 0.0, 0.0, 0.0, 0.0, 0.0, 1.0, 1.0, 0.0, 1.0, 0.0, 1.0, 1.0, 1.0, 1.0, 0.0, 1.0, 0.0, 0.0, 0.0, 0.0, 0.0, 0.0, 0.0, 1.0, 0.0, 0.0, 0.0, 1.0, 0.0, 0.0, 1.0, 1.0, 0.0, 1.0, 0.0, 1.0, 1.0, 1.0, 0.0, 0.0, 1.0, 1.0, 0.0, 0.0, 1.0, 1.0, 0.0, 0.0, 0.0, 0.0, 0.0, 0.0, 0.0, 0.0, 1.0, 0.0, 1.0, 1.0, 0.0, 1.0, 0.0, 1.0, 0.0, 1.0, 1.0, 0.0, 1.0, 1.0, 1.0, 1.0, 0.0, 1.0, 0.0, 1.0, 0.0, 0.0, 0.0, 1.0, 0.0, 0.0, 1.0, 0.0, 0.0, 0.0, 0.0, 1.0, 1.0, 1.0, 1.0, 0.0, 0.0, 0.0, 0.0, 0.0, 0.0, 1.0, 1.0, 1.0, 1.0, 1.0, 1.0, 0.0, 1.0, 1.0, 1.0, 0.0, 1.0, 1.0, 1.0, 1.0, 0.0, 1.0, 1.0, 1.0, 1.0, 0.0, 1.0, 0.0, 0.0, 0.0, 1.0, 1.0, 0.0, 0.0, 0.0, 0.0, 1.0, 1.0, 0.0, 1.0, 1.0, 0.0, 0.0, 1.0, 1.0, 0.0, 0.0, 1.0, 1.0, 1.0, 1.0, 1.0, 0.0, 1.0, 0.0, 1.0, 0.0, 1.0, 1.0, 1.0, 0.0, 1.0, 1.0, 1.0, 0.0, 1.0, 0.0, 0.0, 1.0, 1.0, 1.0, 0.0, 1.0, 0.0, 0.0, 1.0, 0.0, 0.0, 1.0, 1.0, 0.0, 0.0, 0.0, 0.0, 0.0, 1.0, 1.0, 1.0, 1.0, 1.0, 1.0, 1.0, 1.0, 0.0, 1.0, 1.0, 0.0, 0.0, 1.0, 0.0, 1.0, 0.0, 0.0, 0.0, 1.0, 1.0, 0.0, 0.0, 0.0, 1.0, 1.0, 1.0, 0.0, 0.0, 0.0, 1.0, 1.0, 0.0, 0.0, 1.0, 0.0, 1.0, 0.0, 1.0, 0.0, 1.0, 0.0, 0.0, 0.0, 1.0, 1.0, 0.0, 1.0, 1.0, 0.0, 1.0, 0.0, 1.0, 1.0, 1.0, 1.0, 0.0, 0.0, 1.0, 0.0, 0.0, 0.0, 0.0, 1.0, 0.0, 0.0, 1.0, 1.0, 1.0, 1.0, 1.0, 1.0, 1.0, 0.0, 1.0, 1.0, 0.0, 0.0, 1.0, 0.0, 0.0, 0.0, 0.0, 1.0, 1.0, 0.0, 0.0, 0.0, 1.0, 1.0, 1.0, 0.0, 0.0, 0.0, 1.0, 1.0, 0.0, 0.0, 1.0, 0.0, 0.0, 1.0, 0.0, 1.0, 0.0, 0.0, 1.0, 1.0, 1.0, 0.0, 0.0, 1.0, 1.0, 1.0, 0.0, 0.0, 1.0, 0.0, 1.0, 0.0, 0.0, 0.0, 1.0, 0.0, 1.0, 1.0, 0.0, 1.0, 1.0, 0.0, 1.0, 1.0, 1.0, 1.0, 1.0, 0.0, 0.0, 1.0, 1.0, 1.0, 1.0, 0.0, 1.0, 1.0, 0.0, 0.0, 0.0, 0.0, 1.0, 1.0, 0.0, 1.0, 1.0, 1.0, 0.0, 0.0, 1.0, 0.0, 0.0, 0.0, 1.0, 1.0, 1.0, 1.0, 0.0, 0.0, 1.0, 1.0, 0.0, 1.0, 1.0, 0.0, 0.0, 0.0, 1.0, 1.0, 1.0, 0.0, 1.0, 0.0, 1.0, 1.0, 1.0, 1.0, 0.0, 1.0, 0.0, 1.0, 1.0, 0.0, 0.0, 1.0, 0.0, 1.0, 1.0, 0.0, 0.0, 1.0, 1.0, 1.0, 1.0, 0.0, 0.0, 1.0, 1.0, 0.0, 0.0, 0.0, 0.0, 1.0, 0.0, 0.0, 0.0, 0.0, 1.0, 0.0, 1.0, 1.0, 0.0, 1.0, 0.0, 1.0, 0.0, 0.0, 1.0, 0.0, 1.0, 1.0, 0.0, 0.0, 1.0, 1.0, 1.0, 0.0, 0.0, 0.0, 0.0, 1.0, 1.0, 0.0, 1.0, 0.0, 1.0, 1.0, 1.0, 0.0, 0.0, 0.0, 1.0, 1.0, 0.0, 0.0, 0.0, 1.0, 1.0, 1.0, 0.0, 0.0, 1.0, 1.0, 0.0, 0.0, 0.0, 0.0, 1.0, 1.0, 0.0, 0.0, 0.0, 1.0, 0.0, 0.0, 1.0, 1.0, 1.0, 0.0, 0.0, 0.0, 0.0, 1.0, 1.0, 1.0, 0.0, 0.0, 0.0, 0.0, 0.0, 1.0, 0.0, 1.0, 0.0, 1.0, 0.0, 0.0, 1.0, 0.0, 0.0, 1.0, 0.0, 0.0, 0.0, 0.0, 0.0, 0.0, 0.0, 1.0, 0.0, 1.0, 1.0, 1.0, 1.0, 0.0, 1.0, 1.0, 1.0, 1.0, 0.0, 0.0, 1.0, 1.0, 0.0, 0.0, 0.0, 1.0, 1.0, 0.0, 1.0, 1.0, 1.0, 0.0, 0.0, 0.0, 0.0, 1.0, 1.0, 0.0, 1.0, 1.0, 1.0, 1.0, 1.0, 0.0, 0.0, 0.0, 1.0, 1.0, 0.0, 1.0, 1.0, 0.0, 1.0, 0.0, 0.0, 1.0, 0.0, 0.0, 0.0, 0.0, 1.0, 0.0, 1.0, 0.0, 1.0, 1.0, 0.0, 0.0, 0.0, 1.0, 0.0, 0.0, 1.0, 1.0, 1.0, 1.0, 1.0, 1.0, 1.0, 1.0, 0.0, 1.0, 1.0, 0.0, 0.0, 1.0, 0.0, 0.0, 0.0, 1.0, 0.0, 0.0, 0.0, 1.0, 1.0, 0.0, 0.0, 1.0, 1.0, 0.0, 0.0, 1.0, 1.0, 0.0, 1.0, 0.0, 1.0, 0.0, 0.0, 0.0, 0.0, 0.0, 1.0, 1.0, 1.0, 0.0, 1.0, 1.0, 1.0, 1.0, 1.0, 0.0, 1.0, 1.0]
\score={0: [0.13476808120807013, 0.1345140983661016, 0.1340509525367192, 0.13429829797574452, 0.13414805084466935, 0.1335758694580623, 0.1337966428083532, 0.1341135867617347, 0.1339158854986492, 0.13373388579258552, 0.13372012014899934, 0.13419717038050294, 0.13374305177818646, 0.13357521444559098, 0.13362443988973444, 0.13540395945310593, 0.13435332104563713, 0.13346438854932785, 0.1341542195190083, 0.13383079320192337, 0.13445362821221352, 0.1340220759312312, 0.133907292848048, 0.13376807315008982, 0.13404472867647807, 0.13419969752430916, 0.13430254608392717, 0.13328169882297516, 0.13385571353137493, 0.13396479418644539, 0.13404615834737435, 0.1337233564028373, 0.1339466997555324, 0.13390055298805237, 0.13338409683534078, 0.1334890962942787, 0.13317020734151205, 0.1339633393855322, 0.13413279922679067, 0.13415153159035575, 0.13375791038076082, 0.1337078257518656, 0.134007278829813, 0.13415701071853223, 0.13368159035841623, 0.13410330216089886, 0.13429993804958132, 0.13346082255953834, 0.13476739823818207, 0.13389529836805245, 0.1339882146089505, 0.13441923473562514, 0.13413625278256155, 0.13453921178976694, 0.13395424280315638, 0.13386162597200144, 0.13366206628935678, 0.13417134268416298, 0.13354090750217437, 0.13405479614933333, 0.13374713715165854, 0.13420602833402567, 0.13270347192883492, 0.13420595079660416, 0.13397919329313132, 0.13404788573582968, 0.1337078353089671, 0.1343981126944224, 0.13270319551229476, 0.13376602801409634, 0.1331293573603034, 0.13305184474358192, 0.13419698178768158, 0.13428932726383208, 0.13399313272614227, 0.13375087308161188, 0.1340877264738083, 0.1341562569141388, 0.13436508043245834, 0.13375955820083618, 0.13440474461425433, 0.13422763844331106, 0.13411214509431055, 0.13412481397390366, 0.1334729179226119, 0.1333775892853737, 0.13352192838986715, 0.13381759822368622, 0.13413966514847495, 0.13427938595414163, 0.13323332071304322, 0.13456409627741034, 0.1342510792116324, 0.13439330458641052, 0.13403570857541314, 0.13391059715496867, 0.1333805893858274, 0.133962353070577, 0.1337953665190273, 0.1333513155579567, 0.1335962919927225, 0.1334069488864196, 0.13448117375373841, 0.1334263174371286, 0.13379955030977725, 0.13404649204534033, 0.1331492030620575, 0.13367768596200383, 0.1339007467031479, 0.13385276595751444, 0.13349123642994806, 0.1337552767347645, 0.1344425840811296, 0.13402428791711204, 0.13329471533115095, 0.13397229773302874, 0.1337111716469129, 0.13449352447475707, 0.13400597057559274, 0.13396515525304353, 0.13369795147861754, 0.13365190327167512, 0.13419675670172038, 0.13350943123039447, 0.13387907136763846, 0.13407117590822024, 0.13425167171018465, 0.13432485312223436, 0.13348136685396494, 0.13382814689116043, 0.13370087429096825, 0.13430415306772506, 0.1341591841644711, 0.13385911082679575, 0.13410956785082817, 0.1338249956784041, 0.1339932485963359, 0.13394451659658682, 0.1337377592921257, 0.13378879640783584, 0.13332417458295823, 0.13412589393556118, 0.13331111324460884, 0.13436111536892978, 0.1340518181140606, 0.13325276828947522, 0.13415862619876862, 0.13351872563362122, 0.13426401127468457, 0.13409048662735865, 0.1354414905820574, 0.1334290399270899, 0.1339075207710266, 0.13403366903464, 0.13446560899416607, 0.1338095503548781, 0.13427541125565767, 0.13332500105554407, 0.13416456954276307, 0.13343864058454832, 0.13441511740287146, 0.1342367297038436, 0.13389410078525543, 0.13417402826822722, 0.1342128465572993, 0.1334398298834761, 0.1339353084564209, 0.1336181668134836, 0.13351064817658786, 0.13299457397725847, 0.1333910793066025, 0.13354714553464542, 0.13343399822711943, 0.13418730431132847, 0.13397569557030994, 0.13375099529238307, 0.13418117436495694, 0.13342783803289587, 0.1336298965745502, 0.13376782769742218, 0.1346644103527069, 0.13380208029979612, 0.13409464392397138, 0.1337244264982842, 0.1340774789452553, 0.13447535102782043, 0.13498061576059886, 0.13380531842509905, 0.13452343146006265, 0.13303531751488196, 0.13467875436732643, 0.1343376487493515, 0.13335100733316863, 0.133867417772611, 0.13385790785153706, 0.13372580672419349, 0.13389198283354442, 0.13403865148623784, 0.1338451166044582, 0.13377669240747178, 0.13374989479780197, 0.1336756335063414, 0.13435623475483485, 0.13379438627849927, 0.13451116933272436, 0.13391639726857343, 0.133691062352487, 0.13365215361118316, 0.1350237210007275, 0.1331577549378077, 0.13315440993756056, 0.1341034795703559, 0.133501073718071, 0.1337734766304493, 0.13485826093416947, 0.13284896612167357, 0.13378748595714568, 0.13407081738114357, 0.13423343333933088, 0.13349264175505252, 0.1339275813764996, 0.1333277833958467, 0.13378159046173096, 0.13356145403601907, 0.13375746309757233, 0.13380798883736134, 0.1336294189095497, 0.1337200379371643, 0.13367361715063453, 0.13324670608227068, 0.13396128167708715, 0.13391854021793756, 0.13385088940461476, 0.13429117991643794, 0.13368183920780818, 0.1331807535428267, 0.1346710197189275, 0.13380903005599976, 0.13393858752467416, 0.13362909108400345, 0.13435019552707672, 0.1344852244312113, 0.1337779787453738, 0.13376627564430238, 0.13375517196125455, 0.13402998036351696, 0.13361767649650574, 0.13340905834646785, 0.1337128998535984, 0.13368294305271572, 0.1345851868391037, 0.13397021922800276, 0.13520683255046606, 0.1341520371762189, 0.1338774158998772, 0.13282317419846854, 0.1340252355388973, 0.13388781001170477, 0.13387104736434088, 0.1336805445532645, 0.13364532589912415, 0.13360905960986488, 0.13394962775486488, 0.13372298397801138, 0.13423450426621872, 0.13363916223699396, 0.13427698336265706, 0.13383224668602148, 0.1341942408505608, 0.1338153972669884, 0.13371862145140767, 0.13387697438398996, 0.13410350866615772, 0.1337238448230844, 0.1334143579006195, 0.13372639442483583, 0.133690079053243, 0.13368988235791524, 0.13452397151426834, 0.13431577647433562, 0.13387142351040474, 0.1343158877321652, 0.13442445794741312, 0.13358217690672194, 0.13414988180865411, 0.13389894251640028, 0.13362600306669872, 0.13402841240167618, 0.13381726890802384, 0.1338380520994013, 0.1342088016681373, 0.13392757827585394, 0.1337234154343605, 0.13392403458847718, 0.13334937021136284, 0.13446630190971287, 0.13375726448638098, 0.13352281153202056, 0.13389484584331512, 0.13384837692692167, 0.13434460644538587, 0.13393531292676925, 0.13404535012585775, 0.1337450119080367, 0.13308431208133698, 0.13361580520868302, 0.1342929685893266, 0.13376082479953766, 0.13319769322872163, 0.13391629331990293, 0.13423292902675835, 0.1343003287911415, 0.13399833492163954, 0.1337408661842346, 0.13363411751660434, 0.13479130511934106, 0.13369950476814718, 0.13274167749014767, 0.13417584580533645, 0.13408932246659933, 0.13313437749942145, 0.1336421709169041, 0.13405678082596173, 0.13359253681623018, 0.1340033324325786, 0.13351976736025375, 0.13368221434454122, 0.13385183994586652, 0.13457281390825906, 0.13405556852618852, 0.13342110398742887, 0.13361550338806644, 0.13386269162098566, 0.13376940926536918, 0.13394000726502117, 0.13461095094680786, 0.13412701125655854, 0.1338775795367029, 0.13485489785671234, 0.13392156247909254, 0.1337710296114286, 0.13410015106201173, 0.1334100728854537, 0.1337017884542202, 0.1341401512424151, 0.1339351311326027, 0.13443125486373902, 0.13370629014640018, 0.1337445852431384, 0.13422640616243536, 0.13351760473516253, 0.1353723622030682, 0.13417804936567942, 0.1339255516626397, 0.13354329179440225, 0.13386412100358444, 0.1337392692055021, 0.1340018684665362, 0.13395982682704927, 0.13426855123705334, 0.13361378327796333, 0.13441575091818106, 0.13355867990425654, 0.13393482400311363, 0.13483679592609404, 0.1341066390275955, 0.1342903013740267, 0.1341714502445289, 0.13387191702019086, 0.13392157728473345, 0.1340778979162375, 0.13397901008526483, 0.13307957351207733, 0.13481564074754715, 0.13336292847439093, 0.13393395642439523, 0.13508093357086182, 0.13366657826635572, 0.13372841542181763, 0.1338693524400393, 0.13262073695659637, 0.13370968561087335, 0.13389943446964025, 0.13383069000345596, 0.13415302593132544, 0.13370806241736694, 0.13331641256809235, 0.13461580276489257, 0.13387951713341933, 0.1339251912302441, 0.13374463401057504, 0.1340321048217661, 0.13387505574659866, 0.13338642865419387, 0.1340752715865771, 0.13409202247858049, 0.13427681814540515, 0.13354085137446722, 0.13335027992725373, 0.13453040881590408, 0.13396109552944407, 0.13394067080124564, 0.13380616282423338, 0.13391829601355962, 0.13468868571978349, 0.13391124137810298, 0.1340376507668268, 0.13364176273345948, 0.13355998639707212, 0.1338175427582529, 0.1327837366949428, 0.1335712879896164, 0.1341285393996672, 0.1337251630814179, 0.13458601671915787, 0.13392509619394938, 0.1336368563083502, 0.133992750197649, 0.13401121220418385, 0.13356696289998513, 0.13379545968312484, 0.1338562393510664, 0.13360510507355566, 0.13377977433529767, 0.1333375232560294, 0.1344568869099021, 0.13395364135503768, 0.1335919201374054, 0.13412206213582645, 0.1339870537772323, 0.13370729436477025, 0.13342884803811708, 0.13431816744176964, 0.13401248019475204, 0.13439704353610674, 0.1344958314528832, 0.13407249071381308, 0.13400956941768527, 0.1338651329278946, 0.13418658243285286, 0.1329818410532815, 0.133386592566967, 0.13413800448179244, 0.13389984055145368, 0.1343941173770211, 0.134091611020267, 0.1337558850646019, 0.13375547009965646, 0.1349235326051712, 0.1341666877269745, 0.13379181681140775, 0.13448063284158707, 0.13354187607765197, 0.13408794457262213, 0.1339478651061654, 0.13371388487359312, 0.13367582278119194, 0.13411029130220414, 0.1338227500518163, 0.13384393338234193, 0.13371435459703207, 0.13375667029100916, 0.1331638532380263, 0.13346982950514014, 0.13358737197187212, 0.1335336227674742, 0.1330814537676898, 0.13345836009830236, 0.13398454089959463, 0.13409706534341323, 0.13369323100362504, 0.1331683764855067, 0.1336454212665558, 0.1343052575121755, 0.1338955256200972, 0.13399710431694983, 0.13382869417017157, 0.13392255023906105, 0.1334192476890705, 0.13336102122610266, 0.13309352012241588, 0.13396171480417252, 0.1345169341022318, 0.13389231264591217, 0.13411926130453747, 0.13465550210740831, 0.13395473749741263, 0.1339721344411373, 0.13347428739070893, 0.13436620930830637, 0.13359047373135885, 0.13398607142946936, 0.13390274594227472, 0.13376521251418375, 0.13398469283300288, 0.13376507659753165, 0.13361058556116545, 0.13374386429786683, 0.13384717932114235, 0.1339527075489362, 0.13349872082471848, 0.1335389060087693, 0.13397634119698495, 0.13383873036274543, 0.13462085907275861, 0.1335065449987139, 0.13357600073019663, 0.13353597621122995, 0.13389171218430554, 0.13397836238145827, 0.13429476122061412, 0.13354018165005577, 0.13381617458967063, 0.13395979202219419, 0.13369487438883101, 0.1334056838562614, 0.1341890700553593, 0.133906072530991, 0.1339952051639557, 0.1333893881394313, 0.13356103138490158, 0.13399326113554147, 0.133527587083253, 0.13372339962459193, 0.13414859920740127, 0.1346922798289193, 0.1336985393003984, 0.1331287741661072, 0.13383158828530992, 0.13403038680553436, 0.13359022353376662, 0.1340534653175961, 0.13251840255477212, 0.1339684138695399, 0.1339388947401728, 0.1348279669880867, 0.13383859395980835, 0.13417470569793993, 0.13411360730727515, 0.13423401980023636, 0.1345142424106598, 0.13406189382076264, 0.13473860091633266, 0.13453454217490027, 0.13408445145772852, 0.13400041146410835, 0.13390179640716976, 0.1332245409488678, 0.1338679771060529, 0.13377374211947124, 0.1337397342378443, 0.13349178668699765, 0.1341513380408287, 0.13375222224455613, 0.13355494358322836, 0.13345017582178115, 0.13381721221265339, 0.1335320197045803, 0.1344743235544725, 0.13417848323782286, 0.1335877092047171, 0.13323560450226068, 0.13310640454292297, 0.13426142930984497, 0.13414621905044274, 0.1337905320627936, 0.13401486521417444, 0.13368776555244738, 0.13339170515537263, 0.13373262328760965, 0.13421312347054482, 0.13449904999949716, 0.13372333720326424, 0.13470456674695014, 0.13390126912032857, 0.13407093167304993, 0.13391051888465882, 0.1345953457057476, 0.13378873070081074, 0.1339957553606767, 0.13413697286792423, 0.133294634959277, 0.133964953571558, 0.13411880657076836, 0.1330172676931728, 0.13428545423916408, 0.13345454633235931, 0.1340121418237686, 0.13463847474618393, 0.13390607493264334, 0.13364019854502243, 0.13362563525636992, 0.13383750021457672, 0.1340208188408897, 0.13396205685355447, 0.1340327079479511, 0.13338123261928558, 0.1341494470834732, 0.13390102320247227, 0.13404674734920263, 0.13386544005738366, 0.13380875852372912, 0.13444572016596795, 0.1338073300278705, 0.13416929294665655, 0.1333290668470519, 0.13296225437751183, 0.13356312612692514, 0.1328892024854819, 0.1343311369419098, 0.13477004053337233, 0.13380004713932672, 0.13337311645348868, 0.13372268080711364, 0.1336276324895712, 0.13352864539181744, 0.1337539459268252, 0.13401159048080444, 0.1338189778228601, 0.1339245095849037, 0.13369012251496315, 0.13375785420922673, 0.13374235996833214, 0.13383419617362644, 0.1337422886581132, 0.13350687995553018, 0.134020218382711, 0.13391696145901313, 0.13393981258074442, 0.1341115851556101, 0.13455819040536882, 0.13432543667463157, 0.13444181780020395, 0.13436839213738075, 0.1334861612745694, 0.13389619489510854, 0.13390780204818362, 0.13345796366532645, 0.13379337131977082, 0.13321046382188798, 0.13344191908836364, 0.13410837270996787, 0.13404788946111998, 0.1334804728627205, 0.1337973937906068, 0.13366868633490342, 0.13377985571111953, 0.1340314854935902, 0.13392861463405467, 0.1335134357213974, 0.13336153941995957, 0.1337653527657191, 0.1339091161886851, 0.1343294066541335, 0.13342383733162513, 0.13390667501248812, 0.13414436909887525, 0.13401795271784067, 0.134257106979688, 0.13389096409082413, 0.13412181762131778, 0.13387598310198104, 0.1335928277535872, 0.134576382736365, 0.1325879469513893, 0.1340537198952266, 0.13379725068807602, 0.13428370985719892, 0.13370675759183037, 0.13366146137317023, 0.13381598144769669, 0.13374700170496237, 0.13428131885388317, 0.1337203891838298, 0.1334771283648231, 0.13388725121816, 0.1343542453315523, 0.13378188345167372, 0.13382292137696192, 0.1339484087445519, 0.13364062990461076, 0.13357678536445863, 0.1337955969831218, 0.13319597712584905, 0.13382712081074716, 0.13377492626508078, 0.13379898336198595, 0.13395770639181137, 0.13371897041797637, 0.13389389263466, 0.13414948204388985, 0.1338902419364011, 0.13319448991255325, 0.1337199467751715, 0.13417944312095642, 0.13419388548323982, 0.1335892462068134, 0.1346804682285555, 0.13315824121236802, 0.1346475953857104, 0.13358137756586075, 0.13390524597728953, 0.13362633952727684, 0.13334234866003195, 0.1340245476790837, 0.13375875218348068, 0.13394015530745187, 0.13402259945869446, 0.1341783148901803, 0.1335677273571491, 0.13409929929508102, 0.13413768857717515, 0.13449588790535927, 0.13362827471324376, 0.13366829752922058, 0.133756884932518, 0.13345943142970404, 0.1338886006010903, 0.13352584058330172, 0.13382142860638468, 0.13394343356291452, 0.13397268099444254, 0.13444281369447708, 0.13338045088144448, 0.13368230726983812, 0.13386401534080505, 0.1334107460247146, 0.13462198111746046, 0.13286349624395372, 0.1347702999006618, 0.13367637164062923, 0.1334523054815474, 0.13331898053487143, 0.1336693452163176, 0.13318850679530037, 0.13414671644568443, 0.13453371822834015, 0.13438107166439295, 0.13336721169097082, 0.1340157464146614, 0.1341668799519539, 0.13382362661992803, 0.13433560646242565, 0.13445234434171158, 0.13424625992774963, 0.13394297460714977, 0.1339149052898089, 0.1340744596990672, 0.13291646540164948, 0.13356533765792847, 0.13429415313636556, 0.13409278828364152, 0.13287995755672455, 0.13386723299821218, 0.13383731903398738, 0.13374250688973596, 0.1331349144379298, 0.1339460230535931, 0.1341591939330101, 0.13352966891682666, 0.13387827426195145, 0.13375482857227325, 0.133501850460705, 0.134226380424066, 0.13384952797339514, 0.13397465492116994, 0.13413489710640264, 0.13240972459316253, 0.13431855119191682, 0.13372287899255753, 0.13350568582182346, 0.13373247051940246, 0.13330278946803167, 0.13363457024097442, 0.13275974368055662, 0.13423213197125328, 0.13407281693071127, 0.13347454807337591, 0.1348099298775196, 0.13358087616938133, 0.1337554795401437, 0.13402213262660162, 0.1340593182378345, 0.13353115903294605, 0.13398637857876325, 0.1329397911375219, 0.1332004552378374, 0.13304083347320556, 0.13416319712996483, 0.13300162057081857, 0.13395641430428154, 0.13421460213484587, 0.1336108911782503, 0.13366400290812766, 0.13390016607169447, 0.13423618868641232, 0.13409219284852344, 0.13407168090343474, 0.13362017124891282, 0.13378187239170075, 0.13370494632159963, 0.13417568989098072, 0.13348004831509155, 0.13431873491832189, 0.1340176746249199, 0.13365168814305906, 0.1339822332892153, 0.13349359730879465, 0.13409763104037234, 0.1339445271912743, 0.1335323005914688, 0.13332382403314114, 0.13387671519409527, 0.1341348197311163, 0.13417875642577806, 0.13409808413548904, 0.13386147186673922, 0.13433188050985337, 0.13448186906484458, 0.13348461261817388, 0.1340116520722707, 0.13341190743035283, 0.13406616662229812, 0.13455223912994066, 0.13443943312982234, 0.134032574792703, 0.13359700657170395, 0.1339946853763917, 0.13389820543428263, 0.13376745134592055, 0.1333972637852033, 0.1339814822588648, 0.13475666344165801, 0.13310547918081284, 0.13464083075523375, 0.13420181859422614, 0.13411058485507965, 0.1333924193273891, 0.1342402984356058, 0.1340570214547609, 0.1337852142751217, 0.134160900754588, 0.13378581290061659, 0.1344700033466021, 0.1345829325062888, 0.1340013345082601, 0.13414914719760418, 0.13389403942753286, 0.13368336791577545, 0.13355495723394248, 0.1338346834693636, 0.134076707419895, 0.1334316164255142, 0.13418085060336374, 0.13246901002195147, 0.13420454040169716, 0.13425132719909444, 0.133560448884964, 0.13453991248689848, 0.13399353524049123, 0.13393011689186096, 0.13347076567319724, 0.13417917117476463, 0.13427713885903358, 0.13326282799243927, 0.13419737828814465, 0.13383803516626358, 0.13378216383548883, 0.13444708618852827, 0.13353043282404542, 0.1337238202492396, 0.13399371166120877, 0.1341137509135639, 0.13366385017122542, 0.13341904059052467, 0.13360126415888468, 0.1337725967168808, 0.13379178805784744, 0.1341220509064825, 0.1337429392668936, 0.13379470817744732, 0.134451890985171, 0.13386370918967508, 0.13348650525916705, 0.13426070743136936, 0.13313123698417956, 0.133957014634059, 0.13449016296201283, 0.1343117543944606, 0.13424110785126686, 0.13358065634965896, 0.13385872691869735, 0.13344077530660128, 0.13404413109475916, 0.13401338063618717, 0.13355611671100964, 0.1336523611098528, 0.1336001230137689, 0.13413569750264287, 0.13426931431660286, 0.13360871523618698, 0.13368134117788738, 0.1340227347612381, 0.13401125486080462, 0.13352212539085975, 0.13356050451596577, 0.13316914886236192, 0.13323007244616747, 0.13395666237920523, 0.134246782399714, 0.13386640946070352, 0.13355529946940287, 0.13405177195866902, 0.13384639312114036, 0.13369698384228876, 0.13363650099684796, 0.13381148449012212, 0.13370835103771903, 0.13372091948986053, 0.13393565870466687, 0.13388884191711745, 0.13352512432770294, 0.13312642027934393, 0.13354109103480974, 0.13387494617038304, 0.13379094004631042, 0.13400364773614065, 0.1338565435848738, 0.13371227255889348, 0.13398562464863062, 0.13344931602478027, 0.13361197539738245, 0.13395638646263824, 0.13419620196024576, 0.13288988173007965, 0.1339114047586918, 0.1335843489928679, 0.13403445839881897, 0.1338726601430348, 0.13387975802547053, 0.13370815770966665, 0.1332306588689486, 0.13351446001426034, 0.1337605164102886, 0.13405984474553, 0.13422922877704396, 0.13410698012872177, 0.13383884489536285, 0.13334437798370014, 0.13460834782857162, 0.13410923957824708, 0.13332778587937355, 0.13351133774066792, 0.13472526241093874, 0.1337978153356484, 0.13438949840409414, 0.13389020562171935, 0.13403584939592025, 0.13417465835809708, 0.13376730795090014, 0.13385765199308042, 0.13405835032463073, 0.13402568345720117, 0.13351733113328615, 0.13340425431728364, 0.1335960030555725, 0.1346229985356331, 0.13446631110631502, 0.13389113937553607, 0.13291999697685242, 0.1337772858413783, 0.13418058102781122, 0.13429328799247742, 0.13353292800878225, 0.13461784341118552, 0.13416219595819712, 0.13327911631627518, 0.13378632068634033, 0.13329054650507474, 0.13423418679407664, 0.13442871490350136, 0.1334886294272211, 0.13425131837526957, 0.13437979189412935, 0.133782759308815, 0.13387605335031236, 0.13396749382509904, 0.1333587889870008, 0.1339045229057471, 0.13429795747453516, 0.13407249613241715, 0.13359143716447494, 0.1351806131693033, 0.13311123698949814, 0.13306486064737494, 0.1343872845172882, 0.13447419106960296, 0.13390940506207316, 0.13304119385205782, 0.1331312544643879, 0.1346802283078432, 0.1342325545847416, 0.13339805690681233, 0.13454269468784333, 0.1340000323123402, 0.13417659920674782, 0.13411575369536877, 0.13437188333935207, 0.1331066880375147, 0.13388855904340743, 0.13407966379935926, 0.1338716521859169, 0.13327201674966252, 0.1342974454164505, 0.13421322736475202, 0.13435856609240823, 0.13421730697155, 0.13381300077718847, 0.1338585637509823, 0.13414337299764156, 0.1336060549531664, 0.13394066877663136, 0.13412043551603953, 0.13397431522607803, 0.13388424075168112, 0.1342363343997435, 0.13399330899119377, 0.1341825606567519, 0.13356244936585426, 0.13401962603841508, 0.13349701911211015, 0.1339237481355667, 0.13391327261924743, 0.13444885079349791, 0.13348454236984253, 0.1337446249448336, 0.13394954601923625, 0.13513836723107558, 0.13459235141354223, 0.133934679531282, 0.13437176495790482, 0.1314123570919037, 0.1338646352291107, 0.13401806613673334, 0.1341675197084745, 0.1340188391506672, 0.13378617228293904, 0.13421512733806262, 0.13365315932493943, 0.13405572782669747, 0.13354837843056383, 0.13412904207195556, 0.13447574808679777, 0.1343816870025226, 0.13280948996543884, 0.1339658693306976, 0.1333358993132909, 0.13422152996063233, 0.13419859018176794, 0.13333936494130355, 0.1340771902884756, 0.13462271690368652, 0.13410531222820282, 0.13331882520155472, 0.13395880411068598, 0.13411470130085945, 0.13389256596565247, 0.1341381989992582, 0.13410202860832215, 0.13365475907921792, 0.13337904756719415, 0.13433252109421623, 0.13329477359851202, 0.13391005694866182, 0.13421104724208513, 0.13426151982060186, 0.13374033648716777, 0.13388737539450327, 0.133779462840822, 0.13370617511479752, 0.1338610239326954, 0.1335873231291771, 0.13445029868966057, 0.13357736666997275, 0.13347440088788667, 0.1328736886382103, 0.1337937658483332, 0.13358658765043532, 0.13360989689826966, 0.13404227958785164, 0.13348312888826644, 0.13351798885398442, 0.13352522999048233, 0.13372576061417074, 0.13397727635773746, 0.13401906869628213, 0.1331152732555683, 0.13404100090265275, 0.13375687463717026, 0.134412791241299, 0.13365194777196104, 0.13462597131729126, 0.1333800529440244, 0.13402359982331594, 0.13392432907532, 0.1345714841570173, 0.13360300610462825, 0.13378743827342987, 0.13450699417214645, 0.13336941798528035, 0.13363066841574275, 0.13389033881517556, 0.1338348776102066, 0.13401582290728886, 0.13467450865677424, 0.13421579226851463, 0.13409396655419292, 0.13386978822595932, 0.13471827598718497, 0.13455564054575833, 0.1337615056679799, 0.13407339226631892, 0.13308000564575195, 0.1346067448457082, 0.1337563957159336, 0.13359645133217177, 0.13377363781134288, 0.13403083117944853, 0.13420469253449827, 0.13382498025894166, 0.1339870880950581, 0.1341911694034934, 0.13419511372392828, 0.1335253980424669, 0.1335443682395495, 0.13433690617481867, 0.13389687538146972, 0.1338151672056743, 0.13338824632492932, 0.1342616230249405, 0.13400076116834367, 0.13321431194032943, 0.13411953008693198, 0.13334233267232776, 0.13420534630616507, 0.1342211648037559, 0.13388416833347744, 0.13368478864431382, 0.13439936935901642, 0.13429882377386093, 0.1338070773108061, 0.13326145394852287, 0.13417608610221318, 0.13378455738226572, 0.1333595331419598, 0.13390614327631498, 0.13484971846143404, 0.1338822344938914, 0.133099933154881, 0.13391068522576932, 0.1339069239795208, 0.13386503689818913, 0.13370104599744081, 0.13450561855968676, 0.13482494024853958, 0.13361233193427324, 0.13317598881466047, 0.13496241122484207, 0.1332960691716936, 0.13345945328474046, 0.13394503742456437, 0.134852418055137, 0.1340132299810648, 0.1342323640218148, 0.13427133936631053, 0.13413175834076746, 0.13402508646249772, 0.13416596195277045, 0.13393957043687502, 0.13376055459181468, 0.1339370310306549, 0.1338977497816086, 0.1335084120432536, 0.1336100846529007, 0.13370270629723865, 0.13404882167066848, 0.1342897532241685, 0.1334827125072479, 0.1344011669809168, 0.1337935112568797, 0.1335913331380912, 0.13299678928322262, 0.13369325200716656, 0.13413103248762048, 0.13424365764314478, 0.13394808322191237, 0.13354328274726868, 0.13398682475090026, 0.13389034524108423, 0.13382913015390696, 0.1339106121483971, 0.13340244539405988, 0.13398898899555206, 0.13321560426898624, 0.13391744017601012, 0.1335043046962131, 0.1337733177675141, 0.13405212874595934, 0.13377088773995638, 0.13406891524791717, 0.13400733996840083, 0.1347918693314899, 0.13429249425729115, 0.13475642651319503, 0.13370178350143963, 0.13455490242032445, 0.13430775600400838, 0.13396086394786835, 0.13367162764072418, 0.1349574387073517, 0.1334283162613173, 0.13326992467045784, 0.13414844101475132, 0.1341494255595737, 0.13322720179955164, 0.13364664939316837, 0.13382162088933197, 0.13379144966602324, 0.13371613373359045, 0.13350797891616822, 0.13355863444945393, 0.13457344472408295, 0.13362877070903778, 0.13367997177622534, 0.1339448011096786, 0.13361756410449743, 0.1334100690754977, 0.13390303924679756, 0.1338437368472417, 0.1338672786951065, 0.13362617393334705, 0.13392197887102764, 0.13423711475398806, 0.13341210782527924, 0.13384925516752097, 0.13406169359330777, 0.13402696549892426, 0.13310355097055435, 0.1335598108443347, 0.1344807729125023, 0.1341496099318777, 0.1340695165452503, 0.13422023504972458, 0.1347264438867569, 0.1337817990604569, 0.13406428607071147, 0.13379783153533936, 0.13367900095487895, 0.13360668911087897, 0.13396048694849014, 0.1342101862718319, 0.13340133293108505, 0.13396248842279115, 0.13438168343375712, 0.13336770385503768, 0.13470998948270624, 0.13351334721753091, 0.13407458161765878, 0.13384644629863593, 0.1331414141588741, 0.13380164791036536, 0.1344538858303657, 0.1333036075035731, 0.1342025138437748, 0.13369037873215145, 0.13409216867552864, 0.13330697774887085, 0.13462738444407782, 0.13413254510272632, 0.13401381824261102, 0.13390990249488666, 0.1342319372025403, 0.13403767956928772, 0.1347256451845169, 0.13359692366793752, 0.13422611892223357, 0.13327668309211732, 0.13433577360645418, 0.1347407984236876, 0.13378635900361197, 0.13323121517896652, 0.13403904686371484, 0.13450634068456188, 0.13351441621780397, 0.13495144993066788, 0.1337090864777565, 0.1334652098662713, 0.1344107666185924, 0.1344986359278361, 0.13415098959399807, 0.1337242474158605, 0.13403545692563057, 0.13371457066386938, 0.13426250219345093, 0.1340479627251625, 0.13393555389296624, 0.13381237268447876, 0.13396257162094116, 0.13437293842434883, 0.13366743301351866, 0.133474244011773, 0.1336978759084429, 0.13377751857042314, 0.1337213225307919, 0.13319575515660373, 0.1338560445153195, 0.1340830663839976, 0.13446415662765504, 0.13364839960228314, 0.13393566825173117, 0.1338358954075844, 0.13397791319423252, 0.1339249999626823, 0.13434860507647198, 0.1338103258361419, 0.1329476394587093, 0.13396252347872808, 0.1338357888162136, 0.13380345965132995, 0.13371358232365715, 0.13338275785957063, 0.1340764512618383, 0.13252106929818788, 0.13405634619687734, 0.13397469371557236, 0.1338733583688736, 0.13348438304204208, 0.13443124081407273, 0.13412718754261732, 0.13357682809943244, 0.13380799442529678, 0.13384830493193406, 0.13468398079276084, 0.13394558840784535, 0.13362748324871063, 0.13391057533376358, 0.13390523195266724, 0.1336267954773373, 0.13417725878603318, 0.1345170557498932, 0.13412843252483167, 0.1335972210294322, 0.133654001084241, 0.13390405789801949, 0.13422096588394858, 0.13419720759758583, 0.134385347366333, 0.1338554508984089, 0.13391790414849916, 0.13389877516489762, 0.13333598607116276], 1: [0.1337843629030081, 0.13449378311634064, 0.13311146731887544, 0.13463324159383774, 0.13420163514092565, 0.1345168247818947, 0.13349943827180302, 0.1341465221984046, 0.13396331131458283, 0.13466526940464973, 0.1335447778304418, 0.13385166619953356, 0.13427090431962693, 0.1339752683416009, 0.1330325442055861, 0.13440383672714235, 0.1336566416116861, 0.13349022136794197, 0.13332313920060793, 0.13352954547320092, 0.13425136778665625, 0.1335730690509081, 0.1340604156255722, 0.13344640951407583, 0.1335091762817823, 0.1340236237103289, 0.13394663631916046, 0.13381528109312057, 0.1337913345722925, 0.13403025908129557, 0.1340625903436116, 0.13373596911077146, 0.13361774943768978, 0.13398335603150455, 0.13394882877667744, 0.13431530513546683, 0.13424140380488503, 0.1337311014533043, 0.13358924951818255, 0.1336387453170923, 0.134043354789416, 0.13381051396330199, 0.13275581747293472, 0.13388258665800096, 0.13353713519043392, 0.13397078340252241, 0.13410120829939842, 0.13331949338316917, 0.1342690336433324, 0.13322409093379975, 0.13317648628178766, 0.1338838471898011, 0.13351685255765916, 0.1335229972998301, 0.13416108692234213, 0.13434851169586182, 0.13397937681939867, 0.1334651087721189, 0.13438384886831045, 0.1338643878698349, 0.1344009346905209, 0.13396954062310132, 0.13374351435586027, 0.13362424211068588, 0.13373246788978577, 0.13358877793602322, 0.1339668367917721, 0.1342505460435694, 0.13377987711053146, 0.13362902402877808, 0.1330642266706987, 0.13337649946863, 0.13301477134227752, 0.1334096132354303, 0.13352799144658176, 0.13427045399492438, 0.13421525061130524, 0.1336479141161992, 0.1343407283226649, 0.13405574230771317, 0.1340560925503572, 0.1341493629357394, 0.13379224696580103, 0.13405238837003708, 0.1334864964087804, 0.13327442854642868, 0.13408731886496147, 0.13412775625200832, 0.13383867794817145, 0.13352152398403952, 0.13413170178731282, 0.1341807007789612, 0.13364803045988083, 0.1335494884035804, 0.13402761633579546, 0.13357298161302295, 0.13272690027952194, 0.1341152052794184, 0.13384204464299337, 0.13371711698445407, 0.13363410449690288, 0.13420954141123542, 0.1334288309920918, 0.13332746177911758, 0.13378821164369584, 0.13458272408355365, 0.13468888516609484, 0.1338830507463879, 0.1340374472466382, 0.13329862554868063, 0.13408063724637032, 0.1333978772163391, 0.133075487613678, 0.13442577007744047, 0.13393039181828498, 0.13370779752731324, 0.13397454576832907, 0.13447321099894388, 0.13377709325515863, 0.1338250905275345, 0.13377627730369568, 0.1334134116768837, 0.13400396437217027, 0.13405293370446852, 0.13409317746048882, 0.13453194399674734, 0.13376521319150925, 0.13438763943585483, 0.1342694894833998, 0.1337277257726306, 0.13315382336868958, 0.1342376982793212, 0.13291590051217514, 0.13465449412663777, 0.13423170575073787, 0.13381212949752808, 0.13422149419784546, 0.13317183703184127, 0.13306801446846553, 0.13396950180713946, 0.13412868705662814, 0.13374015854464638, 0.13405499404126947, 0.13377544954419135, 0.1340520428493619, 0.13400023091923108, 0.13347855668801528, 0.13345804065465927, 0.13494186916134573, 0.1330335322353575, 0.1338254717134294, 0.13402923196554184, 0.13365769311785697, 0.13368195792039236, 0.1343267410993576, 0.13430864025246014, 0.13388495333492756, 0.13311855552288201, 0.13341089089711508, 0.13396613193409784, 0.1332772359251976, 0.13444717824459076, 0.1343861110508442, 0.13394011706113815, 0.13370778638383615, 0.13335599104563395, 0.1344237464169661, 0.13391212276790454, 0.1342037388911614, 0.13331016153097153, 0.13310644843361594, 0.132967247068882, 0.13337660523561332, 0.13387161628766495, 0.13371860794723034, 0.13425035950015574, 0.13384304263375021, 0.1337946742773056, 0.13372112418475904, 0.133763287961483, 0.13459269925951958, 0.13393089547753334, 0.13415837536255518, 0.13400822381178537, 0.13368403652439947, 0.13356487080454826, 0.1350686267018318, 0.1331743597984314, 0.13340075952666147, 0.13373211229389365, 0.13365491665899754, 0.13315817713737488, 0.1331233179027384, 0.13375198521784373, 0.13367093106110892, 0.1339733648300171, 0.1339746117591858, 0.13296222686767578, 0.13510853797197342, 0.13423177897930144, 0.13385676294565202, 0.13435440375046295, 0.13367196255260044, 0.1339665005604426, 0.13413325900381262, 0.13435675203800201, 0.13426114039288628, 0.13395635814082865, 0.13327185114224752, 0.1339263415336609, 0.13387125053189017, 0.13444124162197113, 0.13358695263212378, 0.13413247872482648, 0.1342626401911611, 0.13365323096513748, 0.13365991562604904, 0.13398477931817374, 0.13443146760647112, 0.1336468607187271, 0.13353420531048493, 0.13390870889027914, 0.13386745838557973, 0.133734953072336, 0.1332999337464571, 0.13444956485182047, 0.1340235968430837, 0.13399160156647363, 0.13390660087267559, 0.13394266366958618, 0.1345607734152249, 0.13393862918019295, 0.13418161620696387, 0.133731270475047, 0.1350784202416738, 0.1334012284874916, 0.1340070211639007, 0.13387807932767, 0.13355295774009493, 0.13422023008267084, 0.13385942112654448, 0.13335335680416652, 0.1337978234514594, 0.1340228423476219, 0.13430665731430053, 0.13366078159638814, 0.13337967668970427, 0.1337521421281915, 0.13344903640887318, 0.13389818072319032, 0.13413748280568558, 0.13343857548066548, 0.13370836927340582, 0.13345537036657334, 0.13293980291256538, 0.13403660714626311, 0.133991235180905, 0.13421662598848344, 0.1343710094690323, 0.13393048467961224, 0.13335604694756595, 0.13319197595119475, 0.13410254261072943, 0.13380921259522438, 0.13343627926181345, 0.1342568535071153, 0.13419111935715927, 0.13396728912304187, 0.13485380510489145, 0.13409480346100672, 0.13382857464827025, 0.1333031737142139, 0.13400574372364923, 0.1338292270898819, 0.13340832731303046, 0.13328179121017455, 0.13387020118534565, 0.13389376136991712, 0.13441389302412668, 0.13419699581230388, 0.13334555146486862, 0.13351893424987793, 0.13423162326216698, 0.13419771777546924, 0.13394061600168547, 0.13406062498688698, 0.13339278964619888, 0.1343176310712641, 0.13381619345058093, 0.13500007707625628, 0.13423511013388634, 0.1333312297409231, 0.1343308064070615, 0.13400269831929887, 0.13424841223693476, 0.13371723310814965, 0.1341322921216488, 0.13416172750294209, 0.13294966518878937, 0.133786034903356, 0.13370629005572376, 0.13390461438232, 0.1338415455359679, 0.13365809512989862, 0.13454008847475052, 0.13394678135712942, 0.13458229282072612, 0.1343713492155075, 0.13342972430917951, 0.1343957492533852, 0.13351377348105112, 0.1342182099013715, 0.13335238595803578, 0.13494352698326112, 0.13389113201544836, 0.13348367967103658, 0.13445324574907622, 0.13344418363911764, 0.13422834873199463, 0.1335742043124305, 0.13447371354469886, 0.13375924798575314, 0.13376703237493834, 0.13378360632218814, 0.13375013548394907, 0.13434663083818224, 0.1330033024916282, 0.13384136131831578, 0.13415155932307243, 0.1339430192654783, 0.13384759591685402, 0.13410998433828353, 0.1335502532310784, 0.13297184680898985, 0.1337259380440963, 0.1337258051271024, 0.13334628076929794, 0.13367971032857895, 0.13405710657437642, 0.13403654098510742, 0.13383371258775392, 0.13380607962608337, 0.13382852872212728, 0.13419143259525299, 0.1339256212115288, 0.1338800432590338, 0.1334801268848506, 0.13429169936312568, 0.13379567265510559, 0.13390429566303888, 0.13431375622749328, 0.13361717760562897, 0.13337036967277527, 0.1336315616965294, 0.13489239911238352, 0.1339937373995781, 0.13467612470451154, 0.13386389911174773, 0.13405585371785694, 0.13405675760337285, 0.13405635265203622, 0.13407597899436952, 0.1339356740936637, 0.13439322320314553, 0.13366003370866542, 0.13368263244628906, 0.1339755430817604, 0.1337109183271726, 0.1333918927444352, 0.13400989983763015, 0.1337590480321332, 0.13435050596793494, 0.1333550175031026, 0.1344195557758212, 0.13355227477020687, 0.13451818923155467, 0.13417591154575348, 0.13447149925761753, 0.13426134785016378, 0.13312802587946257, 0.13351554671923319, 0.1337403180077672, 0.134214586019516, 0.13350366950035095, 0.13458193838596344, 0.1344703396684245, 0.1335447309538722, 0.13362854421138765, 0.13385079625774832, 0.13391480933536182, 0.13448572846559378, 0.13413840383291245, 0.1342356285223594, 0.13426455855369568, 0.13476861889163652, 0.13374289192936636, 0.13368475809693336, 0.13322303146123887, 0.13414612587760477, 0.134182096272707, 0.13400554343273766, 0.13452760768788202, 0.13432547201712927, 0.13431158311226787, 0.13442016517122587, 0.13455938398838044, 0.13362544775009155, 0.133648076819049, 0.13422002440149133, 0.13381884678413994, 0.13391306154105975, 0.13380218148231507, 0.13379562728934818, 0.13363890891725366, 0.13329508900642395, 0.13391583959261577, 0.1335829577662728, 0.13422944065597323, 0.1338841679195563, 0.1338800104225383, 0.13407679895559946, 0.1341263386938307, 0.13481680386596256, 0.1339765268823375, 0.13377360450594047, 0.13420123674652792, 0.1345601420510899, 0.13418483833471934, 0.13370972219854593, 0.13419273921421596, 0.13397659212350846, 0.13372777975522554, 0.13367387652397156, 0.13423552168043038, 0.1337821078300476, 0.13430991910752796, 0.1336912527680397, 0.13351448199578694, 0.1337196994572878, 0.13448188530987706, 0.1339800317179073, 0.13366144624623386, 0.13332984815625584, 0.13399687538976254, 0.13395579226992346, 0.1338282608323627, 0.13381118680301465, 0.1340739560815004, 0.1339455114470588, 0.13394083976745605, 0.13494092375040054, 0.1340916285912196, 0.1341557882048867, 0.134005660429979, 0.13424289921919505, 0.13376284018158913, 0.13388065555516412, 0.13331670314073563, 0.13347352076979244, 0.1340715644451288, 0.13370858960681492, 0.1343783363699913, 0.13352119080398395, 0.1338756666942076, 0.13347777475913367, 0.13377349451184273, 0.13416914522647858, 0.13342352584004402, 0.1337486431002617, 0.13338224403560162, 0.13361735393603644, 0.13425872813571582, 0.13356360213624108, 0.13424814268946647, 0.1335500620305538, 0.1340615866439683, 0.13403237164020537, 0.13406988398896325, 0.13355601131916045, 0.13389622122049333, 0.13401832396075838, 0.13355765704597747, 0.13397716813617283, 0.13451425595716995, 0.1346016403506784, 0.13398644599047574, 0.13362373560667037, 0.13345007279089519, 0.13375504773396713, 0.1330666646361351, 0.1339929090304808, 0.1339568728581071, 0.13434286322444677, 0.13421133855978648, 0.13400039686398071, 0.13444920361042023, 0.1337694881690873, 0.13372427821159363, 0.13382218572600135, 0.1329004794359207, 0.1337597702558224, 0.13384927338675448, 0.13437448848377576, 0.13366254099777766, 0.1334100936849912, 0.13343573184240431, 0.13407185673713684, 0.13342660665512085, 0.13356026709079744, 0.13366365619003773, 0.13373556119554184, 0.134198459982872, 0.13335671056719386, 0.13277791564663252, 0.13359853341465905, 0.13323402603467305, 0.13477070900526913, 0.1335093221730656, 0.1343611091375351, 0.13446751343352453, 0.1343755583677973, 0.13383732207359805, 0.13338026675311002, 0.1340478275503431, 0.13411907023853725, 0.1341892735046499, 0.1340293992649425, 0.13326492309570312, 0.1332238182425499, 0.13431221023201942, 0.1337937019765377, 0.13340318016707897, 0.13536357283592224, 0.13403813434498651, 0.13345545415694898, 0.13368928015232087, 0.1341712512075901, 0.13418561220169067, 0.13330068870594627, 0.1337052807211876, 0.13359342329204082, 0.13385012447834016, 0.13367283229644483, 0.13447430729866028, 0.13340405155630672, 0.13411379649358637, 0.13314927518367767, 0.13463615287433972, 0.1335690671747381, 0.13373981912930807, 0.13384710538845795, 0.13402790895530156, 0.13362722347180048, 0.1333392973129566, 0.13368744403123856, 0.1340471479025754, 0.13353022336959838, 0.13410136645490472, 0.13437502628022974, 0.13354228561123213, 0.13356462121009827, 0.13354746252298355, 0.13401672817193544, 0.13331666724248367, 0.13418637641838618, 0.1339922777631066, 0.13380498921169953, 0.13434209525585175, 0.134595288336277, 0.1335873720901353, 0.13348262161016464, 0.13424864411354065, 0.13427889697691975, 0.13392150004704792, 0.13399269431829453, 0.13439919650554658, 0.13373499612013498, 0.13361358184080857, 0.13383039290254767, 0.13318300048510234, 0.13344518343607584, 0.13385788516865837, 0.1333276242017746, 0.13365026350532258, 0.1342132740160998, 0.13342711464925247, 0.13330693084460038, 0.13389471631783706, 0.13404723053628748, 0.1334794776307212, 0.13406512141227722, 0.1332947462797165, 0.13395904283970594, 0.13423856829895692, 0.13438968174159527, 0.13361717561880748, 0.13367354477706708, 0.13400494916872543, 0.13395285233855247, 0.13432849049568177, 0.13372064381837845, 0.13358148808280626, 0.13329168291468368, 0.13396002173423768, 0.13430196874671513, 0.13464669997875506, 0.1336003616452217, 0.1332714170217514, 0.1342615173621611, 0.13411264905804082, 0.1338589599599009, 0.13388741486950925, 0.13335293233394624, 0.13417010919915306, 0.13363579030220324, 0.13416804373264313, 0.13331881165504456, 0.1340614308913549, 0.1340146375199159, 0.13390841157663436, 0.13383339783724615, 0.13331136604150137, 0.13410282731056214, 0.133313233202154, 0.13368372754617172, 0.13441839441657066, 0.13330653144253624, 0.13403034548867832, 0.13354758120008878, 0.1334542751312256, 0.13341320554415384, 0.13387088169311656, 0.13431604305903116, 0.1345690477352876, 0.13382851878801982, 0.13403007574379444, 0.13408098295331, 0.13398899932702382, 0.13401013612747192, 0.13344759047031401, 0.13403393769705738, 0.1339290164411068, 0.13366545289754866, 0.13371419055121286, 0.1336968997793813, 0.13363473862409592, 0.13373899176007226, 0.13350562980541816, 0.13370070829987526, 0.13421267377478735, 0.13349346952004867, 0.1330451572483236, 0.13391128281752268, 0.13418245501816273, 0.13346176677280003, 0.1343554824590683, 0.13403084998329481, 0.13392146304249763, 0.133990894143398, 0.13381561636924744, 0.13318800113417886, 0.13413754241033035, 0.13391288220882416, 0.13432312366508303, 0.1337428738673528, 0.13335581649752223, 0.13375750601291655, 0.13412515277212317, 0.13406221568584442, 0.1348339095711708, 0.13350198542078337, 0.13384440149131574, 0.1339761926792562, 0.1339055895805359, 0.13345472067594527, 0.1345910384104802, 0.13398243561387063, 0.1333032175898552, 0.13392950097719827, 0.13331539928913116, 0.13410521919528642, 0.13500729904455297, 0.13328891450708563, 0.13376187421381475, 0.13386109843850136, 0.13438776845023745, 0.13430503904819488, 0.1333503653605779, 0.13318885167439778, 0.13383792221546173, 0.1339965094538296, 0.13419763202017004, 0.1334174465049397, 0.1342577568509362, 0.1336096359623803, 0.1345818191766739, 0.1339097574353218, 0.1342620810395793, 0.13333123390163695, 0.13392009528783652, 0.13385535099289633, 0.13343612663447857, 0.1344946108081124, 0.13368770533374377, 0.13383227884769439, 0.13394440033219077, 0.1335381303842251, 0.13329530304128473, 0.13354052838526273, 0.13342851936817168, 0.13373663425445556, 0.1342666856944561, 0.1341249027422496, 0.13347539176111636, 0.13333042746498472, 0.13352371616797012, 0.13366770020553043, 0.1339354095133868, 0.13295908868312836, 0.13311519541523673, 0.1341953232884407, 0.13400466536933725, 0.13398808666637965, 0.13397857149442036, 0.13336832414973865, 0.13347106178601584, 0.1339605129078815, 0.13383781909942627, 0.13340725600719452, 0.13355510930220285, 0.1340638277205554, 0.13434448025443338, 0.1333857923746109, 0.13398938046561348, 0.13399576076439448, 0.1340645469725132, 0.13337377745371598, 0.13353140776356062, 0.13365609829242414, 0.1334553821520372, 0.1339149996638298, 0.13420898114380084, 0.13333497941493988, 0.1335533748070399, 0.13424548413604498, 0.1335732000214713, 0.1332862236920525, 0.13459144433339437, 0.13399828491466387, 0.13433117550962112, 0.1338449807630645, 0.13354193351485513, 0.1334557760020961, 0.13388358467611775, 0.13339351812998454, 0.13390805640003897, 0.13327085159041666, 0.1337188702562581, 0.13347155451774598, 0.1335224775891555, 0.13451622277498246, 0.13386692758649588, 0.13423668940862019, 0.13382593262940645, 0.13345711745999075, 0.13423252757638693, 0.13462546318769456, 0.13363399218629907, 0.13407435742291537, 0.1338486498402011, 0.13325369708678303, 0.13413084191935404, 0.13395106677825636, 0.13358801503976186, 0.13352763865675246, 0.1336186332137961, 0.13316638643542925, 0.13411354356341892, 0.13408770240270174, 0.13345980734536142, 0.13371671322319242, 0.13443727081730253, 0.13479377558598152, 0.13418727155242646, 0.13389715272933245, 0.13329859880300668, 0.13409723341464996, 0.1341250240802765, 0.1343395176033179, 0.1339988551206059, 0.13379804466081702, 0.13405457245452063, 0.13355576992034912, 0.13320878479215834, 0.13391218955318132, 0.13368736021220684, 0.13391008566726337, 0.13327391581101852, 0.1343220267444849, 0.13408081382513046, 0.13357836709303014, 0.1343341725213187, 0.13346939616733128, 0.13381362080574036, 0.13400954981239474, 0.13401654625640197, 0.13363682904413768, 0.13327967524528503, 0.13345198705792427, 0.1338854394853115, 0.13412133130160245, 0.1341701475056735, 0.13472441651604392, 0.13361991542141613, 0.1336281214441572, 0.13413814168709975, 0.13382988274097443, 0.13389204213252434, 0.13331502037388937, 0.13338432289086855, 0.1333428563979956, 0.13389647006988525, 0.13420372794974933, 0.1343835970530143, 0.13378888782527712, 0.13363433848409093, 0.13431036306752098, 0.1346879912459332, 0.1350339651107788, 0.1336550277013045, 0.13328031823039055, 0.13368850133635782, 0.13413316362044392, 0.13487486221960612, 0.13373841252177954, 0.13354442784419426, 0.13446390256285667, 0.13479455773319518, 0.1338892936706543, 0.13390835202657259, 0.1336431619193819, 0.1336425312540748, 0.13390685038434136, 0.13505438782952048, 0.13418425930043062, 0.1332783723870913, 0.1346548261741797, 0.13394188582897187, 0.13337183793385823, 0.13367124199867247, 0.1331929974257946, 0.13448897681453012, 0.13400244216124216, 0.13420251863343374, 0.1339586454629898, 0.13378891692711756, 0.13342337475882637, 0.1332495255129678, 0.1341118464867274, 0.1342203893831798, 0.13415012136101723, 0.13440415398641067, 0.1347202290506924, 0.13292736627838828, 0.13424315750598909, 0.1338602513074875, 0.13430971474874587, 0.13375699584898743, 0.1339487781127294, 0.13388132642615924, 0.13362734268109003, 0.13446164663348878, 0.13433181437162253, 0.13385841513381286, 0.1339417944351832, 0.1342426887468288, 0.1345215638478597, 0.134573213317815, 0.13562179853518805, 0.13428006983465618, 0.13401362419128418, 0.13348398289897226, 0.13455132047335308, 0.1333779121438662, 0.13356853663921356, 0.1334847928239749, 0.13376976000635246, 0.13481956968704858, 0.13322815434499222, 0.1330751488606135, 0.1338308945298195, 0.1338555047224308, 0.133938050866127, 0.13454295694828033, 0.13369997929443012, 0.133830626308918, 0.1348008612791697, 0.1339789740741253, 0.13398740334170206, 0.13317822190848264, 0.13289849311113358, 0.13482690188619825, 0.13343374729156493, 0.13349144326315987, 0.13367895657817522, 0.13398890383541584, 0.13469405919313432, 0.1339941381112389, 0.13428582747777304, 0.13338768016546965, 0.13367937640710312, 0.13403474965265819, 0.13364406781537191, 0.13378309135635694, 0.13334013124306995, 0.1334211012491813, 0.1332809031009674, 0.13400569877454213, 0.1338992425137096, 0.13479793071746826, 0.1337013217535886, 0.13368662578218124, 0.1340326495744564, 0.1338427372276783, 0.13347113476349756, 0.1339385323226452, 0.13364377004258773, 0.1341206669807434, 0.1341720126245333, 0.1336558386683464, 0.13462906988228068, 0.13397643715143204, 0.1345862386127313, 0.13403171226382254, 0.13336465656757354, 0.13433785637219747, 0.13349605848391852, 0.13398505912886727, 0.13359972756159932, 0.13375307619571686, 0.13431123816050017, 0.1343004134568301, 0.13389396568139394, 0.13377391125844873, 0.13398817723447626, 0.13419607959010385, 0.1337508468164338, 0.13367803543806075, 0.13331011208620938, 0.1337896976619959, 0.13324667364358903, 0.13300586491823196, 0.1337281476992827, 0.13226124197244643, 0.13401945531368256, 0.13350190680760604, 0.13320451974868774, 0.13443750739097596, 0.134396707373006, 0.133536633849144, 0.13433739377392662, 0.13445745016399183, 0.1341988444328308, 0.13319676572626288, 0.13418633192777635, 0.13409664034843444, 0.13401554312024797, 0.13342925012111664, 0.13358872135480246, 0.13411502811041745, 0.13390867598354816, 0.13375513348728418, 0.13364100669111525, 0.1338797646264235, 0.13421663145224252, 0.1335457851489385, 0.13358508364150398, 0.13419599143358377, 0.13383053649555554, 0.13440163220678056, 0.13314211139312157, 0.13457936917742094, 0.134271040558815, 0.13408199614948696, 0.13403140810819772, 0.1340925178744576, 0.1338121360167861, 0.13321885360138758, 0.1334260878237811, 0.13421707352002463, 0.13339780213741156, 0.13330793678760527, 0.1338687099516392, 0.1331841444427317, 0.13360253365143485, 0.13393509324560773, 0.13379840925335884, 0.13339362144470215]}