('OC-FakeDect1 (Trained on AVG Dataset)               \nTested on AVG CDFv2 Dataset               \nRunning Average Evaluation', 'OC-FakeDect1_AVG', 'AVG', 'OC-FakeDect1_AVG_raeonAVG')
auroc=0.5094765138653085
f1=0.6708351942831621
prec=0.9226044226044227
recall=0.5270175438596492

fpr=[0.0, 0.5080645161290323, 1.0]

tpr=[0.0, 0.5270175438596492, 1.0]

y_true=[0, 0, 0, 0, 0, 0, 0, 0, 0, 0, 0, 0, 0, 0, 0, 0, 0, 0, 0, 0, 0, 0, 0, 0, 0, 0, 0, 0, 0, 0, 0, 0, 0, 0, 0, 0, 0, 0, 0, 0, 0, 0, 0, 0, 0, 0, 0, 0, 0, 0, 0, 0, 0, 0, 0, 0, 0, 0, 0, 0, 0, 0, 0, 0, 0, 0, 0, 0, 0, 0, 0, 0, 0, 0, 0, 0, 0, 0, 0, 0, 0, 0, 0, 0, 0, 0, 0, 0, 0, 0, 0, 0, 0, 0, 0, 0, 0, 0, 0, 0, 0, 0, 0, 0, 0, 0, 0, 0, 0, 0, 0, 0, 0, 0, 0, 0, 0, 0, 0, 0, 0, 0, 0, 0, 1, 1, 1, 1, 1, 1, 1, 1, 1, 1, 1, 1, 1, 1, 1, 1, 1, 1, 1, 1, 1, 1, 1, 1, 1, 1, 1, 1, 1, 1, 1, 1, 1, 1, 1, 1, 1, 1, 1, 1, 1, 1, 1, 1, 1, 1, 1, 1, 1, 1, 1, 1, 1, 1, 1, 1, 1, 1, 1, 1, 1, 1, 1, 1, 1, 1, 1, 1, 1, 1, 1, 1, 1, 1, 1, 1, 1, 1, 1, 1, 1, 1, 1, 1, 1, 1, 1, 1, 1, 1, 1, 1, 1, 1, 1, 1, 1, 1, 1, 1, 1, 1, 1, 1, 1, 1, 1, 1, 1, 1, 1, 1, 1, 1, 1, 1, 1, 1, 1, 1, 1, 1, 1, 1, 1, 1, 1, 1, 1, 1, 1, 1, 1, 1, 1, 1, 1, 1, 1, 1, 1, 1, 1, 1, 1, 1, 1, 1, 1, 1, 1, 1, 1, 1, 1, 1, 1, 1, 1, 1, 1, 1, 1, 1, 1, 1, 1, 1, 1, 1, 1, 1, 1, 1, 1, 1, 1, 1, 1, 1, 1, 1, 1, 1, 1, 1, 1, 1, 1, 1, 1, 1, 1, 1, 1, 1, 1, 1, 1, 1, 1, 1, 1, 1, 1, 1, 1, 1, 1, 1, 1, 1, 1, 1, 1, 1, 1, 1, 1, 1, 1, 1, 1, 1, 1, 1, 1, 1, 1, 1, 1, 1, 1, 1, 1, 1, 1, 1, 1, 1, 1, 1, 1, 1, 1, 1, 1, 1, 1, 1, 1, 1, 1, 1, 1, 1, 1, 1, 1, 1, 1, 1, 1, 1, 1, 1, 1, 1, 1, 1, 1, 1, 1, 1, 1, 1, 1, 1, 1, 1, 1, 1, 1, 1, 1, 1, 1, 1, 1, 1, 1, 1, 1, 1, 1, 1, 1, 1, 1, 1, 1, 1, 1, 1, 1, 1, 1, 1, 1, 1, 1, 1, 1, 1, 1, 1, 1, 1, 1, 1, 1, 1, 1, 1, 1, 1, 1, 1, 1, 1, 1, 1, 1, 1, 1, 1, 1, 1, 1, 1, 1, 1, 1, 1, 1, 1, 1, 1, 1, 1, 1, 1, 1, 1, 1, 1, 1, 1, 1, 1, 1, 1, 1, 1, 1, 1, 1, 1, 1, 1, 1, 1, 1, 1, 1, 1, 1, 1, 1, 1, 1, 1, 1, 1, 1, 1, 1, 1, 1, 1, 1, 1, 1, 1, 1, 1, 1, 1, 1, 1, 1, 1, 1, 1, 1, 1, 1, 1, 1, 1, 1, 1, 1, 1, 1, 1, 1, 1, 1, 1, 1, 1, 1, 1, 1, 1, 1, 1, 1, 1, 1, 1, 1, 1, 1, 1, 1, 1, 1, 1, 1, 1, 1, 1, 1, 1, 1, 1, 1, 1, 1, 1, 1, 1, 1, 1, 1, 1, 1, 1, 1, 1, 1, 1, 1, 1, 1, 1, 1, 1, 1, 1, 1, 1, 1, 1, 1, 1, 1, 1, 1, 1, 1, 1, 1, 1, 1, 1, 1, 1, 1, 1, 1, 1, 1, 1, 1, 1, 1, 1, 1, 1, 1, 1, 1, 1, 1, 1, 1, 1, 1, 1, 1, 1, 1, 1, 1, 1, 1, 1, 1, 1, 1, 1, 1, 1, 1, 1, 1, 1, 1, 1, 1, 1, 1, 1, 1, 1, 1, 1, 1, 1, 1, 1, 1, 1, 1, 1, 1, 1, 1, 1, 1, 1, 1, 1, 1, 1, 1, 1, 1, 1, 1, 1, 1, 1, 1, 1, 1, 1, 1, 1, 1, 1, 1, 1, 1, 1, 1, 1, 1, 1, 1, 1, 1, 1, 1, 1, 1, 1, 1, 1, 1, 1, 1, 1, 1, 1, 1, 1, 1, 1, 1, 1, 1, 1, 1, 1, 1, 1, 1, 1, 1, 1, 1, 1, 1, 1, 1, 1, 1, 1, 1, 1, 1, 1, 1, 1, 1, 1, 1, 1, 1, 1, 1, 1, 1, 1, 1, 1, 1, 1, 1, 1, 1, 1, 1, 1, 1, 1, 1, 1, 1, 1, 1, 1, 1, 1, 1, 1, 1, 1, 1, 1, 1, 1, 1, 1, 1, 1, 1, 1, 1, 1, 1, 1, 1, 1, 1, 1, 1, 1, 1, 1, 1, 1, 1, 1, 1, 1, 1, 1, 1, 1, 1, 1, 1, 1, 1, 1, 1, 1, 1, 1, 1, 1, 1, 1, 1, 1, 1, 1, 1, 1, 1, 1, 1, 1, 1, 1, 1, 1, 1, 1, 1, 1, 1, 1, 1, 1, 1, 1, 1, 1, 1, 1, 1, 1, 1, 1, 1, 1, 1, 1, 1, 1, 1, 1, 1, 1, 1, 1, 1, 1, 1, 1, 1, 1, 1, 1, 1, 1, 1, 1, 1, 1, 1, 1, 1, 1, 1, 1, 1, 1, 1, 1, 1, 1, 1, 1, 1, 1, 1, 1, 1, 1, 1, 1, 1, 1, 1, 1, 1, 1, 1, 1, 1, 1, 1, 1, 1, 1, 1, 1, 1, 1, 1, 1, 1, 1, 1, 1, 1, 1, 1, 1, 1, 1, 1, 1, 1, 1, 1, 1, 1, 1, 1, 1, 1, 1, 1, 1, 1, 1, 1, 1, 1, 1, 1, 1, 1, 1, 1, 1, 1, 1, 1, 1, 1, 1, 1, 1, 1, 1, 1, 1, 1, 1, 1, 1, 1, 1, 1, 1, 1, 1, 1, 1, 1, 1, 1, 1, 1, 1, 1, 1, 1, 1, 1, 1, 1, 1, 1, 1, 1, 1, 1, 1, 1, 1, 1, 1, 1, 1, 1, 1, 1, 1, 1, 1, 1, 1, 1, 1, 1, 1, 1, 1, 1, 1, 1, 1, 1, 1, 1, 1, 1, 1, 1, 1, 1, 1, 1, 1, 1, 1, 1, 1, 1, 1, 1, 1, 1, 1, 1, 1, 1, 1, 1, 1, 1, 1, 1, 1, 1, 1, 1, 1, 1, 1, 1, 1, 1, 1, 1, 1, 1, 1, 1, 1, 1, 1, 1, 1, 1, 1, 1, 1, 1, 1, 1, 1, 1, 1, 1, 1, 1, 1, 1, 1, 1, 1, 1, 1, 1, 1, 1, 1, 1, 1, 1, 1, 1, 1, 1, 1, 1, 1, 1, 1, 1, 1, 1, 1, 1, 1, 1, 1, 1, 1, 1, 1, 1, 1, 1, 1, 1, 1, 1, 1, 1, 1, 1, 1, 1, 1, 1, 1, 1, 1, 1, 1, 1, 1, 1, 1, 1, 1, 1, 1, 1, 1, 1, 1, 1, 1, 1, 1, 1, 1, 1, 1, 1, 1, 1, 1, 1, 1, 1, 1, 1, 1, 1, 1, 1, 1, 1, 1, 1, 1, 1, 1, 1, 1, 1, 1, 1, 1, 1, 1, 1, 1, 1, 1, 1, 1, 1, 1, 1, 1, 1, 1, 1, 1, 1, 1, 1, 1, 1, 1, 1, 1, 1, 1, 1, 1, 1, 1, 1, 1, 1, 1, 1, 1, 1, 1, 1, 1, 1, 1, 1, 1, 1, 1, 1, 1, 1, 1, 1, 1, 1, 1, 1, 1, 1, 1, 1, 1, 1, 1, 1, 1, 1, 1, 1, 1, 1, 1, 1, 1, 1, 1, 1, 1, 1, 1, 1, 1, 1, 1, 1, 1, 1, 1, 1, 1, 1, 1, 1, 1, 1, 1, 1, 1, 1, 1, 1, 1, 1, 1, 1, 1, 1, 1, 1, 1, 1, 1, 1, 1, 1, 1, 1, 1, 1, 1, 1, 1, 1, 1, 1, 1, 1, 1, 1, 1, 1, 1, 1, 1, 1, 1, 1, 1, 1, 1, 1, 1, 1, 1, 1, 1, 1, 1, 1, 1, 1, 1, 1, 1, 1, 1, 1, 1, 1, 1, 1, 1, 1, 1, 1, 1, 1, 1, 1, 1, 1, 1, 1, 1, 1, 1, 1, 1, 1, 1, 1, 1, 1, 1, 1, 1, 1, 1, 1, 1, 1, 1, 1, 1, 1, 1, 1, 1, 1, 1, 1, 1, 1, 1, 1, 1, 1, 1, 1, 1, 1, 1, 1, 1, 1, 1, 1, 1, 1, 1, 1, 1, 1, 1, 1, 1, 1, 1, 1, 1, 1, 1, 1, 1, 1, 1, 1, 1, 1, 1, 1, 1, 1, 1, 1, 1, 1, 1, 1, 1, 1, 1, 1, 1, 1, 1, 1, 1, 1, 1, 1, 1, 1, 1, 1, 1, 1, 1, 1, 1, 1, 1, 1, 1, 1, 1, 1, 1, 1, 1, 1, 1, 1, 1, 1, 1, 1, 1, 1, 1, 1, 1, 1, 1, 1, 1, 1, 1, 1, 1, 1, 1, 1, 1, 1, 1, 1, 1, 1, 1, 1, 1, 1, 1, 1, 1, 1, 1, 1, 1, 1, 1, 1, 1, 1, 1, 1, 1, 1, 1, 1, 1, 1, 1, 1, 1, 1, 1, 1, 1, 1, 1, 1, 1, 1, 1, 1, 1, 1]

y_pred=[0.22267548143863677, 0.22240838557481765, 0.22239335152235898, 0.22304313498384812, 0.2218857929110527, 0.2218450794617335, 0.2215153522351209, 0.2201083759466807, 0.2200042406717936, 0.2216974847456988, 0.21934817305633, 0.22265471890568733, 0.22067470997571945, 0.22271864928982474, 0.2208738738999647, 0.2212437242269516, 0.22229885160923005, 0.22195347677916288, 0.22098605458935103, 0.22135979813687942, 0.22132170821229616, 0.2222852281161717, 0.2210528010671789, 0.2220018610358238, 0.2200357277284969, 0.22061913162469865, 0.21973513513803483, 0.22069639414548875, 0.22119901701807976, 0.2216330778140288, 0.22058530151844025, 0.22038823241988817, 0.22231109325702375, 0.22140837833285332, 0.22020858277877173, 0.22309127856384625, 0.22177770584821702, 0.22162313312292098, 0.22135927230119706, 0.22177733887325635, 0.2218897961653196, 0.22149182856082916, 0.2216659499840303, 0.22234825193881988, 0.2223575155843388, 0.22029761970043182, 0.22323511044184366, 0.22083680438143866, 0.22083880820057608, 0.22098430693149568, 0.2201442069867078, 0.22143731415271758, 0.22012356038276965, 0.22038954962044954, 0.22179217139879862, 0.22061069309711456, 0.22250592250090379, 0.22210566302140552, 0.22137536796239707, 0.22296384615557535, 0.2214058768004179, 0.22083293348550798, 0.22118310367359834, 0.21975460190039414, 0.2208539034639086, 0.2216191068291664, 0.22218153004844984, 0.2226319139202436, 0.22063510119915009, 0.2209798738360405, 0.22233625998099646, 0.22239136099815368, 0.22078722101800582, 0.22261404991149902, 0.22056251068909963, 0.21908040717244148, 0.22184894659689494, 0.22088833898305893, 0.22092906665056944, 0.22056572139263153, 0.2221993116232065, 0.2210016039510568, 0.22270245750745138, 0.22246849164366722, 0.22237925430138905, 0.22109045883019765, 0.22093655727803707, 0.22128649801015854, 0.22219047056777136, 0.22070233424504598, 0.22269705832004547, 0.2218258764062609, 0.2186851605772972, 0.22135457675904036, 0.22219461798667908, 0.2207618529597918, 0.22216645672040827, 0.22266746126115322, 0.22181032995382946, 0.22076757366840655, 0.22148164808750154, 0.22000314066043267, 0.2202365939554415, 0.22186305870612463, 0.22121295664045545, 0.22173140943050385, 0.22125305235385895, 0.22072439226839277, 0.2211798783391714, 0.22117850184440613, 0.22127300926617213, 0.22104773154625526, 0.22146931952900356, 0.2223734438419342, 0.22346549232800803, 0.22197844783465068, 0.22190512015539057, 0.2197099534364847, 0.22054151280058754, 0.2213112860918045, 0.22137243782772736, 0.22047201792399088, 0.2215033785292977, 0.22360236942768097, 0.2199138085047404, 0.22163873314857482, 0.22205665707588196, 0.22219964160638697, 0.22069548815488815, 0.22215484082698822, 0.22119379043579102, 0.2209054450194041, 0.22211099962393444, 0.22225727666826808, 0.2216553936402003, 0.22085178792476653, 0.22213933142748746, 0.21998020393006942, 0.2211488793293635, 0.2210355479927624, 0.22045683364073435, 0.22111104867037604, 0.22166886428991953, 0.2217216894030571, 0.22139170494946567, 0.22236621555160074, 0.2211775670448939, 0.22312436647274914, 0.2212249924739202, 0.22160862123264985, 0.2213649074236552, 0.2220317080616951, 0.22012667764316907, 0.22282075794304118, 0.22256104052066802, 0.22189909716447195, 0.2209959626197815, 0.2204939196507136, 0.22251161144060247, 0.220898441473643, 0.22203830629587173, 0.2206879366527904, 0.22200056822860942, 0.22193420827388763, 0.22141613066196442, 0.2216326629414278, 0.22083353300889333, 0.22089329975492814, 0.2226940522591273, 0.22133512794971466, 0.2208842865445397, 0.21970895379781724, 0.22214265366395314, 0.2209829787413279, 0.2213323414325714, 0.22131522993246713, 0.22243389636278152, 0.22108647498217496, 0.2230017684838351, 0.2200314909219742, 0.22181789676348368, 0.22153287775376262, 0.2223229746023814, 0.2209856261809667, 0.22240046543233535, 0.22107127408186594, 0.22174884378910065, 0.22060349854555997, 0.22166077354375055, 0.2200262427330017, 0.22093696097532908, 0.22232314768959494, 0.22008990248044333, 0.22069153487682341, 0.22103948452893427, 0.22152448296546937, 0.22062807232141496, 0.22089351307262073, 0.22100180562804728, 0.22146182060241698, 0.22107781767845153, 0.221471509512733, 0.2211005061864853, 0.22111205259958902, 0.22098122098866632, 0.21981388131777446, 0.22150224149227143, 0.22198920900171454, 0.2202017631600885, 0.2222552105784416, 0.22145111759503683, 0.2214808472815682, 0.2230943500995636, 0.2217836558818817, 0.2211515956065234, 0.22167116304238638, 0.22267771661281585, 0.22270806404677304, 0.22180253354942098, 0.22091979235410691, 0.2219233940045039, 0.2226067387005862, 0.22202024915639093, 0.22122355699539184, 0.2216093897819519, 0.2204057967120951, 0.2218910113853567, 0.22206850747267406, 0.22100427834426656, 0.22062587936719258, 0.2216446205973625, 0.21977534619244662, 0.22167733925230362, 0.22048970659573872, 0.22092542753500097, 0.22195864121119183, 0.22117287715276082, 0.22223809624419494, 0.2203237364689509, 0.22157145589590072, 0.22004983641884543, 0.22088497614159303, 0.221004918217659, 0.222067791223526, 0.22086957935243845, 0.2209076943496863, 0.2210258444150289, 0.22159076780080794, 0.22148267111995004, 0.2204653962570078, 0.21957461684942245, 0.21984463930130005, 0.2216270947828889, 0.2216034916539987, 0.22025865813096365, 0.21904706060886384, 0.22171420400792902, 0.22247615193619447, 0.221498304605484, 0.22131752073764802, 0.2205497995018959, 0.21915909523765245, 0.2217822422583898, 0.22303156852722167, 0.2208133881742304, 0.22130251719671137, 0.22113359570503235, 0.22187651097774505, 0.22105472907423973, 0.22088132053613663, 0.22046596513074987, 0.22153586691076105, 0.22134548957858766, 0.22075674750588156, 0.21972511559724808, 0.22175284136425366, 0.22039968371391297, 0.2214510053396225, 0.2214230179786682, 0.22141542161504427, 0.22259105741977692, 0.22086891802874478, 0.2206441771525603, 0.2225934974849224, 0.2214807556434111, 0.22261233031749725, 0.22313072234392167, 0.22139386956890425, 0.2212940351321147, 0.22026117394367853, 0.221012681722641, 0.22066546529531478, 0.2215113639831543, 0.22226816713809966, 0.22169337760318408, 0.22060461071404544, 0.22181358120658182, 0.22060606777668, 0.22082748810450237, 0.22141471306482952, 0.2214123119910558, 0.22096756714231827, 0.22152950557378623, 0.2215783279389143, 0.22094382345676422, 0.220414554530924, 0.22014570923951957, 0.2206887738271193, 0.221849033778364, 0.22057269364595414, 0.2218419313430786, 0.22056860029697417, 0.22186555926288878, 0.22309165298938752, 0.2214467911159291, 0.22101418767124414, 0.22218860536813737, 0.2207712158560753, 0.22130300477147102, 0.21972714066505433, 0.22162703252755678, 0.2214077738198367, 0.22234714244093215, 0.2208456595738729, 0.22109223902225494, 0.22084939032793044, 0.22149577736854553, 0.22195759117603303, 0.22200774848461152, 0.22122357189655303, 0.2215980589389801, 0.2221589982509613, 0.22080907821655274, 0.22031412904079145, 0.2221302796493877, 0.22320567284311568, 0.22137618396017286, 0.22099939733743668, 0.22104418724775315, 0.221445737613572, 0.22014354467391967, 0.22340200543403627, 0.22310916781425477, 0.22212812900543213, 0.22008229047060013, 0.22278182059526444, 0.22069896986851326, 0.2227236425334757, 0.22139169701508113, 0.22103783819410536, 0.2228029578924179, 0.2222439616918564, 0.2194211483001709, 0.22218340933322905, 0.2205772280693054, 0.22285107225179673, 0.21900179237127304, 0.2218859108785788, 0.22213621735572814, 0.22012547346261832, 0.22261341999877582, 0.22120697370597295, 0.22128446565734017, 0.22040166407823564, 0.21878071278333663, 0.2205715129772822, 0.21855738013982773, 0.22110945880413055, 0.219281467795372, 0.2226952850818634, 0.2220121744004163, 0.22124021872878075, 0.22166198939085008, 0.2215141087770462, 0.22321975231170654, 0.22298327253924477, 0.22245762248833975, 0.22129495292901993, 0.22032702565193177, 0.22136310149322858, 0.22085539437830448, 0.2215296968817711, 0.22135504484176635, 0.22077533602714539, 0.22001452578438652, 0.2213723344935311, 0.22089784890413283, 0.22243549674749374, 0.2207303927703337, 0.2218555361032486, 0.22098905891180037, 0.2218329444527626, 0.22186023245255151, 0.22109666466712952, 0.22047840721077389, 0.22028441429138185, 0.22354768961668015, 0.22194047407670456, 0.2232930324971676, 0.2225685626268387, 0.21951870173215865, 0.22036793331305185, 0.2199917733669281, 0.22119837999343872, 0.22117246439059576, 0.22113246387905544, 0.2213479051223168, 0.2216396411259969, 0.2207312503686318, 0.22210286344800675, 0.22077497374266386, 0.22111965119838714, 0.2221867430668611, 0.22189927473664284, 0.22131229937076569, 0.22213135545070356, 0.22185234328111011, 0.22093834326817438, 0.2222407619868006, 0.22207100223749876, 0.22048865556716918, 0.2219054400920868, 0.2213082288702329, 0.2199569841225942, 0.22131806153517503, 0.22157040238380432, 0.220824101796517, 0.2203302319560732, 0.2196179898455739, 0.22241757512092591, 0.22175097121642187, 0.221700731664896, 0.22376935184001923, 0.22125778977687544, 0.2223473330338796, 0.2203216403722763, 0.22015096566506795, 0.2207521004602313, 0.22173946648836135, 0.22187166259838983, 0.22171492129564285, 0.22100020945072174, 0.22270449881370252, 0.22037051618099213, 0.22020944838340467, 0.22156075281756266, 0.22113136667758226, 0.22018566727638245, 0.22098826101193061, 0.22148452864752877, 0.22079743903416854, 0.2213546872138977, 0.22182822227478027, 0.22259661661727087, 0.22099158354103565, 0.2212921589612961, 0.22120916614165673, 0.22290892153978348, 0.22058061758677164, 0.2203229276033548, 0.2204754690329234, 0.22259337512346414, 0.2226239421537944, 0.22133041080087423, 0.22067567706108093, 0.22211029287427664, 0.22113884870822614, 0.22137639671564102, 0.22185200452804565, 0.22121766668099624, 0.22288677990436553, 0.22177730042200822, 0.22100708314350673, 0.22118796966969967, 0.22045931965112686, 0.2204735026909755, 0.22245672096808752, 0.2196346637275484, 0.22256546983352074, 0.22161686917146048, 0.2214659326351606, 0.2225453672664506, 0.22086353972554207, 0.22101293057203292, 0.22080394740288073, 0.22194562728206316, 0.22118324869208866, 0.22125858985460722, 0.22087961634000142, 0.2220967824642475, 0.2214699706860951, 0.22017868980765343, 0.22169016003608705, 0.2230096413539006, 0.22098296880722046, 0.22165470487541622, 0.22101094516424033, 0.22054088314374287, 0.2238242351091825, 0.22083492896386556, 0.22045970149338245, 0.22150701582431792, 0.21960981648701888, 0.2199133262038231, 0.22118980520301396, 0.22026390295762283, 0.2216045916080475, 0.22128249934086433, 0.2219147543822016, 0.2220181692391634, 0.22037254720926286, 0.22247226192401007, 0.22018171101808548, 0.22192548877663082, 0.2206426583803617, 0.2216355303923289, 0.2215377241373062, 0.22003379038402013, 0.2211364945396781, 0.22213152199983596, 0.22067869168061477, 0.22187133133411407, 0.22141148315535653, 0.2218064803343553, 0.2209079364935557, 0.22031056193205026, 0.2221139743924141, 0.22203133534640074, 0.22182914167642592, 0.2201816038443492, 0.2221446434656779, 0.22046990361478594, 0.2226856373823606, 0.22202788591384887, 0.22286877838464883, 0.22105879655906133, 0.2218121150508523, 0.2207176387310028, 0.22011854556890634, 0.22127124791344008, 0.22051164342297447, 0.22074077221063468, 0.22036723295847574, 0.22233317563166985, 0.22209299675055913, 0.2227228218689561, 0.2217493996024132, 0.2218309801358443, 0.22295231247941652, 0.22266768912474313, 0.22083338980491346, 0.22309547662734985, 0.22067730816511008, 0.22086085698434285, 0.2214869875460863, 0.2203243061900139, 0.22176022025255057, 0.22102726846933365, 0.22104544639587403, 0.22108526676893234, 0.22078565575859763, 0.22285031527280807, 0.22250545173883438, 0.22121311317790637, 0.22235094552690332, 0.2206949323415756, 0.22136939764022828, 0.22225070595741273, 0.2208771366964687, 0.22140409350395202, 0.22089149951934814, 0.2210031643509865, 0.22257148000327023, 0.22194743156433105, 0.22084096209569412, 0.22115015387535095, 0.22041462808847428, 0.22182649224996567, 0.2228168181397698, 0.22026795893907547, 0.2205660104751587, 0.22112243690273978, 0.21993061764673752, 0.22085008296099576, 0.2229043275117874, 0.220593424141407, 0.2229936718940735, 0.22165075757286765, 0.22160626649856568, 0.22241114675998688, 0.2213028609752655, 0.22029282017187637, 0.2223556488752365, 0.2200286401943727, 0.2228626936674118, 0.2221483364701271, 0.22107518315315247, 0.22096284546635367, 0.21861034631729126, 0.2209608718752861, 0.22218632251024245, 0.22290493818846616, 0.2217965857549147, 0.2204916707494042, 0.21936329986367906, 0.22047856314615769, 0.22062801463263376, 0.222909677028656, 0.22032852470874786, 0.22196778506040574, 0.22217556536197663, 0.22056605517864228, 0.22040634282997676, 0.21990271285176277, 0.2207361554557627, 0.22005794090884073, 0.22063269913196565, 0.22198902747847818, 0.21968762576580048, 0.22302375435829164, 0.22197937369346618, 0.2227069969688143, 0.22092773020267487, 0.22072184085845947, 0.22118433032717025, 0.22054857313632964, 0.22127154604955154, 0.22289625257253648, 0.2220195159316063, 0.22104299068450928, 0.22134270586750723, 0.2227581888437271, 0.2217120880430395, 0.22271831929683686, 0.22082750201225282, 0.22218038006262344, 0.22137317359447478, 0.22018988836895337, 0.2213827297091484, 0.2216181382536888, 0.22230393588542938, 0.2206588000059128, 0.22208918879429498, 0.22206683307886124, 0.22053498923778533, 0.2221781313419342, 0.22265421599149704, 0.2184099242091179, 0.22130069881677628, 0.22340891063213347, 0.22218427211046218, 0.21934073915084204, 0.22135989218950272, 0.2216450661420822, 0.22047235071659088, 0.22242165207862855, 0.22203337401151657, 0.22126264721155167, 0.2218324586749077, 0.22206893414258957, 0.22006033112605414, 0.22076677083969115, 0.22135177701711656, 0.2213553011417389, 0.22104479670524596, 0.2208079770207405, 0.22290641516447068, 0.22073494493961335, 0.22065649628639222, 0.21947347621122995, 0.2203277140855789, 0.22196795791387558, 0.22053858637809753, 0.2214558854699135, 0.22107335776090623, 0.22168877571821213, 0.22231255769729613, 0.22133815437555313, 0.22004745403925577, 0.22199714928865433, 0.22219388782978058, 0.2225274547934532, 0.2219557136297226, 0.22051748037338256, 0.22143919616937638, 0.2225788414478302, 0.22031063213944435, 0.2214297584512017, 0.2218274799260226, 0.22176894545555115, 0.22211245515129782, 0.22071951031684875, 0.22072401642799377, 0.22095774114131927, 0.22135679982602596, 0.22215308926322244, 0.22051496803760529, 0.22105040198022669, 0.22128473967313766, 0.2201629251241684, 0.22120947986841202, 0.2225327156484127, 0.22134711796587164, 0.22234869409691205, 0.2218212217092514, 0.22174958884716034, 0.22087646573781966, 0.2212555542588234, 0.2202691987156868, 0.22030499018728733, 0.21980884671211243, 0.22184743935411627, 0.22154386937618256, 0.2220306098461151, 0.22078474909067153, 0.22066047191619872, 0.22228570096194744, 0.22198322144421664, 0.22080383002758025, 0.22223535586487164, 0.2228344570506703, 0.2203412175178528, 0.22101448747244748, 0.22206417173147203, 0.2222235365347429, 0.22196154594421386, 0.22196578979492188, 0.2203132686289874, 0.22130016847090286, 0.22139557654207404, 0.2205004719170657, 0.22192861437797545, 0.22232296521013434, 0.22232012450695038, 0.2219030802900141, 0.2215227633714676, 0.22052836824547162, 0.222573075782169, 0.2213606509295377, 0.22109095074913718, 0.22391481846570968, 0.22077762538736517, 0.22120607793331146, 0.2214875722473318, 0.22071516513824463, 0.22258598804473878, 0.22342441976070404, 0.2210669842633334, 0.22063595191998917, 0.22224320742216977, 0.22337365299463272, 0.21956605396487497, 0.21964098811149596, 0.2214481993155046, 0.22084926217794418, 0.22118571996688843, 0.22175454686988483, 0.22116217423569073, 0.22189219702373852, 0.2209719717502594, 0.22165031135082244, 0.22289364717223428, 0.22105255126953124, 0.2215227267958901, 0.22091372311115265, 0.22369483655149286, 0.22130564667961813, 0.22051890726600373, 0.2221934733291467, 0.22145572553078333, 0.2225268892943859, 0.2211323870079858, 0.22184441983699799, 0.2221122309565544, 0.2234610289335251, 0.22154710923924165, 0.22112407088279723, 0.22210978184427535, 0.22132651756207147, 0.22150209546089172, 0.22008530423045158, 0.22086011405502046, 0.22132828533649446, 0.22086048250397047, 0.22078844507535297, 0.2226134635069791, 0.22089156806468963, 0.22115034610033035, 0.22181162113944689, 0.22132891168196997, 0.2214895524084568, 0.22153537294694356, 0.21928319334983826, 0.22067001213630041, 0.22133623957633972, 0.22206977973966038, 0.22039877027273178, 0.22160148407731736, 0.22282882904013, 0.22212464610735574, 0.2224134368201097, 0.21996464686734335, 0.22017220109701158, 0.21995748952031136, 0.22127679387728375, 0.22125943706316106, 0.22110976576805114, 0.22137212540422166, 0.2216800612707933, 0.22182697306076685, 0.219930083801349, 0.22100256489855902, 0.22077906578779222, 0.22104397291938463, 0.22204630374908446, 0.2208842082935221, 0.22093390971422194, 0.2219843098095485, 0.2219999817510446, 0.2226955903073152, 0.22139330953359604, 0.22216495871543884, 0.2224679005642732, 0.22110686500867208, 0.22188624038415797, 0.22172588407993316, 0.21976398357323237, 0.22192741433779398, 0.22234500696261725, 0.22248813261588415, 0.22128031083515712, 0.2224750116467476, 0.22106740872065225, 0.2212001251823762, 0.22298717498779297, 0.2215183206966945, 0.2206705336769422, 0.2208061863978704, 0.22186319530010223, 0.22039684057235717, 0.2212489570180575, 0.22158139546712238, 0.2199349762762294, 0.22099676877260208, 0.22038492453949793, 0.22194207459688187, 0.2225839284559091, 0.22012059514721236, 0.22052550422293798, 0.22053873986005784, 0.2221208264430364, 0.22208064099152883, 0.2212519075940637, 0.2205795630812645, 0.22120744841439383, 0.2225452015797297, 0.2216204603513082, 0.2202035722633203, 0.22259034748588288, 0.22267974764108658, 0.22086175406972566, 0.22061209777990978, 0.22185368572964387, 0.22244449704885483, 0.2228601984679699, 0.22185390442609787, 0.22006659830609956, 0.22147054274876912, 0.22228631114258485, 0.22185023980481283, 0.22180059303840002, 0.22197186201810837, 0.2214206630984942, 0.22176761712346757, 0.2204633116722107, 0.22135096664230028, 0.22029094000657398, 0.22038046665051403, 0.22215314358472824, 0.22087870325360978, 0.22152727469801903, 0.2217379423479239, 0.22418466582894325, 0.22110324651002883, 0.22152110934257507, 0.22072759767373404, 0.22197815074640162, 0.22189342975616455, 0.22347449830600194, 0.22071062525113425, 0.2211394471426805, 0.22057179982463518, 0.22137762819017684, 0.22185155302286147, 0.22300763552387556, 0.22219079434871675, 0.22212939314982472, 0.2217450723052025, 0.22275014221668243, 0.2222113497555256, 0.22077991937597594, 0.22116488963365555, 0.22257214039564133, 0.2207954893509547, 0.22190582313958337, 0.22094499468803405, 0.222567239155372, 0.22155742719769478, 0.21976170564691225, 0.2207970033798899, 0.21975454539060593, 0.22257860749959946, 0.22107460697491962, 0.22181888976517847, 0.22053905725479125, 0.21990922838449478, 0.2215070960422357, 0.2222013088564078, 0.22211741904417673, 0.22123256432158606, 0.22258655726909637, 0.22048980121811232, 0.22266202668348947, 0.22061010756913355, 0.22058081477880478, 0.2220001369714737, 0.2203944941361745, 0.22138717655952161, 0.2213742094380515, 0.2209828644990921, 0.2205152153968811, 0.2212445419281721, 0.22111373841762544, 0.22117729764431715, 0.22012280623118083, 0.2201370567083359, 0.22100286583105724, 0.22027073571315178, 0.22193653136491776, 0.22133443877100945, 0.21964971323808033, 0.22203314676880836, 0.22300069133440653, 0.2216351608435313, 0.2226453334093094, 0.22213502015386308, 0.2219552993774414, 0.2213592569033305, 0.2207678034901619, 0.2214613500982523, 0.22049906849861145, 0.22073053816954294, 0.2211006631453832, 0.22173376496021563, 0.2223278284072876, 0.22142922257383665, 0.22098222772280376, 0.22142233420163393, 0.22112571001052855, 0.2229128958923476, 0.2222225641210874, 0.22067370638251305, 0.220942622423172, 0.22002882957458497, 0.22176516462456097, 0.2212351163228353, 0.22100079556306204, 0.22091181675593058, 0.22202277481555938, 0.22066678532532283, 0.22186750173568726, 0.22041468229144812, 0.22120113372802735, 0.2211952676375707, 0.222529259595004, 0.22147095451752344, 0.2219265252351761, 0.22266367773214976, 0.2216658177120345, 0.22161796689033508, 0.2211205754429102, 0.2201489359140396, 0.2216235061486562, 0.22298741340637207, 0.22090017050504684, 0.22175442278385163, 0.22131892442703247, 0.22024753565589586, 0.22050315607339144, 0.22128105064233144, 0.22075423002243041, 0.22037397595969113, 0.22202318037549654, 0.2199057360490163, 0.22176942527294158, 0.22131307516247034, 0.22154670488089323, 0.22242791329820952, 0.22003317092146193, 0.21924520570498246, 0.22317688167095184, 0.22030384689569474, 0.2217906890437007, 0.22089297696948051, 0.22035078456004462, 0.22013115088144938, 0.22326822578907013, 0.22065168160658616, 0.2223106473684311, 0.22341545522212983, 0.22106173541396856, 0.22095681075006723, 0.22070746372143427, 0.22195943395296733, 0.22199753778321402, 0.2225046857045247, 0.2214454486966133, 0.2208242282271385, 0.22182032372802496, 0.2209272552281618, 0.2228482055167357, 0.22095320224761963, 0.2211384709392275, 0.22361130439318144, 0.22136245171229044, 0.22264799624681472, 0.22275897363821665, 0.2228827804327011, 0.22182285650209946, 0.21993630255262056, 0.2201397657394409, 0.22108603517214456, 0.22083218581974506, 0.22104046742121378, 0.22070651594549417, 0.22314426137341392, 0.22103085120519003, 0.22344322502613068, 0.2217752846578757, 0.22109370330969494, 0.2230212241411209, 0.22110571066538492, 0.2215464636683464, 0.22309988339742023, 0.2203692514449358, 0.22092335588402218, 0.22011000414689383, 0.22186926684596323, 0.22199540212750435, 0.2208248327175776, 0.2220364471276601, 0.22104200422763826, 0.22096019983291626, 0.22101086974143982, 0.22211057040840387, 0.22176654802428353, 0.2201878567536672, 0.22167943011630664, 0.22284172102808952, 0.22094437181949617, 0.2221656690041224, 0.220875417192777, 0.22171194851398468, 0.22142881751060486, 0.21978910664717358, 0.2206298646827539, 0.22063990575926645, 0.22189188500245413, 0.2218414507806301, 0.22164328969441927, 0.22204542274658495, 0.22215595468878746, 0.22163782020409903, 0.22043420188128948, 0.22259876529375713, 0.21983745197455087, 0.2211396640964917, 0.22022254889210066, 0.22242140490561724, 0.22128903063443991, 0.2206601809996825, 0.22203494111696878, 0.22079675272107124, 0.22082753876845043, 0.22070206825931868, 0.22091588377952576, 0.22236557180682817, 0.2227527955546975, 0.22097893403126642, 0.22183631589779487, 0.22105799615383148, 0.22116930385430653, 0.2209383761510253, 0.2217862904071808, 0.2204871422478131, 0.2220891254643599, 0.22231043968349695, 0.2203740787047606, 0.2216019114622703, 0.2212617794672648, 0.22153464555740357, 0.2196604572236538, 0.22092506190141042, 0.2226614418129126, 0.2204902246594429, 0.22113605875235337, 0.22153859986708715, 0.22054536044597625, 0.22165312338620424, 0.22175114651521047, 0.2210116870701313, 0.22199629034314836, 0.22305777917305628, 0.22134431544691324, 0.22220162588816422, 0.22155524446414068, 0.22182003259658814, 0.2215489814678828, 0.2210597259302934, 0.22068814081805094, 0.22069731106360754, 0.22025691252201796, 0.22004090020289788, 0.22087947336527017, 0.22058273355166116, 0.2218408077955246, 0.220140989869833, 0.22209442754586536, 0.22256662199894586, 0.2208476343325206, 0.22131982569893202, 0.22172762919217348, 0.22124885137264544, 0.22121635767129752, 0.2217647890249888, 0.22047586739063263, 0.22049112220605213, 0.2221113033592701, 0.22248281112739018, 0.22131806363662085, 0.22052839118987322, 0.22160403315837568, 0.22159517499116752, 0.22056845327218375, 0.22118286043405533, 0.22163300116856893, 0.22186473136146864, 0.22043208671467646, 0.2223526549836, 0.22149534057825804, 0.22111458732531622, 0.2210048081783148, 0.22110156839092573, 0.2230025698741277, 0.22084039170295, 0.2227435181538264, 0.22005838279922804, 0.22135684000594275, 0.22027087584137917, 0.2199418842792511, 0.2223086987550442, 0.22072211595681998, 0.22142958268523216, 0.22055988411108654, 0.22185940481722355, 0.22067727645238241, 0.22262159610788027, 0.2198232263326645, 0.22189956655104956, 0.22003243118524551, 0.2223610900915586, 0.22271170753699082, 0.22075273717443147, 0.2216792364915212, 0.22219661716371775, 0.22198975185553232, 0.22086283192038536, 0.22141360810824803, 0.22067793334523836, 0.2220403291285038, 0.22406390080085167, 0.2220061834041889, 0.22140035902460417, 0.22209339539210002, 0.22028668597340584, 0.2211907704671224, 0.22261190166076025, 0.22167369616883142, 0.22171484803160033, 0.22127497009932995, 0.22147154808044434, 0.22128488008792585, 0.22292747100194296, 0.2212278147538503, 0.22028509620577097, 0.22091457496086755, 0.22153954580426216, 0.22043896559625864, 0.2217997289620913, 0.22125604977974525, 0.22099647720654805, 0.22032396495342255, 0.22198102499047914, 0.22173942838396346, 0.2211030200123787, 0.22294086124747992, 0.22141799674584314, 0.2219074953060884, 0.2209565651913484, 0.22237451672554015, 0.2213228028267622, 0.22092447876930238, 0.22239464024702707, 0.22126133739948273, 0.2211896317700545, 0.22038655076175928, 0.22229766157957223, 0.2205400547155967, 0.22071940576036772, 0.22034561038017272, 0.22131196223199368, 0.22168181041876475, 0.22054917414983113, 0.22159535996615887, 0.2227378093770572, 0.2208380667226655, 0.22137542068958282, 0.22092855721712112, 0.220407634973526, 0.2206711232662201, 0.22188094817101955, 0.22104071974754333, 0.22209026714166005, 0.22002607583999634, 0.22005900527749742, 0.22177922406366893, 0.22078644931316377, 0.22044458389282226, 0.22130027626241958, 0.22173991054296494, 0.22145963367074728, 0.221725199619929, 0.2221965064605077, 0.22102337889373302, 0.21997645923069545, 0.22182941011020116, 0.2221387058496475, 0.22296143174171448, 0.22353126853704453, 0.21954699605703354, 0.22241842094808817, 0.22019633185118437, 0.22110748078141892, 0.22121922820806503, 0.22218881334577287, 0.22188360393047332, 0.22114387899637222, 0.22098499834537505, 0.22129421532154084, 0.22028310224413872, 0.22139114035027369, 0.22046489694288798, 0.2226959188779195, 0.2209375560283661, 0.221597426703998, 0.22212691754102706, 0.22092357743531466, 0.2195663869380951, 0.22192034622033438, 0.22067856136709452, 0.22070941648312978, 0.22115875035524368, 0.2213856101036072, 0.22121025919914244, 0.2217878731233733, 0.22104283422231674, 0.2193412482738495, 0.22135325769583383, 0.22124699552853902, 0.22156540304422379, 0.22110342234373093, 0.22179861792496272, 0.22140830159187316, 0.22067552357912062, 0.22285548746585845, 0.22212467715144157, 0.22048973739147187, 0.220818030834198, 0.22113235667347908, 0.2206715473106929, 0.22214188000985555, 0.2197948843240738, 0.22060068994760512, 0.2218633315392903, 0.22064376920461654, 0.22147505264729261, 0.22144170900185903, 0.22049017647902172, 0.22203402779996395, 0.22096707778317587, 0.22079393068949382, 0.22071569561958312, 0.22017850088221685, 0.22161225508898497, 0.22163628538449606, 0.22209222335368395, 0.22124153588499343, 0.22129323652812413, 0.2220961739619573, 0.21997472196817397, 0.2210835995418685, 0.22149711847305298, 0.22087444085627794, 0.22177059749762218, 0.22174078822135926, 0.2204657243564725, 0.2205954853977476, 0.22218931998525346, 0.2199468453725179, 0.222874453663826, 0.2199946239590645, 0.22093865275382996, 0.22097521622975666, 0.22082766493161518, 0.2213432490825653, 0.22117349079677037, 0.22074794662850244, 0.2227362275123596, 0.2203940823674202, 0.22175693086215428, 0.22051737755537032, 0.22218061331659555, 0.22060709396998088, 0.22140128115812938, 0.22216972336173058, 0.22112504073551723, 0.22139393644673483, 0.22133160034815472, 0.22175278514623642, 0.22168987670115062, 0.22207657396793365, 0.22185650281608105, 0.22180123031139373, 0.22051484882831573, 0.2200683280825615, 0.2210087084344455, 0.2205349143062319, 0.22214952607949576, 0.22299193143844603, 0.22157147633177893, 0.2206554412841797, 0.22255815472453833, 0.22110410829385121, 0.2210051606098811, 0.22116542886942625, 0.2218573327575411, 0.22238237730094365, 0.22142412265141806, 0.22101469039916993, 0.22118268268448965, 0.22036988586187362, 0.22165997905863655, 0.22186969007764543, 0.2214254718273878, 0.22327386836210886, 0.2198799803853035, 0.22058237393697103, 0.22069568254730917, 0.22136650284131368, 0.22155940234661103, 0.222013171762228, 0.2214796021580696, 0.22216399312019347, 0.22173203298678765, 0.22095899127031626, 0.22097001522779464, 0.22136061390240988, 0.22250474710017443, 0.22101299166679383, 0.22136452450202063, 0.22020207659194344, 0.22106122523546218, 0.21928986658652624, 0.2209894647821784, 0.22101015547911326, 0.22099767396083245, 0.22123107863099953, 0.22231399814287822, 0.2209436082177692, 0.22246151214296167, 0.22069943909134185, 0.2218819558620453, 0.2203769502895219, 0.22225684042160326, 0.22191433887928724, 0.22196567989885807, 0.22106599807739258, 0.2210456473486764, 0.22052612602710725, 0.22086795537095322, 0.22088961402575175, 0.2223781277736028, 0.22187938008989608, 0.2216833382844925, 0.22077234759926795, 0.22114896774291992, 0.22237109939257305, 0.22172587737441063, 0.22313527100616032, 0.2214653549922837, 0.22196121389667192, 0.22230625064934, 0.22204967197917758, 0.22275540679693223, 0.22208505868911743, 0.2213421401878198, 0.22215454081694286, 0.22102675586938858, 0.2205197595887714, 0.2214080426428053, 0.22171808903416, 0.22150670605547287, 0.22187311876387822, 0.21896284967660903, 0.22113919630646706, 0.22254316012064615, 0.22024126648902892, 0.2213400403658549, 0.2212083637714386, 0.2222426806886991, 0.22171920786301294, 0.22136011544395895, 0.22097203277406238, 0.22199288308620452, 0.2216928131878376, 0.21990470588207245, 0.22164925932884216, 0.22244563202063242, 0.2212416628996531, 0.2221100926399231, 0.2220274694263935, 0.22261196988470414, 0.22295779436826707, 0.2220370670159658, 0.22137230883042017, 0.22001257373227012, 0.2218171763751242, 0.22149607787529627, 0.22114810961134293, 0.2232169508934021, 0.2204782631662157, 0.22177120629284117, 0.2216481709231933, 0.22098255455493926, 0.2193151804117056, 0.2215803176164627, 0.22178465127944946, 0.2225221941868464, 0.22024282647503746, 0.22105775897701582, 0.22266008257865905, 0.22076825158936636, 0.22029736867317787, 0.22078489462534587, 0.2218539516131083, 0.21976995964845022, 0.2216067456950744, 0.22011203765869142, 0.2218551658667051, 0.22099651992321015, 0.2214286724726359, 0.22188290622499254, 0.22115129894680446, 0.21976931206882, 0.2217397838830948, 0.2221013903617859, 0.2208195454799212, 0.2209909031788508, 0.2222229540348053, 0.21996312072643867, 0.22096913928786913, 0.2213378744690042, 0.2212039828300476, 0.22171872968857104, 0.2211357057094574, 0.22070147802955226, 0.22095923388705535, 0.22306435383283174, 0.22162501513957977, 0.22075560139982323, 0.22211632395491882, 0.22118791593955114, 0.2200672465066115, 0.22096490703131022, 0.2214657465616862, 0.22049836288480198, 0.22259856531253228, 0.22235946481426558, 0.22081704986722847, 0.2208690757260603, 0.2210608984415348, 0.22164306168754896, 0.22063156648686058, 0.2201668488628724, 0.2195279965033898, 0.22179480021198592, 0.21951670395700554, 0.21988378026906183, 0.22223252516526443, 0.2243778593838215, 0.22070557741742386, 0.22064330215964997, 0.22213655071599142, 0.22146257851272821, 0.2197329749663671, 0.22225758220468247, 0.22166505914468032, 0.22122455934683483, 0.22117511928081512, 0.22256960719823837, 0.2205456005675452, 0.2221136117974917, 0.2227723610897859, 0.2225008692060198, 0.21989307495263907, 0.22071418166160583, 0.22230703383684158, 0.22177493572235107, 0.22220438080174582, 0.22176623220245043, 0.22068401674429575, 0.22265935369900294, 0.22072004469541404, 0.22276815076669057, 0.22090647965669633, 0.2213354759982654, 0.220867786024298, 0.2220271589855353, 0.2214136521021525, 0.22066080889531545, 0.2226280329319147, 0.22182069818178812, 0.22135746677716572, 0.22313638925552368, 0.22126919776201248, 0.22157507638136545, 0.22142832850416502, 0.22125006254230226, 0.2186998690550144]
\score={0: [0.22267548143863677, 0.22240838557481765, 0.22239335152235898, 0.22304313498384812, 0.2218857929110527, 0.2218450794617335, 0.2215153522351209, 0.2201083759466807, 0.2200042406717936, 0.2216974847456988, 0.21934817305633, 0.22265471890568733, 0.22067470997571945, 0.22271864928982474, 0.2208738738999647, 0.2212437242269516, 0.22229885160923005, 0.22195347677916288, 0.22098605458935103, 0.22135979813687942, 0.22132170821229616, 0.2222852281161717, 0.2210528010671789, 0.2220018610358238, 0.2200357277284969, 0.22061913162469865, 0.21973513513803483, 0.22069639414548875, 0.22119901701807976, 0.2216330778140288, 0.22058530151844025, 0.22038823241988817, 0.22231109325702375, 0.22140837833285332, 0.22020858277877173, 0.22309127856384625, 0.22177770584821702, 0.22162313312292098, 0.22135927230119706, 0.22177733887325635, 0.2218897961653196, 0.22149182856082916, 0.2216659499840303, 0.22234825193881988, 0.2223575155843388, 0.22029761970043182, 0.22323511044184366, 0.22083680438143866, 0.22083880820057608, 0.22098430693149568, 0.2201442069867078, 0.22143731415271758, 0.22012356038276965, 0.22038954962044954, 0.22179217139879862, 0.22061069309711456, 0.22250592250090379, 0.22210566302140552, 0.22137536796239707, 0.22296384615557535, 0.2214058768004179, 0.22083293348550798, 0.22118310367359834, 0.21975460190039414, 0.2208539034639086, 0.2216191068291664, 0.22218153004844984, 0.2226319139202436, 0.22063510119915009, 0.2209798738360405, 0.22233625998099646, 0.22239136099815368, 0.22078722101800582, 0.22261404991149902, 0.22056251068909963, 0.21908040717244148, 0.22184894659689494, 0.22088833898305893, 0.22092906665056944, 0.22056572139263153, 0.2221993116232065, 0.2210016039510568, 0.22270245750745138, 0.22246849164366722, 0.22237925430138905, 0.22109045883019765, 0.22093655727803707, 0.22128649801015854, 0.22219047056777136, 0.22070233424504598, 0.22269705832004547, 0.2218258764062609, 0.2186851605772972, 0.22135457675904036, 0.22219461798667908, 0.2207618529597918, 0.22216645672040827, 0.22266746126115322, 0.22181032995382946, 0.22076757366840655, 0.22148164808750154, 0.22000314066043267, 0.2202365939554415, 0.22186305870612463, 0.22121295664045545, 0.22173140943050385, 0.22125305235385895, 0.22072439226839277, 0.2211798783391714, 0.22117850184440613, 0.22127300926617213, 0.22104773154625526, 0.22146931952900356, 0.2223734438419342, 0.22346549232800803, 0.22197844783465068, 0.22190512015539057, 0.2197099534364847, 0.22054151280058754, 0.2213112860918045, 0.22137243782772736, 0.22047201792399088, 0.2215033785292977, 0.22360236942768097], 1: [0.2199138085047404, 0.22163873314857482, 0.22205665707588196, 0.22219964160638697, 0.22069548815488815, 0.22215484082698822, 0.22119379043579102, 0.2209054450194041, 0.22211099962393444, 0.22225727666826808, 0.2216553936402003, 0.22085178792476653, 0.22213933142748746, 0.21998020393006942, 0.2211488793293635, 0.2210355479927624, 0.22045683364073435, 0.22111104867037604, 0.22166886428991953, 0.2217216894030571, 0.22139170494946567, 0.22236621555160074, 0.2211775670448939, 0.22312436647274914, 0.2212249924739202, 0.22160862123264985, 0.2213649074236552, 0.2220317080616951, 0.22012667764316907, 0.22282075794304118, 0.22256104052066802, 0.22189909716447195, 0.2209959626197815, 0.2204939196507136, 0.22251161144060247, 0.220898441473643, 0.22203830629587173, 0.2206879366527904, 0.22200056822860942, 0.22193420827388763, 0.22141613066196442, 0.2216326629414278, 0.22083353300889333, 0.22089329975492814, 0.2226940522591273, 0.22133512794971466, 0.2208842865445397, 0.21970895379781724, 0.22214265366395314, 0.2209829787413279, 0.2213323414325714, 0.22131522993246713, 0.22243389636278152, 0.22108647498217496, 0.2230017684838351, 0.2200314909219742, 0.22181789676348368, 0.22153287775376262, 0.2223229746023814, 0.2209856261809667, 0.22240046543233535, 0.22107127408186594, 0.22174884378910065, 0.22060349854555997, 0.22166077354375055, 0.2200262427330017, 0.22093696097532908, 0.22232314768959494, 0.22008990248044333, 0.22069153487682341, 0.22103948452893427, 0.22152448296546937, 0.22062807232141496, 0.22089351307262073, 0.22100180562804728, 0.22146182060241698, 0.22107781767845153, 0.221471509512733, 0.2211005061864853, 0.22111205259958902, 0.22098122098866632, 0.21981388131777446, 0.22150224149227143, 0.22198920900171454, 0.2202017631600885, 0.2222552105784416, 0.22145111759503683, 0.2214808472815682, 0.2230943500995636, 0.2217836558818817, 0.2211515956065234, 0.22167116304238638, 0.22267771661281585, 0.22270806404677304, 0.22180253354942098, 0.22091979235410691, 0.2219233940045039, 0.2226067387005862, 0.22202024915639093, 0.22122355699539184, 0.2216093897819519, 0.2204057967120951, 0.2218910113853567, 0.22206850747267406, 0.22100427834426656, 0.22062587936719258, 0.2216446205973625, 0.21977534619244662, 0.22167733925230362, 0.22048970659573872, 0.22092542753500097, 0.22195864121119183, 0.22117287715276082, 0.22223809624419494, 0.2203237364689509, 0.22157145589590072, 0.22004983641884543, 0.22088497614159303, 0.221004918217659, 0.222067791223526, 0.22086957935243845, 0.2209076943496863, 0.2210258444150289, 0.22159076780080794, 0.22148267111995004, 0.2204653962570078, 0.21957461684942245, 0.21984463930130005, 0.2216270947828889, 0.2216034916539987, 0.22025865813096365, 0.21904706060886384, 0.22171420400792902, 0.22247615193619447, 0.221498304605484, 0.22131752073764802, 0.2205497995018959, 0.21915909523765245, 0.2217822422583898, 0.22303156852722167, 0.2208133881742304, 0.22130251719671137, 0.22113359570503235, 0.22187651097774505, 0.22105472907423973, 0.22088132053613663, 0.22046596513074987, 0.22153586691076105, 0.22134548957858766, 0.22075674750588156, 0.21972511559724808, 0.22175284136425366, 0.22039968371391297, 0.2214510053396225, 0.2214230179786682, 0.22141542161504427, 0.22259105741977692, 0.22086891802874478, 0.2206441771525603, 0.2225934974849224, 0.2214807556434111, 0.22261233031749725, 0.22313072234392167, 0.22139386956890425, 0.2212940351321147, 0.22026117394367853, 0.221012681722641, 0.22066546529531478, 0.2215113639831543, 0.22226816713809966, 0.22169337760318408, 0.22060461071404544, 0.22181358120658182, 0.22060606777668, 0.22082748810450237, 0.22141471306482952, 0.2214123119910558, 0.22096756714231827, 0.22152950557378623, 0.2215783279389143, 0.22094382345676422, 0.220414554530924, 0.22014570923951957, 0.2206887738271193, 0.221849033778364, 0.22057269364595414, 0.2218419313430786, 0.22056860029697417, 0.22186555926288878, 0.22309165298938752, 0.2214467911159291, 0.22101418767124414, 0.22218860536813737, 0.2207712158560753, 0.22130300477147102, 0.21972714066505433, 0.22162703252755678, 0.2214077738198367, 0.22234714244093215, 0.2208456595738729, 0.22109223902225494, 0.22084939032793044, 0.22149577736854553, 0.22195759117603303, 0.22200774848461152, 0.22122357189655303, 0.2215980589389801, 0.2221589982509613, 0.22080907821655274, 0.22031412904079145, 0.2221302796493877, 0.22320567284311568, 0.22137618396017286, 0.22099939733743668, 0.22104418724775315, 0.221445737613572, 0.22014354467391967, 0.22340200543403627, 0.22310916781425477, 0.22212812900543213, 0.22008229047060013, 0.22278182059526444, 0.22069896986851326, 0.2227236425334757, 0.22139169701508113, 0.22103783819410536, 0.2228029578924179, 0.2222439616918564, 0.2194211483001709, 0.22218340933322905, 0.2205772280693054, 0.22285107225179673, 0.21900179237127304, 0.2218859108785788, 0.22213621735572814, 0.22012547346261832, 0.22261341999877582, 0.22120697370597295, 0.22128446565734017, 0.22040166407823564, 0.21878071278333663, 0.2205715129772822, 0.21855738013982773, 0.22110945880413055, 0.219281467795372, 0.2226952850818634, 0.2220121744004163, 0.22124021872878075, 0.22166198939085008, 0.2215141087770462, 0.22321975231170654, 0.22298327253924477, 0.22245762248833975, 0.22129495292901993, 0.22032702565193177, 0.22136310149322858, 0.22085539437830448, 0.2215296968817711, 0.22135504484176635, 0.22077533602714539, 0.22001452578438652, 0.2213723344935311, 0.22089784890413283, 0.22243549674749374, 0.2207303927703337, 0.2218555361032486, 0.22098905891180037, 0.2218329444527626, 0.22186023245255151, 0.22109666466712952, 0.22047840721077389, 0.22028441429138185, 0.22354768961668015, 0.22194047407670456, 0.2232930324971676, 0.2225685626268387, 0.21951870173215865, 0.22036793331305185, 0.2199917733669281, 0.22119837999343872, 0.22117246439059576, 0.22113246387905544, 0.2213479051223168, 0.2216396411259969, 0.2207312503686318, 0.22210286344800675, 0.22077497374266386, 0.22111965119838714, 0.2221867430668611, 0.22189927473664284, 0.22131229937076569, 0.22213135545070356, 0.22185234328111011, 0.22093834326817438, 0.2222407619868006, 0.22207100223749876, 0.22048865556716918, 0.2219054400920868, 0.2213082288702329, 0.2199569841225942, 0.22131806153517503, 0.22157040238380432, 0.220824101796517, 0.2203302319560732, 0.2196179898455739, 0.22241757512092591, 0.22175097121642187, 0.221700731664896, 0.22376935184001923, 0.22125778977687544, 0.2223473330338796, 0.2203216403722763, 0.22015096566506795, 0.2207521004602313, 0.22173946648836135, 0.22187166259838983, 0.22171492129564285, 0.22100020945072174, 0.22270449881370252, 0.22037051618099213, 0.22020944838340467, 0.22156075281756266, 0.22113136667758226, 0.22018566727638245, 0.22098826101193061, 0.22148452864752877, 0.22079743903416854, 0.2213546872138977, 0.22182822227478027, 0.22259661661727087, 0.22099158354103565, 0.2212921589612961, 0.22120916614165673, 0.22290892153978348, 0.22058061758677164, 0.2203229276033548, 0.2204754690329234, 0.22259337512346414, 0.2226239421537944, 0.22133041080087423, 0.22067567706108093, 0.22211029287427664, 0.22113884870822614, 0.22137639671564102, 0.22185200452804565, 0.22121766668099624, 0.22288677990436553, 0.22177730042200822, 0.22100708314350673, 0.22118796966969967, 0.22045931965112686, 0.2204735026909755, 0.22245672096808752, 0.2196346637275484, 0.22256546983352074, 0.22161686917146048, 0.2214659326351606, 0.2225453672664506, 0.22086353972554207, 0.22101293057203292, 0.22080394740288073, 0.22194562728206316, 0.22118324869208866, 0.22125858985460722, 0.22087961634000142, 0.2220967824642475, 0.2214699706860951, 0.22017868980765343, 0.22169016003608705, 0.2230096413539006, 0.22098296880722046, 0.22165470487541622, 0.22101094516424033, 0.22054088314374287, 0.2238242351091825, 0.22083492896386556, 0.22045970149338245, 0.22150701582431792, 0.21960981648701888, 0.2199133262038231, 0.22118980520301396, 0.22026390295762283, 0.2216045916080475, 0.22128249934086433, 0.2219147543822016, 0.2220181692391634, 0.22037254720926286, 0.22247226192401007, 0.22018171101808548, 0.22192548877663082, 0.2206426583803617, 0.2216355303923289, 0.2215377241373062, 0.22003379038402013, 0.2211364945396781, 0.22213152199983596, 0.22067869168061477, 0.22187133133411407, 0.22141148315535653, 0.2218064803343553, 0.2209079364935557, 0.22031056193205026, 0.2221139743924141, 0.22203133534640074, 0.22182914167642592, 0.2201816038443492, 0.2221446434656779, 0.22046990361478594, 0.2226856373823606, 0.22202788591384887, 0.22286877838464883, 0.22105879655906133, 0.2218121150508523, 0.2207176387310028, 0.22011854556890634, 0.22127124791344008, 0.22051164342297447, 0.22074077221063468, 0.22036723295847574, 0.22233317563166985, 0.22209299675055913, 0.2227228218689561, 0.2217493996024132, 0.2218309801358443, 0.22295231247941652, 0.22266768912474313, 0.22083338980491346, 0.22309547662734985, 0.22067730816511008, 0.22086085698434285, 0.2214869875460863, 0.2203243061900139, 0.22176022025255057, 0.22102726846933365, 0.22104544639587403, 0.22108526676893234, 0.22078565575859763, 0.22285031527280807, 0.22250545173883438, 0.22121311317790637, 0.22235094552690332, 0.2206949323415756, 0.22136939764022828, 0.22225070595741273, 0.2208771366964687, 0.22140409350395202, 0.22089149951934814, 0.2210031643509865, 0.22257148000327023, 0.22194743156433105, 0.22084096209569412, 0.22115015387535095, 0.22041462808847428, 0.22182649224996567, 0.2228168181397698, 0.22026795893907547, 0.2205660104751587, 0.22112243690273978, 0.21993061764673752, 0.22085008296099576, 0.2229043275117874, 0.220593424141407, 0.2229936718940735, 0.22165075757286765, 0.22160626649856568, 0.22241114675998688, 0.2213028609752655, 0.22029282017187637, 0.2223556488752365, 0.2200286401943727, 0.2228626936674118, 0.2221483364701271, 0.22107518315315247, 0.22096284546635367, 0.21861034631729126, 0.2209608718752861, 0.22218632251024245, 0.22290493818846616, 0.2217965857549147, 0.2204916707494042, 0.21936329986367906, 0.22047856314615769, 0.22062801463263376, 0.222909677028656, 0.22032852470874786, 0.22196778506040574, 0.22217556536197663, 0.22056605517864228, 0.22040634282997676, 0.21990271285176277, 0.2207361554557627, 0.22005794090884073, 0.22063269913196565, 0.22198902747847818, 0.21968762576580048, 0.22302375435829164, 0.22197937369346618, 0.2227069969688143, 0.22092773020267487, 0.22072184085845947, 0.22118433032717025, 0.22054857313632964, 0.22127154604955154, 0.22289625257253648, 0.2220195159316063, 0.22104299068450928, 0.22134270586750723, 0.2227581888437271, 0.2217120880430395, 0.22271831929683686, 0.22082750201225282, 0.22218038006262344, 0.22137317359447478, 0.22018988836895337, 0.2213827297091484, 0.2216181382536888, 0.22230393588542938, 0.2206588000059128, 0.22208918879429498, 0.22206683307886124, 0.22053498923778533, 0.2221781313419342, 0.22265421599149704, 0.2184099242091179, 0.22130069881677628, 0.22340891063213347, 0.22218427211046218, 0.21934073915084204, 0.22135989218950272, 0.2216450661420822, 0.22047235071659088, 0.22242165207862855, 0.22203337401151657, 0.22126264721155167, 0.2218324586749077, 0.22206893414258957, 0.22006033112605414, 0.22076677083969115, 0.22135177701711656, 0.2213553011417389, 0.22104479670524596, 0.2208079770207405, 0.22290641516447068, 0.22073494493961335, 0.22065649628639222, 0.21947347621122995, 0.2203277140855789, 0.22196795791387558, 0.22053858637809753, 0.2214558854699135, 0.22107335776090623, 0.22168877571821213, 0.22231255769729613, 0.22133815437555313, 0.22004745403925577, 0.22199714928865433, 0.22219388782978058, 0.2225274547934532, 0.2219557136297226, 0.22051748037338256, 0.22143919616937638, 0.2225788414478302, 0.22031063213944435, 0.2214297584512017, 0.2218274799260226, 0.22176894545555115, 0.22211245515129782, 0.22071951031684875, 0.22072401642799377, 0.22095774114131927, 0.22135679982602596, 0.22215308926322244, 0.22051496803760529, 0.22105040198022669, 0.22128473967313766, 0.2201629251241684, 0.22120947986841202, 0.2225327156484127, 0.22134711796587164, 0.22234869409691205, 0.2218212217092514, 0.22174958884716034, 0.22087646573781966, 0.2212555542588234, 0.2202691987156868, 0.22030499018728733, 0.21980884671211243, 0.22184743935411627, 0.22154386937618256, 0.2220306098461151, 0.22078474909067153, 0.22066047191619872, 0.22228570096194744, 0.22198322144421664, 0.22080383002758025, 0.22223535586487164, 0.2228344570506703, 0.2203412175178528, 0.22101448747244748, 0.22206417173147203, 0.2222235365347429, 0.22196154594421386, 0.22196578979492188, 0.2203132686289874, 0.22130016847090286, 0.22139557654207404, 0.2205004719170657, 0.22192861437797545, 0.22232296521013434, 0.22232012450695038, 0.2219030802900141, 0.2215227633714676, 0.22052836824547162, 0.222573075782169, 0.2213606509295377, 0.22109095074913718, 0.22391481846570968, 0.22077762538736517, 0.22120607793331146, 0.2214875722473318, 0.22071516513824463, 0.22258598804473878, 0.22342441976070404, 0.2210669842633334, 0.22063595191998917, 0.22224320742216977, 0.22337365299463272, 0.21956605396487497, 0.21964098811149596, 0.2214481993155046, 0.22084926217794418, 0.22118571996688843, 0.22175454686988483, 0.22116217423569073, 0.22189219702373852, 0.2209719717502594, 0.22165031135082244, 0.22289364717223428, 0.22105255126953124, 0.2215227267958901, 0.22091372311115265, 0.22369483655149286, 0.22130564667961813, 0.22051890726600373, 0.2221934733291467, 0.22145572553078333, 0.2225268892943859, 0.2211323870079858, 0.22184441983699799, 0.2221122309565544, 0.2234610289335251, 0.22154710923924165, 0.22112407088279723, 0.22210978184427535, 0.22132651756207147, 0.22150209546089172, 0.22008530423045158, 0.22086011405502046, 0.22132828533649446, 0.22086048250397047, 0.22078844507535297, 0.2226134635069791, 0.22089156806468963, 0.22115034610033035, 0.22181162113944689, 0.22132891168196997, 0.2214895524084568, 0.22153537294694356, 0.21928319334983826, 0.22067001213630041, 0.22133623957633972, 0.22206977973966038, 0.22039877027273178, 0.22160148407731736, 0.22282882904013, 0.22212464610735574, 0.2224134368201097, 0.21996464686734335, 0.22017220109701158, 0.21995748952031136, 0.22127679387728375, 0.22125943706316106, 0.22110976576805114, 0.22137212540422166, 0.2216800612707933, 0.22182697306076685, 0.219930083801349, 0.22100256489855902, 0.22077906578779222, 0.22104397291938463, 0.22204630374908446, 0.2208842082935221, 0.22093390971422194, 0.2219843098095485, 0.2219999817510446, 0.2226955903073152, 0.22139330953359604, 0.22216495871543884, 0.2224679005642732, 0.22110686500867208, 0.22188624038415797, 0.22172588407993316, 0.21976398357323237, 0.22192741433779398, 0.22234500696261725, 0.22248813261588415, 0.22128031083515712, 0.2224750116467476, 0.22106740872065225, 0.2212001251823762, 0.22298717498779297, 0.2215183206966945, 0.2206705336769422, 0.2208061863978704, 0.22186319530010223, 0.22039684057235717, 0.2212489570180575, 0.22158139546712238, 0.2199349762762294, 0.22099676877260208, 0.22038492453949793, 0.22194207459688187, 0.2225839284559091, 0.22012059514721236, 0.22052550422293798, 0.22053873986005784, 0.2221208264430364, 0.22208064099152883, 0.2212519075940637, 0.2205795630812645, 0.22120744841439383, 0.2225452015797297, 0.2216204603513082, 0.2202035722633203, 0.22259034748588288, 0.22267974764108658, 0.22086175406972566, 0.22061209777990978, 0.22185368572964387, 0.22244449704885483, 0.2228601984679699, 0.22185390442609787, 0.22006659830609956, 0.22147054274876912, 0.22228631114258485, 0.22185023980481283, 0.22180059303840002, 0.22197186201810837, 0.2214206630984942, 0.22176761712346757, 0.2204633116722107, 0.22135096664230028, 0.22029094000657398, 0.22038046665051403, 0.22215314358472824, 0.22087870325360978, 0.22152727469801903, 0.2217379423479239, 0.22418466582894325, 0.22110324651002883, 0.22152110934257507, 0.22072759767373404, 0.22197815074640162, 0.22189342975616455, 0.22347449830600194, 0.22071062525113425, 0.2211394471426805, 0.22057179982463518, 0.22137762819017684, 0.22185155302286147, 0.22300763552387556, 0.22219079434871675, 0.22212939314982472, 0.2217450723052025, 0.22275014221668243, 0.2222113497555256, 0.22077991937597594, 0.22116488963365555, 0.22257214039564133, 0.2207954893509547, 0.22190582313958337, 0.22094499468803405, 0.222567239155372, 0.22155742719769478, 0.21976170564691225, 0.2207970033798899, 0.21975454539060593, 0.22257860749959946, 0.22107460697491962, 0.22181888976517847, 0.22053905725479125, 0.21990922838449478, 0.2215070960422357, 0.2222013088564078, 0.22211741904417673, 0.22123256432158606, 0.22258655726909637, 0.22048980121811232, 0.22266202668348947, 0.22061010756913355, 0.22058081477880478, 0.2220001369714737, 0.2203944941361745, 0.22138717655952161, 0.2213742094380515, 0.2209828644990921, 0.2205152153968811, 0.2212445419281721, 0.22111373841762544, 0.22117729764431715, 0.22012280623118083, 0.2201370567083359, 0.22100286583105724, 0.22027073571315178, 0.22193653136491776, 0.22133443877100945, 0.21964971323808033, 0.22203314676880836, 0.22300069133440653, 0.2216351608435313, 0.2226453334093094, 0.22213502015386308, 0.2219552993774414, 0.2213592569033305, 0.2207678034901619, 0.2214613500982523, 0.22049906849861145, 0.22073053816954294, 0.2211006631453832, 0.22173376496021563, 0.2223278284072876, 0.22142922257383665, 0.22098222772280376, 0.22142233420163393, 0.22112571001052855, 0.2229128958923476, 0.2222225641210874, 0.22067370638251305, 0.220942622423172, 0.22002882957458497, 0.22176516462456097, 0.2212351163228353, 0.22100079556306204, 0.22091181675593058, 0.22202277481555938, 0.22066678532532283, 0.22186750173568726, 0.22041468229144812, 0.22120113372802735, 0.2211952676375707, 0.222529259595004, 0.22147095451752344, 0.2219265252351761, 0.22266367773214976, 0.2216658177120345, 0.22161796689033508, 0.2211205754429102, 0.2201489359140396, 0.2216235061486562, 0.22298741340637207, 0.22090017050504684, 0.22175442278385163, 0.22131892442703247, 0.22024753565589586, 0.22050315607339144, 0.22128105064233144, 0.22075423002243041, 0.22037397595969113, 0.22202318037549654, 0.2199057360490163, 0.22176942527294158, 0.22131307516247034, 0.22154670488089323, 0.22242791329820952, 0.22003317092146193, 0.21924520570498246, 0.22317688167095184, 0.22030384689569474, 0.2217906890437007, 0.22089297696948051, 0.22035078456004462, 0.22013115088144938, 0.22326822578907013, 0.22065168160658616, 0.2223106473684311, 0.22341545522212983, 0.22106173541396856, 0.22095681075006723, 0.22070746372143427, 0.22195943395296733, 0.22199753778321402, 0.2225046857045247, 0.2214454486966133, 0.2208242282271385, 0.22182032372802496, 0.2209272552281618, 0.2228482055167357, 0.22095320224761963, 0.2211384709392275, 0.22361130439318144, 0.22136245171229044, 0.22264799624681472, 0.22275897363821665, 0.2228827804327011, 0.22182285650209946, 0.21993630255262056, 0.2201397657394409, 0.22108603517214456, 0.22083218581974506, 0.22104046742121378, 0.22070651594549417, 0.22314426137341392, 0.22103085120519003, 0.22344322502613068, 0.2217752846578757, 0.22109370330969494, 0.2230212241411209, 0.22110571066538492, 0.2215464636683464, 0.22309988339742023, 0.2203692514449358, 0.22092335588402218, 0.22011000414689383, 0.22186926684596323, 0.22199540212750435, 0.2208248327175776, 0.2220364471276601, 0.22104200422763826, 0.22096019983291626, 0.22101086974143982, 0.22211057040840387, 0.22176654802428353, 0.2201878567536672, 0.22167943011630664, 0.22284172102808952, 0.22094437181949617, 0.2221656690041224, 0.220875417192777, 0.22171194851398468, 0.22142881751060486, 0.21978910664717358, 0.2206298646827539, 0.22063990575926645, 0.22189188500245413, 0.2218414507806301, 0.22164328969441927, 0.22204542274658495, 0.22215595468878746, 0.22163782020409903, 0.22043420188128948, 0.22259876529375713, 0.21983745197455087, 0.2211396640964917, 0.22022254889210066, 0.22242140490561724, 0.22128903063443991, 0.2206601809996825, 0.22203494111696878, 0.22079675272107124, 0.22082753876845043, 0.22070206825931868, 0.22091588377952576, 0.22236557180682817, 0.2227527955546975, 0.22097893403126642, 0.22183631589779487, 0.22105799615383148, 0.22116930385430653, 0.2209383761510253, 0.2217862904071808, 0.2204871422478131, 0.2220891254643599, 0.22231043968349695, 0.2203740787047606, 0.2216019114622703, 0.2212617794672648, 0.22153464555740357, 0.2196604572236538, 0.22092506190141042, 0.2226614418129126, 0.2204902246594429, 0.22113605875235337, 0.22153859986708715, 0.22054536044597625, 0.22165312338620424, 0.22175114651521047, 0.2210116870701313, 0.22199629034314836, 0.22305777917305628, 0.22134431544691324, 0.22220162588816422, 0.22155524446414068, 0.22182003259658814, 0.2215489814678828, 0.2210597259302934, 0.22068814081805094, 0.22069731106360754, 0.22025691252201796, 0.22004090020289788, 0.22087947336527017, 0.22058273355166116, 0.2218408077955246, 0.220140989869833, 0.22209442754586536, 0.22256662199894586, 0.2208476343325206, 0.22131982569893202, 0.22172762919217348, 0.22124885137264544, 0.22121635767129752, 0.2217647890249888, 0.22047586739063263, 0.22049112220605213, 0.2221113033592701, 0.22248281112739018, 0.22131806363662085, 0.22052839118987322, 0.22160403315837568, 0.22159517499116752, 0.22056845327218375, 0.22118286043405533, 0.22163300116856893, 0.22186473136146864, 0.22043208671467646, 0.2223526549836, 0.22149534057825804, 0.22111458732531622, 0.2210048081783148, 0.22110156839092573, 0.2230025698741277, 0.22084039170295, 0.2227435181538264, 0.22005838279922804, 0.22135684000594275, 0.22027087584137917, 0.2199418842792511, 0.2223086987550442, 0.22072211595681998, 0.22142958268523216, 0.22055988411108654, 0.22185940481722355, 0.22067727645238241, 0.22262159610788027, 0.2198232263326645, 0.22189956655104956, 0.22003243118524551, 0.2223610900915586, 0.22271170753699082, 0.22075273717443147, 0.2216792364915212, 0.22219661716371775, 0.22198975185553232, 0.22086283192038536, 0.22141360810824803, 0.22067793334523836, 0.2220403291285038, 0.22406390080085167, 0.2220061834041889, 0.22140035902460417, 0.22209339539210002, 0.22028668597340584, 0.2211907704671224, 0.22261190166076025, 0.22167369616883142, 0.22171484803160033, 0.22127497009932995, 0.22147154808044434, 0.22128488008792585, 0.22292747100194296, 0.2212278147538503, 0.22028509620577097, 0.22091457496086755, 0.22153954580426216, 0.22043896559625864, 0.2217997289620913, 0.22125604977974525, 0.22099647720654805, 0.22032396495342255, 0.22198102499047914, 0.22173942838396346, 0.2211030200123787, 0.22294086124747992, 0.22141799674584314, 0.2219074953060884, 0.2209565651913484, 0.22237451672554015, 0.2213228028267622, 0.22092447876930238, 0.22239464024702707, 0.22126133739948273, 0.2211896317700545, 0.22038655076175928, 0.22229766157957223, 0.2205400547155967, 0.22071940576036772, 0.22034561038017272, 0.22131196223199368, 0.22168181041876475, 0.22054917414983113, 0.22159535996615887, 0.2227378093770572, 0.2208380667226655, 0.22137542068958282, 0.22092855721712112, 0.220407634973526, 0.2206711232662201, 0.22188094817101955, 0.22104071974754333, 0.22209026714166005, 0.22002607583999634, 0.22005900527749742, 0.22177922406366893, 0.22078644931316377, 0.22044458389282226, 0.22130027626241958, 0.22173991054296494, 0.22145963367074728, 0.221725199619929, 0.2221965064605077, 0.22102337889373302, 0.21997645923069545, 0.22182941011020116, 0.2221387058496475, 0.22296143174171448, 0.22353126853704453, 0.21954699605703354, 0.22241842094808817, 0.22019633185118437, 0.22110748078141892, 0.22121922820806503, 0.22218881334577287, 0.22188360393047332, 0.22114387899637222, 0.22098499834537505, 0.22129421532154084, 0.22028310224413872, 0.22139114035027369, 0.22046489694288798, 0.2226959188779195, 0.2209375560283661, 0.221597426703998, 0.22212691754102706, 0.22092357743531466, 0.2195663869380951, 0.22192034622033438, 0.22067856136709452, 0.22070941648312978, 0.22115875035524368, 0.2213856101036072, 0.22121025919914244, 0.2217878731233733, 0.22104283422231674, 0.2193412482738495, 0.22135325769583383, 0.22124699552853902, 0.22156540304422379, 0.22110342234373093, 0.22179861792496272, 0.22140830159187316, 0.22067552357912062, 0.22285548746585845, 0.22212467715144157, 0.22048973739147187, 0.220818030834198, 0.22113235667347908, 0.2206715473106929, 0.22214188000985555, 0.2197948843240738, 0.22060068994760512, 0.2218633315392903, 0.22064376920461654, 0.22147505264729261, 0.22144170900185903, 0.22049017647902172, 0.22203402779996395, 0.22096707778317587, 0.22079393068949382, 0.22071569561958312, 0.22017850088221685, 0.22161225508898497, 0.22163628538449606, 0.22209222335368395, 0.22124153588499343, 0.22129323652812413, 0.2220961739619573, 0.21997472196817397, 0.2210835995418685, 0.22149711847305298, 0.22087444085627794, 0.22177059749762218, 0.22174078822135926, 0.2204657243564725, 0.2205954853977476, 0.22218931998525346, 0.2199468453725179, 0.222874453663826, 0.2199946239590645, 0.22093865275382996, 0.22097521622975666, 0.22082766493161518, 0.2213432490825653, 0.22117349079677037, 0.22074794662850244, 0.2227362275123596, 0.2203940823674202, 0.22175693086215428, 0.22051737755537032, 0.22218061331659555, 0.22060709396998088, 0.22140128115812938, 0.22216972336173058, 0.22112504073551723, 0.22139393644673483, 0.22133160034815472, 0.22175278514623642, 0.22168987670115062, 0.22207657396793365, 0.22185650281608105, 0.22180123031139373, 0.22051484882831573, 0.2200683280825615, 0.2210087084344455, 0.2205349143062319, 0.22214952607949576, 0.22299193143844603, 0.22157147633177893, 0.2206554412841797, 0.22255815472453833, 0.22110410829385121, 0.2210051606098811, 0.22116542886942625, 0.2218573327575411, 0.22238237730094365, 0.22142412265141806, 0.22101469039916993, 0.22118268268448965, 0.22036988586187362, 0.22165997905863655, 0.22186969007764543, 0.2214254718273878, 0.22327386836210886, 0.2198799803853035, 0.22058237393697103, 0.22069568254730917, 0.22136650284131368, 0.22155940234661103, 0.222013171762228, 0.2214796021580696, 0.22216399312019347, 0.22173203298678765, 0.22095899127031626, 0.22097001522779464, 0.22136061390240988, 0.22250474710017443, 0.22101299166679383, 0.22136452450202063, 0.22020207659194344, 0.22106122523546218, 0.21928986658652624, 0.2209894647821784, 0.22101015547911326, 0.22099767396083245, 0.22123107863099953, 0.22231399814287822, 0.2209436082177692, 0.22246151214296167, 0.22069943909134185, 0.2218819558620453, 0.2203769502895219, 0.22225684042160326, 0.22191433887928724, 0.22196567989885807, 0.22106599807739258, 0.2210456473486764, 0.22052612602710725, 0.22086795537095322, 0.22088961402575175, 0.2223781277736028, 0.22187938008989608, 0.2216833382844925, 0.22077234759926795, 0.22114896774291992, 0.22237109939257305, 0.22172587737441063, 0.22313527100616032, 0.2214653549922837, 0.22196121389667192, 0.22230625064934, 0.22204967197917758, 0.22275540679693223, 0.22208505868911743, 0.2213421401878198, 0.22215454081694286, 0.22102675586938858, 0.2205197595887714, 0.2214080426428053, 0.22171808903416, 0.22150670605547287, 0.22187311876387822, 0.21896284967660903, 0.22113919630646706, 0.22254316012064615, 0.22024126648902892, 0.2213400403658549, 0.2212083637714386, 0.2222426806886991, 0.22171920786301294, 0.22136011544395895, 0.22097203277406238, 0.22199288308620452, 0.2216928131878376, 0.21990470588207245, 0.22164925932884216, 0.22244563202063242, 0.2212416628996531, 0.2221100926399231, 0.2220274694263935, 0.22261196988470414, 0.22295779436826707, 0.2220370670159658, 0.22137230883042017, 0.22001257373227012, 0.2218171763751242, 0.22149607787529627, 0.22114810961134293, 0.2232169508934021, 0.2204782631662157, 0.22177120629284117, 0.2216481709231933, 0.22098255455493926, 0.2193151804117056, 0.2215803176164627, 0.22178465127944946, 0.2225221941868464, 0.22024282647503746, 0.22105775897701582, 0.22266008257865905, 0.22076825158936636, 0.22029736867317787, 0.22078489462534587, 0.2218539516131083, 0.21976995964845022, 0.2216067456950744, 0.22011203765869142, 0.2218551658667051, 0.22099651992321015, 0.2214286724726359, 0.22188290622499254, 0.22115129894680446, 0.21976931206882, 0.2217397838830948, 0.2221013903617859, 0.2208195454799212, 0.2209909031788508, 0.2222229540348053, 0.21996312072643867, 0.22096913928786913, 0.2213378744690042, 0.2212039828300476, 0.22171872968857104, 0.2211357057094574, 0.22070147802955226, 0.22095923388705535, 0.22306435383283174, 0.22162501513957977, 0.22075560139982323, 0.22211632395491882, 0.22118791593955114, 0.2200672465066115, 0.22096490703131022, 0.2214657465616862, 0.22049836288480198, 0.22259856531253228, 0.22235946481426558, 0.22081704986722847, 0.2208690757260603, 0.2210608984415348, 0.22164306168754896, 0.22063156648686058, 0.2201668488628724, 0.2195279965033898, 0.22179480021198592, 0.21951670395700554, 0.21988378026906183, 0.22223252516526443, 0.2243778593838215, 0.22070557741742386, 0.22064330215964997, 0.22213655071599142, 0.22146257851272821, 0.2197329749663671, 0.22225758220468247, 0.22166505914468032, 0.22122455934683483, 0.22117511928081512, 0.22256960719823837, 0.2205456005675452, 0.2221136117974917, 0.2227723610897859, 0.2225008692060198, 0.21989307495263907, 0.22071418166160583, 0.22230703383684158, 0.22177493572235107, 0.22220438080174582, 0.22176623220245043, 0.22068401674429575, 0.22265935369900294, 0.22072004469541404, 0.22276815076669057, 0.22090647965669633, 0.2213354759982654, 0.220867786024298, 0.2220271589855353, 0.2214136521021525, 0.22066080889531545, 0.2226280329319147, 0.22182069818178812, 0.22135746677716572, 0.22313638925552368, 0.22126919776201248, 0.22157507638136545, 0.22142832850416502, 0.22125006254230226, 0.2186998690550144]}