('OC-FakeDect1 (Trained on AVG Dataset)  \nTested on RND FaceShifter Dataset  \nRunning Average Evaluation', 'OC-FakeDect1_AVG', 'AVG', 'OC-FakeDect1_AVG_raeonFSHFTrnd')
auroc=0.5009184423218221
f1=0.4577981651376147
prec=0.42216582064297803
recall=0.5

fpr=[0.0, 0.5, 1.0]

tpr=[0.0, 0.5018368846436444, 1.0]

y_true=[0, 0, 0, 0, 0, 0, 0, 0, 0, 0, 0, 0, 0, 0, 0, 0, 0, 0, 0, 0, 0, 0, 0, 0, 0, 0, 0, 0, 0, 0, 0, 0, 0, 0, 0, 0, 0, 0, 0, 0, 0, 0, 0, 0, 0, 0, 0, 0, 0, 0, 0, 0, 0, 0, 0, 0, 0, 0, 0, 0, 0, 0, 0, 0, 0, 0, 0, 0, 0, 0, 0, 0, 0, 0, 0, 0, 0, 0, 0, 0, 0, 0, 0, 0, 0, 0, 0, 0, 0, 0, 0, 0, 0, 0, 0, 0, 0, 0, 0, 0, 0, 0, 0, 0, 0, 0, 0, 0, 0, 0, 0, 0, 0, 0, 0, 0, 0, 0, 0, 0, 0, 0, 0, 0, 0, 0, 0, 0, 0, 0, 0, 0, 0, 0, 0, 0, 0, 0, 0, 0, 0, 0, 0, 0, 0, 0, 0, 0, 0, 0, 0, 0, 0, 0, 0, 0, 0, 0, 0, 0, 0, 0, 0, 0, 0, 0, 0, 0, 0, 0, 0, 0, 0, 0, 0, 0, 0, 0, 0, 0, 0, 0, 0, 0, 0, 0, 0, 0, 0, 0, 0, 0, 0, 0, 0, 0, 0, 0, 0, 0, 0, 0, 0, 0, 0, 0, 0, 0, 0, 0, 0, 0, 0, 0, 0, 0, 0, 0, 0, 0, 0, 0, 0, 0, 0, 0, 0, 0, 0, 0, 0, 0, 0, 0, 0, 0, 0, 0, 0, 0, 0, 0, 0, 0, 0, 0, 0, 0, 0, 0, 0, 0, 0, 0, 0, 0, 0, 0, 0, 0, 0, 0, 0, 0, 0, 0, 0, 0, 0, 0, 0, 0, 0, 0, 0, 0, 0, 0, 0, 0, 0, 0, 0, 0, 0, 0, 0, 0, 0, 0, 0, 0, 0, 0, 0, 0, 0, 0, 0, 0, 0, 0, 0, 0, 0, 0, 0, 0, 0, 0, 0, 0, 0, 0, 0, 0, 0, 0, 0, 0, 0, 0, 0, 0, 0, 0, 0, 0, 0, 0, 0, 0, 0, 0, 0, 0, 0, 0, 0, 0, 0, 0, 0, 0, 0, 0, 0, 0, 0, 0, 0, 0, 0, 0, 0, 0, 0, 0, 0, 0, 0, 0, 0, 0, 0, 0, 0, 0, 0, 0, 0, 0, 0, 0, 0, 0, 0, 0, 0, 0, 0, 0, 0, 0, 0, 0, 0, 0, 0, 0, 0, 0, 0, 0, 0, 0, 0, 0, 0, 0, 0, 0, 0, 0, 0, 0, 0, 0, 0, 0, 0, 0, 0, 0, 0, 0, 0, 0, 0, 0, 0, 0, 0, 0, 0, 0, 0, 0, 0, 0, 0, 0, 0, 0, 0, 0, 0, 0, 0, 0, 0, 0, 0, 0, 0, 0, 0, 0, 0, 0, 0, 0, 0, 0, 0, 0, 0, 0, 0, 0, 0, 0, 0, 0, 0, 0, 0, 0, 0, 0, 0, 0, 0, 0, 0, 0, 0, 0, 0, 0, 0, 0, 0, 0, 0, 0, 0, 0, 0, 0, 0, 0, 0, 0, 0, 0, 0, 0, 0, 0, 0, 0, 0, 0, 0, 0, 0, 0, 0, 0, 0, 0, 0, 0, 0, 0, 0, 0, 0, 0, 0, 0, 0, 0, 0, 0, 0, 0, 0, 0, 0, 0, 0, 0, 0, 0, 0, 0, 0, 0, 0, 0, 0, 0, 0, 0, 0, 0, 0, 0, 0, 0, 0, 0, 0, 0, 0, 0, 0, 0, 0, 0, 0, 0, 0, 0, 0, 0, 0, 0, 0, 0, 0, 0, 0, 0, 0, 0, 0, 0, 0, 0, 0, 0, 0, 0, 0, 0, 0, 0, 0, 0, 0, 0, 0, 0, 0, 0, 0, 0, 0, 0, 0, 0, 0, 0, 0, 0, 0, 0, 0, 0, 0, 0, 0, 0, 0, 0, 0, 0, 0, 0, 0, 0, 0, 0, 0, 0, 0, 0, 0, 0, 0, 0, 0, 0, 0, 0, 0, 0, 0, 0, 0, 0, 0, 0, 0, 0, 0, 0, 0, 0, 0, 0, 0, 0, 0, 0, 0, 0, 0, 0, 0, 0, 0, 0, 0, 0, 0, 0, 0, 0, 0, 0, 0, 0, 0, 0, 0, 0, 0, 0, 0, 0, 0, 0, 0, 0, 0, 0, 0, 0, 0, 0, 0, 0, 0, 0, 0, 0, 0, 0, 0, 0, 0, 0, 0, 0, 0, 0, 0, 0, 0, 0, 0, 0, 0, 0, 0, 0, 0, 0, 0, 0, 0, 0, 0, 0, 0, 0, 0, 0, 0, 0, 0, 0, 0, 0, 0, 0, 0, 0, 0, 0, 0, 0, 0, 0, 0, 0, 0, 0, 0, 0, 0, 0, 0, 0, 0, 0, 0, 0, 0, 0, 0, 0, 0, 0, 0, 0, 0, 0, 0, 0, 0, 0, 0, 0, 0, 0, 0, 0, 0, 0, 0, 0, 0, 0, 0, 0, 0, 0, 0, 0, 0, 0, 0, 0, 0, 0, 0, 0, 0, 0, 0, 0, 0, 0, 0, 0, 0, 0, 0, 0, 0, 0, 0, 0, 0, 0, 0, 0, 0, 0, 0, 0, 0, 0, 0, 0, 0, 0, 0, 0, 0, 0, 0, 0, 0, 0, 0, 0, 0, 0, 0, 0, 0, 0, 0, 0, 0, 0, 0, 0, 0, 0, 0, 0, 0, 0, 0, 0, 0, 0, 0, 0, 0, 0, 0, 0, 0, 0, 0, 0, 0, 0, 0, 0, 0, 0, 0, 0, 0, 0, 0, 0, 0, 0, 0, 0, 0, 0, 0, 0, 0, 0, 0, 0, 0, 0, 0, 0, 0, 0, 0, 0, 0, 0, 0, 0, 0, 0, 0, 0, 0, 0, 0, 0, 0, 0, 0, 0, 0, 0, 0, 0, 0, 0, 0, 0, 0, 0, 0, 0, 0, 0, 0, 0, 0, 0, 0, 0, 0, 0, 0, 0, 0, 0, 0, 0, 0, 0, 0, 0, 0, 0, 0, 0, 0, 0, 0, 0, 0, 0, 0, 0, 0, 0, 0, 0, 0, 0, 0, 0, 0, 0, 0, 0, 0, 0, 0, 0, 0, 0, 0, 0, 0, 0, 0, 0, 0, 0, 0, 0, 0, 0, 0, 0, 0, 0, 0, 0, 0, 0, 0, 0, 0, 0, 0, 0, 0, 0, 0, 0, 0, 0, 0, 0, 0, 0, 0, 0, 0, 0, 0, 0, 0, 0, 0, 0, 0, 0, 0, 0, 0, 0, 0, 0, 0, 0, 0, 0, 0, 0, 0, 0, 0, 0, 0, 0, 0, 0, 0, 0, 0, 0, 0, 0, 0, 0, 0, 0, 0, 0, 0, 0, 0, 0, 0, 0, 0, 0, 0, 0, 0, 0, 0, 0, 0, 0, 0, 0, 0, 0, 0, 0, 0, 0, 0, 0, 0, 0, 0, 0, 0, 0, 0, 0, 0, 0, 0, 0, 0, 0, 0, 0, 0, 0, 0, 0, 0, 0, 0, 0, 0, 0, 0, 0, 0, 0, 0, 0, 0, 0, 0, 0, 0, 0, 0, 0, 0, 0, 0, 0, 0, 0, 0, 0, 0, 0, 0, 0, 0, 0, 0, 0, 0, 0, 0, 0, 0, 0, 0, 0, 0, 0, 0, 0, 0, 0, 0, 0, 0, 0, 0, 0, 0, 0, 0, 0, 0, 0, 0, 0, 0, 0, 0, 0, 0, 0, 0, 0, 0, 0, 0, 0, 0, 0, 0, 0, 0, 0, 0, 0, 0, 0, 0, 0, 0, 0, 0, 0, 0, 0, 0, 0, 0, 0, 0, 0, 0, 0, 0, 0, 0, 0, 0, 0, 0, 0, 0, 0, 0, 0, 0, 0, 0, 0, 0, 0, 0, 0, 0, 0, 0, 0, 0, 0, 0, 0, 0, 0, 0, 0, 0, 0, 0, 0, 0, 0, 0, 0, 0, 0, 0, 0, 0, 0, 0, 0, 0, 0, 0, 0, 0, 0, 0, 0, 0, 0, 0, 0, 0, 0, 0, 0, 0, 0, 0, 0, 0, 0, 0, 0, 0, 0, 0, 0, 0, 0, 0, 0, 0, 0, 0, 0, 0, 0, 0, 0, 0, 0, 0, 0, 0, 0, 0, 0, 0, 0, 0, 0, 0, 0, 0, 0, 0, 0, 0, 0, 0, 0, 0, 0, 0, 0, 0, 0, 0, 0, 0, 0, 0, 0, 0, 0, 0, 0, 0, 0, 0, 0, 0, 0, 0, 0, 0, 0, 0, 0, 0, 0, 0, 0, 0, 0, 0, 0, 0, 0, 0, 1, 1, 1, 1, 1, 1, 1, 1, 1, 1, 1, 1, 1, 1, 1, 1, 1, 1, 1, 1, 1, 1, 1, 1, 1, 1, 1, 1, 1, 1, 1, 1, 1, 1, 1, 1, 1, 1, 1, 1, 1, 1, 1, 1, 1, 1, 1, 1, 1, 1, 1, 1, 1, 1, 1, 1, 1, 1, 1, 1, 1, 1, 1, 1, 1, 1, 1, 1, 1, 1, 1, 1, 1, 1, 1, 1, 1, 1, 1, 1, 1, 1, 1, 1, 1, 1, 1, 1, 1, 1, 1, 1, 1, 1, 1, 1, 1, 1, 1, 1, 1, 1, 1, 1, 1, 1, 1, 1, 1, 1, 1, 1, 1, 1, 1, 1, 1, 1, 1, 1, 1, 1, 1, 1, 1, 1, 1, 1, 1, 1, 1, 1, 1, 1, 1, 1, 1, 1, 1, 1, 1, 1, 1, 1, 1, 1, 1, 1, 1, 1, 1, 1, 1, 1, 1, 1, 1, 1, 1, 1, 1, 1, 1, 1, 1, 1, 1, 1, 1, 1, 1, 1, 1, 1, 1, 1, 1, 1, 1, 1, 1, 1, 1, 1, 1, 1, 1, 1, 1, 1, 1, 1, 1, 1, 1, 1, 1, 1, 1, 1, 1, 1, 1, 1, 1, 1, 1, 1, 1, 1, 1, 1, 1, 1, 1, 1, 1, 1, 1, 1, 1, 1, 1, 1, 1, 1, 1, 1, 1, 1, 1, 1, 1, 1, 1, 1, 1, 1, 1, 1, 1, 1, 1, 1, 1, 1, 1, 1, 1, 1, 1, 1, 1, 1, 1, 1, 1, 1, 1, 1, 1, 1, 1, 1, 1, 1, 1, 1, 1, 1, 1, 1, 1, 1, 1, 1, 1, 1, 1, 1, 1, 1, 1, 1, 1, 1, 1, 1, 1, 1, 1, 1, 1, 1, 1, 1, 1, 1, 1, 1, 1, 1, 1, 1, 1, 1, 1, 1, 1, 1, 1, 1, 1, 1, 1, 1, 1, 1, 1, 1, 1, 1, 1, 1, 1, 1, 1, 1, 1, 1, 1, 1, 1, 1, 1, 1, 1, 1, 1, 1, 1, 1, 1, 1, 1, 1, 1, 1, 1, 1, 1, 1, 1, 1, 1, 1, 1, 1, 1, 1, 1, 1, 1, 1, 1, 1, 1, 1, 1, 1, 1, 1, 1, 1, 1, 1, 1, 1, 1, 1, 1, 1, 1, 1, 1, 1, 1, 1, 1, 1, 1, 1, 1, 1, 1, 1, 1, 1, 1, 1, 1, 1, 1, 1, 1, 1, 1, 1, 1, 1, 1, 1, 1, 1, 1, 1, 1, 1, 1, 1, 1, 1, 1, 1, 1, 1, 1, 1, 1, 1, 1, 1, 1, 1, 1, 1, 1, 1, 1, 1, 1, 1, 1, 1, 1, 1, 1, 1, 1, 1, 1, 1, 1, 1, 1, 1, 1, 1, 1, 1, 1, 1, 1, 1, 1, 1, 1, 1, 1, 1, 1, 1, 1, 1, 1, 1, 1, 1, 1, 1, 1, 1, 1, 1, 1, 1, 1, 1, 1, 1, 1, 1, 1, 1, 1, 1, 1, 1, 1, 1, 1, 1, 1, 1, 1, 1, 1, 1, 1, 1, 1, 1, 1, 1, 1, 1, 1, 1, 1, 1, 1, 1, 1, 1, 1, 1, 1, 1, 1, 1, 1, 1, 1, 1, 1, 1, 1, 1, 1, 1, 1, 1, 1, 1, 1, 1, 1, 1, 1, 1, 1, 1, 1, 1, 1, 1, 1, 1, 1, 1, 1, 1, 1, 1, 1, 1, 1, 1, 1, 1, 1, 1, 1, 1, 1, 1, 1, 1, 1, 1, 1, 1, 1, 1, 1, 1, 1, 1, 1, 1, 1, 1, 1, 1, 1, 1, 1, 1, 1, 1, 1, 1, 1, 1, 1, 1, 1, 1, 1, 1, 1, 1, 1, 1, 1, 1, 1, 1, 1, 1, 1, 1, 1, 1, 1, 1, 1, 1, 1, 1, 1, 1, 1, 1, 1, 1, 1, 1, 1, 1, 1, 1, 1, 1, 1, 1, 1, 1, 1, 1, 1, 1, 1, 1, 1, 1, 1, 1, 1, 1, 1, 1, 1, 1, 1, 1, 1, 1, 1, 1, 1, 1, 1, 1, 1, 1, 1, 1, 1, 1, 1, 1, 1, 1, 1, 1, 1, 1, 1, 1, 1, 1, 1, 1, 1, 1, 1, 1, 1, 1, 1, 1, 1, 1, 1, 1, 1, 1, 1, 1, 1, 1, 1, 1, 1, 1, 1, 1, 1, 1, 1, 1, 1, 1, 1, 1, 1, 1, 1, 1, 1, 1, 1, 1, 1, 1, 1, 1, 1, 1, 1, 1, 1, 1, 1, 1, 1, 1, 1, 1, 1, 1, 1, 1, 1, 1, 1, 1, 1, 1, 1, 1, 1, 1, 1, 1, 1, 1, 1, 1, 1, 1, 1, 1, 1, 1, 1, 1, 1, 1, 1, 1, 1, 1, 1, 1, 1, 1, 1, 1, 1, 1, 1, 1, 1, 1, 1, 1, 1, 1, 1, 1, 1, 1, 1, 1, 1, 1, 1, 1, 1, 1, 1, 1, 1, 1, 1, 1, 1, 1, 1, 1, 1, 1, 1, 1, 1, 1, 1, 1, 1, 1, 1, 1, 1, 1, 1, 1, 1, 1, 1, 1, 1, 1, 1, 1, 1, 1, 1, 1, 1, 1, 1, 1, 1, 1, 1, 1, 1, 1, 1, 1, 1, 1, 1, 1, 1, 1, 1, 1, 1, 1, 1, 1, 1, 1, 1, 1, 1, 1, 1, 1, 1, 1, 1, 1, 1, 1, 1, 1, 1, 1, 1, 1, 1, 1, 1, 1, 1, 1, 1, 1, 1, 1, 1, 1, 1, 1, 1, 1, 1, 1, 1, 1, 1, 1, 1, 1, 1, 1, 1, 1, 1, 1, 1, 1, 1, 1, 1, 1, 1, 1, 1, 1, 1, 1, 1, 1, 1, 1, 1, 1, 1, 1, 1, 1, 1, 1, 1, 1, 1, 1, 1, 1, 1, 1, 1, 1, 1, 1, 1, 1, 1, 1, 1, 1, 1, 1, 1, 1, 1, 1, 1, 1, 1, 1, 1, 1, 1, 1, 1, 1, 1, 1, 1, 1, 1, 1, 1, 1, 1, 1, 1, 1, 1, 1, 1, 1]

y_pred=[1.0, 0.0, 1.0, 1.0, 0.0, 0.0, 0.0, 1.0, 1.0, 1.0, 1.0, 1.0, 0.0, 1.0, 0.0, 1.0, 1.0, 0.0, 1.0, 1.0, 1.0, 0.0, 0.0, 0.0, 1.0, 1.0, 0.0, 0.0, 1.0, 0.0, 0.0, 0.0, 1.0, 1.0, 1.0, 1.0, 1.0, 1.0, 0.0, 0.0, 1.0, 0.0, 0.0, 1.0, 0.0, 1.0, 0.0, 1.0, 1.0, 0.0, 1.0, 0.0, 1.0, 0.0, 0.0, 1.0, 1.0, 1.0, 0.0, 1.0, 0.0, 1.0, 1.0, 0.0, 1.0, 0.0, 1.0, 0.0, 1.0, 1.0, 1.0, 0.0, 0.0, 0.0, 0.0, 1.0, 1.0, 0.0, 1.0, 0.0, 0.0, 0.0, 1.0, 0.0, 1.0, 0.0, 0.0, 1.0, 1.0, 0.0, 0.0, 1.0, 0.0, 0.0, 1.0, 1.0, 0.0, 0.0, 1.0, 1.0, 0.0, 1.0, 0.0, 0.0, 1.0, 0.0, 0.0, 1.0, 1.0, 1.0, 0.0, 0.0, 0.0, 1.0, 1.0, 1.0, 1.0, 1.0, 0.0, 1.0, 1.0, 1.0, 1.0, 0.0, 0.0, 1.0, 1.0, 1.0, 1.0, 1.0, 1.0, 1.0, 1.0, 1.0, 0.0, 0.0, 0.0, 1.0, 0.0, 0.0, 0.0, 1.0, 1.0, 1.0, 1.0, 0.0, 0.0, 1.0, 1.0, 1.0, 0.0, 0.0, 0.0, 1.0, 0.0, 0.0, 0.0, 1.0, 1.0, 1.0, 1.0, 0.0, 0.0, 1.0, 0.0, 1.0, 0.0, 1.0, 0.0, 1.0, 0.0, 0.0, 0.0, 0.0, 1.0, 0.0, 1.0, 1.0, 1.0, 1.0, 1.0, 1.0, 1.0, 0.0, 0.0, 0.0, 1.0, 1.0, 1.0, 1.0, 1.0, 0.0, 0.0, 0.0, 0.0, 1.0, 0.0, 1.0, 1.0, 1.0, 0.0, 1.0, 0.0, 1.0, 0.0, 0.0, 0.0, 0.0, 0.0, 0.0, 1.0, 1.0, 1.0, 0.0, 0.0, 1.0, 1.0, 0.0, 0.0, 0.0, 1.0, 1.0, 1.0, 0.0, 1.0, 1.0, 1.0, 0.0, 1.0, 1.0, 0.0, 1.0, 0.0, 0.0, 0.0, 1.0, 1.0, 0.0, 1.0, 0.0, 1.0, 0.0, 1.0, 0.0, 0.0, 1.0, 0.0, 1.0, 1.0, 0.0, 1.0, 1.0, 0.0, 0.0, 1.0, 0.0, 1.0, 1.0, 0.0, 0.0, 0.0, 1.0, 0.0, 1.0, 0.0, 1.0, 0.0, 0.0, 1.0, 1.0, 0.0, 0.0, 0.0, 1.0, 1.0, 1.0, 0.0, 1.0, 0.0, 1.0, 1.0, 0.0, 1.0, 0.0, 1.0, 1.0, 1.0, 1.0, 0.0, 1.0, 0.0, 0.0, 1.0, 1.0, 0.0, 1.0, 1.0, 0.0, 1.0, 0.0, 0.0, 1.0, 0.0, 1.0, 0.0, 1.0, 1.0, 1.0, 1.0, 1.0, 0.0, 0.0, 1.0, 1.0, 1.0, 1.0, 0.0, 0.0, 0.0, 0.0, 1.0, 0.0, 0.0, 0.0, 1.0, 1.0, 0.0, 1.0, 0.0, 1.0, 0.0, 1.0, 1.0, 1.0, 1.0, 1.0, 1.0, 1.0, 1.0, 1.0, 1.0, 1.0, 0.0, 1.0, 0.0, 1.0, 1.0, 0.0, 0.0, 1.0, 0.0, 0.0, 0.0, 0.0, 0.0, 0.0, 1.0, 1.0, 1.0, 0.0, 0.0, 0.0, 1.0, 1.0, 0.0, 0.0, 0.0, 0.0, 0.0, 0.0, 0.0, 0.0, 0.0, 0.0, 1.0, 1.0, 0.0, 1.0, 1.0, 1.0, 1.0, 1.0, 0.0, 1.0, 1.0, 1.0, 1.0, 0.0, 1.0, 1.0, 0.0, 0.0, 1.0, 1.0, 1.0, 0.0, 0.0, 1.0, 0.0, 1.0, 1.0, 1.0, 1.0, 0.0, 0.0, 0.0, 0.0, 0.0, 1.0, 1.0, 1.0, 0.0, 1.0, 1.0, 0.0, 0.0, 0.0, 0.0, 1.0, 1.0, 1.0, 0.0, 1.0, 0.0, 0.0, 1.0, 1.0, 0.0, 1.0, 1.0, 0.0, 0.0, 0.0, 1.0, 0.0, 1.0, 0.0, 0.0, 1.0, 0.0, 0.0, 0.0, 0.0, 0.0, 0.0, 1.0, 0.0, 0.0, 0.0, 1.0, 0.0, 0.0, 0.0, 1.0, 1.0, 0.0, 0.0, 0.0, 1.0, 1.0, 0.0, 0.0, 1.0, 0.0, 0.0, 1.0, 0.0, 1.0, 0.0, 0.0, 1.0, 0.0, 0.0, 0.0, 0.0, 0.0, 1.0, 0.0, 0.0, 0.0, 1.0, 0.0, 1.0, 0.0, 0.0, 1.0, 0.0, 1.0, 1.0, 0.0, 0.0, 1.0, 1.0, 1.0, 0.0, 1.0, 0.0, 0.0, 0.0, 1.0, 0.0, 0.0, 1.0, 1.0, 0.0, 0.0, 1.0, 1.0, 1.0, 0.0, 1.0, 0.0, 1.0, 1.0, 0.0, 1.0, 0.0, 1.0, 1.0, 0.0, 0.0, 0.0, 1.0, 1.0, 0.0, 0.0, 1.0, 0.0, 1.0, 0.0, 0.0, 1.0, 0.0, 0.0, 0.0, 1.0, 0.0, 1.0, 1.0, 1.0, 1.0, 1.0, 1.0, 1.0, 0.0, 0.0, 1.0, 0.0, 1.0, 0.0, 0.0, 0.0, 0.0, 1.0, 1.0, 1.0, 1.0, 1.0, 0.0, 0.0, 1.0, 0.0, 1.0, 1.0, 0.0, 1.0, 1.0, 1.0, 0.0, 1.0, 1.0, 0.0, 0.0, 1.0, 0.0, 1.0, 1.0, 1.0, 1.0, 1.0, 0.0, 0.0, 1.0, 1.0, 0.0, 1.0, 0.0, 1.0, 0.0, 1.0, 0.0, 0.0, 1.0, 0.0, 1.0, 1.0, 1.0, 1.0, 0.0, 0.0, 0.0, 0.0, 1.0, 0.0, 1.0, 1.0, 0.0, 0.0, 0.0, 1.0, 0.0, 0.0, 0.0, 1.0, 1.0, 0.0, 1.0, 1.0, 0.0, 1.0, 0.0, 1.0, 1.0, 0.0, 1.0, 0.0, 0.0, 1.0, 1.0, 1.0, 1.0, 1.0, 1.0, 1.0, 0.0, 1.0, 1.0, 0.0, 0.0, 0.0, 1.0, 1.0, 1.0, 0.0, 1.0, 0.0, 0.0, 0.0, 1.0, 1.0, 1.0, 0.0, 1.0, 0.0, 0.0, 0.0, 1.0, 0.0, 1.0, 0.0, 1.0, 1.0, 1.0, 0.0, 0.0, 0.0, 1.0, 0.0, 0.0, 0.0, 1.0, 1.0, 0.0, 0.0, 0.0, 1.0, 1.0, 1.0, 0.0, 1.0, 1.0, 0.0, 0.0, 1.0, 1.0, 1.0, 1.0, 0.0, 0.0, 1.0, 0.0, 0.0, 1.0, 0.0, 0.0, 0.0, 1.0, 0.0, 1.0, 0.0, 1.0, 0.0, 0.0, 1.0, 0.0, 1.0, 0.0, 0.0, 0.0, 0.0, 0.0, 1.0, 0.0, 0.0, 1.0, 1.0, 1.0, 0.0, 0.0, 1.0, 0.0, 1.0, 1.0, 0.0, 1.0, 0.0, 0.0, 0.0, 0.0, 0.0, 1.0, 1.0, 0.0, 0.0, 1.0, 1.0, 1.0, 0.0, 0.0, 0.0, 1.0, 1.0, 0.0, 1.0, 1.0, 0.0, 0.0, 0.0, 0.0, 0.0, 0.0, 0.0, 1.0, 1.0, 1.0, 0.0, 0.0, 0.0, 0.0, 1.0, 0.0, 1.0, 1.0, 0.0, 0.0, 1.0, 1.0, 0.0, 1.0, 0.0, 1.0, 0.0, 0.0, 1.0, 0.0, 1.0, 1.0, 0.0, 1.0, 0.0, 0.0, 1.0, 0.0, 1.0, 0.0, 0.0, 0.0, 1.0, 0.0, 0.0, 1.0, 0.0, 1.0, 1.0, 1.0, 0.0, 1.0, 1.0, 0.0, 0.0, 1.0, 0.0, 1.0, 1.0, 0.0, 0.0, 1.0, 0.0, 0.0, 0.0, 1.0, 0.0, 0.0, 1.0, 0.0, 0.0, 1.0, 0.0, 0.0, 0.0, 1.0, 1.0, 1.0, 1.0, 0.0, 1.0, 0.0, 1.0, 1.0, 0.0, 0.0, 0.0, 0.0, 0.0, 1.0, 0.0, 1.0, 0.0, 1.0, 1.0, 1.0, 0.0, 0.0, 0.0, 1.0, 1.0, 1.0, 1.0, 1.0, 1.0, 0.0, 0.0, 1.0, 0.0, 0.0, 1.0, 1.0, 1.0, 1.0, 1.0, 1.0, 0.0, 0.0, 0.0, 1.0, 1.0, 1.0, 1.0, 0.0, 1.0, 0.0, 0.0, 0.0, 1.0, 0.0, 1.0, 0.0, 0.0, 1.0, 0.0, 0.0, 1.0, 1.0, 0.0, 0.0, 0.0, 0.0, 0.0, 0.0, 0.0, 1.0, 0.0, 0.0, 0.0, 1.0, 1.0, 1.0, 1.0, 0.0, 1.0, 1.0, 1.0, 0.0, 0.0, 0.0, 1.0, 1.0, 1.0, 0.0, 1.0, 1.0, 1.0, 1.0, 1.0, 0.0, 1.0, 1.0, 1.0, 1.0, 1.0, 0.0, 1.0, 1.0, 0.0, 1.0, 0.0, 1.0, 0.0, 0.0, 0.0, 0.0, 0.0, 1.0, 1.0, 0.0, 1.0, 1.0, 1.0, 0.0, 1.0, 0.0, 1.0, 1.0, 0.0, 1.0, 0.0, 1.0, 0.0, 0.0, 0.0, 0.0, 0.0, 1.0, 1.0, 0.0, 1.0, 0.0, 0.0, 1.0, 1.0, 0.0, 0.0, 1.0, 1.0, 1.0, 0.0, 0.0, 1.0, 1.0, 1.0, 1.0, 1.0, 1.0, 1.0, 0.0, 0.0, 0.0, 1.0, 1.0, 1.0, 1.0, 0.0, 0.0, 1.0, 0.0, 1.0, 0.0, 1.0, 1.0, 1.0, 1.0, 1.0, 0.0, 0.0, 1.0, 1.0, 0.0, 1.0, 0.0, 0.0, 0.0, 1.0, 0.0, 1.0, 1.0, 0.0, 0.0, 0.0, 0.0, 0.0, 1.0, 1.0, 0.0, 0.0, 0.0, 1.0, 0.0, 0.0, 0.0, 1.0, 0.0, 0.0, 0.0, 1.0, 1.0, 0.0, 1.0, 0.0, 0.0, 1.0, 0.0, 0.0, 1.0, 0.0, 0.0, 1.0, 1.0, 1.0, 1.0, 1.0, 1.0, 1.0, 0.0, 1.0, 1.0, 1.0, 1.0, 0.0, 1.0, 0.0, 0.0, 1.0, 0.0, 1.0, 0.0, 0.0, 0.0, 1.0, 0.0, 0.0, 0.0, 1.0, 1.0, 0.0, 1.0, 1.0, 1.0, 0.0, 0.0, 1.0, 0.0, 1.0, 1.0, 0.0, 0.0, 0.0, 0.0, 1.0, 1.0, 1.0, 1.0, 1.0, 1.0, 1.0, 1.0, 0.0, 0.0, 1.0, 0.0, 0.0, 1.0, 0.0, 1.0, 0.0, 1.0, 1.0, 1.0, 0.0, 0.0, 0.0, 1.0, 0.0, 1.0, 1.0, 1.0, 1.0, 0.0, 0.0, 0.0, 1.0, 0.0, 0.0, 1.0, 1.0, 1.0, 0.0, 0.0, 1.0, 1.0, 1.0, 1.0, 0.0, 1.0, 0.0, 0.0, 1.0, 0.0, 1.0, 0.0, 1.0, 1.0, 0.0, 0.0, 1.0, 1.0, 1.0, 0.0, 0.0, 1.0, 1.0, 1.0, 0.0, 0.0, 0.0, 1.0, 0.0, 1.0, 0.0, 1.0, 0.0, 0.0, 1.0, 0.0, 0.0, 1.0, 1.0, 1.0, 0.0, 1.0, 1.0, 0.0, 0.0, 1.0, 0.0, 0.0, 0.0, 0.0, 0.0, 0.0, 0.0, 0.0, 0.0, 0.0, 0.0, 0.0, 0.0, 0.0, 1.0, 0.0, 0.0, 0.0, 1.0, 1.0, 0.0, 0.0, 1.0, 1.0, 1.0, 1.0, 0.0, 1.0, 0.0, 0.0, 1.0, 0.0, 1.0, 0.0, 1.0, 0.0, 1.0, 0.0, 0.0, 0.0, 0.0, 0.0, 1.0, 0.0, 0.0, 1.0, 1.0, 0.0, 1.0, 1.0, 0.0, 0.0, 1.0, 1.0, 1.0, 0.0, 0.0, 0.0, 0.0, 1.0, 0.0, 0.0, 1.0, 0.0, 0.0, 1.0, 0.0, 1.0, 0.0, 1.0, 0.0, 1.0, 1.0, 0.0, 1.0, 0.0, 0.0, 0.0, 1.0, 0.0, 1.0, 1.0, 1.0, 1.0, 0.0, 0.0, 0.0, 0.0, 0.0, 0.0, 1.0, 0.0, 0.0, 0.0, 1.0, 0.0, 0.0, 1.0, 1.0, 0.0, 0.0, 1.0, 1.0, 0.0, 1.0, 0.0, 1.0, 1.0, 1.0, 0.0, 0.0, 0.0, 1.0, 1.0, 1.0, 1.0, 0.0, 0.0, 1.0, 1.0, 1.0, 1.0, 0.0, 0.0, 0.0, 0.0, 1.0, 1.0, 1.0, 1.0, 1.0, 0.0, 0.0, 0.0, 0.0, 0.0, 0.0, 1.0, 1.0, 0.0, 0.0, 0.0, 1.0, 0.0, 0.0, 0.0, 0.0, 1.0, 1.0, 0.0, 0.0, 0.0, 1.0, 1.0, 1.0, 0.0, 1.0, 0.0, 1.0, 0.0, 0.0, 1.0, 0.0, 0.0, 1.0, 1.0, 0.0, 1.0, 1.0, 0.0, 1.0, 1.0, 1.0, 0.0, 0.0, 0.0, 0.0, 0.0, 1.0, 1.0, 1.0, 0.0, 1.0, 1.0, 0.0, 1.0, 1.0, 0.0, 0.0, 0.0, 1.0, 1.0, 0.0, 1.0, 0.0, 1.0, 1.0, 0.0, 1.0, 1.0, 0.0, 1.0, 0.0, 0.0, 0.0, 0.0, 1.0, 1.0, 1.0, 0.0, 1.0, 1.0, 0.0, 1.0, 0.0, 1.0, 1.0, 1.0, 1.0, 0.0, 0.0, 1.0, 0.0, 0.0, 0.0, 0.0, 0.0, 1.0, 1.0, 0.0, 0.0, 1.0, 1.0, 0.0, 1.0, 0.0, 0.0, 1.0, 1.0, 0.0, 1.0, 0.0, 1.0, 0.0, 1.0, 1.0, 0.0, 1.0, 1.0, 1.0, 1.0, 1.0, 0.0, 1.0, 0.0, 0.0, 1.0, 1.0, 0.0, 0.0, 1.0, 0.0, 0.0, 0.0, 0.0, 1.0, 1.0, 1.0, 1.0, 0.0, 0.0, 1.0, 0.0, 0.0, 0.0, 1.0, 1.0, 1.0, 1.0, 1.0, 0.0, 0.0, 1.0, 0.0, 1.0, 0.0, 0.0, 1.0, 1.0, 0.0, 1.0, 1.0, 1.0, 1.0, 0.0, 0.0, 0.0, 0.0, 1.0, 0.0, 1.0, 1.0, 0.0, 1.0, 0.0, 1.0, 0.0, 1.0, 1.0, 0.0, 1.0, 1.0, 0.0, 0.0, 1.0, 1.0, 1.0, 1.0, 1.0, 0.0, 1.0, 0.0, 0.0, 0.0, 0.0, 1.0, 1.0, 0.0, 0.0, 1.0, 0.0, 0.0, 0.0, 0.0, 1.0, 0.0, 0.0, 1.0, 1.0, 0.0, 1.0, 0.0, 1.0, 0.0, 0.0, 0.0, 0.0, 0.0, 0.0, 0.0, 1.0, 0.0, 0.0, 1.0, 0.0, 0.0, 1.0, 0.0, 0.0, 0.0, 1.0, 0.0, 0.0, 1.0, 1.0, 0.0, 0.0, 0.0, 1.0, 0.0, 0.0, 1.0, 0.0, 1.0, 1.0, 0.0, 0.0, 0.0, 0.0, 0.0, 1.0, 1.0, 1.0, 0.0, 1.0, 0.0, 1.0, 1.0, 1.0, 0.0, 1.0, 1.0, 1.0, 1.0, 0.0, 1.0, 0.0, 1.0, 1.0, 0.0, 1.0, 1.0, 0.0, 0.0, 0.0, 0.0, 0.0, 0.0, 0.0, 1.0, 0.0, 0.0, 0.0, 0.0, 0.0, 0.0, 0.0, 1.0, 0.0, 1.0, 0.0, 1.0, 1.0, 0.0, 0.0, 0.0, 0.0, 1.0, 1.0, 0.0, 1.0, 1.0, 0.0, 1.0, 1.0, 0.0, 1.0, 1.0, 0.0, 1.0, 1.0, 0.0, 0.0, 0.0, 0.0, 1.0, 0.0, 0.0, 0.0, 0.0, 1.0, 0.0, 1.0, 1.0, 1.0, 0.0, 0.0, 1.0, 0.0, 1.0, 0.0, 0.0, 1.0, 1.0, 0.0, 0.0, 0.0, 1.0, 0.0, 0.0, 1.0, 1.0, 0.0, 0.0, 0.0, 0.0, 1.0, 0.0, 1.0, 0.0, 0.0, 1.0, 0.0, 0.0, 0.0, 0.0, 1.0, 0.0, 1.0, 1.0, 1.0, 0.0, 0.0, 0.0, 0.0, 0.0, 1.0, 1.0, 1.0, 0.0, 1.0, 0.0, 1.0, 1.0, 1.0, 1.0, 1.0, 1.0, 0.0, 1.0, 0.0, 0.0, 0.0, 1.0, 1.0, 1.0, 1.0, 0.0, 0.0, 0.0, 0.0, 1.0, 1.0, 1.0, 0.0, 0.0, 1.0, 0.0, 1.0, 0.0, 1.0, 0.0, 1.0, 0.0, 1.0, 1.0, 1.0, 0.0, 0.0, 1.0, 1.0, 0.0, 1.0, 1.0, 0.0, 0.0, 1.0, 1.0, 0.0, 1.0, 0.0, 0.0, 0.0, 1.0, 0.0, 0.0, 0.0, 1.0, 1.0, 1.0, 1.0, 1.0, 1.0, 1.0, 0.0, 0.0, 1.0, 1.0, 0.0, 0.0, 1.0, 0.0, 0.0, 0.0, 1.0, 0.0, 0.0, 1.0, 0.0, 1.0, 0.0, 1.0, 1.0, 1.0, 1.0, 0.0, 1.0, 0.0, 1.0, 0.0, 1.0, 0.0, 0.0, 0.0, 0.0, 1.0, 1.0, 0.0, 0.0, 0.0, 1.0, 1.0, 0.0, 0.0, 0.0, 0.0, 0.0, 1.0, 0.0, 0.0, 1.0, 0.0, 0.0, 0.0, 1.0, 0.0, 1.0, 0.0, 1.0, 1.0, 1.0, 0.0, 1.0, 1.0, 0.0, 0.0, 0.0, 1.0, 1.0, 0.0, 1.0, 1.0, 1.0, 0.0, 0.0, 1.0, 0.0, 0.0, 0.0, 0.0, 0.0, 1.0, 1.0, 1.0, 1.0, 0.0, 1.0, 1.0, 1.0, 1.0, 1.0, 0.0, 0.0, 1.0, 0.0, 0.0, 0.0, 1.0, 1.0, 1.0, 0.0, 0.0, 0.0, 1.0, 0.0, 0.0, 0.0, 1.0, 1.0, 0.0, 1.0, 1.0, 1.0, 1.0, 1.0, 1.0, 1.0, 1.0, 1.0, 1.0, 1.0, 1.0, 0.0, 0.0, 0.0, 0.0, 0.0, 1.0, 0.0, 1.0, 0.0, 0.0, 1.0, 0.0, 1.0, 0.0, 0.0, 0.0, 1.0, 0.0, 0.0, 0.0, 1.0, 1.0, 1.0, 0.0, 0.0, 1.0, 0.0, 0.0, 1.0, 0.0, 0.0, 0.0, 0.0, 1.0, 1.0, 0.0, 0.0, 0.0, 0.0, 1.0, 1.0, 0.0, 1.0, 0.0, 1.0, 1.0, 1.0, 0.0, 1.0, 0.0, 1.0, 1.0, 0.0, 0.0, 1.0, 0.0, 0.0, 1.0, 1.0, 0.0, 0.0, 0.0, 1.0, 1.0, 1.0, 0.0, 0.0, 0.0, 0.0, 0.0, 1.0, 0.0, 0.0, 0.0, 1.0, 0.0, 0.0, 1.0, 1.0, 0.0, 1.0, 1.0, 0.0, 1.0, 1.0, 1.0, 1.0, 1.0, 0.0, 1.0, 1.0, 1.0, 1.0, 1.0, 1.0, 0.0, 1.0, 1.0, 0.0, 0.0, 0.0, 0.0, 1.0, 0.0, 1.0, 1.0, 0.0, 1.0, 1.0, 1.0, 0.0, 1.0, 1.0, 0.0, 1.0, 1.0, 1.0, 1.0, 1.0, 1.0, 1.0, 0.0, 1.0, 0.0, 1.0, 1.0, 0.0, 1.0, 1.0, 0.0, 1.0, 1.0, 0.0, 1.0, 1.0, 0.0, 1.0, 1.0, 0.0, 0.0, 1.0, 0.0, 1.0, 1.0, 0.0, 0.0, 0.0, 0.0, 1.0, 1.0, 0.0, 0.0, 0.0, 0.0, 1.0, 1.0, 0.0, 0.0, 1.0, 1.0, 1.0, 1.0, 1.0, 1.0, 0.0, 0.0, 1.0, 0.0, 0.0, 1.0, 0.0, 1.0, 1.0, 0.0, 0.0, 1.0, 1.0, 0.0, 0.0, 0.0, 0.0, 0.0, 1.0, 1.0, 1.0, 0.0, 0.0, 0.0, 0.0, 1.0, 0.0, 0.0, 1.0, 0.0, 1.0, 1.0, 1.0, 0.0, 0.0, 0.0, 1.0, 0.0, 0.0, 0.0, 0.0, 0.0, 1.0, 0.0, 0.0, 1.0, 0.0, 0.0, 1.0, 0.0, 1.0, 1.0, 1.0, 1.0, 1.0, 0.0, 1.0, 1.0, 1.0, 1.0, 0.0, 1.0, 1.0, 1.0, 1.0, 0.0, 1.0, 0.0, 1.0, 1.0, 0.0, 0.0, 0.0, 0.0, 0.0, 1.0, 1.0, 0.0, 0.0, 0.0, 1.0, 1.0, 0.0, 0.0, 0.0, 1.0, 0.0, 0.0, 1.0, 1.0, 1.0, 1.0, 0.0, 1.0, 1.0, 1.0, 0.0, 0.0, 0.0, 1.0, 0.0, 1.0, 1.0, 0.0, 1.0, 0.0, 0.0, 1.0, 1.0, 1.0, 0.0, 0.0, 1.0, 0.0, 0.0, 1.0, 0.0, 1.0, 1.0, 1.0, 0.0, 0.0, 1.0, 0.0, 0.0, 1.0, 1.0, 0.0, 0.0, 0.0, 1.0, 1.0, 1.0, 1.0, 0.0, 0.0, 1.0, 1.0, 0.0, 0.0, 1.0, 1.0, 1.0, 0.0, 1.0, 1.0, 1.0, 1.0, 1.0, 0.0, 1.0, 1.0, 0.0, 1.0, 0.0, 1.0, 0.0, 0.0, 0.0, 1.0, 0.0, 0.0, 1.0, 0.0, 1.0, 1.0, 1.0, 0.0, 1.0, 0.0, 0.0, 0.0, 0.0, 0.0, 1.0, 1.0, 1.0, 1.0, 0.0, 1.0, 1.0, 1.0, 0.0, 0.0, 1.0, 1.0, 1.0, 0.0, 0.0, 0.0, 1.0, 0.0, 0.0, 0.0, 0.0, 1.0, 0.0, 0.0, 0.0, 0.0, 0.0, 0.0, 0.0, 0.0, 1.0, 0.0, 1.0, 1.0, 0.0, 1.0, 1.0, 1.0, 1.0, 1.0, 0.0, 0.0, 0.0, 1.0, 0.0, 1.0, 1.0, 1.0, 1.0, 1.0, 1.0, 1.0, 1.0, 0.0, 0.0, 0.0, 1.0, 1.0, 0.0, 0.0, 1.0, 1.0, 1.0, 1.0, 0.0, 0.0, 1.0, 0.0, 1.0, 1.0, 1.0, 0.0, 0.0, 1.0, 0.0, 0.0, 0.0, 0.0, 1.0, 0.0, 0.0, 0.0, 0.0, 1.0, 0.0, 0.0, 0.0, 1.0, 1.0, 0.0, 1.0, 1.0, 0.0, 0.0, 1.0, 1.0, 1.0, 1.0, 1.0, 1.0, 1.0, 0.0, 0.0, 0.0, 1.0, 1.0, 1.0, 0.0, 0.0, 1.0, 0.0, 0.0, 1.0, 0.0, 0.0, 1.0, 0.0, 1.0, 0.0, 0.0, 1.0, 1.0, 0.0, 1.0, 1.0, 1.0, 0.0, 1.0, 0.0, 1.0, 0.0, 0.0, 1.0, 1.0, 1.0, 0.0, 0.0, 0.0, 1.0, 1.0, 1.0, 0.0, 1.0, 0.0, 1.0, 1.0, 1.0, 1.0, 0.0, 1.0, 0.0, 1.0, 1.0, 1.0, 0.0, 0.0, 1.0, 1.0, 1.0, 1.0, 1.0, 1.0, 0.0, 0.0, 0.0, 0.0, 0.0, 0.0, 1.0, 0.0, 1.0, 0.0, 1.0, 1.0, 1.0, 1.0]
\score={0: [0.10912544337602761, 0.10869704416164985, 0.109608506411314, 0.1091952363650004, 0.10835191148978013, 0.10824669773379962, 0.10869792352120082, 0.10885560947159927, 0.11016667290375783, 0.10943249477581544, 0.10903211931387584, 0.10920468552245034, 0.1070661528242959, 0.10892231861750284, 0.10860481583758404, 0.10876185317402301, 0.10878707468509674, 0.10870777273719961, 0.10884962497012955, 0.10932298526167869, 0.1095709042115645, 0.10859616439450871, 0.10812698014908367, 0.10809097048782167, 0.1092095297574997, 0.10892835296690465, 0.10846261770986929, 0.10859786067157984, 0.10987378525383332, 0.10845518420482504, 0.10829636844850722, 0.10863649386626023, 0.10875623141016279, 0.10963714122772217, 0.10891737878322601, 0.10952092856168746, 0.10977663695812226, 0.10950699062259109, 0.10867783194407821, 0.10822358887110438, 0.10910380788539585, 0.10856827864280114, 0.10870618954664324, 0.10906497456810692, 0.10853975514570872, 0.10905760079622269, 0.10867984465709547, 0.10892242778624807, 0.10880780443549157, 0.1084856821431054, 0.10907008312642574, 0.10850223153829575, 0.10951462591236288, 0.1087161091894939, 0.10769861340522766, 0.10890935733914375, 0.10875337169720577, 0.10883072996512055, 0.10750155672430992, 0.10898270370329127, 0.10842309462336394, 0.10900110006332397, 0.10879229404963553, 0.10792992670427669, 0.10941975712776184, 0.10866324535825035, 0.10886998102068901, 0.1084908043796366, 0.10881116202003077, 0.10958250413338343, 0.10880318013104526, 0.10861286371946335, 0.10858816487921609, 0.10839263392346246, 0.10850421488285064, 0.10874380863138608, 0.10904980916529894, 0.1085516158491373, 0.10910890665319231, 0.10849843614480713, 0.108388096285172, 0.10841637973984082, 0.11001961508935149, 0.10861255060280522, 0.10891675375975095, 0.10864601739578778, 0.10847224874628915, 0.1099544032053514, 0.10892016791245517, 0.10870991913335663, 0.1081848790248235, 0.10944563746452332, 0.10826936322781774, 0.10854079190528754, 0.10889493674039841, 0.10954741388559341, 0.10760246217250824, 0.10864575772449889, 0.10970500512765004, 0.10932506824081595, 0.10820831498131156, 0.1088290072005728, 0.10855095297098159, 0.10807775925187503, 0.10883069742057058, 0.10826294177344867, 0.1081645052569608, 0.10910971308091902, 0.10895828558848454, 0.10971701145172119, 0.10841395244711921, 0.10811373079195619, 0.10792679000984538, 0.10896722024137323, 0.10889916078132741, 0.10941126603971828, 0.10945121155065649, 0.10932001322507859, 0.10840058657858107, 0.1090745679461039, 0.1093249140041215, 0.11011377796530723, 0.10936963371932507, 0.10819528120405533, 0.10854378889004389, 0.1095485508441925, 0.10897378002603848, 0.10902869577209155, 0.1090713854540478, 0.1091545255019747, 0.10906490073962645, 0.10909474591414134, 0.10893757868072261, 0.10881564562970941, 0.10773428375351018, 0.10812217117966832, 0.10849067568778992, 0.10877888751300899, 0.10859060944879756, 0.1078334026362585, 0.10871397107839584, 0.10921303956554486, 0.10881740630914767, 0.10941548645496368, 0.10954870152122834, 0.1085014171898365, 0.10854755435138941, 0.10909656323492527, 0.10888538712804968, 0.109437841583382, 0.10846214794686862, 0.10761980265378952, 0.10836961459029805, 0.10910745076835156, 0.10839214791422305, 0.10788956628395961, 0.10843298584222794, 0.1087596271383135, 0.1094144705682993, 0.10878220895926158, 0.10888858363032342, 0.1084645576775074, 0.1080011649057269, 0.1098744198679924, 0.10835042010460581, 0.11073418029329994, 0.10856286883354187, 0.10889108698157703, 0.10804123741885026, 0.10890818706580571, 0.10829843999817967, 0.10838084667921066, 0.1084652490913868, 0.10740800946950912, 0.10891349932977132, 0.10853894112201837, 0.10990334505384619, 0.1087747247595536, 0.1091018507585806, 0.10915139648649427, 0.10882361233234406, 0.10894094109535217, 0.10890350304543972, 0.10830569704031122, 0.10827303483434346, 0.10864992168816653, 0.10898488916848835, 0.1093122772872448, 0.1093713500433498, 0.10932553985289165, 0.10893006569572858, 0.10834990182648534, 0.10861553730709213, 0.10764901041984558, 0.10869906991720199, 0.10920954292470758, 0.1084510275611171, 0.1098799710161984, 0.10928258610268433, 0.10885226354002953, 0.10857470519840717, 0.10887433927167546, 0.10810237050056458, 0.10876898024053801, 0.10771758523252276, 0.10829706286842172, 0.10868447565514108, 0.10846171155571938, 0.10848803420861562, 0.10863323001699014, 0.10950114652514457, 0.10874794734021027, 0.109050827100873, 0.10823372974991799, 0.10862611588977632, 0.10907432480769999, 0.10877086503638161, 0.10832136824275508, 0.10779777765274048, 0.10724477395415306, 0.10905846531192462, 0.10945473760366439, 0.10939180638108935, 0.10872541591525078, 0.109026949852705, 0.11029641516506672, 0.10909712851047516, 0.10731764063239098, 0.10930602049285715, 0.10896123892494611, 0.10809198477201992, 0.10977375010649364, 0.10852982645685022, 0.1084625617815898, 0.10808120829903561, 0.10922456681728362, 0.10886990744620562, 0.10854397341609001, 0.10881452728062868, 0.10866597294807434, 0.10913330316543579, 0.1079054535539062, 0.10900864594926436, 0.10791272244283132, 0.10837402997108606, 0.1095809627856527, 0.10839493098584088, 0.10885257477110083, 0.10883015339021329, 0.10793139735857646, 0.10922022637995807, 0.10956759502490361, 0.10826648399233818, 0.10872631371021271, 0.1094939112663269, 0.10857539448667974, 0.10952755808830261, 0.1087651439011097, 0.10850655809044837, 0.10801661488684741, 0.10813358689055723, 0.10916177565987045, 0.10799583828165418, 0.10938703618012369, 0.10841342579159471, 0.10908564586531032, 0.10832316180070241, 0.10838866420090199, 0.10881162087122599, 0.10902352631092072, 0.10850694924592971, 0.10834681136267525, 0.10828232986701501, 0.10924223810434341, 0.10892854630947113, 0.1088724202092956, 0.10792503009239833, 0.10952234733849764, 0.10830270498991013, 0.10884112847405811, 0.10924411142865817, 0.1075601244966189, 0.10878725675866008, 0.10859340293840929, 0.10894804215058684, 0.10951007767157121, 0.10987139493227005, 0.10884421797735351, 0.10859109833836555, 0.1089636037240223, 0.10862832350863351, 0.1084118021859063, 0.11001638056976455, 0.10918953875079751, 0.10869113832712174, 0.10932651549577713, 0.1090692075399252, 0.10822458497502586, 0.10938182635151822, 0.1082843467593193, 0.1086117760701613, 0.10903494592223849, 0.10861535370349884, 0.10943262565594453, 0.10801041747132938, 0.10905629870566455, 0.1092533253133297, 0.1091268055692867, 0.10966482882698377, 0.1091852355748415, 0.1081658930263736, 0.10842804320984417, 0.10896842113950035, 0.10884806287029515, 0.10925558475511414, 0.10876847327583367, 0.10863142646849155, 0.10842097279700366, 0.10804509123166402, 0.1081486852331595, 0.10882854387164116, 0.10857786522025153, 0.1081787006308635, 0.1076693780720234, 0.10925998489061992, 0.1092253906859292, 0.10784456671939956, 0.10887308915456136, 0.10857193171977997, 0.10964953313980784, 0.10859322892846884, 0.10940821468830109, 0.1090724521449634, 0.10914477854967117, 0.10879451808120523, 0.10891395683089893, 0.10930486328222534, 0.1088074209249538, 0.10968873386873919, 0.1087676143726787, 0.10873878896236419, 0.10933190087477367, 0.10868863016366959, 0.1088392786681652, 0.10872082917818002, 0.10896849345702392, 0.10957433960654518, 0.10829163211233475, 0.10845219087786973, 0.10879038088023663, 0.10845467899784897, 0.10797293755141171, 0.10786844896418708, 0.10841728995243709, 0.10843802083815847, 0.1085570574768128, 0.10929630572597186, 0.10971873592246663, 0.10894742476589539, 0.10838634046641263, 0.10863415002822877, 0.10826954524964094, 0.10929364665891185, 0.10947521962225437, 0.10854421502777509, 0.10839899342793685, 0.1086160272359848, 0.108653486484573, 0.108610055098931, 0.10828882952531178, 0.10806388407945633, 0.10863445233553648, 0.10808842604358991, 0.10856471652234043, 0.10883790144213924, 0.10893756337463856, 0.10872591214795266, 0.10950057073072954, 0.1088665497523767, 0.10888031631708145, 0.10884676677616019, 0.10908020474016666, 0.10844312484065692, 0.10900321261336406, 0.10927034914493561, 0.11013146489858627, 0.10914483347109386, 0.10856542606716571, 0.10891691341318867, 0.10901715473404952, 0.10839463945697336, 0.108531070528207, 0.10916910693049431, 0.1088117053732276, 0.11033093929290771, 0.10867362143471837, 0.10851084875563781, 0.10989661328494549, 0.10787899461057451, 0.10956816747784615, 0.10886019319295884, 0.1094596334374868, 0.10912590238608812, 0.10828219503164291, 0.10828064788471568, 0.10858329565360628, 0.10841832576053483, 0.10871652141213417, 0.10955439440228722, 0.10943879072482769, 0.1093238347934352, 0.10858946932213646, 0.10967523178883962, 0.10923593739668529, 0.10844517043895191, 0.10843480185226158, 0.10862662742535273, 0.10855439888394397, 0.10903910715733806, 0.10991549817845225, 0.10931262717797206, 0.10779543096820514, 0.10936068743467331, 0.10851397938453235, 0.10838029371655505, 0.11019113411506017, 0.10897999670770434, 0.10857938540478547, 0.10927140050464207, 0.10945844414987062, 0.10811763895409447, 0.10841545946896076, 0.10860660646496148, 0.10924696549773216, 0.10829809308052063, 0.10954812101342461, 0.1084019507874142, 0.10823851476113001, 0.10884150117635727, 0.10862232744693756, 0.1086349327649389, 0.10862527849773566, 0.10845673175119772, 0.10762779042124748, 0.1081816057364146, 0.10876944899559021, 0.10865018972092205, 0.10826158752808204, 0.10842492803931236, 0.10895219551665443, 0.10812029039317911, 0.10816990698759373, 0.10850616345802942, 0.10887992795970705, 0.10897754211174815, 0.1085362546145916, 0.10873246497728607, 0.1079918694767085, 0.10874647428007687, 0.1088313299875993, 0.10847437802864157, 0.10873367823660374, 0.10886244056746364, 0.10817234218120575, 0.10846572071313858, 0.10894669642051061, 0.10846573600302571, 0.1087548241019249, 0.10867656366183208, 0.10861325822770596, 0.10876662758263675, 0.10817275467244061, 0.10786950851187986, 0.10826540440320968, 0.10842399187386036, 0.10841634443828038, 0.10915083686510722, 0.10857383906841278, 0.10809395383847387, 0.10865221676581047, 0.10898514024235985, 0.10870503902435302, 0.10890596230392871, 0.1081667854450643, 0.10774721205234528, 0.10877555012702941, 0.10852449280875069, 0.10893116920040204, 0.10882978247744697, 0.10811442323029041, 0.10865509261687596, 0.10943095328716132, 0.10883450557788213, 0.10899896040940896, 0.10842632502317429, 0.10920812574953868, 0.10806517601013184, 0.10787373036146164, 0.1084656102413481, 0.10907922312617302, 0.10815955077608426, 0.10867664551940458, 0.1090271845459938, 0.10905545272610405, 0.10694348067045212, 0.10852019091447195, 0.10908269509673119, 0.10882308411722381, 0.10932359099388123, 0.10856733538887718, 0.10916811792236386, 0.1086035846052943, 0.10902703897311138, 0.10946188028901815, 0.10839364296475122, 0.10891853667357389, 0.10854383511468768, 0.10901018232107162, 0.1088929072022438, 0.10829907208681107, 0.10782039215167363, 0.10792432948946953, 0.10900102886888716, 0.10915359205160385, 0.10821698508832765, 0.10855229425689449, 0.10932110100984574, 0.1085846991888408, 0.10913566748301189, 0.10760817130406698, 0.10851215251854487, 0.10878490443740572, 0.1087041116423077, 0.10845817944833211, 0.10819471733910697, 0.10948299595287868, 0.1086048095797499, 0.10917095715800922, 0.1094939752171437, 0.10915124129790527, 0.10873798341775427, 0.10925044947200352, 0.11014317870140075, 0.10937198251485825, 0.10837498307228088, 0.10861960053443909, 0.10892303423448042, 0.10859312705303494, 0.1090832178791364, 0.10849849097430705, 0.10831386372447013, 0.10838149331117931, 0.10871814837058386, 0.10911312307182111, 0.10937088421162437, 0.10897269541466678, 0.10911076118548711, 0.10931054923845374, 0.10827265892710004, 0.10804308454195659, 0.10898421391060478, 0.1080769196152687, 0.10910149722507126, 0.10891935430668495, 0.1080208420753479, 0.1093399751931429, 0.10970333354039626, 0.10910458055635293, 0.10866886448292505, 0.10877186575761208, 0.10878635197877884, 0.10844865524106556, 0.10870700495110618, 0.1088281181805274, 0.10862057010332743, 0.10905983751373631, 0.10911775529384612, 0.10902604386210442, 0.10959537401795387, 0.10920423404736952, 0.10800812164178261, 0.10867524594068527, 0.10894427299499512, 0.1087510173811632, 0.1083741398262126, 0.11013785501321156, 0.1081210445612669, 0.10915898181059781, 0.10819200426340103, 0.10883415788412094, 0.1083205345758172, 0.1076977401971817, 0.10877642122118972, 0.10771964490413666, 0.10968989729881287, 0.10948400654726559, 0.10923284865342654, 0.10897231818391727, 0.10795451797868895, 0.10832286030054092, 0.10804494470357895, 0.1084945105454501, 0.10892923424641292, 0.10850192192527983, 0.10888232290744781, 0.10899618750109392, 0.1084922133730008, 0.10868633219173976, 0.10811755941672758, 0.10874859569594264, 0.10855275243520737, 0.10787553042173385, 0.10847894965033782, 0.10918991453945637, 0.10892338278117003, 0.10871389647945762, 0.10882475870576772, 0.10972636093695959, 0.10873686894774437, 0.10917972326278687, 0.10767742819510974, 0.10896493473223277, 0.1090913074357169, 0.10788126862966098, 0.10980639408032099, 0.10827133655548096, 0.1082747418146867, 0.10905343466080152, 0.1087603544195493, 0.10902986835156168, 0.1093837151924769, 0.10921139405532317, 0.10965247337634747, 0.10952035917176141, 0.10818984901363199, 0.10901537099305321, 0.10900248632286534, 0.10821799527515065, 0.10814067721366882, 0.10782186212864789, 0.1095686959368842, 0.10928166005760431, 0.10917395459754127, 0.10764177179052717, 0.10941106738413081, 0.10868456528375023, 0.10805592272016737, 0.10654615610837936, 0.10879382603999341, 0.10915175080299377, 0.10925992104140195, 0.10823705579553332, 0.10878707824841789, 0.10832702109347218, 0.10867912660945546, 0.10867112129926682, 0.10883260213515976, 0.10845957222309979, 0.10973596510787804, 0.10865391459729937, 0.10877846808809984, 0.10886362195014954, 0.10929717467381404, 0.10821986062960191, 0.10831556469202042, 0.10751216998323798, 0.1088877499655441, 0.10860453844070435, 0.10838622402618914, 0.10867998813805373, 0.10899949952577934, 0.10911085332433383, 0.10790018970146775, 0.10849961237265514, 0.10871445160845052, 0.10896430611610412, 0.10939598140808252, 0.10885757523087355, 0.10866854521963332, 0.10894714896049765, 0.10931257610874516, 0.10868272110819817, 0.10863963969879681, 0.10913299047388136, 0.10945649977241244, 0.10881675264010063, 0.10890762169252742, 0.1086668332417806, 0.10857519507408142, 0.10882063905398051, 0.1078879974390331, 0.10858587175607681, 0.10895832131306331, 0.10849501865525399, 0.10794736593961715, 0.10869770331515206, 0.10875483900308609, 0.10812221301926507, 0.10880602772037189, 0.10869199112057686, 0.10893001314252615, 0.10722014266583654, 0.107983288505385, 0.10949382357872449, 0.10780254089170033, 0.10962851485237479, 0.10840772489706675, 0.10863945707678795, 0.10838192461856774, 0.10798665218883091, 0.10829512388617904, 0.10911598677436511, 0.1084166207909584, 0.10822731778025627, 0.10885798351632224, 0.10879862840686526, 0.10909783095121384, 0.10737347304821014, 0.108718574906771, 0.10903605967760086, 0.10866159200668335, 0.10930902167008473, 0.10898337106813084, 0.10815294971689582, 0.10876750536262988, 0.10845483560115099, 0.1083294026214968, 0.10839801331361135, 0.1084064319729805, 0.1085525310287873, 0.10877766311168671, 0.10931719200951713, 0.10822705101025731, 0.10822385576154504, 0.10936091616749763, 0.10893085363664125, 0.10915649930636089, 0.10798654924420749, 0.10792318784764834, 0.10873492590842708, 0.10988401908140916, 0.10890549359222253, 0.1083357927614245, 0.10892708003520965, 0.10974198053864871, 0.108467258810997, 0.10816530830093793, 0.10768104758527544, 0.10857443479092224, 0.10826405118170537, 0.10847608000040054, 0.10850755969683329, 0.10932015186106717, 0.10920497250777704, 0.10923937583963077, 0.10850429315777387, 0.10788804093996683, 0.10820421775182089, 0.1082079354673624, 0.10904184728860855, 0.1080878431146795, 0.1092516062160333, 0.10902334004640579, 0.10868101241067052, 0.10833677053451538, 0.10936838760972023, 0.10905376002192498, 0.1072445089618365, 0.10883595936355137, 0.10866281452278297, 0.10890244971960783, 0.10850847512483597, 0.10837423124096611, 0.10881396312089194, 0.10828431189060211, 0.10957757463412625, 0.10934593422072274, 0.10799230573077996, 0.10911370778367632, 0.10850407889014796, 0.10834828116323637, 0.10888788171789864, 0.1081265513511265, 0.1096828542649746, 0.10774839359025161, 0.10811389902872699, 0.10837068877049855, 0.1101478360593319, 0.10873595083301718, 0.10759089580353569, 0.1088638391458627, 0.10842607393860818, 0.10875839065937769, 0.10933134603229436, 0.10909371003508568, 0.10860304614262921, 0.10884926862576429, 0.1090121033291022, 0.10841568873116844, 0.108724629016299, 0.10930232455333073, 0.10803063746009554, 0.10876416325569153, 0.10933813859115947, 0.10804733633995056, 0.10868294067956784, 0.10925305471755564, 0.10828227143396031, 0.10841515186158093, 0.10856097952827164, 0.10940272361040115, 0.10855056079370635, 0.10860150638553831, 0.10940295954545338, 0.10862710550427437, 0.10852801742462012, 0.10896634529618655, 0.10869227333201302, 0.10767117391029994, 0.10857171192765236, 0.10905553724454797, 0.10911340467058696, 0.10916782429023665, 0.10919951115335737, 0.10845726989209652, 0.10901039838790894, 0.10820098011157452, 0.10920901075005532, 0.10960817396640778, 0.10808558762073517, 0.10753325000405312, 0.10784687445713924, 0.10845080941915512, 0.10832282851139705, 0.10933004381755988, 0.10866217232412761, 0.10886745303869247, 0.10790798887610435, 0.1092781973156062, 0.10935794791349998, 0.10905374437570572, 0.10835468384527391, 0.1082898893704017, 0.10842063440941274, 0.10938472026272823, 0.10895472249159446, 0.1095574748787013, 0.10933786204883031, 0.10876206846700774, 0.10921127521074735, 0.10822491645812989, 0.10854150617823881, 0.10904424339532852, 0.1085896776879535, 0.10800439864397049, 0.11025456232683999, 0.1087913493956289, 0.10937360330269887, 0.10881372028961778, 0.10900376070486872, 0.10929026594385505, 0.10812225422033897, 0.10868008028377187, 0.10869335308670998, 0.10969004076388147, 0.10888093082528365, 0.10900380571440953, 0.1088477654589547, 0.10872468808966299, 0.10914318139354388, 0.10870065826636094, 0.10832766940196355, 0.10766811730961005, 0.10977077583471934, 0.10847484483383596, 0.11003619604385816, 0.10829286360078388, 0.10837898241437, 0.10876467594733605, 0.10798081556955973, 0.10808006559426968, 0.10897110861081344, 0.10999678000807762, 0.10797899961471558, 0.108120846003294, 0.10805708480377992, 0.10849435776472091, 0.10856418254283759, 0.10810847174037587, 0.10815629521102617, 0.10886486748169208, 0.10836542366693418, 0.10819724500179291, 0.10858511527379354, 0.10933884300968864, 0.1091306929787, 0.10880306611458461, 0.10896490304730833, 0.10852063708007335, 0.10958620253950357, 0.10888527664873335, 0.10896343036609538, 0.10854597389698029, 0.10808159207755869, 0.10790134035050869, 0.10891189119395088, 0.10937614962458611, 0.10935375676490366, 0.10860862276133369, 0.10930254111687342, 0.10909313708543777, 0.10882559232413769, 0.10894882820901416, 0.10896724118636204, 0.10790827989578247, 0.10880010104493092, 0.10943654859843462, 0.1091442381342252, 0.10883296251296998, 0.10881166072452769, 0.10812043333831041, 0.1087543498724699, 0.1088512788216273, 0.1084182086799826, 0.10889522837741035, 0.10839386694133282, 0.10882011934050492, 0.10839088261127472, 0.10858629685309198, 0.10851913094520568, 0.1080915273300239, 0.10863453463504189, 0.10933840622504552, 0.10939006466004583, 0.1079517203298482, 0.10887512316306432, 0.10951667179663976, 0.10902384109795094, 0.1083192452788353, 0.1092582799751183, 0.10807579078457573, 0.11000283285975457, 0.11001009783811039, 0.10830159775084919, 0.10881922692060471, 0.10853202020128568, 0.10992720790884712, 0.10825097560882568, 0.10806714540178125, 0.1087271666361226, 0.10817412860118426, 0.10868460014462471, 0.10910087078809738, 0.10889540240168571, 0.10849467855184636, 0.10888516778747241, 0.10848524807779877, 0.108452092517506, 0.1088865480851382, 0.10965471597094285, 0.10735539346933365, 0.10822735591368242, 0.10903017471234004, 0.10895722336135805, 0.10927536510504209, 0.10852768669525782, 0.10849212855100632, 0.10904500136772792, 0.108868522303445, 0.10952034186233174, 0.10959942763050397, 0.10942778703959091, 0.1089516035888506, 0.1093539467879704, 0.10838727994511525, 0.10846291369070178, 0.10855773700909181, 0.11006243692504035, 0.10993880944119559, 0.1087952016999847, 0.10890683718025684, 0.10805502533912659, 0.10851913734393961, 0.10963204071709984, 0.10806527249515056, 0.10894458384617516, 0.10857877192588952, 0.10917944289170779, 0.10914167389273643, 0.10943208122625947, 0.10908549084611562, 0.10876320110213372, 0.10826179046522487, 0.10773150771856307, 0.10886534777554599, 0.10890157297253608, 0.10689596955974896, 0.10876431986689568, 0.10868886671960354, 0.10858581090966861, 0.10853041484951972, 0.10873990772025925, 0.10872020598115592, 0.10896586965430867, 0.10905436736841996, 0.10788872128441221, 0.10777314517058824, 0.10826497287912802, 0.10785819276383049, 0.1078965499997139, 0.10933733265846968, 0.10991884457568328, 0.1084299882253011, 0.10849390849471093, 0.10791435539722442, 0.10962463915348053, 0.107980109073899, 0.10863951593637466, 0.10850753244899568, 0.10903559178113938, 0.10846634043587579, 0.10822591827861194, 0.10757905493179958, 0.10884329138530625, 0.10882955068542112, 0.10852086185305207, 0.10918494453653693, 0.10857782678471671, 0.10826872065663337, 0.10986721764008205, 0.10867106880653989, 0.1087088044732809, 0.10955989078201096, 0.10849059271541509, 0.10865122204025586, 0.10914390906691551, 0.109088066034019, 0.10891017530645643, 0.10885559419790904, 0.10918586246851014, 0.10904706103934182, 0.10914974566549063, 0.1085755031393922, 0.10909022488023924, 0.10905979987647799, 0.10881047783529058, 0.1088630888949741, 0.10830488507494782, 0.10875915932027917, 0.10829830229282379, 0.10821215678816257, 0.10896961729634892, 0.10838277591392398, 0.10916611661805826, 0.10750414207577705, 0.10847607627511024, 0.10840592489523046, 0.10983409099280834, 0.10805511350433032, 0.10862154634417714, 0.1081218733028932, 0.10904275896874341, 0.11008732914924621, 0.10844460810008257, 0.10874975090091293, 0.1090366281569004, 0.1088358231566169, 0.10849246223058019, 0.10871994774788618, 0.10969008831307292, 0.1085687992586331, 0.10879905372858048, 0.10909723229706288, 0.1086643235041545, 0.10855063640822966, 0.10846549347043037, 0.10802634209394454, 0.10875251450959374, 0.10892504127696157, 0.10919446887617762, 0.10967608879912984, 0.10926627539671384, 0.10884290784597397, 0.10924547538161278, 0.10901643249851006, 0.10839211816589038, 0.10857390513022741, 0.10948257030625093, 0.10870893811807036, 0.10786738327226124, 0.10910939512883916, 0.1065828911960125, 0.1090783563752969, 0.10865088844937938, 0.10901624602930886, 0.10886152877527125, 0.1091108383403884, 0.10805941086549026, 0.10849649730053815, 0.108351546255025, 0.10907861319455234, 0.10872325673699379, 0.10918101539899563, 0.10971810035407543, 0.1093678610289798, 0.1098437229792277, 0.1079714223742485, 0.10852499430378278, 0.10789930149912834, 0.10941363595150135, 0.10821693791792943, 0.10848628398444918, 0.10942964714307052, 0.10898197814822197, 0.109164487857085, 0.1086783311329782, 0.1085315899302562, 0.10899639502167702, 0.10879229712817404, 0.10923157201001518, 0.1095367692410946, 0.10778975263237953, 0.10898670147765767, 0.10850497564444175, 0.10872327039639156, 0.10884072992109484, 0.10861725878456364, 0.1090613454580307, 0.10842159390449524, 0.10937750658818654, 0.10934593826532364, 0.10860886105469295, 0.10849604693551858, 0.10928966877637086, 0.10891828076405959, 0.10890866918810482, 0.1080094650387764, 0.1081534003218015, 0.10882837325334549, 0.10935014152321322, 0.1090153537013314, 0.10832948436339697, 0.10869109974457668, 0.1086741430979026, 0.10969076852003733, 0.10854718727724892, 0.10877972325453392, 0.10782784755740847, 0.10888105444610119, 0.1082452023640657, 0.10873692130876912, 0.10941972414200957, 0.10831932035776284, 0.10834338515996933, 0.10953532362526114, 0.10885054008527235, 0.10943866341278471, 0.1085957129796346, 0.10939679195483526, 0.10933534540235997, 0.10843182870974907, 0.10841765766963363, 0.10968678877238304, 0.10834953660259442, 0.10846064426004887, 0.10856174752116203, 0.10804750695824623, 0.10840955069836448, 0.10859267772347839, 0.10866867138871125, 0.1085757214737975, 0.10848083873005475, 0.10869070719326696, 0.10839928151108325, 0.10847547650337219, 0.1085289650493198, 0.10810512602329254, 0.10897856597837649, 0.10818231028729472, 0.10862966999411583, 0.10834637262365397, 0.10936064974350088, 0.10882340682049592, 0.10860126350934689, 0.10815137449432821, 0.10893910018534496, 0.109246299686757, 0.10895252674818039, 0.10930658199570396, 0.10870078206062317, 0.10908976332707838, 0.10728517640382051, 0.10830889296318803, 0.10936445444822311, 0.1086337223649025, 0.10894417965954001, 0.10738186910748482, 0.10923804342746735, 0.10808330262079835, 0.10885877792651837, 0.10804877904328433, 0.1083338197786361, 0.10851086241503556, 0.10849756066288267, 0.10819690017139211, 0.10903378608434097, 0.10803620517253876, 0.10872100022706119, 0.1090241476893425, 0.1089971561146819, 0.10871117065350215, 0.10939389020204544, 0.10959669599930445, 0.10860330983996391, 0.10856260156089609, 0.10887573831356488, 0.10962838448327163, 0.10890481248497963, 0.10860207504951037, 0.10873468173667789, 0.10856923382533223, 0.10828757832447687, 0.10892009019851684, 0.10843645107178461, 0.10843107071187762, 0.10970755964517594, 0.10845133941620588, 0.10854295299698909, 0.10913257300853729, 0.1086157001554966, 0.10927173319984884, 0.10844671319831502, 0.10935594370731941, 0.10869939099339877, 0.10878332497345077, 0.10886374522339214, 0.10851100087165833, 0.1090036487350097, 0.10854794491421092, 0.10834354688139523, 0.10855315377314885, 0.10908056592399423, 0.10810521692037582, 0.10934783721512015, 0.10908308625221252, 0.1092948792502284, 0.10915044927969575, 0.10852595667044322, 0.1086032666704234, 0.10833142484937396, 0.10865763160917494, 0.10832775880893071, 0.10789263695478439, 0.10954310651868582, 0.1080929200564112, 0.10833953983253902, 0.10835127159953117, 0.10903724147514864, 0.10843037507113289, 0.10852073820737693, 0.10907199499862534, 0.10883645171468909, 0.10846569814852305, 0.10824027702663884, 0.1091497370174953, 0.10977930005858927, 0.10858008405193686, 0.10892825722694396, 0.10815748820702235, 0.10903237925635444, 0.10899956185709346, 0.10911222686991096, 0.10807347695032755, 0.10844337430439498, 0.10812946759602603, 0.10896139950663955, 0.10922194644808769, 0.10880720772241291, 0.10881879809312522, 0.10849083418195898, 0.10873066186904908, 0.10877966297709424, 0.10913462191820145, 0.10890150918728775, 0.10908322355576924, 0.10824678236475357, 0.10840695848067601, 0.10844415019858968, 0.108409071713686, 0.10893562300638719, 0.10899657653323536, 0.10875322875824381, 0.10964910238981247, 0.10943528158324105, 0.10807988620721377, 0.10868228673934936, 0.1082451961496297, 0.10828286527018798, 0.1085186704993248, 0.10798407502864536, 0.1089811838335461, 0.10938039375469089, 0.10865684492247445, 0.10849638800654146, 0.10859217494726181, 0.1089204294340951, 0.1083156281709671, 0.10836780723184347, 0.10867651010101492, 0.10793031242332961, 0.10905555229295384, 0.1088477186858654, 0.10829240282376608, 0.10812897865588848, 0.1083538319016325, 0.1087781704705337, 0.10909264700280295, 0.1096035788456599, 0.10819022543728352, 0.10945647209882736, 0.10862568269173305, 0.10890936106443405, 0.10794973066624473, 0.10810010805726052, 0.10883011800401352, 0.10853548223773639, 0.10795194329693913, 0.10902520336888054, 0.10889646659294765, 0.10842958092689514, 0.10899264559797618, 0.1094031329266727, 0.1076305986692508, 0.109414117410779, 0.1089574341972669, 0.10885594107887962, 0.1085584258230833, 0.10870900546962564, 0.10846074298024178, 0.10837506961364013, 0.10849112924188375, 0.1097150261585529, 0.10908679850399494, 0.10900875216438657, 0.10855842342502192, 0.10918851409639631, 0.1091271236538887, 0.10868161006106271, 0.10934029546167169, 0.10875328853726388, 0.10867650700466973, 0.10845900618511697, 0.10816804915666581, 0.10972443222999573, 0.1090285157894387, 0.10817385154465835, 0.10883189060471275, 0.10846389416191313, 0.10886926800012589, 0.10930344648659229, 0.10855153650045395], 1: [0.10975532482067744, 0.10902885844310124, 0.10797006595465872, 0.10937680097089873, 0.1086928490549326, 0.10818212242289023, 0.10852222790320715, 0.10853421812256177, 0.10989591823174404, 0.10906098783016205, 0.10962151803753593, 0.1083280525861248, 0.10916232814391454, 0.10880019994718688, 0.10852554067969322, 0.10878071442923763, 0.10864041789489634, 0.1097417950630188, 0.10874540954828263, 0.10891540348529816, 0.10891088671409167, 0.10865919788678487, 0.10841886616415447, 0.10896232250061902, 0.1083761490881443, 0.10863368544313642, 0.10803824663162231, 0.10852287026743095, 0.10866280700321551, 0.1090644420612426, 0.10885385849646159, 0.10858425373832385, 0.10863052407900492, 0.10911596678197384, 0.10895710009517091, 0.10831842503764412, 0.10963143567953791, 0.10854989849030972, 0.10838857963681221, 0.10894858198506492, 0.10884544253349304, 0.10814449025524987, 0.10876904033562716, 0.10847025135388741, 0.10875076321618897, 0.108659505546093, 0.10877394269813191, 0.10921498388051987, 0.10842653702605855, 0.10909387513118632, 0.10884290236107846, 0.10960877935091655, 0.11000621514885049, 0.10880446765157911, 0.1085207193442013, 0.10911022871732712, 0.10869437791407108, 0.10866828213135402, 0.10879067778587341, 0.10959964411126243, 0.10774000046344903, 0.10844145027490762, 0.10897936796148618, 0.10842176323587244, 0.10831442049571446, 0.10785666582259265, 0.1082316515120593, 0.10968650691211224, 0.10955516062676907, 0.1094196829944849, 0.10910046260271754, 0.10847363032792744, 0.10859732548980151, 0.10888030007481575, 0.10864934464916587, 0.10864858329296112, 0.10850714501880464, 0.1094127024213473, 0.10957696695219386, 0.11008558608591557, 0.10931575928743069, 0.10924507276369975, 0.10819381246199974, 0.10841723572876719, 0.10902469158172608, 0.10852537006139755, 0.10889347699972299, 0.10765444686015448, 0.10810900032520294, 0.10912391607250486, 0.10886949644638942, 0.10861185292402903, 0.10955930708183183, 0.10942842811346054, 0.109439774283341, 0.10891287277142207, 0.10771341721216837, 0.10815281867980957, 0.10869562715291976, 0.10858331248164177, 0.1088505374348682, 0.10853012212935616, 0.10907189038239028, 0.10887893452309072, 0.10797653076323596, 0.10936845116543048, 0.10868042260408402, 0.10944383243719737, 0.10826940238475799, 0.1091626961198118, 0.10928549965222677, 0.10850981359972674, 0.10918244203695884, 0.10877493818600972, 0.10841231793165207, 0.10867501671115558, 0.10953061214902184, 0.10924396926865858, 0.10891443490982056, 0.10928261883202053, 0.10916147028145037, 0.10860682055354118, 0.10973622040315108, 0.10844686799324475, 0.10793132446706295, 0.1083491213619709, 0.1083331521261822, 0.10933784022927284, 0.1087557470073571, 0.10807529505756167, 0.10817712889267848, 0.108868848670412, 0.10792666839228736, 0.10778023941176278, 0.10756774122516315, 0.10806323705535185, 0.10936707556247711, 0.10873380564153194, 0.10869378443711843, 0.10934357903897762, 0.1098969429731369, 0.10774291650607036, 0.11030030995607376, 0.10838144412264228, 0.10882013900713487, 0.10759032976168853, 0.10826086930253288, 0.10860847231621544, 0.10787333216932085, 0.10798876497306321, 0.10865362609426181, 0.10852111184171268, 0.10915300329881054, 0.10826286016141667, 0.10839439742267132, 0.10911264445851832, 0.10847415603124179, 0.10738219930367036, 0.10951209863026937, 0.10779736362970792, 0.10815553788257681, 0.10834124125540257, 0.10911689858351435, 0.10834759163359801, 0.10842193067073821, 0.10877496997515361, 0.1095211532499109, 0.10818437735239665, 0.10842902687462894, 0.1083653573360708, 0.10905714945069381, 0.10837761238217354, 0.10837383816639583, 0.10926719754934311, 0.10870373994112015, 0.1088462695479393, 0.10891879598299663, 0.10815219680468241, 0.10861971159465611, 0.10774570863161768, 0.1084292673546335, 0.10856309758894371, 0.10926885743226324, 0.10963484992583593, 0.10883877351880074, 0.10866550575284396, 0.10950742594220421, 0.10834047062830492, 0.10876075575749079, 0.10908520357175307, 0.10919667407870293, 0.10759843836228053, 0.10891385417845514, 0.10899843692779541, 0.10900160005050046, 0.10911578762120214, 0.10839553466256784, 0.10929029976779764, 0.10789051709266809, 0.10893054271028155, 0.10881887190043926, 0.1080701120197773, 0.10892718719939391, 0.10887752007693052, 0.10860519930720329, 0.10844454516967138, 0.10846451060338454, 0.10807664692401886, 0.10772734986884254, 0.10774392770095305, 0.10870336974039674, 0.1087875054217875, 0.10791018530726433, 0.10859854684935676, 0.108532319466273, 0.10865293401810858, 0.10793992777665457, 0.10784743048928001, 0.10854716124859723, 0.10885440132447652, 0.10844856147703372, 0.10910525172948837, 0.10858860576436632, 0.10881691053509712, 0.10886193754581305, 0.10842151660472155, 0.10842668705365875, 0.10867336485534906, 0.10838296934962273, 0.10894829441200603, 0.10900332229702096, 0.10831452418978398, 0.10907726859052976, 0.10963806696236134, 0.10857144878669218, 0.10945188341771855, 0.10886377140003092, 0.10817193364103635, 0.10879935137927532, 0.1090639213269407, 0.10814275615848601, 0.11005348215500514, 0.10928220964140362, 0.10855893194675445, 0.10873362120418321, 0.10766891457817772, 0.10870049968361854, 0.10894633473261543, 0.10822403182586034, 0.10857610003306316, 0.10826081381394313, 0.10867659943668466, 0.10888709293471442, 0.1082520243525505, 0.10959707268259743, 0.10895559936761856, 0.10902996124191718, 0.10842377506196499, 0.10851634624931547, 0.10917527787387371, 0.10865338433247346, 0.10897857107614216, 0.10734598115086555, 0.1082795113325119, 0.10883487686514855, 0.10933494058094527, 0.10847084550186992, 0.10864035785198212, 0.1083990678191185, 0.10977432944557884, 0.1082079369913448, 0.10758844304543275, 0.11009551246057857, 0.10903239203616977, 0.10869252199635786, 0.10839752107858658, 0.10817913909753164, 0.10841405226124658, 0.10946340548495452, 0.10772772837016317, 0.1094373021470873, 0.10870424211025238, 0.10818179422303249, 0.109276142437011, 0.10868721688166261, 0.10766711023946603, 0.10803639739751816, 0.10792345350438898, 0.10877076126635074, 0.10865345038473606, 0.10944781471043825, 0.10934078767895698, 0.10950928833335638, 0.10800678506493569, 0.10840687388554215, 0.10867145569885478, 0.1081022009963081, 0.10806136578321457, 0.10908432255188624, 0.10882582409041268, 0.1090830056106343, 0.1083322411775589, 0.10932899191975594, 0.10850347504019738, 0.10886771894163555, 0.10887976576175008, 0.10889713242650031, 0.10951097580519589, 0.10928937420248985, 0.10885060375387018, 0.10800193192867133, 0.10892584407702088, 0.10793523341417313, 0.10830135510436126, 0.10848403175671896, 0.10892664182644624, 0.10980110118786494, 0.1092002421617508, 0.1089944398173919, 0.10864626577025965, 0.10803917944431304, 0.10815051347017288, 0.10818242530028026, 0.10925592278892343, 0.10949879770095532, 0.10890867511431376, 0.1084122692545255, 0.10847175382077694, 0.10988384620709853, 0.10802556574344635, 0.10905560271607505, 0.10871825160251723, 0.1092648389749229, 0.10811446731289227, 0.10946628647415262, 0.10745376286407311, 0.10926943023999532, 0.10885096954948761, 0.10891452580690383, 0.10814859966437022, 0.10870310970965553, 0.10929522716573306, 0.10945800962773236, 0.10772535311324256, 0.10882919530073802, 0.10958402259991719, 0.10873002605512738, 0.108331241777965, 0.10918066799640655, 0.10900110412727702, 0.10864525759706692, 0.10917987893609439, 0.10818863895378615, 0.10848899541989616, 0.10868732295930386, 0.1094753307600816, 0.10787626515541758, 0.10858378907044729, 0.10863335258685626, 0.10877004365126292, 0.10881683751940727, 0.1094171812136968, 0.10902051431568045, 0.10979619870583217, 0.10975336283445358, 0.10959883108735084, 0.10863189223934622, 0.1083332539669105, 0.10919044805424553, 0.10922598296945746, 0.10869098231196403, 0.10832524374127388, 0.108845916390419, 0.1080435074865818, 0.10789582607421008, 0.1084338440136476, 0.1089872233569622, 0.1082234107531034, 0.1077482602917231, 0.10927219981593746, 0.1075435866912206, 0.1096908909579118, 0.10870208963751793, 0.10942201120288748, 0.10899001466376441, 0.1087425784631209, 0.10894898460669951, 0.10847484714844648, 0.10882825466493766, 0.108125421054223, 0.10898480867898022, 0.10868119832241174, 0.10875584606243216, 0.10857471153140068, 0.1083086658269167, 0.10872089792974293, 0.10860131206837567, 0.10952574660380682, 0.1088934239965898, 0.10845670275963269, 0.10781854792283131, 0.10800917247931162, 0.10878036953508854, 0.10923546978405543, 0.10841562300920486, 0.10830604743499023, 0.1083839698029416, 0.1086474281290303, 0.10872990389664967, 0.10923140553327707, 0.10832546800374984, 0.1083293358484904, 0.10908395797014236, 0.10870708664879203, 0.10849569418600627, 0.10848301210824181, 0.10906034428626299, 0.10844827975545611, 0.11000722433839526, 0.10851866178787671, 0.10883482499048114, 0.10909070736832088, 0.10900855226361233, 0.10869253207655515, 0.10901065170764923, 0.10910139029676263, 0.10868111121303894, 0.10763687474860086, 0.10820722505450249, 0.10975798095266025, 0.10911532970411437, 0.10801545749692355, 0.10889821996291478, 0.10972281869338907, 0.10886257067322731, 0.10820807990702716, 0.10854131671098563, 0.10879973716595594, 0.10814465323220128, 0.10873536479014617, 0.10744639256825814, 0.10796512639330279, 0.10799978002905845, 0.10899380594491959, 0.10918590861062209, 0.1094138373931249, 0.10889064110815524, 0.1080244928598404, 0.1092842681252438, 0.10878498759120703, 0.10888425604655193, 0.10884998515248298, 0.10888374000787734, 0.10861869975924492, 0.10837771849972862, 0.10912569457044204, 0.10862747783010657, 0.10862162070614952, 0.10869107723236084, 0.1095031848443406, 0.10875899530947208, 0.10976140863365597, 0.10840157646199931, 0.1087303557433188, 0.10792650431394576, 0.10929131989969927, 0.10847544809803367, 0.1078890251616637, 0.10815819601217906, 0.10927628378073374, 0.10955091764529547, 0.10793452913110907, 0.10891578393056989, 0.10928207961842418, 0.10954024929266709, 0.10873765731230378, 0.10950473483119692, 0.1088180722374665, 0.10885785426944494, 0.10906883587057774, 0.10914344638586045, 0.10890796134869257, 0.10915954646311309, 0.10995340461914356, 0.1086097527295351, 0.10849154401909221, 0.10761926594105634, 0.10821804702281952, 0.10784497112035751, 0.10878543597128656, 0.10858408982555072, 0.10887361554110922, 0.10818731157403243, 0.1082066406424229, 0.1087501049041748, 0.10797192119061946, 0.10942351208491759, 0.10829957947134972, 0.10867829071848016, 0.10719067752361297, 0.10874135461118487, 0.10838318407535553, 0.10842598809136285, 0.10818826258182526, 0.1100933481939137, 0.10958228508631389, 0.1093293116427958, 0.10871871690387311, 0.10814419896765189, 0.10967923390368621, 0.10873350214499694, 0.10816194346317878, 0.10939933217707135, 0.1085052490234375, 0.10834391237724394, 0.10807697949084369, 0.10872493569667523, 0.10979321524500847, 0.10874122614040971, 0.10847222805023193, 0.10845297574996948, 0.10790211134232007, 0.10829207922021548, 0.10972986542261563, 0.10898728420337041, 0.10828939474680845, 0.10895332980614442, 0.10864053754245534, 0.10880972188897431, 0.10905257984995842, 0.10877466263870399, 0.10862631976604462, 0.1087534966714242, 0.10832872117559116, 0.10877890326082706, 0.10876957476139068, 0.10806144200838529, 0.1083161175251007, 0.10892914235591888, 0.1081431337765285, 0.10868395443843759, 0.10907185512284438, 0.10926087020800032, 0.10869834199547768, 0.10853319565455119, 0.10826458511027423, 0.10899109925542559, 0.1097304407845844, 0.1088212214410305, 0.10858765203091833, 0.10831578969955444, 0.1077164655381983, 0.10872221852724369, 0.10825884182538305, 0.10889651253819466, 0.10806602505700928, 0.10799963840029457, 0.10799182612787593, 0.10882952585816383, 0.1085137804704053, 0.10791862912868198, 0.10904599726200104, 0.10884065528710683, 0.10810892000084832, 0.10920377597212791, 0.11000725689033668, 0.10861017033457757, 0.10910913632029579, 0.10893223700778824, 0.10960051665703456, 0.10879356124334866, 0.10984166711568832, 0.10818647282818954, 0.10910973946253459, 0.1095903418958187, 0.10936010948249272, 0.10909003154797987, 0.10905131663788449, 0.10894305188031424, 0.10839086906476454, 0.10942695977596137, 0.10926526107571342, 0.1085579829911391, 0.10838999268081453, 0.10833814781573084, 0.10841123573482037, 0.10923150454352541, 0.10789571702480316, 0.1091196696306097, 0.1088971931200761, 0.10819832641970027, 0.11015456595591136, 0.10911600905306199, 0.10901655531243275, 0.10796263068914413, 0.10950328085733496, 0.10879621654748917, 0.10868315793135587, 0.10932858260693373, 0.10909282150013107, 0.10893494316509791, 0.10920376231273016, 0.10952211215215571, 0.10891136258840561, 0.10900337472558022, 0.1084049865603447, 0.10884685137055138, 0.10783299333170841, 0.10953258679193609, 0.10964643582701683, 0.10858621161717635, 0.10917289622805336, 0.10942550438145797, 0.10780007112771273, 0.10875235608330479, 0.10936385257677599, 0.10838545056489798, 0.10890594334938587, 0.10934918441555717, 0.10840979562355922, 0.1096984686759802, 0.10903744858044845, 0.10852468474989846, 0.1082578245550394, 0.10875778059874262, 0.10829784017470148, 0.10886340392263312, 0.10951538905501365, 0.1085856090421262, 0.1085215685042468, 0.10802232241258025, 0.10857693183011022, 0.10880436226725579, 0.10901951112530449, 0.10817266553640366, 0.1082960224399964, 0.10857673072152668, 0.1081773529157919, 0.10981045042475064, 0.10882517420931866, 0.10852620098739862, 0.10796682702170478, 0.10890425780886098, 0.10914441811687806, 0.10907364286044065, 0.1092710333565871, 0.1091202214360237, 0.10929844155907631, 0.10846695499984842, 0.10823809290709703, 0.10893512889742851, 0.1083934721019533, 0.10857222825288773, 0.10933712559441726, 0.10800844227725809, 0.10923925109884956, 0.10896803172571319, 0.10811829228292812, 0.1085296685496966, 0.10875949669967998, 0.10910876627479281, 0.10836759610817982, 0.10815420220879947, 0.10849772127611297, 0.10854882640498024, 0.10821527540683747, 0.10899654000997544, 0.10941877961158752, 0.10884102620184422, 0.10823267964380127, 0.10868418148972771, 0.10842105944951376, 0.1083607127269109, 0.10877415123913023, 0.10807683318853378, 0.10780401595614174, 0.10892365997036298, 0.10746801123023034, 0.10914864960838766, 0.11011842389901479, 0.10905336687962214, 0.10838504192920831, 0.10870077759027481, 0.10762670636177063, 0.10914328383902709, 0.10804088884278347, 0.10856935807636806, 0.10821424700595715, 0.10827944640602384, 0.1086760705167597, 0.10877000913023949, 0.10764982716904746, 0.10816642083227634, 0.10908268615603448, 0.10809167623519897, 0.10840944133021614, 0.10932130739092827, 0.10836837166234066, 0.10892623308159056, 0.11009374943872292, 0.10888583675540726, 0.10893774330615998, 0.1090588316321373, 0.10753594686587652, 0.10880191010587356, 0.10976631753146648, 0.10895796939730644, 0.10884014178406108, 0.10819450989365578, 0.1090155616402626, 0.1092567241191864, 0.10936533866657151, 0.10953190656644958, 0.1079824993556196, 0.10895626544952393, 0.10859647952020168, 0.10920707071604936, 0.10913427248597145, 0.10766704827547073, 0.10818625465035439, 0.10704520917855777, 0.1079219403592023, 0.10839544435342154, 0.10905678495764733, 0.10899749067094591, 0.10780158232558858, 0.10763345741563374, 0.10857660761650871, 0.10882865311577916, 0.10874998793005944, 0.1087073490023613, 0.10858517471286985, 0.10852866545319557, 0.10901796711342675, 0.10801670327782631, 0.10844682343304157, 0.10916030578888379, 0.1088756329069535, 0.10884332860058005, 0.10958975329995155, 0.1080525335855782, 0.10918486982584, 0.10877127274870872, 0.10992736741900444, 0.10857947915792465, 0.10842978457609813, 0.10823182562987009, 0.10906797067986594, 0.10861018486320972, 0.10912237564722697, 0.11005612313747407, 0.10800176113843918, 0.10875825743590083, 0.10854846891015768, 0.10849333430329959, 0.11003457382321358, 0.10881430791182951, 0.1087931597398387, 0.10769670257965723, 0.1084849163889885, 0.10913101583719254, 0.1086533119281133, 0.10835974389000942, 0.1092982883254687, 0.10860619507730007, 0.10909821030994256, 0.10941360294818878, 0.10877187888730656, 0.10868475958704948, 0.10819938592612743, 0.10901117162859958, 0.10805691575462167, 0.1078512551529067, 0.10906577772564358, 0.1087930297685994, 0.10869471132755279, 0.10852010615847328, 0.10820127435420689, 0.10877681361592334, 0.10942465029656886, 0.10881145857274532, 0.10900194283861381, 0.1075801644474268, 0.10867180966812631, 0.10891627579143173, 0.10880073195412046, 0.10860181938518178, 0.1081985704600811, 0.10956234181368793, 0.10993921048939229, 0.1089986123972469, 0.10731383860111236, 0.10890159290283918, 0.10915166884660721, 0.10964707231947354, 0.10875576646888957, 0.10878277280264431, 0.10817499221725897, 0.10892339361210664, 0.10914339280376832, 0.10856085568666458, 0.10950227872449525, 0.10801029608895381, 0.10946208611130714, 0.10800080820918083, 0.10872139273719354, 0.10808740854263306, 0.1093284326295058, 0.10851626222332318, 0.10791290691122413, 0.10881681640942892, 0.10844183526933193, 0.10940327085554599, 0.11010633334517479, 0.10911738773187002, 0.10837074071168899, 0.10897546224296092, 0.10791256810937609, 0.10835324401656786, 0.10723322961065504, 0.10851113557815552, 0.1083093211054802, 0.10911594997895391, 0.10907193882898851, 0.10922446936368942, 0.10927251643604702, 0.10866479418779675, 0.10902221603640194, 0.10895125682537372, 0.1088585038395489, 0.10868827253580093, 0.10832474929721732, 0.10917213261127472, 0.1096338906458446, 0.10943586518988013, 0.10849729857661507, 0.10813138857483864, 0.10867736283689737, 0.10958565175533294, 0.1085128251176614, 0.10845100693404675, 0.10821646858345378, 0.10852564871311188, 0.10907327277319771, 0.10806346791131156, 0.10793492896482348, 0.10823979998628298, 0.1085855784741315, 0.10781920768997887, 0.10854016479692961, 0.10828646905720234, 0.10842474756969346, 0.10938909587760766, 0.1086161465130069, 0.10905806246128949, 0.10883329612644095, 0.1086165735667402, 0.10938284421960513, 0.10961292833089828, 0.10925473340532997, 0.1094706142321229, 0.10917885154485703, 0.10788162323561581, 0.10823460152515998, 0.10859486934813586, 0.10925311706960202, 0.10844359050194423, 0.10881036892533302, 0.10890575235380846, 0.10941581490139167, 0.10916029140353203, 0.11007901628812154, 0.10890013792298057, 0.10922391644933006, 0.10902872979640961, 0.10873659120665656, 0.10866058380766348, 0.10863887586376884, 0.1095411865548654, 0.10944262777383511, 0.10855005139654333, 0.10837332004060347, 0.10924403770611836, 0.10907500334407973, 0.10882439583539963, 0.1090441017466433, 0.10848317974630524, 0.10851754018893608, 0.10902977633205327, 0.10871850834651427, 0.10924781171175149, 0.10899966044558419, 0.10898746728897095, 0.10831926017999649, 0.10872530543969737, 0.10935228038579226, 0.10860767960548401, 0.10813758628708976, 0.10861403743426006, 0.10799449166426292, 0.10922348179987498, 0.10771339163184165, 0.10768799655712567, 0.10772266238927841, 0.1083781308296955, 0.1091963169830186, 0.10795863548463042, 0.10866063194615501, 0.10830948772755536, 0.10934354594120613, 0.10931335446926263, 0.1080018188804388, 0.10897516516538766, 0.10906484598914783, 0.10805882265170415, 0.10856307148933411, 0.10952001335945996, 0.10893226994408502, 0.10890473825175588, 0.1090768961743875, 0.10907691903412342, 0.10893851844593883, 0.10904228077693419, 0.10835278956663041, 0.10837583030973162, 0.10827049134033066, 0.10920896313407204, 0.10950214822183955, 0.1093555475984301, 0.1085146280626456, 0.10807549875033529, 0.10886188986755553, 0.10843708465496699, 0.1082936418445214, 0.10890284587036479, 0.10834361080612455, 0.10827952474355698, 0.10918431133031845, 0.10863008519465273, 0.10892265737056732, 0.10860392925414172, 0.1082964576780796, 0.1096528069012695, 0.10888375300500128, 0.10809595137834549, 0.10905589092345465, 0.10920801957448324, 0.10942895039916038, 0.10865464930733044, 0.10932800695300102, 0.10822612643241883, 0.10879291221499443, 0.10832422748208045, 0.10860479498902957, 0.10887680575251579, 0.1087445668876171, 0.10941557930066036, 0.10849572196602822, 0.10859374453624089, 0.10854406390459306, 0.10912424290464037, 0.1089508379144328, 0.10925374925136566, 0.10811787843704224, 0.10951622033661063, 0.10767434401945634, 0.10949745503338901, 0.10923320427536964, 0.10879991657060126, 0.10888306391627892, 0.1085833137234052, 0.10875209764792369, 0.10856976062059402, 0.1101805999090797, 0.10946957970207388, 0.10908078041040536, 0.10834233090281487, 0.1082078209694694, 0.10894382899177485, 0.10892768681049347, 0.10896183284265655, 0.10948455023268859, 0.10889307856559753, 0.10876256103316943, 0.10861522818987186, 0.10811444595456124, 0.107549832512935, 0.10737716338851234, 0.1083388552069664, 0.10861305752769113, 0.10922688402627644, 0.10812827412571226, 0.10954001992940902, 0.10864591929647657, 0.10883676260709763, 0.10937558197312885, 0.10974183157086373, 0.10875999821083886]}