('OC-FakeDect1 (Trained on RND Dataset) \nTested on RND Deepfakes Dataset \nRunning Average Evaluation', 'OC-FakeDect1_RND', 'RND', 'OC-FakeDect1_RND_raeonDFrnd')
auroc=0.5131423758612008
f1=0.44708029197080296
prec=0.4103852596314908
recall=0.4909819639278557

fpr=[0.0, 0.4909819639278557, 1.0]

tpr=[0.0, 0.5172667156502572, 1.0]

y_true=[0, 0, 0, 0, 0, 0, 0, 0, 0, 0, 0, 0, 0, 0, 0, 0, 0, 0, 0, 0, 0, 0, 0, 0, 0, 0, 0, 0, 0, 0, 0, 0, 0, 0, 0, 0, 0, 0, 0, 0, 0, 0, 0, 0, 0, 0, 0, 0, 0, 0, 0, 0, 0, 0, 0, 0, 0, 0, 0, 0, 0, 0, 0, 0, 0, 0, 0, 0, 0, 0, 0, 0, 0, 0, 0, 0, 0, 0, 0, 0, 0, 0, 0, 0, 0, 0, 0, 0, 0, 0, 0, 0, 0, 0, 0, 0, 0, 0, 0, 0, 0, 0, 0, 0, 0, 0, 0, 0, 0, 0, 0, 0, 0, 0, 0, 0, 0, 0, 0, 0, 0, 0, 0, 0, 0, 0, 0, 0, 0, 0, 0, 0, 0, 0, 0, 0, 0, 0, 0, 0, 0, 0, 0, 0, 0, 0, 0, 0, 0, 0, 0, 0, 0, 0, 0, 0, 0, 0, 0, 0, 0, 0, 0, 0, 0, 0, 0, 0, 0, 0, 0, 0, 0, 0, 0, 0, 0, 0, 0, 0, 0, 0, 0, 0, 0, 0, 0, 0, 0, 0, 0, 0, 0, 0, 0, 0, 0, 0, 0, 0, 0, 0, 0, 0, 0, 0, 0, 0, 0, 0, 0, 0, 0, 0, 0, 0, 0, 0, 0, 0, 0, 0, 0, 0, 0, 0, 0, 0, 0, 0, 0, 0, 0, 0, 0, 0, 0, 0, 0, 0, 0, 0, 0, 0, 0, 0, 0, 0, 0, 0, 0, 0, 0, 0, 0, 0, 0, 0, 0, 0, 0, 0, 0, 0, 0, 0, 0, 0, 0, 0, 0, 0, 0, 0, 0, 0, 0, 0, 0, 0, 0, 0, 0, 0, 0, 0, 0, 0, 0, 0, 0, 0, 0, 0, 0, 0, 0, 0, 0, 0, 0, 0, 0, 0, 0, 0, 0, 0, 0, 0, 0, 0, 0, 0, 0, 0, 0, 0, 0, 0, 0, 0, 0, 0, 0, 0, 0, 0, 0, 0, 0, 0, 0, 0, 0, 0, 0, 0, 0, 0, 0, 0, 0, 0, 0, 0, 0, 0, 0, 0, 0, 0, 0, 0, 0, 0, 0, 0, 0, 0, 0, 0, 0, 0, 0, 0, 0, 0, 0, 0, 0, 0, 0, 0, 0, 0, 0, 0, 0, 0, 0, 0, 0, 0, 0, 0, 0, 0, 0, 0, 0, 0, 0, 0, 0, 0, 0, 0, 0, 0, 0, 0, 0, 0, 0, 0, 0, 0, 0, 0, 0, 0, 0, 0, 0, 0, 0, 0, 0, 0, 0, 0, 0, 0, 0, 0, 0, 0, 0, 0, 0, 0, 0, 0, 0, 0, 0, 0, 0, 0, 0, 0, 0, 0, 0, 0, 0, 0, 0, 0, 0, 0, 0, 0, 0, 0, 0, 0, 0, 0, 0, 0, 0, 0, 0, 0, 0, 0, 0, 0, 0, 0, 0, 0, 0, 0, 0, 0, 0, 0, 0, 0, 0, 0, 0, 0, 0, 0, 0, 0, 0, 0, 0, 0, 0, 0, 0, 0, 0, 0, 0, 0, 0, 0, 0, 0, 0, 0, 0, 0, 0, 0, 0, 0, 0, 0, 0, 0, 0, 0, 0, 0, 0, 0, 0, 0, 0, 0, 0, 0, 0, 0, 0, 0, 0, 0, 0, 0, 0, 0, 0, 0, 0, 0, 0, 0, 0, 0, 0, 0, 0, 0, 0, 0, 0, 0, 0, 0, 0, 0, 0, 0, 0, 0, 0, 0, 0, 0, 0, 0, 0, 0, 0, 0, 0, 0, 0, 0, 0, 0, 0, 0, 0, 0, 0, 0, 0, 0, 0, 0, 0, 0, 0, 0, 0, 0, 0, 0, 0, 0, 0, 0, 0, 0, 0, 0, 0, 0, 0, 0, 0, 0, 0, 0, 0, 0, 0, 0, 0, 0, 0, 0, 0, 0, 0, 0, 0, 0, 0, 0, 0, 0, 0, 0, 0, 0, 0, 0, 0, 0, 0, 0, 0, 0, 0, 0, 0, 0, 0, 0, 0, 0, 0, 0, 0, 0, 0, 0, 0, 0, 0, 0, 0, 0, 0, 0, 0, 0, 0, 0, 0, 0, 0, 0, 0, 0, 0, 0, 0, 0, 0, 0, 0, 0, 0, 0, 0, 0, 0, 0, 0, 0, 0, 0, 0, 0, 0, 0, 0, 0, 0, 0, 0, 0, 0, 0, 0, 0, 0, 0, 0, 0, 0, 0, 0, 0, 0, 0, 0, 0, 0, 0, 0, 0, 0, 0, 0, 0, 0, 0, 0, 0, 0, 0, 0, 0, 0, 0, 0, 0, 0, 0, 0, 0, 0, 0, 0, 0, 0, 0, 0, 0, 0, 0, 0, 0, 0, 0, 0, 0, 0, 0, 0, 0, 0, 0, 0, 0, 0, 0, 0, 0, 0, 0, 0, 0, 0, 0, 0, 0, 0, 0, 0, 0, 0, 0, 0, 0, 0, 0, 0, 0, 0, 0, 0, 0, 0, 0, 0, 0, 0, 0, 0, 0, 0, 0, 0, 0, 0, 0, 0, 0, 0, 0, 0, 0, 0, 0, 0, 0, 0, 0, 0, 0, 0, 0, 0, 0, 0, 0, 0, 0, 0, 0, 0, 0, 0, 0, 0, 0, 0, 0, 0, 0, 0, 0, 0, 0, 0, 0, 0, 0, 0, 0, 0, 0, 0, 0, 0, 0, 0, 0, 0, 0, 0, 0, 0, 0, 0, 0, 0, 0, 0, 0, 0, 0, 0, 0, 0, 0, 0, 0, 0, 0, 0, 0, 0, 0, 0, 0, 0, 0, 0, 0, 0, 0, 0, 0, 0, 0, 0, 0, 0, 0, 0, 0, 0, 0, 0, 0, 0, 0, 0, 0, 0, 0, 0, 0, 0, 0, 0, 0, 0, 0, 0, 0, 0, 0, 0, 0, 0, 0, 0, 0, 0, 0, 0, 0, 0, 0, 0, 0, 0, 0, 0, 0, 0, 0, 0, 0, 0, 0, 0, 0, 0, 0, 0, 0, 0, 0, 0, 0, 0, 0, 0, 0, 0, 0, 0, 0, 0, 0, 0, 0, 0, 0, 0, 0, 0, 0, 0, 0, 0, 0, 0, 0, 0, 0, 0, 0, 0, 0, 0, 0, 0, 0, 0, 0, 0, 0, 0, 0, 0, 0, 0, 0, 0, 0, 0, 0, 0, 0, 0, 0, 0, 0, 0, 0, 0, 0, 0, 0, 0, 0, 0, 0, 0, 0, 0, 0, 0, 0, 0, 0, 0, 0, 0, 0, 0, 0, 0, 0, 0, 0, 0, 0, 0, 0, 0, 0, 0, 0, 0, 0, 0, 0, 0, 0, 0, 0, 0, 0, 0, 0, 0, 0, 0, 0, 0, 0, 0, 0, 0, 0, 0, 0, 0, 0, 0, 0, 0, 0, 0, 0, 0, 0, 0, 0, 0, 0, 0, 0, 0, 0, 0, 0, 0, 0, 0, 0, 0, 0, 0, 0, 0, 0, 0, 0, 0, 0, 0, 0, 0, 0, 0, 0, 0, 0, 0, 0, 0, 0, 0, 0, 0, 0, 0, 0, 0, 0, 0, 0, 0, 0, 0, 0, 0, 0, 0, 0, 0, 0, 0, 0, 0, 0, 0, 0, 0, 0, 0, 0, 0, 0, 0, 0, 0, 0, 0, 0, 0, 0, 0, 0, 0, 0, 0, 0, 0, 0, 0, 0, 0, 0, 0, 0, 0, 0, 0, 0, 0, 0, 0, 0, 0, 0, 0, 0, 0, 0, 0, 0, 0, 0, 0, 0, 0, 0, 0, 0, 0, 0, 0, 0, 0, 0, 0, 0, 0, 0, 0, 0, 0, 0, 0, 0, 0, 0, 0, 0, 0, 0, 0, 0, 0, 0, 0, 0, 0, 0, 0, 0, 0, 0, 0, 0, 0, 0, 0, 0, 0, 0, 0, 0, 0, 0, 0, 0, 0, 0, 0, 0, 0, 0, 0, 0, 0, 0, 0, 0, 0, 0, 0, 0, 0, 0, 0, 0, 0, 0, 0, 0, 0, 0, 0, 0, 0, 0, 0, 0, 0, 0, 0, 0, 0, 0, 0, 0, 0, 0, 0, 0, 0, 0, 0, 0, 0, 0, 0, 0, 0, 0, 0, 0, 0, 0, 0, 0, 0, 0, 0, 0, 0, 0, 0, 0, 0, 0, 0, 0, 0, 0, 0, 0, 0, 0, 0, 0, 0, 0, 0, 0, 0, 0, 0, 0, 0, 0, 0, 0, 0, 0, 0, 0, 0, 0, 0, 0, 0, 0, 0, 0, 0, 0, 0, 0, 0, 0, 0, 0, 0, 1, 1, 1, 1, 1, 1, 1, 1, 1, 1, 1, 1, 1, 1, 1, 1, 1, 1, 1, 1, 1, 1, 1, 1, 1, 1, 1, 1, 1, 1, 1, 1, 1, 1, 1, 1, 1, 1, 1, 1, 1, 1, 1, 1, 1, 1, 1, 1, 1, 1, 1, 1, 1, 1, 1, 1, 1, 1, 1, 1, 1, 1, 1, 1, 1, 1, 1, 1, 1, 1, 1, 1, 1, 1, 1, 1, 1, 1, 1, 1, 1, 1, 1, 1, 1, 1, 1, 1, 1, 1, 1, 1, 1, 1, 1, 1, 1, 1, 1, 1, 1, 1, 1, 1, 1, 1, 1, 1, 1, 1, 1, 1, 1, 1, 1, 1, 1, 1, 1, 1, 1, 1, 1, 1, 1, 1, 1, 1, 1, 1, 1, 1, 1, 1, 1, 1, 1, 1, 1, 1, 1, 1, 1, 1, 1, 1, 1, 1, 1, 1, 1, 1, 1, 1, 1, 1, 1, 1, 1, 1, 1, 1, 1, 1, 1, 1, 1, 1, 1, 1, 1, 1, 1, 1, 1, 1, 1, 1, 1, 1, 1, 1, 1, 1, 1, 1, 1, 1, 1, 1, 1, 1, 1, 1, 1, 1, 1, 1, 1, 1, 1, 1, 1, 1, 1, 1, 1, 1, 1, 1, 1, 1, 1, 1, 1, 1, 1, 1, 1, 1, 1, 1, 1, 1, 1, 1, 1, 1, 1, 1, 1, 1, 1, 1, 1, 1, 1, 1, 1, 1, 1, 1, 1, 1, 1, 1, 1, 1, 1, 1, 1, 1, 1, 1, 1, 1, 1, 1, 1, 1, 1, 1, 1, 1, 1, 1, 1, 1, 1, 1, 1, 1, 1, 1, 1, 1, 1, 1, 1, 1, 1, 1, 1, 1, 1, 1, 1, 1, 1, 1, 1, 1, 1, 1, 1, 1, 1, 1, 1, 1, 1, 1, 1, 1, 1, 1, 1, 1, 1, 1, 1, 1, 1, 1, 1, 1, 1, 1, 1, 1, 1, 1, 1, 1, 1, 1, 1, 1, 1, 1, 1, 1, 1, 1, 1, 1, 1, 1, 1, 1, 1, 1, 1, 1, 1, 1, 1, 1, 1, 1, 1, 1, 1, 1, 1, 1, 1, 1, 1, 1, 1, 1, 1, 1, 1, 1, 1, 1, 1, 1, 1, 1, 1, 1, 1, 1, 1, 1, 1, 1, 1, 1, 1, 1, 1, 1, 1, 1, 1, 1, 1, 1, 1, 1, 1, 1, 1, 1, 1, 1, 1, 1, 1, 1, 1, 1, 1, 1, 1, 1, 1, 1, 1, 1, 1, 1, 1, 1, 1, 1, 1, 1, 1, 1, 1, 1, 1, 1, 1, 1, 1, 1, 1, 1, 1, 1, 1, 1, 1, 1, 1, 1, 1, 1, 1, 1, 1, 1, 1, 1, 1, 1, 1, 1, 1, 1, 1, 1, 1, 1, 1, 1, 1, 1, 1, 1, 1, 1, 1, 1, 1, 1, 1, 1, 1, 1, 1, 1, 1, 1, 1, 1, 1, 1, 1, 1, 1, 1, 1, 1, 1, 1, 1, 1, 1, 1, 1, 1, 1, 1, 1, 1, 1, 1, 1, 1, 1, 1, 1, 1, 1, 1, 1, 1, 1, 1, 1, 1, 1, 1, 1, 1, 1, 1, 1, 1, 1, 1, 1, 1, 1, 1, 1, 1, 1, 1, 1, 1, 1, 1, 1, 1, 1, 1, 1, 1, 1, 1, 1, 1, 1, 1, 1, 1, 1, 1, 1, 1, 1, 1, 1, 1, 1, 1, 1, 1, 1, 1, 1, 1, 1, 1, 1, 1, 1, 1, 1, 1, 1, 1, 1, 1, 1, 1, 1, 1, 1, 1, 1, 1, 1, 1, 1, 1, 1, 1, 1, 1, 1, 1, 1, 1, 1, 1, 1, 1, 1, 1, 1, 1, 1, 1, 1, 1, 1, 1, 1, 1, 1, 1, 1, 1, 1, 1, 1, 1, 1, 1, 1, 1, 1, 1, 1, 1, 1, 1, 1, 1, 1, 1, 1, 1, 1, 1, 1, 1, 1, 1, 1, 1, 1, 1, 1, 1, 1, 1, 1, 1, 1, 1, 1, 1, 1, 1, 1, 1, 1, 1, 1, 1, 1, 1, 1, 1, 1, 1, 1, 1, 1, 1, 1, 1, 1, 1, 1, 1, 1, 1, 1, 1, 1, 1, 1, 1, 1, 1, 1, 1, 1, 1, 1, 1, 1, 1, 1, 1, 1, 1, 1, 1, 1, 1, 1, 1, 1, 1, 1, 1, 1, 1, 1, 1, 1, 1, 1, 1, 1, 1, 1, 1, 1, 1, 1, 1, 1, 1, 1, 1, 1, 1, 1, 1, 1, 1, 1, 1, 1, 1, 1, 1, 1, 1, 1, 1, 1, 1, 1, 1, 1, 1, 1, 1, 1, 1, 1, 1, 1, 1, 1, 1, 1, 1, 1, 1, 1, 1, 1, 1, 1, 1, 1, 1, 1, 1, 1, 1, 1, 1, 1, 1, 1, 1, 1, 1, 1, 1, 1, 1, 1, 1, 1, 1, 1, 1, 1, 1, 1, 1, 1, 1, 1, 1, 1, 1, 1, 1, 1, 1, 1, 1, 1, 1, 1, 1, 1, 1, 1, 1, 1, 1, 1, 1, 1, 1, 1, 1, 1, 1, 1, 1, 1, 1, 1, 1, 1, 1, 1, 1, 1, 1, 1, 1, 1, 1, 1, 1, 1, 1, 1, 1, 1, 1, 1, 1, 1, 1, 1, 1, 1, 1, 1, 1, 1, 1, 1, 1, 1, 1, 1, 1, 1, 1, 1, 1, 1, 1, 1, 1, 1, 1, 1, 1, 1, 1, 1, 1, 1, 1, 1, 1, 1, 1, 1, 1, 1, 1, 1, 1, 1, 1, 1, 1, 1, 1, 1, 1, 1, 1, 1, 1, 1, 1, 1, 1, 1, 1, 1, 1, 1, 1, 1, 1, 1, 1, 1, 1, 1, 1, 1, 1, 1, 1, 1, 1, 1, 1, 1, 1, 1, 1, 1, 1, 1, 1, 1, 1, 1, 1, 1, 1, 1, 1, 1, 1, 1, 1, 1, 1, 1, 1, 1, 1, 1, 1, 1, 1, 1, 1, 1, 1, 1, 1, 1, 1, 1, 1, 1, 1, 1, 1, 1, 1, 1, 1, 1, 1, 1, 1]

y_pred=[0.0, 1.0, 1.0, 1.0, 1.0, 1.0, 0.0, 1.0, 1.0, 0.0, 0.0, 0.0, 0.0, 0.0, 0.0, 1.0, 0.0, 1.0, 1.0, 1.0, 1.0, 1.0, 0.0, 1.0, 0.0, 1.0, 1.0, 1.0, 1.0, 1.0, 0.0, 1.0, 1.0, 0.0, 0.0, 1.0, 0.0, 1.0, 0.0, 0.0, 1.0, 0.0, 1.0, 0.0, 1.0, 0.0, 0.0, 0.0, 0.0, 1.0, 1.0, 1.0, 0.0, 1.0, 0.0, 1.0, 1.0, 0.0, 0.0, 1.0, 1.0, 0.0, 1.0, 0.0, 0.0, 0.0, 1.0, 0.0, 1.0, 0.0, 0.0, 1.0, 1.0, 1.0, 1.0, 0.0, 0.0, 1.0, 1.0, 0.0, 0.0, 1.0, 0.0, 1.0, 0.0, 1.0, 1.0, 0.0, 0.0, 0.0, 0.0, 0.0, 0.0, 0.0, 0.0, 0.0, 1.0, 1.0, 0.0, 1.0, 0.0, 1.0, 0.0, 1.0, 1.0, 1.0, 0.0, 0.0, 1.0, 1.0, 0.0, 1.0, 0.0, 1.0, 0.0, 1.0, 0.0, 1.0, 1.0, 1.0, 0.0, 1.0, 0.0, 1.0, 0.0, 1.0, 1.0, 1.0, 1.0, 0.0, 1.0, 0.0, 0.0, 0.0, 1.0, 1.0, 1.0, 0.0, 1.0, 1.0, 0.0, 1.0, 0.0, 0.0, 1.0, 1.0, 1.0, 0.0, 0.0, 1.0, 0.0, 0.0, 0.0, 1.0, 1.0, 1.0, 1.0, 1.0, 1.0, 0.0, 1.0, 1.0, 0.0, 0.0, 1.0, 1.0, 0.0, 0.0, 0.0, 1.0, 0.0, 0.0, 1.0, 0.0, 0.0, 0.0, 1.0, 1.0, 0.0, 0.0, 0.0, 0.0, 0.0, 0.0, 1.0, 0.0, 1.0, 1.0, 1.0, 1.0, 0.0, 0.0, 1.0, 1.0, 0.0, 1.0, 0.0, 0.0, 1.0, 0.0, 1.0, 0.0, 0.0, 1.0, 0.0, 0.0, 1.0, 1.0, 1.0, 1.0, 1.0, 0.0, 1.0, 1.0, 0.0, 1.0, 0.0, 1.0, 0.0, 0.0, 0.0, 1.0, 1.0, 0.0, 0.0, 1.0, 0.0, 1.0, 0.0, 1.0, 0.0, 0.0, 1.0, 0.0, 1.0, 0.0, 0.0, 1.0, 1.0, 1.0, 0.0, 1.0, 0.0, 0.0, 1.0, 1.0, 1.0, 0.0, 1.0, 0.0, 0.0, 1.0, 1.0, 0.0, 1.0, 1.0, 1.0, 1.0, 0.0, 0.0, 0.0, 0.0, 1.0, 0.0, 0.0, 1.0, 0.0, 1.0, 0.0, 0.0, 1.0, 1.0, 0.0, 0.0, 1.0, 1.0, 1.0, 0.0, 0.0, 1.0, 1.0, 1.0, 1.0, 0.0, 0.0, 1.0, 0.0, 1.0, 0.0, 1.0, 1.0, 1.0, 0.0, 0.0, 1.0, 1.0, 0.0, 0.0, 1.0, 1.0, 1.0, 0.0, 1.0, 1.0, 0.0, 0.0, 0.0, 1.0, 1.0, 0.0, 1.0, 0.0, 1.0, 0.0, 1.0, 0.0, 1.0, 1.0, 1.0, 1.0, 0.0, 0.0, 1.0, 1.0, 1.0, 1.0, 0.0, 1.0, 0.0, 1.0, 0.0, 1.0, 1.0, 1.0, 0.0, 0.0, 1.0, 1.0, 1.0, 0.0, 1.0, 1.0, 1.0, 1.0, 1.0, 0.0, 1.0, 1.0, 0.0, 1.0, 1.0, 0.0, 0.0, 0.0, 1.0, 1.0, 1.0, 1.0, 0.0, 1.0, 1.0, 1.0, 0.0, 1.0, 1.0, 1.0, 0.0, 1.0, 0.0, 0.0, 1.0, 1.0, 1.0, 1.0, 0.0, 1.0, 0.0, 1.0, 1.0, 0.0, 1.0, 1.0, 0.0, 0.0, 1.0, 0.0, 1.0, 1.0, 0.0, 1.0, 0.0, 1.0, 0.0, 0.0, 1.0, 1.0, 0.0, 1.0, 0.0, 1.0, 0.0, 0.0, 1.0, 1.0, 0.0, 0.0, 1.0, 0.0, 1.0, 0.0, 1.0, 1.0, 1.0, 1.0, 0.0, 1.0, 0.0, 0.0, 1.0, 1.0, 0.0, 1.0, 0.0, 0.0, 1.0, 1.0, 0.0, 0.0, 0.0, 0.0, 1.0, 1.0, 1.0, 1.0, 0.0, 0.0, 0.0, 0.0, 1.0, 1.0, 1.0, 1.0, 1.0, 1.0, 1.0, 1.0, 0.0, 1.0, 1.0, 1.0, 1.0, 0.0, 0.0, 1.0, 0.0, 1.0, 1.0, 0.0, 0.0, 1.0, 0.0, 0.0, 1.0, 0.0, 0.0, 0.0, 1.0, 1.0, 1.0, 1.0, 0.0, 0.0, 0.0, 0.0, 0.0, 0.0, 1.0, 0.0, 0.0, 1.0, 0.0, 1.0, 1.0, 0.0, 1.0, 0.0, 0.0, 0.0, 0.0, 0.0, 0.0, 0.0, 1.0, 0.0, 0.0, 1.0, 1.0, 1.0, 0.0, 1.0, 0.0, 0.0, 1.0, 0.0, 0.0, 1.0, 0.0, 0.0, 1.0, 0.0, 0.0, 1.0, 0.0, 0.0, 1.0, 0.0, 1.0, 0.0, 1.0, 0.0, 1.0, 1.0, 0.0, 0.0, 1.0, 0.0, 1.0, 1.0, 0.0, 0.0, 0.0, 1.0, 1.0, 0.0, 1.0, 0.0, 0.0, 1.0, 0.0, 0.0, 0.0, 1.0, 1.0, 0.0, 0.0, 1.0, 0.0, 1.0, 1.0, 0.0, 0.0, 0.0, 0.0, 0.0, 0.0, 0.0, 1.0, 0.0, 0.0, 0.0, 1.0, 1.0, 0.0, 0.0, 1.0, 1.0, 1.0, 0.0, 1.0, 1.0, 0.0, 1.0, 0.0, 0.0, 0.0, 1.0, 0.0, 0.0, 0.0, 0.0, 0.0, 1.0, 1.0, 0.0, 1.0, 0.0, 1.0, 1.0, 0.0, 0.0, 0.0, 0.0, 1.0, 1.0, 0.0, 0.0, 0.0, 0.0, 1.0, 0.0, 1.0, 1.0, 0.0, 1.0, 0.0, 0.0, 0.0, 0.0, 1.0, 1.0, 1.0, 0.0, 0.0, 0.0, 1.0, 1.0, 0.0, 0.0, 0.0, 1.0, 1.0, 1.0, 1.0, 0.0, 0.0, 0.0, 1.0, 1.0, 0.0, 0.0, 1.0, 0.0, 0.0, 0.0, 0.0, 1.0, 1.0, 0.0, 0.0, 0.0, 0.0, 1.0, 1.0, 1.0, 0.0, 0.0, 1.0, 0.0, 1.0, 1.0, 1.0, 1.0, 1.0, 1.0, 1.0, 1.0, 1.0, 0.0, 1.0, 1.0, 1.0, 0.0, 1.0, 0.0, 0.0, 1.0, 1.0, 0.0, 1.0, 0.0, 1.0, 0.0, 0.0, 0.0, 1.0, 1.0, 1.0, 1.0, 1.0, 1.0, 1.0, 1.0, 1.0, 0.0, 0.0, 1.0, 0.0, 0.0, 0.0, 1.0, 0.0, 1.0, 0.0, 1.0, 1.0, 1.0, 1.0, 0.0, 0.0, 0.0, 1.0, 1.0, 0.0, 1.0, 0.0, 0.0, 0.0, 0.0, 0.0, 0.0, 1.0, 1.0, 0.0, 0.0, 1.0, 1.0, 1.0, 0.0, 0.0, 1.0, 0.0, 1.0, 0.0, 0.0, 1.0, 1.0, 0.0, 0.0, 0.0, 1.0, 0.0, 1.0, 1.0, 0.0, 0.0, 0.0, 0.0, 0.0, 0.0, 1.0, 0.0, 1.0, 0.0, 1.0, 0.0, 0.0, 0.0, 1.0, 0.0, 0.0, 0.0, 1.0, 1.0, 1.0, 1.0, 1.0, 0.0, 1.0, 1.0, 0.0, 0.0, 0.0, 0.0, 1.0, 1.0, 0.0, 1.0, 1.0, 1.0, 0.0, 1.0, 1.0, 1.0, 0.0, 1.0, 1.0, 1.0, 1.0, 0.0, 0.0, 1.0, 0.0, 1.0, 0.0, 0.0, 0.0, 1.0, 1.0, 0.0, 1.0, 0.0, 1.0, 0.0, 1.0, 0.0, 1.0, 0.0, 1.0, 0.0, 1.0, 1.0, 1.0, 1.0, 1.0, 1.0, 0.0, 1.0, 1.0, 1.0, 1.0, 0.0, 1.0, 1.0, 0.0, 0.0, 0.0, 1.0, 0.0, 0.0, 1.0, 1.0, 0.0, 1.0, 0.0, 0.0, 0.0, 0.0, 1.0, 0.0, 1.0, 0.0, 1.0, 0.0, 1.0, 0.0, 1.0, 0.0, 0.0, 1.0, 0.0, 1.0, 1.0, 1.0, 1.0, 1.0, 1.0, 1.0, 0.0, 1.0, 0.0, 1.0, 0.0, 1.0, 1.0, 0.0, 0.0, 1.0, 0.0, 1.0, 0.0, 0.0, 0.0, 1.0, 1.0, 0.0, 1.0, 1.0, 0.0, 0.0, 0.0, 1.0, 1.0, 1.0, 1.0, 1.0, 0.0, 0.0, 0.0, 1.0, 1.0, 0.0, 0.0, 0.0, 1.0, 0.0, 1.0, 0.0, 0.0, 0.0, 1.0, 0.0, 1.0, 1.0, 1.0, 0.0, 1.0, 0.0, 0.0, 0.0, 1.0, 1.0, 0.0, 0.0, 0.0, 0.0, 0.0, 0.0, 1.0, 0.0, 1.0, 0.0, 0.0, 0.0, 1.0, 0.0, 0.0, 0.0, 1.0, 0.0, 0.0, 0.0, 1.0, 1.0, 1.0, 0.0, 0.0, 1.0, 1.0, 0.0, 1.0, 1.0, 0.0, 1.0, 1.0, 1.0, 0.0, 0.0, 1.0, 0.0, 1.0, 0.0, 1.0, 0.0, 1.0, 0.0, 0.0, 0.0, 1.0, 0.0, 1.0, 0.0, 0.0, 0.0, 0.0, 1.0, 1.0, 0.0, 0.0, 0.0, 0.0, 0.0, 0.0, 0.0, 1.0, 1.0, 0.0, 0.0, 0.0, 0.0, 0.0, 1.0, 0.0, 0.0, 0.0, 1.0, 0.0, 0.0, 1.0, 1.0, 0.0, 1.0, 0.0, 0.0, 0.0, 1.0, 0.0, 0.0, 0.0, 0.0, 0.0, 1.0, 0.0, 1.0, 0.0, 0.0, 0.0, 0.0, 0.0, 1.0, 0.0, 0.0, 0.0, 0.0, 1.0, 1.0, 0.0, 1.0, 0.0, 1.0, 1.0, 1.0, 0.0, 0.0, 0.0, 0.0, 0.0, 0.0, 1.0, 1.0, 0.0, 0.0, 1.0, 0.0, 0.0, 1.0, 0.0, 0.0, 1.0, 1.0, 0.0, 0.0, 0.0, 1.0, 0.0, 1.0, 1.0, 1.0, 0.0, 1.0, 1.0, 1.0, 1.0, 0.0, 0.0, 0.0, 0.0, 1.0, 0.0, 1.0, 1.0, 1.0, 1.0, 1.0, 1.0, 1.0, 0.0, 1.0, 1.0, 0.0, 1.0, 0.0, 0.0, 0.0, 1.0, 0.0, 0.0, 1.0, 0.0, 1.0, 0.0, 0.0, 0.0, 0.0, 0.0, 0.0, 0.0, 0.0, 0.0, 0.0, 0.0, 1.0, 0.0, 0.0, 0.0, 0.0, 1.0, 0.0, 0.0, 0.0, 0.0, 1.0, 1.0, 1.0, 1.0, 0.0, 0.0, 1.0, 0.0, 0.0, 1.0, 1.0, 0.0, 0.0, 1.0, 0.0, 0.0, 0.0, 0.0, 1.0, 1.0, 0.0, 0.0, 1.0, 1.0, 1.0, 0.0, 1.0, 0.0, 1.0, 1.0, 0.0, 1.0, 1.0, 1.0, 0.0, 1.0, 0.0, 0.0, 0.0, 1.0, 1.0, 0.0, 0.0, 0.0, 0.0, 0.0, 1.0, 0.0, 1.0, 0.0, 1.0, 1.0, 0.0, 0.0, 1.0, 0.0, 0.0, 1.0, 0.0, 0.0, 1.0, 0.0, 0.0, 0.0, 1.0, 1.0, 0.0, 1.0, 0.0, 1.0, 0.0, 0.0, 0.0, 1.0, 1.0, 0.0, 0.0, 0.0, 0.0, 0.0, 1.0, 0.0, 0.0, 0.0, 0.0, 0.0, 1.0, 1.0, 1.0, 0.0, 1.0, 0.0, 0.0, 0.0, 1.0, 0.0, 1.0, 0.0, 0.0, 1.0, 0.0, 1.0, 0.0, 1.0, 0.0, 1.0, 0.0, 0.0, 0.0, 1.0, 0.0, 0.0, 1.0, 0.0, 0.0, 0.0, 0.0, 1.0, 1.0, 1.0, 0.0, 1.0, 1.0, 0.0, 1.0, 1.0, 1.0, 0.0, 0.0, 0.0, 0.0, 1.0, 0.0, 1.0, 0.0, 0.0, 0.0, 0.0, 1.0, 1.0, 0.0, 0.0, 1.0, 1.0, 1.0, 0.0, 0.0, 1.0, 1.0, 1.0, 1.0, 1.0, 0.0, 0.0, 1.0, 0.0, 1.0, 0.0, 1.0, 0.0, 0.0, 0.0, 0.0, 0.0, 1.0, 0.0, 1.0, 0.0, 1.0, 0.0, 0.0, 1.0, 1.0, 1.0, 0.0, 1.0, 1.0, 1.0, 0.0, 1.0, 0.0, 1.0, 1.0, 0.0, 0.0, 0.0, 1.0, 1.0, 0.0, 1.0, 0.0, 1.0, 1.0, 1.0, 0.0, 1.0, 0.0, 1.0, 0.0, 1.0, 1.0, 1.0, 1.0, 1.0, 1.0, 1.0, 1.0, 1.0, 1.0, 1.0, 1.0, 0.0, 0.0, 1.0, 0.0, 1.0, 0.0, 0.0, 1.0, 0.0, 0.0, 0.0, 0.0, 0.0, 0.0, 0.0, 1.0, 0.0, 0.0, 0.0, 1.0, 1.0, 1.0, 0.0, 1.0, 0.0, 1.0, 1.0, 0.0, 0.0, 0.0, 0.0, 1.0, 1.0, 1.0, 0.0, 1.0, 0.0, 0.0, 0.0, 0.0, 0.0, 1.0, 1.0, 0.0, 0.0, 0.0, 0.0, 1.0, 0.0, 1.0, 1.0, 1.0, 0.0, 1.0, 0.0, 0.0, 0.0, 1.0, 1.0, 1.0, 0.0, 0.0, 0.0, 1.0, 1.0, 0.0, 1.0, 1.0, 1.0, 1.0, 1.0, 0.0, 0.0, 0.0, 1.0, 1.0, 1.0, 1.0, 0.0, 1.0, 1.0, 1.0, 1.0, 1.0, 0.0, 1.0, 1.0, 0.0, 1.0, 0.0, 1.0, 0.0, 0.0, 1.0, 0.0, 1.0, 0.0, 0.0, 0.0, 1.0, 0.0, 1.0, 1.0, 0.0, 0.0, 0.0, 1.0, 1.0, 1.0, 1.0, 1.0, 0.0, 1.0, 1.0, 0.0, 0.0, 1.0, 0.0, 0.0, 1.0, 0.0, 1.0, 1.0, 1.0, 1.0, 0.0, 1.0, 0.0, 1.0, 0.0, 0.0, 0.0, 0.0, 1.0, 0.0, 1.0, 1.0, 1.0, 1.0, 1.0, 0.0, 0.0, 1.0, 1.0, 0.0, 0.0, 1.0, 0.0, 1.0, 0.0, 1.0, 1.0, 0.0, 1.0, 0.0, 0.0, 0.0, 0.0, 0.0, 1.0, 1.0, 0.0, 1.0, 0.0, 1.0, 1.0, 0.0, 1.0, 0.0, 0.0, 1.0, 0.0, 0.0, 0.0, 0.0, 1.0, 1.0, 1.0, 0.0, 1.0, 0.0, 0.0, 0.0, 1.0, 1.0, 1.0, 1.0, 1.0, 0.0, 1.0, 0.0, 1.0, 0.0, 1.0, 1.0, 1.0, 0.0, 1.0, 0.0, 1.0, 1.0, 1.0, 0.0, 0.0, 1.0, 1.0, 1.0, 1.0, 1.0, 0.0, 1.0, 1.0, 0.0, 0.0, 1.0, 0.0, 1.0, 1.0, 1.0, 1.0, 0.0, 1.0, 1.0, 0.0, 1.0, 0.0, 0.0, 1.0, 0.0, 1.0, 0.0, 1.0, 0.0, 1.0, 0.0, 0.0, 0.0, 1.0, 1.0, 0.0, 1.0, 1.0, 0.0, 0.0, 0.0, 0.0, 1.0, 0.0, 0.0, 1.0, 0.0, 0.0, 0.0, 0.0, 1.0, 0.0, 0.0, 0.0, 1.0, 0.0, 0.0, 1.0, 0.0, 1.0, 1.0, 1.0, 1.0, 1.0, 1.0, 0.0, 1.0, 1.0, 0.0, 0.0, 1.0, 0.0, 0.0, 0.0, 0.0, 1.0, 1.0, 0.0, 1.0, 0.0, 0.0, 0.0, 0.0, 1.0, 0.0, 0.0, 1.0, 1.0, 0.0, 0.0, 1.0, 1.0, 0.0, 1.0, 1.0, 0.0, 1.0, 0.0, 1.0, 0.0, 0.0, 1.0, 0.0, 0.0, 1.0, 1.0, 1.0, 1.0, 1.0, 1.0, 1.0, 0.0, 1.0, 0.0, 1.0, 0.0, 1.0, 1.0, 0.0, 1.0, 0.0, 0.0, 1.0, 0.0, 0.0, 1.0, 0.0, 0.0, 0.0, 0.0, 1.0, 1.0, 0.0, 0.0, 1.0, 1.0, 0.0, 0.0, 1.0, 1.0, 1.0, 0.0, 0.0, 0.0, 1.0, 0.0, 1.0, 1.0, 1.0, 0.0, 1.0, 1.0, 0.0, 1.0, 0.0, 0.0, 0.0, 0.0, 0.0, 0.0, 1.0, 1.0, 0.0, 1.0, 1.0, 0.0, 1.0, 1.0, 1.0, 1.0, 1.0, 0.0, 1.0, 0.0, 0.0, 0.0, 1.0, 1.0, 1.0, 0.0, 0.0, 0.0, 1.0, 0.0, 0.0, 0.0, 1.0, 1.0, 1.0, 0.0, 1.0, 0.0, 1.0, 1.0, 1.0, 0.0, 0.0, 1.0, 1.0, 0.0, 0.0, 0.0, 1.0, 1.0, 0.0, 1.0, 1.0, 0.0, 1.0, 0.0, 0.0, 1.0, 1.0, 0.0, 0.0, 0.0, 0.0, 1.0, 0.0, 1.0, 0.0, 0.0, 1.0, 1.0, 0.0, 1.0, 1.0, 1.0, 0.0, 1.0, 0.0, 0.0, 0.0, 0.0, 0.0, 0.0, 1.0, 0.0, 1.0, 1.0, 0.0, 1.0, 0.0, 1.0, 0.0, 0.0, 0.0, 1.0, 0.0, 0.0, 1.0, 1.0, 1.0, 1.0, 0.0, 1.0, 1.0, 1.0, 0.0, 1.0, 0.0, 1.0, 0.0, 0.0, 0.0, 1.0, 1.0, 1.0, 1.0, 1.0, 0.0, 0.0, 1.0, 0.0, 0.0, 0.0, 0.0, 0.0, 1.0, 1.0, 0.0, 0.0, 1.0, 1.0, 1.0, 0.0, 1.0, 1.0, 0.0, 1.0, 0.0, 1.0, 1.0, 0.0, 1.0, 0.0, 1.0, 0.0, 1.0, 1.0, 0.0, 0.0, 0.0, 0.0, 0.0, 0.0, 1.0, 0.0, 1.0, 0.0, 0.0, 1.0, 1.0, 1.0, 1.0, 0.0, 1.0, 0.0, 1.0, 1.0, 0.0, 1.0, 0.0, 1.0, 1.0, 0.0, 0.0, 0.0, 0.0, 0.0, 0.0, 1.0, 0.0, 0.0, 1.0, 0.0, 1.0, 1.0, 0.0, 0.0, 1.0, 1.0, 0.0, 0.0, 0.0, 0.0, 1.0, 1.0, 0.0, 1.0, 0.0, 0.0, 1.0, 1.0, 0.0, 1.0, 1.0, 0.0, 0.0, 1.0, 0.0, 1.0, 0.0, 1.0, 1.0, 0.0, 1.0, 1.0, 1.0, 1.0, 0.0, 1.0, 1.0, 1.0, 1.0, 1.0, 1.0, 0.0, 1.0, 0.0, 1.0, 0.0, 1.0, 0.0, 0.0, 1.0, 1.0, 0.0, 0.0, 1.0, 0.0, 1.0, 0.0, 0.0, 0.0, 0.0, 1.0, 1.0, 1.0, 0.0, 1.0, 0.0, 1.0, 0.0, 1.0, 1.0, 0.0, 0.0, 1.0, 0.0, 1.0, 0.0, 0.0, 0.0, 0.0, 1.0, 1.0, 1.0, 1.0, 1.0, 1.0, 0.0, 0.0, 1.0, 1.0, 1.0, 1.0, 1.0, 0.0, 1.0, 1.0, 1.0, 0.0, 1.0, 1.0, 1.0, 0.0, 1.0, 0.0, 1.0, 1.0, 0.0, 1.0, 1.0, 0.0, 1.0, 0.0, 1.0, 1.0, 0.0, 1.0, 1.0, 0.0, 1.0, 0.0, 0.0, 1.0, 0.0, 0.0, 1.0, 0.0, 1.0, 0.0, 1.0, 1.0, 1.0, 0.0, 0.0, 1.0, 0.0, 0.0, 0.0, 0.0, 1.0, 1.0, 0.0, 1.0, 0.0, 0.0, 1.0, 0.0, 0.0, 1.0, 0.0, 0.0, 0.0, 0.0, 0.0, 1.0, 1.0, 1.0, 0.0, 0.0, 0.0, 1.0, 0.0, 1.0, 1.0, 0.0, 0.0, 1.0, 1.0, 0.0, 0.0, 1.0, 0.0, 1.0, 0.0, 1.0, 1.0, 1.0, 0.0, 1.0, 1.0, 1.0, 0.0, 1.0, 0.0, 1.0, 0.0, 1.0, 1.0, 0.0, 1.0, 1.0, 1.0, 0.0, 0.0, 1.0, 1.0, 1.0, 0.0, 0.0, 0.0, 0.0, 0.0, 1.0, 1.0, 0.0, 1.0, 0.0, 1.0, 1.0, 0.0, 0.0, 1.0, 0.0, 0.0, 1.0, 1.0, 1.0, 1.0, 0.0, 1.0, 1.0, 1.0, 0.0, 0.0, 0.0, 0.0, 0.0, 1.0, 1.0, 0.0, 0.0, 1.0, 1.0, 1.0, 0.0, 1.0, 0.0, 0.0, 1.0, 1.0, 0.0, 1.0, 1.0, 0.0, 0.0, 1.0, 1.0, 0.0, 1.0, 0.0, 1.0, 0.0, 1.0, 1.0, 1.0, 0.0, 0.0, 0.0, 0.0, 1.0, 1.0, 0.0, 0.0, 1.0, 1.0, 0.0, 0.0, 1.0, 1.0, 0.0, 0.0, 0.0, 1.0, 0.0, 0.0, 1.0, 0.0, 0.0, 1.0, 1.0, 0.0, 1.0, 1.0, 1.0, 0.0, 1.0, 1.0, 1.0, 1.0, 1.0, 0.0, 1.0, 0.0, 0.0, 0.0, 1.0, 1.0, 0.0, 0.0, 0.0, 1.0, 1.0, 1.0, 0.0, 1.0, 0.0, 1.0, 1.0, 0.0, 0.0, 0.0, 0.0, 1.0, 1.0, 1.0, 0.0, 1.0, 1.0, 1.0, 1.0, 0.0, 0.0, 0.0, 1.0, 1.0, 0.0, 0.0, 1.0, 1.0, 0.0, 1.0, 1.0, 0.0, 0.0, 0.0, 1.0, 0.0, 0.0, 1.0, 1.0, 0.0, 1.0, 0.0, 1.0, 0.0, 0.0, 0.0, 1.0, 1.0, 0.0, 0.0, 1.0, 1.0, 0.0, 1.0, 0.0, 1.0, 1.0, 0.0, 0.0, 1.0, 0.0, 0.0, 0.0, 1.0, 1.0, 0.0, 0.0, 1.0, 1.0, 0.0, 0.0, 1.0, 0.0, 0.0, 1.0, 0.0, 0.0, 0.0, 0.0, 0.0, 1.0, 1.0, 0.0, 1.0, 0.0, 0.0, 1.0, 1.0, 1.0, 1.0, 1.0, 1.0, 0.0, 1.0, 1.0, 1.0, 1.0, 0.0, 0.0, 1.0, 0.0, 0.0, 0.0, 1.0, 0.0, 0.0, 0.0, 1.0, 0.0, 0.0, 1.0, 0.0, 0.0, 1.0, 1.0, 0.0, 0.0, 1.0, 1.0, 0.0, 1.0, 0.0, 1.0, 1.0, 0.0, 0.0, 1.0, 0.0, 1.0, 0.0, 1.0, 0.0, 1.0, 0.0, 0.0, 0.0, 0.0, 0.0, 0.0, 0.0, 0.0, 0.0, 1.0, 0.0, 1.0, 1.0, 0.0, 1.0, 1.0, 1.0, 1.0, 0.0, 1.0, 0.0, 1.0, 0.0, 1.0, 1.0, 1.0, 1.0, 1.0, 1.0, 1.0, 1.0, 0.0, 0.0, 1.0, 1.0, 0.0, 1.0, 1.0, 0.0, 0.0, 1.0, 0.0, 0.0, 1.0, 0.0, 0.0, 1.0, 1.0, 1.0, 1.0, 1.0, 0.0, 0.0, 0.0, 0.0, 0.0, 1.0, 0.0, 0.0, 0.0, 1.0, 1.0, 1.0, 0.0, 0.0, 0.0, 0.0, 0.0, 0.0, 0.0, 0.0, 1.0, 0.0, 1.0, 1.0, 1.0, 0.0, 0.0, 0.0, 1.0, 1.0, 0.0, 0.0, 1.0, 1.0, 1.0]
\score={0: [0.1334280471007029, 0.1341362309952577, 0.134439294891698, 0.13402123536382402, 0.1345924124121666, 0.1342544321502958, 0.1332696588600383, 0.13440266116098923, 0.1342262006119678, 0.1336307325042211, 0.13345072737761907, 0.1336169890128076, 0.13355404274030167, 0.13347879201173782, 0.1335414702242071, 0.13415972888469696, 0.13387805689126253, 0.13433899264782667, 0.1342330060221932, 0.1339916057884693, 0.13432122642795244, 0.13394662141799926, 0.13380609452724457, 0.13431550881692342, 0.1334895874063174, 0.13408459244029863, 0.1343168780207634, 0.13403515219688417, 0.13448709342628717, 0.13404177473141596, 0.13386345138916603, 0.13463456126359793, 0.13415185574974334, 0.13317200690507888, 0.13369135239294597, 0.13396898430326712, 0.1338549107313156, 0.13436649668784367, 0.13354596728459, 0.13330963171190685, 0.13485735158125559, 0.13370245782768025, 0.13401922397315502, 0.13343152241862338, 0.134281121691068, 0.13389104803403218, 0.13353046112590367, 0.13367273764950888, 0.13342513889074326, 0.13454441569353404, 0.13400023373273703, 0.13397631262029921, 0.13313883949409833, 0.1340191885828972, 0.13343617133796215, 0.13399924726589865, 0.13437206723860332, 0.13358506974246767, 0.13323730925718943, 0.1341808413465818, 0.1349162980914116, 0.13367052376270294, 0.1353749819099903, 0.13351797461509704, 0.13359914223353067, 0.13334541519482931, 0.13400266968434857, 0.13379050667087236, 0.13404555469751359, 0.13380132886496457, 0.13365923054516315, 0.13400633060015166, 0.13397335095538032, 0.13454631169637044, 0.1340017789288571, 0.13354409418322824, 0.13365941867232323, 0.13408696300843181, 0.13418920202688736, 0.13354750654914163, 0.13378239626234228, 0.13425738447242314, 0.13340424264178558, 0.13434898778796195, 0.13380398472835278, 0.1343434140086174, 0.1340003381172816, 0.13270361721515656, 0.13357873757680258, 0.1334230124950409, 0.13358471542596817, 0.13336702639406378, 0.13319697106877962, 0.1328226625919342, 0.13376222961935505, 0.13367220916246114, 0.13406544509861204, 0.13413936644792557, 0.13368873132599723, 0.13431954383850098, 0.13358594259110892, 0.13415386998339704, 0.13374660164117813, 0.13397346369244836, 0.13399907238781453, 0.13416334176840988, 0.1337125790119171, 0.13363673143527088, 0.13491054326295854, 0.13446415662765504, 0.13332506670401648, 0.13395461641453407, 0.1333838619969108, 0.13398218743110957, 0.13328185792152697, 0.13410761641959348, 0.1338520207338863, 0.1343720704317093, 0.13397180356762625, 0.134287110888041, 0.1338967936379569, 0.13413594543933868, 0.13383889276730387, 0.13470345813977092, 0.13350640929171018, 0.13403373494230467, 0.13405294716358185, 0.1345569133758545, 0.1340722841651816, 0.13367493450641632, 0.13429387070630727, 0.1336478739976883, 0.13355921429616432, 0.13358937948942184, 0.13405249557561344, 0.13394807991774185, 0.1340898582429597, 0.13368014926495758, 0.1339523360133171, 0.1339358070066997, 0.13301686197519302, 0.1339089572429657, 0.1338794082403183, 0.13352175463329663, 0.13405311107635498, 0.1341003839458738, 0.1341278288513422, 0.13377931984988126, 0.13342037796974182, 0.13425274135974738, 0.13387051969766617, 0.13339660360532649, 0.13296194970607758, 0.13414609928925833, 0.1340529570976893, 0.1339575300614039, 0.13465418200939894, 0.13407483832402664, 0.13415396213531494, 0.13334380835294724, 0.13411441859271792, 0.13396558305248618, 0.1335882693529129, 0.13371686752025896, 0.1344498491712979, 0.13411929737776518, 0.13361465334892272, 0.1332962467120244, 0.1338549323123077, 0.13450476030508676, 0.13368003368377684, 0.13372508131644942, 0.1343936514854431, 0.13377724587917328, 0.1334291011095047, 0.13338113181731281, 0.1339490765875036, 0.13416885381395166, 0.13331396877765656, 0.13382123151551123, 0.13352285424868265, 0.13348467648029327, 0.13364935417970022, 0.1336633502631574, 0.13396523296833038, 0.13359035033246744, 0.1339484793799264, 0.13429718961318335, 0.134484543154637, 0.13395106386054645, 0.13344314929686094, 0.13342100754380226, 0.1342946864091433, 0.13426420305456435, 0.13378109236558278, 0.1341773819091708, 0.13364541033903757, 0.13384370853503544, 0.13449280234900388, 0.1332302646977561, 0.1340350490063429, 0.1334089826453816, 0.1338953556759017, 0.1340438344261863, 0.13369849152289903, 0.13377707451581955, 0.13410374043243273, 0.13396886246544973, 0.1339352078297559, 0.13452758143345514, 0.13406644109636545, 0.13348679655584797, 0.13439775109291077, 0.13398664593696594, 0.13383101385373336, 0.13408247232437134, 0.1338145116964976, 0.13408290328724043, 0.13370566566785178, 0.13333567735311147, 0.13388905160956913, 0.13429584354162216, 0.1343391239643097, 0.13389296423305164, 0.13196005225181578, 0.1341443561638395, 0.132716603577137, 0.13393308699131012, 0.13385126600041986, 0.13394566109547248, 0.13364490071932475, 0.13377915437404925, 0.13407105406125386, 0.13351175890249364, 0.13402864038944245, 0.1331930710719182, 0.1338234263307908, 0.13432150582472482, 0.13400115343657407, 0.13447204679250718, 0.13361983001232147, 0.13455106724392285, 0.13367102633823047, 0.1336468721429507, 0.13406600885921055, 0.1339534264186333, 0.13401455521583558, 0.13380425642518437, 0.13406370467734788, 0.13338994648721483, 0.13375940024852753, 0.1342271086242464, 0.1339230937883258, 0.13386250219561838, 0.13399940839520208, 0.1339130438864231, 0.13439403992632162, 0.13410694814390606, 0.13366732862260605, 0.1335294025559579, 0.13379356265068054, 0.13370696337599502, 0.13404904223150677, 0.13340377536686984, 0.13379714886347452, 0.13395745239474557, 0.13315217196941376, 0.13441009633243084, 0.13378022961756764, 0.13378328360893108, 0.13397884229198098, 0.13488747676213583, 0.13349757436662912, 0.13375851590382426, 0.13398059389807962, 0.1339408482114474, 0.13429740568002066, 0.13364104628562928, 0.13387417861006476, 0.13394316154367783, 0.13397021477039045, 0.13475820954356874, 0.13393129532535872, 0.13388117189918244, 0.13383049615051434, 0.1350499425943081, 0.13345775306224822, 0.13402085063549188, 0.133109013736248, 0.13435783711346713, 0.13416280783712864, 0.13412960415536707, 0.13371828198432922, 0.13365308414487279, 0.1340364987651507, 0.13409507621166317, 0.1336709445431119, 0.13324485570192338, 0.13392125566800436, 0.1339449527717772, 0.1341060961668308, 0.13352437317371368, 0.1340839181627546, 0.13445704899452351, 0.13348498127677225, 0.13360742330551148, 0.13310684846795123, 0.1348185527783174, 0.1344773316383362, 0.1338522598931664, 0.1339629852288478, 0.1335336808115244, 0.13402701349093996, 0.13388712108135223, 0.13408975980498575, 0.13377283242615787, 0.134429213755271, 0.13413193144581534, 0.13391125947237015, 0.1339721318922545, 0.13381079211831093, 0.13352967663244766, 0.13521800393407996, 0.13414699985430792, 0.134003065088216, 0.13396006280725653, 0.13376456933716932, 0.1339095143171457, 0.13294245302677155, 0.1339367168645064, 0.1335374265909195, 0.13402410572574985, 0.13415545390711892, 0.13471408747136593, 0.13361152752143582, 0.13371023815125227, 0.13429423421621323, 0.13393078744411469, 0.1342084988951683, 0.13356728966419512, 0.13441816800170475, 0.1344217464327812, 0.1348056960850954, 0.13426577325524955, 0.1344457028640641, 0.13386192321777343, 0.13416500985622407, 0.13411585678314342, 0.1331124874678525, 0.1340955915776166, 0.13413271804650626, 0.13319620158937243, 0.13356089095274606, 0.13369932162518405, 0.1342619295631136, 0.13393709469925275, 0.13403352349996567, 0.13402181615432104, 0.13311799466609955, 0.13405200259553063, 0.13420564955786654, 0.13443871360758078, 0.13359173493725912, 0.13426889561944538, 0.13476373851299286, 0.13407726287841798, 0.1334784541811262, 0.13425904193094798, 0.13353840871290726, 0.1334958610435327, 0.13397922118504843, 0.13393057386080423, 0.1342578318811232, 0.13424811661243438, 0.13349674145380655, 0.134054696559906, 0.13365256921811539, 0.13411153025097317, 0.13399569171926248, 0.1336067012614674, 0.1345663687044924, 0.13397882186940738, 0.13324742764234543, 0.1337007312698567, 0.13402701246327367, 0.1337546443237978, 0.13446646355665648, 0.13436678647994996, 0.13331362031973326, 0.1342745381924841, 0.13320178335363214, 0.1347960321342244, 0.13374976136467673, 0.13365497887134553, 0.13394721100727716, 0.13412508219480515, 0.1337412724440748, 0.13439378142356873, 0.13333297073841094, 0.1346272365613417, 0.1337527501232484, 0.13348365153955377, 0.134561105320851, 0.1340563100363527, 0.13320892934615797, 0.13369227661972954, 0.133955384294192, 0.1335064125061035, 0.13423679989797097, 0.13363035809662607, 0.13410972329703244, 0.1339344475004408, 0.13445442644032565, 0.13394715151061182, 0.1335816773084494, 0.1341208537419637, 0.13326615668260133, 0.13347379863262177, 0.13419740540640696, 0.1342410737717593, 0.13351063086436346, 0.13390204511784218, 0.1335601391999618, 0.13382258333943106, 0.13447342493704387, 0.13417064398527145, 0.13286908119916915, 0.13376016318798065, 0.13378290290182288, 0.13380473761847525, 0.13397689958413442, 0.13445924346645674, 0.13396790231529035, 0.13426650945956892, 0.13379493728280067, 0.1335965463748345, 0.1329673176462, 0.13366399239748716, 0.13404284169276556, 0.1342370703264519, 0.13393870634692057, 0.1343588650226593, 0.13390138000249863, 0.13426983034288562, 0.13417334854602814, 0.13417686987668276, 0.1335928976535797, 0.13394635138304337, 0.13527777791023254, 0.13420318202538925, 0.13411682315411105, 0.13349666872194835, 0.13363912999629973, 0.13418333096937698, 0.13370732311159372, 0.13405402860742935, 0.13404995368586647, 0.1334929957985878, 0.1338743031024933, 0.1339949369430542, 0.13374940771609545, 0.13352257466834525, 0.13459533204634985, 0.1337216848676855, 0.13363130804565218, 0.13366758219293645, 0.13425617800517517, 0.13438423071056604, 0.13439615733093685, 0.13396728593249654, 0.13374978547193567, 0.13381857573986053, 0.1331053763628006, 0.13337622906850732, 0.13346288601557413, 0.1338100515305996, 0.13425722176378424, 0.1330119340043319, 0.1336283623068421, 0.13439130783081055, 0.13333633279099183, 0.13396351080801752, 0.1340205493298444, 0.13378474985559782, 0.13418668607870737, 0.13306369218561384, 0.1333457983058432, 0.133252693961064, 0.13361526280641556, 0.13348693052927654, 0.13372291326522828, 0.13348360427401282, 0.13419910189178255, 0.13373401219194586, 0.13387263873044183, 0.1339667174551222, 0.1342824915280709, 0.13396961688995362, 0.13313247492680183, 0.13399467021226882, 0.13368964567780495, 0.13369947519057837, 0.13410228310209332, 0.1335064688554177, 0.13321545376227453, 0.13421697275979177, 0.13372482731938362, 0.13355427318149143, 0.13392842809359232, 0.13347168564796447, 0.1337255795796712, 0.1340160055292977, 0.13376265592299974, 0.1332018274281706, 0.13401471291269576, 0.13380940964347438, 0.13464956220827604, 0.13364505500365526, 0.13453830406069756, 0.13382335007190704, 0.13417863168499686, 0.13434589826143706, 0.1338813677430153, 0.13365924176646443, 0.134440378844738, 0.1338067352771759, 0.13414285670627246, 0.1342588980992635, 0.1338668820403871, 0.13364527848633853, 0.13347239473036357, 0.1340638609095053, 0.1343699341470545, 0.13290046751499177, 0.13415065620626723, 0.1334730640053749, 0.1335955686867237, 0.1347400935796591, 0.1332586424218284, 0.13352039691648984, 0.13363913595676422, 0.13444157361984252, 0.13410652760002348, 0.1338175193351858, 0.13378251181996387, 0.13414283676279914, 0.13372343944178688, 0.13419904112815856, 0.13404927305553271, 0.1331055631240209, 0.13260442153974014, 0.13372356326956497, 0.13347315440575283, 0.13303430493061358, 0.13360048017718576, 0.13378427277008692, 0.13421297924859182, 0.1338123932480812, 0.13381358303806998, 0.13335458313425383, 0.13400706242431293, 0.13412182871252298, 0.1337508261203766, 0.1331923261284828, 0.13398429530638237, 0.1343876056630036, 0.1343034343285994, 0.13374691513868478, 0.13432917147874832, 0.13401162198611669, 0.13361603301018476, 0.13391708108511838, 0.1330712027847767, 0.1333121217787266, 0.13370050752864165, 0.13389936745166778, 0.13357192426919937, 0.13385856710374355, 0.1338195152580738, 0.1335634314096891, 0.1334548067787419, 0.13433878123760223, 0.1339671306312084, 0.1324018525580565, 0.13421358845450662, 0.1338915808924607, 0.13438131809234619, 0.1342512458562851, 0.13347373360937292, 0.1337200864439919, 0.13381188520879456, 0.13360385286311308, 0.13394563347101213, 0.13393070797125498, 0.1338215253569863, 0.1338221705876864, 0.13331000392253584, 0.133847815486101, 0.13401365942425197, 0.13319579884409904, 0.13421053853299883, 0.13413627390508298, 0.13376302719116212, 0.13422741190246915, 0.1336095742881298, 0.13383836086307252, 0.1333047357889322, 0.1335200063056416, 0.13395350674788156, 0.13410116732120514, 0.13420590651886805, 0.13356693502929476, 0.13389836127559343, 0.13385317027568816, 0.13420136387531573, 0.13420723985742639, 0.13373398731152217, 0.13357409685850144, 0.13333622366189957, 0.13412727266550065, 0.1339084878563881, 0.1343357151045519, 0.13426767175014204, 0.13386840859185095, 0.13388008059877338, 0.13369322717189788, 0.13392094749471414, 0.13433432922913477, 0.13326307634512582, 0.13319345058933382, 0.13394508361816407, 0.13348368268746597, 0.133883868654569, 0.1336566312954976, 0.13368325041873114, 0.13393762211004892, 0.1344443162282308, 0.13348070283730826, 0.1334629499912262, 0.13373858332633973, 0.13318089693784713, 0.1341994282874194, 0.13443140933911005, 0.13419398069381713, 0.1333801489451836, 0.13340051816059992, 0.13399741763160342, 0.1338961240721912, 0.1340089903937446, 0.1339372515678406, 0.1343509572393754, 0.13430955509344736, 0.1339134285847346, 0.13396060992689693, 0.13397230551793024, 0.1340205614504061, 0.13392986798727954, 0.13375418602178493, 0.133978467186292, 0.13394777725140253, 0.1340629548737497, 0.13379928203565733, 0.13397406718947671, 0.1338137462735176, 0.13107813149690628, 0.1339689035500799, 0.13419667134682337, 0.13362173115213713, 0.1339973200250555, 0.133459975818793, 0.13465239945799112, 0.1336285931908566, 0.13342517263749065, 0.13353324988309076, 0.13412356512113052, 0.13428432175091334, 0.13402910972083057, 0.13408694002363417, 0.13431429175230172, 0.1340862356803634, 0.13392337730952672, 0.13399846707620927, 0.13453880017218384, 0.1333926437156541, 0.13380759581923485, 0.13413828942510816, 0.13377121008104748, 0.13388706909285653, 0.13294715881347657, 0.13391978479921818, 0.13382988136548263, 0.1339893892959312, 0.13386302509091116, 0.13430912295977274, 0.13403084698845358, 0.13419099387369657, 0.13399961425198448, 0.13357394549154467, 0.13374442756175994, 0.13305518279472986, 0.13411265891045332, 0.13391481339931488, 0.13324842086205116, 0.13412560522556305, 0.13366650470665523, 0.1331490237604488, 0.13354472319285074, 0.13358161449432374, 0.1337656836424555, 0.13353671580553056, 0.13451560586690903, 0.13412796407938005, 0.13365148877104124, 0.13336647301912308, 0.13436449348926544, 0.13408143222332, 0.13401538009444872, 0.1338779189520412, 0.1337237578062784, 0.1346336265927867, 0.13266808953550127, 0.1341901027730533, 0.133757583796978, 0.13349016698507163, 0.13395519389046562, 0.13451310594876606, 0.13360951758093303, 0.13325504627492693, 0.1334981620311737, 0.13452587886290115, 0.13298408521546257, 0.13403131706374033, 0.1339464791946941, 0.1325896748087623, 0.13378555327653885, 0.13332229542235532, 0.1324293613433838, 0.1338535938411951, 0.13352640345692635, 0.1345032276585698, 0.13299064785242082, 0.13410107221673517, 0.13370942407184178, 0.135325472463261, 0.13361027240753173, 0.13357549409071603, 0.13345254523058733, 0.13420350578698245, 0.13375743925571443, 0.1335813570022583, 0.13352431006291332, 0.134128593481504, 0.13427240252494813, 0.1341046780347824, 0.13426883387214997, 0.13410342616193435, 0.13347273766994477, 0.13450433727767733, 0.1340285822749138, 0.13376530680967413, 0.1338166043162346, 0.13369042426347733, 0.13382864704257563, 0.13502518155358054, 0.13395066330066094, 0.13362462099256187, 0.13393619978750074, 0.13449509888887407, 0.13415753268278563, 0.1333712324500084, 0.1341050623551659, 0.13409375267870285, 0.13446845343479744, 0.1336678465207418, 0.13392605756719908, 0.13396338580383194, 0.1340758386068046, 0.1339775990037357, 0.13370260447263718, 0.1338041137765955, 0.13450897272144044, 0.13364516730819428, 0.13415664600001442, 0.13354807055514792, 0.13323630235697093, 0.1338067352771759, 0.13451244725900538, 0.13391826301813126, 0.13388574992616972, 0.1350497321950065, 0.1337414164292185, 0.13396774453145485, 0.13384734466671944, 0.13412346956985338, 0.1338916991291375, 0.1341037005186081, 0.1331921507914861, 0.1342318018277486, 0.13372022062540054, 0.13392426908016206, 0.13452167809009552, 0.13453484792262316, 0.13426374644041061, 0.13398413785866328, 0.1340058386325836, 0.13378154127686112, 0.13394913491275576, 0.13413265513049233, 0.1345713907166531, 0.1342046979595633, 0.13360818694619572, 0.13416782766580582, 0.13431814245202325, 0.1338878246024251, 0.13361301148931184, 0.13344449211250653, 0.13417479498633023, 0.13360212706029415, 0.13366997356598193, 0.13431619852781296, 0.13393122007449468, 0.13371262211224128, 0.13413704676287516, 0.13383744781215987, 0.13385715426468267, 0.1333283595740795, 0.13383881182506166, 0.1340270436861936, 0.13379354309290648, 0.13397378772497176, 0.13371829316020012, 0.13422809754099166, 0.13387241065502167, 0.13430656120181084, 0.1334173023700714, 0.13417424592706892, 0.13357565086334944, 0.13375398245724765, 0.13462765155167417, 0.13338013228617215, 0.13406770303845406, 0.1341986900993756, 0.13423782701675707, 0.13411675890286764, 0.134432933869816, 0.13391426785124672, 0.13399318372830749, 0.13371357584700866, 0.13403007258539615, 0.13348083656567794, 0.13394460561020033, 0.13382931550343832, 0.1339477688074112, 0.13411341336640445, 0.13381293416023254, 0.13385107492407164, 0.13394793079179876, 0.1335214146158912, 0.13416227390026225, 0.13365876873334248, 0.13245388865470886, 0.13312149735597464, 0.13400212036711828, 0.13393775653094053, 0.13379328548908234, 0.13407143367373425, 0.13422831467219762, 0.13370906045803657, 0.13389122982819876, 0.13346012821421027, 0.13400765818854174, 0.13405479219826785, 0.13390869691091425, 0.13408778501408442, 0.13423767127096653, 0.1335160921017329, 0.13379991767199143, 0.13367499952966516, 0.13404304338128945, 0.13414616800016826, 0.13345873728394508, 0.1334722936153412, 0.13377093049612912, 0.13494883206757632, 0.13384335156944063, 0.13423421291204599, 0.13377178059174463, 0.13372225397162968, 0.13383138124589566, 0.1339905420318246, 0.13362644463777543, 0.13395030349493026, 0.13390091689009415, 0.13428899916735562, 0.1337406262755394, 0.13421555811708624, 0.13362670969218016, 0.13365163249628884, 0.13379431562498212, 0.13430334971501276, 0.13406230509281158, 0.13377833449178272, 0.13350816011428834, 0.1334536992586576, 0.13323830182735735, 0.13323124398787817, 0.13333226293325423, 0.13444611988961697, 0.13379559852182865, 0.13411536999046803, 0.13364767187680954, 0.13336732983589172, 0.13324981927871704, 0.1339824109205178, 0.13387517455746145, 0.13375584036111832, 0.13329815385597094, 0.1340390064499595, 0.1337232246994972, 0.13300019573597682, 0.133410623917977, 0.1341094435615973, 0.13416557179556954, 0.1344412093361219, 0.1333980013926824, 0.1336828406367983, 0.13401795710836137, 0.13394474120516525, 0.13367737297500884, 0.13460566382855177, 0.13462577082894064, 0.13352061254637582, 0.13392796916396996, 0.13405823790364796, 0.13445551693439484, 0.13378605743249258, 0.13369450650431894, 0.13392257809638977, 0.13374270818063191, 0.13426221201294347, 0.13358662383896963, 0.13439104209343591, 0.1337313068949658, 0.13420197108517523, 0.13384419596857494, 0.13387188841314876, 0.13354759053750473, 0.13396093964576722, 0.13386480103839526, 0.1344877275136801, 0.13364162802696228, 0.13344266964122653, 0.13353703196706443, 0.13371597975492477, 0.13451566121407918, 0.13407581405980246, 0.13386891186237335, 0.1335871728027568, 0.13323207199573517, 0.1335984495205757, 0.13369842701488072, 0.13299837708473206, 0.13347940688783472, 0.13405283788839975, 0.13424899876117707, 0.13361926823854448, 0.13329788918296495, 0.1336933597922325, 0.13380875281597437, 0.13316066265106202, 0.13404213772578674, 0.13384181531992825, 0.13388728052377702, 0.133393137470672, 0.1340070732615211, 0.133570552803576, 0.13384892994707281, 0.13438049019599446, 0.13456873674141734, 0.13376830411808832, 0.13459514998472655, 0.13360520369476742, 0.13322177628676096, 0.1337171383202076, 0.13471164153172419, 0.13365493289061955, 0.1336422084885485, 0.1331490414837996, 0.13314929604530334, 0.13301162015308032, 0.13404618474570187, 0.1330114550450269, 0.1345356863278609, 0.1334456667304039, 0.1335009282285517, 0.1333131417632103, 0.13329883813858032, 0.13380926847457886, 0.13394717528269842, 0.13388783857226372, 0.13325014151632786, 0.13385701676209769, 0.1334985573502148, 0.13475216180086136, 0.13430505080355537, 0.13363004172289814, 0.13437674567103386, 0.13371146967013678, 0.134275384247303, 0.1346119999885559, 0.13456066296650812, 0.13379983231425285, 0.13370709121227264, 0.13307777995413, 0.1324347820546892, 0.1338561993578206, 0.13363023869919055, 0.1343645313206841, 0.13429753109812737, 0.1333305767426888, 0.13367197662591934, 0.1339702078451713, 0.13387013971805573, 0.13374740183353423, 0.13404759505520697, 0.13337914239276538, 0.13365833833813667, 0.13403865269252233, 0.1344381393864751, 0.13359363270657404, 0.1334933340549469, 0.13383876184622448, 0.13403301686048508, 0.1337028912135533, 0.1347416788339615, 0.13397044172653785, 0.13426191806793214, 0.1330155970958563, 0.13396535333125822, 0.13403846323490143, 0.13402778123106276, 0.13577115535736084, 0.13346292078495026, 0.13363366541655167, 0.13340200732151666, 0.1337888941168785, 0.1340956456807195, 0.13380321589383212, 0.13404811116365287, 0.13390495308807918, 0.13395860277373214, 0.13403879531792232, 0.13398011028766632, 0.1341252704816205, 0.1342819333076477, 0.13354973826143476, 0.1343018854657809, 0.13399105668067932, 0.13351686019450426, 0.13394409876603347, 0.13338174990245275, 0.13300346285104753, 0.13379809379577637, 0.13397462530569595, 0.1337666188677152, 0.1326680046816667, 0.13417475670576096, 0.13270568733031934, 0.13440277477105458, 0.13389741033315658, 0.1336388655684211, 0.13370586766137016, 0.13325191040833792, 0.1337621971964836, 0.13368404284119606, 0.13377921338434573, 0.13339376920147947, 0.13376370072364807, 0.13329591105381647, 0.13388859577800916, 0.1339895583689213, 0.13372222219522184, 0.13361183447497232, 0.13359440153553373, 0.13356502478321394, 0.13461871743202208, 0.13313761082562534, 0.13381320983171463, 0.1335114727417628, 0.1337844563855065, 0.13400146578039443, 0.13404837333493763, 0.13411446660757065, 0.13423215378733241, 0.13356247950683942, 0.1338219236243855, 0.13416069516768822, 0.13350754231214523, 0.13374158909375017, 0.1339792920784517, 0.13409542935815724, 0.13389764949679375, 0.13274979715545973, 0.1342347224553426, 0.1337093597856061, 0.13375452373709, 0.13371562510728835, 0.133708855509758, 0.13408168366080836, 0.13407691717147827, 0.13378447732504675, 0.13374095352796408, 0.13452727496623992, 0.13390737573305767, 0.13432066568306514, 0.13338960632681846, 0.13435529873651617, 0.1337400091921582, 0.1344290433021692, 0.13427862254056064, 0.13311242828002343, 0.1341354325413704, 0.13429510742425918, 0.13407641847928364, 0.13309395886384523, 0.13485059266289076, 0.1329947461684545, 0.13386977836489677, 0.13362985567466631, 0.13405866101384162, 0.13433393294161017, 0.13319874927401543, 0.13349160958420148, 0.1335858189397388, 0.13349693898971265, 0.13381954977909724, 0.13399497121572496, 0.13317873541797912, 0.1339983113787391, 0.13297993757508017, 0.13433107393128532, 0.13413242889302118, 0.13379353608774103, 0.13381452485919, 0.13422282536824545, 0.13327778169983312, 0.133578403128518, 0.1341739371418953, 0.13327611796557903, 0.133046293258667, 0.13409236662609633, 0.13357406854629517, 0.13355671667626925, 0.13344291547934214, 0.1339898190715096, 0.13417539784782812, 0.13379141812523207, 0.1342259676506122, 0.13355606980621815, 0.1340087718433804, 0.13367711678147315, 0.13379177699486414, 0.13368678651750088, 0.13459193000667974, 0.13409057494841123, 0.13357493188232183, 0.13366416841745377, 0.1335809126496315, 0.1338651321000523, 0.13366126418113708, 0.13390697538852692, 0.13385823369026184, 0.13374511431902647, 0.13373419298575476, 0.13382264501170107, 0.13348293091569627, 0.13424598872661592, 0.1339676757069195, 0.1340141681333383, 0.13364682992299398, 0.13431275553173488, 0.13338484406471252, 0.13352471192677814, 0.13376484811306, 0.13517889380455017, 0.13343396868024554, 0.1339941205722945, 0.13300488491853077, 0.1330061595548283, 0.13392217274831267, 0.13340628945401736, 0.13444478809833527, 0.1334209720293681, 0.13394351433152737, 0.13357744433663107, 0.13489943444728852, 0.13376173895338309, 0.13350267112255096, 0.1338528972683531, 0.13454088490260274, 0.13350309519206777, 0.13358691658662714, 0.13414809763431548, 0.13327859277310578, 0.1338636338710785, 0.133565444837917, 0.1338755355940925, 0.13410959450098184, 0.1341151320375502, 0.134765362739563, 0.13375856771188624, 0.13445916297760876, 0.1346008747816086, 0.13253862410783768, 0.13408279915650687, 0.13425369911334095, 0.13392096961086447, 0.13355204661687214, 0.13383276760578156, 0.13347259312868118, 0.13376422347249212, 0.13413464603945613, 0.13384211495999368, 0.13397089888652167, 0.1331463890771071, 0.13334175131537698, 0.1335513999928599, 0.13350144856505924, 0.13434364522496858, 0.13421716392040253, 0.1336434838526389, 0.13364665345712143, 0.13454118743538857, 0.13403374430808154, 0.1343639703357921, 0.13352643512189388, 0.13383850861679425, 0.13437569215893747, 0.1341874857743581, 0.13392570401941026, 0.13466617465019226, 0.13418852587540944, 0.13328262584076989, 0.13327235863967377, 0.13432931785400098, 0.1336622398208689, 0.13454795877138773, 0.13361740708351136, 0.13420198451388965, 0.13329052031040192, 0.13364513324839727, 0.13338319460550943, 0.133862880723817, 0.13340918123722076, 0.13417905043153203, 0.13366139022743, 0.1342586547136307, 0.13382685890323237, 0.13422581793800478, 0.13309331089258195, 0.13388046005676532, 0.13413871960206467, 0.13407907883326212, 0.13423662939492395, 0.13337007835507392, 0.13454330373894086, 0.13408282895882925, 0.13412802192297849, 0.1338525265455246, 0.13391941951380837, 0.13387842697125893, 0.13410693750931665, 0.1343994898100694, 0.13385318716367087, 0.13381175531281364, 0.13334632250997755, 0.13405179142951965, 0.1340886569685406, 0.1329303952780637, 0.13413677039818886, 0.13334976978923962, 0.13435601781715045, 0.13408224284648895, 0.13390031456947327, 0.13359959749504924, 0.1342579460144043, 0.13386043012142182, 0.13391626794492045, 0.1337130330502987, 0.13468521301235473, 0.1343469438808305, 0.1340902571876844, 0.13394463062286377, 0.13438781301180522, 0.134268975683621, 0.1339352995157242, 0.1342041659004548, 0.1339481228164264, 0.13457595432798067, 0.13414929230366984, 0.134117924173673, 0.13374902587383986, 0.13358525838702917, 0.13399981141090392, 0.13379844278097153, 0.13406015403809085, 0.13357072174549103, 0.13362618874419818, 0.13407416145006815, 0.1329824204246203, 0.13388356566429138, 0.13383304114852632, 0.13361443430185319, 0.1337733907358987, 0.1336680759083141, 0.1333859251893085, 0.13408535917599995, 0.13379673659801483, 0.13388301567597824, 0.13388063555414026, 0.13409777562464437, 0.13418042204446262, 0.1340315458567246, 0.13389151990413667, 0.13399514059225717, 0.13315587573581272, 0.13400851705899605, 0.1340776245508875, 0.13362286108381607, 0.13379773497581482, 0.1338165264044489, 0.13355855147043863, 0.13445215796430907, 0.1343505311953394, 0.13397698172114111, 0.1336370798257681, 0.13412025226996496, 0.13382681565625326, 0.13339254166930914, 0.13308743281023844, 0.13382388204336165, 0.13368069437833932, 0.13418423086404802, 0.1343828054337666, 0.13371286243200303, 0.13383881747722626, 0.13377471367518107, 0.13374784423245323, 0.13428561652407928, 0.1332052543759346, 0.13412410334536903, 0.13440359736743726, 0.13405642184344205, 0.13356737086647436, 0.13421945319031225, 0.13362738432792517, 0.13372554155913266, 0.1338696926832199, 0.13487578431765238, 0.13437906939249772, 0.1344578398598565], 1: [0.1328364610671997, 0.1337779862316031, 0.13372341188646497, 0.134049716591835, 0.1339257531799376, 0.13357813954353331, 0.13395875254098108, 0.13399615174248106, 0.1343349552154541, 0.13424313813447952, 0.13416243717074394, 0.13388374683104062, 0.13339089495795114, 0.13357022870332003, 0.1343024012943109, 0.13411369025707245, 0.13486825044338518, 0.13423399213287565, 0.1338200680911541, 0.1343516052833625, 0.13420129211052603, 0.13440496250987052, 0.13444474339485168, 0.13393166582835347, 0.13386860604469591, 0.1342748383229429, 0.13463697507977485, 0.13367628306150436, 0.1339057052419299, 0.13363990932703018, 0.13457671127149037, 0.1336415614242907, 0.13375001028180122, 0.13392216847701507, 0.13375585079193114, 0.1348799385807731, 0.1338298643628756, 0.13375075161457062, 0.13363715675142077, 0.13423418425596678, 0.1338113119204839, 0.13435659433404604, 0.13414130508899688, 0.1335076354444027, 0.13358680655558905, 0.13364836449424425, 0.13415321335196495, 0.1340472526848316, 0.13446106693961404, 0.13411857485771178, 0.13437506819472594, 0.13377411237784795, 0.1345892831683159, 0.13400519291559856, 0.1334367116743868, 0.1332222900607369, 0.13454063733418783, 0.13380808383226395, 0.13389877509325743, 0.13445896357297898, 0.13355921421732223, 0.13412645933302966, 0.13391504005381935, 0.13458193770863794, 0.13432795893062244, 0.1335464314274166, 0.1341421936567013, 0.13303415612740951, 0.13409356929753957, 0.13364838510751725, 0.13343089548024265, 0.13387589901685715, 0.13354675571123759, 0.13405703617767853, 0.13365903225812045, 0.1340532898902893, 0.13433041671911874, 0.13416006244145906, 0.13434113189578056, 0.13405998835438176, 0.13372145468990007, 0.1333082213121302, 0.13398519947248347, 0.13412295430898666, 0.13298768798510233, 0.13303905576467515, 0.1342806282142798, 0.13326806794194615, 0.13420195945284583, 0.1335540812681703, 0.13459408581256865, 0.13478527963161469, 0.13364579230546952, 0.13393351435661316, 0.13361003077947176, 0.13376562765666417, 0.13375854385750635, 0.13349800876208714, 0.13296709103243692, 0.13417102261023087, 0.1346879079937935, 0.13361503646291537, 0.1342581496997313, 0.13335069144765535, 0.13405164778232576, 0.13431780582124536, 0.13347572546738845, 0.1346863094303343, 0.13308337872678583, 0.13377184834745195, 0.1345234178006649, 0.1338450048978512, 0.13295287489891053, 0.13375365237394968, 0.133888990432024, 0.1348406344652176, 0.13391699375850813, 0.1339976503735497, 0.13382298205838059, 0.13401488065719605, 0.1338362693786621, 0.1336030215024948, 0.13354299924312493, 0.13464762318518855, 0.13407922642571585, 0.13415227035681407, 0.13400804748137793, 0.1342450353232297, 0.13333511488004166, 0.13440356439068205, 0.13301682822844563, 0.13413886819034815, 0.13296341354196722, 0.13433881402015685, 0.13399533440872113, 0.1339514305194219, 0.1336341381072998, 0.13408148437738418, 0.13387238500373705, 0.1340820972736065, 0.133921048857949, 0.1339645559589068, 0.1333329366012053, 0.13345837965607643, 0.1341054132208228, 0.13392681560733102, 0.13421583061034864, 0.13401879742741585, 0.13411437110467392, 0.13344660732481214, 0.1339040675333568, 0.1342316299676895, 0.13357289507985115, 0.1335732564330101, 0.1349056527018547, 0.1332756755026904, 0.13429477717727423, 0.1339792041824414, 0.13416052195760939, 0.13426375495535986, 0.13384575098752977, 0.1342766026655833, 0.13436380152901015, 0.13359190970659257, 0.13431176931961722, 0.13352278073628743, 0.13372163598736128, 0.13416608584963757, 0.13356635318352625, 0.1349160060286522, 0.13352609493515707, 0.1342797577381134, 0.1336150341309034, 0.13449702615087683, 0.1335993306711316, 0.13369565851548137, 0.13368653573773123, 0.13413740545511246, 0.13402347815664192, 0.13283794820308686, 0.1339082695543766, 0.13394548619786897, 0.13344365979234377, 0.13279695454097928, 0.1336287311885668, 0.13378224428743124, 0.13397485464811326, 0.13359756022691727, 0.13318063850913728, 0.13390924849293448, 0.1336928177624941, 0.13354667072946375, 0.13344526155428452, 0.13369677535125188, 0.13403406952108657, 0.13381810426712037, 0.133798129418317, 0.13361377336762167, 0.1346365824341774, 0.13375982791185378, 0.13356122970581055, 0.1342172236605124, 0.1325302008125517, 0.13408112360371482, 0.1343424062837254, 0.13422273776747964, 0.13423919181029, 0.13410579671665113, 0.13433392345905304, 0.1335501664876938, 0.13395048881118948, 0.13469416797161102, 0.13322907415303317, 0.13346418738365173, 0.13434425579464954, 0.13358278572559357, 0.13314737528562545, 0.13357905348141988, 0.13327210683089036, 0.1345800773964988, 0.13409674167633057, 0.13339655722181, 0.13426324637497172, 0.13367011232508552, 0.13380175922065973, 0.13386698998510838, 0.13349509611725807, 0.1340287203590075, 0.1336548447608948, 0.13370457167426744, 0.13403707210506713, 0.13410526420921087, 0.1336526982486248, 0.13360673934221268, 0.1345279100868437, 0.13518413305282592, 0.13367850643893084, 0.1342937612172329, 0.13412179880672032, 0.1334278124074141, 0.13394230790436268, 0.13375170954636165, 0.1341529656201601, 0.1338068962097168, 0.1336798205971718, 0.13450337094920023, 0.1337345838546753, 0.1337809084277404, 0.1343442333095214, 0.1341310039162636, 0.13391250371932983, 0.13413424151284353, 0.13409112164607415, 0.13396813720464706, 0.13464934894671807, 0.1338020944595337, 0.1341045396892648, 0.1331720769405365, 0.13442482352256774, 0.1337842263958671, 0.13444851338863373, 0.13429019302129747, 0.13326719578574686, 0.13404853269457817, 0.13368327915668488, 0.13351029272262865, 0.13417129689141324, 0.13381465344593443, 0.13360092664758363, 0.13439614325761795, 0.13372589533145612, 0.13339956353108087, 0.13329159640348875, 0.1334612598021825, 0.1342867761850357, 0.13454302847385408, 0.13370665286978087, 0.13388816515604654, 0.13443702707688013, 0.1340264204670401, 0.1334846071574999, 0.1334042925583689, 0.13402322307229042, 0.13408287258251853, 0.13394890849788985, 0.13352235965430737, 0.1338877497535003, 0.13250916518948294, 0.13452358679337936, 0.13389067724347115, 0.13451167475432158, 0.13453932377425107, 0.134367513385686, 0.13367042796952383, 0.13399373140276932, 0.13399694114923477, 0.13372856006026268, 0.13403964694589376, 0.13356329181364604, 0.13326826798064367, 0.13344918980317957, 0.13346936967637804, 0.13385678713138288, 0.13387444828237807, 0.13455547764897346, 0.13424024606744447, 0.13384613820484706, 0.13401296138763427, 0.1339330706331465, 0.13358715001274557, 0.13414491216341654, 0.13408517273696693, 0.13480270703633626, 0.13429940342903138, 0.13446327700064734, 0.13376136751551376, 0.13403391962250075, 0.13366948068141937, 0.13364886893675879, 0.13351340509123272, 0.1340148265545185, 0.13392269882288846, 0.13421805823842684, 0.13371668834435313, 0.1336005854865779, 0.1338147239552604, 0.13405765134554642, 0.13382522690863835, 0.1334411958232522, 0.1337451541965658, 0.1343998842769199, 0.1339726507663727, 0.13423701096326113, 0.1336201330025991, 0.13412903406118093, 0.1337210354597672, 0.13399577689798256, 0.13408635705709457, 0.1339158942302068, 0.1337951347231865, 0.13370298966765404, 0.1342427847640855, 0.13390971024831136, 0.13273153752088546, 0.13343531042337417, 0.13380023263967955, 0.13429729708216406, 0.13435333718856177, 0.13239205926656722, 0.13413306574026743, 0.13449575304985045, 0.13366452511399984, 0.1348108947277069, 0.1335121661424637, 0.13347704509894054, 0.13417051235834757, 0.13452233217264475, 0.1334759183228016, 0.1338123000330395, 0.13362487157185873, 0.13386435004381034, 0.1339803445339203, 0.1338242795318365, 0.13405034060661608, 0.1335054596022862, 0.13381661027669906, 0.1339469313621521, 0.13430022448301315, 0.13363080388969845, 0.13479245347636087, 0.1339913594879602, 0.13392254089315733, 0.1337231735388438, 0.1344271982088685, 0.13308021426200867, 0.13328985571861268, 0.13368634209036828, 0.13334515773587757, 0.13370534280935922, 0.13335930680235228, 0.13426251709461212, 0.1336737833917141, 0.1344877764582634, 0.13401506394147872, 0.13345856517553328, 0.13406772911548615, 0.13338246662169695, 0.1344693496823311, 0.13373126527842352, 0.13362457941878925, 0.13379857173332801, 0.13423825949430465, 0.13330550835682795, 0.13339634537696837, 0.13429884364207587, 0.13440903479402716, 0.13428393627206484, 0.13403242826461792, 0.13328763754928813, 0.13429055809974672, 0.13399805050147207, 0.13409733133656637, 0.13386891782283783, 0.1346239333643633, 0.1332926613589128, 0.13483986705541612, 0.1336263684289796, 0.13386028756697974, 0.13374644653363663, 0.13412893367441078, 0.134136359328809, 0.1345765009522438, 0.13405822217464447, 0.13465613397684964, 0.1332542332155364, 0.13374018271764118, 0.13435393978248944, 0.13352072735627493, 0.13351439187924066, 0.13356019819484038, 0.13348814064548128, 0.13369224634435442, 0.13482598960399628, 0.13394345537475918, 0.13356904920778775, 0.13367994806983255, 0.13433101095936514, 0.13434438904126486, 0.13437287881970406, 0.13321166591984884, 0.13445740640163423, 0.13430606172635004, 0.13332018852233887, 0.13423945166562734, 0.1337575787305832, 0.1344102117277327, 0.13423775881528854, 0.13326452033860342, 0.13399023469537497, 0.1335575133562088, 0.1343200667337938, 0.13349333676424893, 0.13403422955204458, 0.13432110586892004, 0.13318958404389294, 0.13358578582604727, 0.1337818056344986, 0.1335702475446921, 0.13334393915202883, 0.13379008372624715, 0.13392969369888305, 0.13332793911298116, 0.13427520611069418, 0.13389612772525886, 0.13347835044066111, 0.13409565761685371, 0.13426345674430623, 0.13437632471323013, 0.13419292516568126, 0.13336607699210828, 0.13407747447490692, 0.13318077681793106, 0.13405843079090118, 0.13475020771676843, 0.13316811745365462, 0.134454252996615, 0.13349546611309052, 0.1340347547084093, 0.13416163209411833, 0.13372540473937988, 0.13364080960551897, 0.13356632468375293, 0.1336640574865871, 0.13332474529743193, 0.13380772098898888, 0.13452554919889995, 0.13363250195980073, 0.13378918253713185, 0.13401581048965455, 0.13313078135252, 0.1343952878600075, 0.13438081634896143, 0.13360395530859628, 0.1333617242899808, 0.13401364666574142, 0.1343312209302729, 0.13332982659339904, 0.13365490628140314, 0.1336484975539721, 0.1334872156381607, 0.13405812328512018, 0.13399482145905495, 0.1338680600747466, 0.13424575825532278, 0.13340133834968915, 0.13387328624725342, 0.1352652112642924, 0.13408413976430894, 0.13354261938867898, 0.13435179442167283, 0.13412117041074312, 0.13367749907468496, 0.13352670046416196, 0.13417307606765203, 0.13278441006938616, 0.13418706471011752, 0.13366625582178435, 0.13473588393794167, 0.13429480294386545, 0.1338979247957468, 0.1340099722146988, 0.1339323528110981, 0.1347193148206262, 0.13432644431789717, 0.13381310304005942, 0.13476725121339161, 0.1345416768030687, 0.13429167204433018, 0.13442493230104446, 0.13473607706172125, 0.13441618638379232, 0.13372665787896804, 0.134350832213055, 0.1335210810814585, 0.13401564376221764, 0.13361931460745194, 0.1339826746420427, 0.13281132280826569, 0.1337808921933174, 0.13410743549466134, 0.13391861990094184, 0.1332841608673334, 0.13316143155097962, 0.1339919918349811, 0.13339464710308954, 0.13440838515758513, 0.13371463026851416, 0.13359652045700285, 0.13367103981344322, 0.13385484740138054, 0.13451167475432158, 0.13459424475828807, 0.13426494713012987, 0.13350700090328851, 0.13408805692897124, 0.13357793583589442, 0.13418028503656387, 0.13380905579436908, 0.13466135344722055, 0.13393269665539265, 0.13382420746179727, 0.13359082206374123, 0.133899867889427, 0.13353173090861395, 0.13423536270856856, 0.13379901421792578, 0.13357228537400564, 0.13381601192734457, 0.13347578861496665, 0.1346151096125444, 0.1340426381896524, 0.13394605900560105, 0.13453181775716636, 0.13522573628208853, 0.1343487330845424, 0.13268967243758115, 0.1338382635046454, 0.13428655713796617, 0.133957140147686, 0.13440360980374472, 0.134218917042017, 0.1340485481279237, 0.133822244756362, 0.13436357875665028, 0.1348921462893486, 0.13447336355845133, 0.13372602230972713, 0.13390032259317544, 0.13396216928958893, 0.1339870075384776, 0.13317671020825703, 0.13416829208532968, 0.13389793833096822, 0.13396036624908447, 0.13406550621285157, 0.1331824931231412, 0.1345151777450855, 0.13435354427649424, 0.13358255272561853, 0.1346835196018219, 0.13334030078517067, 0.13435079008340836, 0.13520233146846294, 0.13368110271061168, 0.13422321528196335, 0.13405084510644277, 0.13357512103883842, 0.13451775366609747, 0.13379832729697227, 0.1335767537355423, 0.13445678477485976, 0.1331899675230185, 0.13389716493455986, 0.13410441398620607, 0.13380867629139512, 0.1343535608970202, 0.1331809900701046, 0.13415413945913315, 0.13417013531381433, 0.13441875263264305, 0.13370657258707544, 0.13287742200650668, 0.13441372215747832, 0.1334177785449558, 0.13376348752241868, 0.1329396292567253, 0.1334061622619629, 0.13391022991251061, 0.13428609197338423, 0.1334677884976069, 0.1339195265489466, 0.13388403919008043, 0.13360986411571502, 0.13410611315207047, 0.1338212639093399, 0.13384932403763136, 0.13397939999898276, 0.13373208384622226, 0.13387236478073256, 0.1329977333545685, 0.13346141080061594, 0.13374754529574823, 0.13402954638004302, 0.13453645087205446, 0.13422641456127166, 0.13387106079608202, 0.13356707915663718, 0.133848437666893, 0.13421201576357303, 0.1334525763988495, 0.1343839924644541, 0.1342260554432869, 0.13313951194286347, 0.13305265279043288, 0.13410934805870056, 0.1342070090274016, 0.13368271717003413, 0.13316984245410332, 0.1343884602189064, 0.13371038224015916, 0.1342596411705017, 0.13383618674495004, 0.13444507519404095, 0.13403925579041243, 0.134388890531328, 0.1337738811969757, 0.13390262549122176, 0.13480749105413756, 0.1341278747870372, 0.13311522282086885, 0.13426010717045178, 0.13364730775356293, 0.1344042405486107, 0.1334813627458754, 0.13407392005125682, 0.13427038052502802, 0.13339680433273315, 0.13408265466039831, 0.134208830339568, 0.1345810130238533, 0.13366352766752243, 0.13379146472403877, 0.13409732235595584, 0.1342073163160911, 0.13448558747768402, 0.13344208896160126, 0.13332610800862313, 0.13355548058946928, 0.13382934116654926, 0.13382760096680035, 0.13409578676025072, 0.13399461174712463, 0.13272972811352124, 0.13435896150767804, 0.1336421249434352, 0.1340999546505156, 0.1339218646287918, 0.1336726427078247, 0.13358414967854818, 0.1339692509174347, 0.13345765541581547, 0.13383992422710767, 0.1342724466865713, 0.13482751629569314, 0.13402664413054785, 0.13443192442258198, 0.13369088023900985, 0.13475733681728966, 0.13420811934130533, 0.1345513084760079, 0.13369476388801227, 0.1336010410450399, 0.1330131007866426, 0.13384521965469634, 0.1335044264793396, 0.1340984282168475, 0.13417019981604356, 0.1331899111921137, 0.13344549191625496, 0.1341315656900406, 0.1342618867754936, 0.13486797859271368, 0.13376255546297347, 0.13426391262075174, 0.1338580541667484, 0.13369709117846054, 0.1344522339957101, 0.13413470441644842, 0.13303163796663284, 0.13431030240925876, 0.13474822441736858, 0.13368573852560736, 0.133567390697343, 0.1341280072927475, 0.13427034968679602, 0.13344224294026694, 0.13416482351328196, 0.13356740772724152, 0.13401968230803807, 0.1338253378868103, 0.13467815247449008, 0.1340435357256369, 0.13404287291424616, 0.13304260041978624, 0.13301406587873185, 0.13358963504433632, 0.13378499333675092, 0.13447251791755357, 0.13458758821854225, 0.13381363180550662, 0.13358339880193984, 0.13407137597862043, 0.1339110160867373, 0.13351908723513287, 0.1336986841633916, 0.1341361893074853, 0.13423825800418854, 0.13353858987490336, 0.1333997728569167, 0.13385800579014948, 0.13391274876064724, 0.1331754679029638, 0.13364888792452606, 0.13408694133676333, 0.13311913013458251, 0.13378568264571103, 0.13455447960983624, 0.13395782722079236, 0.1337576687335968, 0.13402907236626274, 0.1342431887984276, 0.1339835049584508, 0.1333866705497106, 0.13429778721183538, 0.1340061737732454, 0.13473603315651417, 0.13413780331611633, 0.13420847003106717, 0.13385078852826898, 0.13398222096504703, 0.1331964810104931, 0.1336744257381984, 0.13338975722973162, 0.1344106545050939, 0.13440925095762526, 0.13389207814869128, 0.13327834010124207, 0.13375646869341531, 0.13408242166042328, 0.1341369106914058, 0.13420171042283377, 0.1338131654830206, 0.13412021215145403, 0.1336898473756654, 0.13419270887970924, 0.1340427971803225, 0.13334613107144833, 0.13384817082148331, 0.13374399517973265, 0.13358376837439007, 0.13433084345382193, 0.13409305683204106, 0.13461272418498993, 0.1332058608531952, 0.13464907805124918, 0.1342731211334467, 0.1358063600280068, 0.13458523605809067, 0.13376450538635254, 0.1337601567308108, 0.13345758967539845, 0.13396204156535013, 0.13415683143668705, 0.13338173747062684, 0.13334866293839046, 0.13407250888207378, 0.13407849307571137, 0.13336063424746195, 0.1342392284423113, 0.13398554995656015, 0.1335026039318605, 0.13267748057842255, 0.13356269625100223, 0.13428258314365293, 0.13348123111895152, 0.13383426803808945, 0.1341935321688652, 0.13403332921174857, 0.13369296278272355, 0.1340050960962589, 0.1337305364700464, 0.13437978227933248, 0.1333739784630862, 0.133122797195728, 0.13367092278268602, 0.13429642950787263, 0.13457636921494096, 0.13370223408160004, 0.13369672149419784, 0.13391264241475326, 0.13435378049810728, 0.13343744792721488, 0.1340264371212791, 0.13344352692365646, 0.13393673207610846, 0.13414373306127694, 0.13339468712608019, 0.133834037397589, 0.13403866589069366, 0.13319752995784467, 0.13359123799535963, 0.13320139863274313, 0.13407799849907556, 0.13422289355234665, 0.13380809438725313, 0.13369043171405792, 0.13426959390441576, 0.13414836972951888, 0.13374054928620657, 0.13375953286886216, 0.13399490962425867, 0.13365483283996582, 0.1337682694196701, 0.13392434801374162, 0.13385780155658722, 0.13384914914002785, 0.13357095420360565, 0.13291278375046595, 0.13345588246981302, 0.13393424770661763, 0.13401122391223907, 0.1335441212762486, 0.13400755910312429, 0.13317124003713782, 0.13381395041942595, 0.13393294513225557, 0.13410129717418126, 0.13418285224748694, 0.13507519364356996, 0.13430627232248132, 0.13424022247393927, 0.13381145681653703, 0.13409263812578642, 0.13493336912463694, 0.13390792575147417, 0.13402619840283142, 0.13342650358875593, 0.13359150378143086, 0.13401208817958832, 0.13365949938694635, 0.1338834547996521, 0.13346920094706796, 0.13440609176953633, 0.13374836867054304, 0.1332638967037201, 0.13348766702872056, 0.13412183915313922, 0.13321528252628115, 0.1332790187814019, 0.13393779397010802, 0.13376185148954392, 0.133553101070996, 0.1340348082780838, 0.1344130180776119, 0.1328493275425651, 0.13342130035161973, 0.13439677158991495, 0.13398038689047098, 0.133628072483199, 0.13460573012178595, 0.1336505591869354, 0.13414718707402548, 0.13431420028209687, 0.133819912870725, 0.13357960432767868, 0.1340931011363864, 0.13368012756109238, 0.1340150606373082, 0.13363816713293394, 0.13412860967218876, 0.13385987010869113, 0.13403254002332687, 0.13371974371728443, 0.13381180589397748, 0.1335665464401245, 0.13352019970233625, 0.13342479673715738, 0.1328274863106864, 0.13373363183604348, 0.13362822979688643, 0.13339977101846176, 0.13390901947722716, 0.13384044667085013, 0.13436985686421393, 0.13396064707866082, 0.1335467497507731, 0.13391356520793019, 0.13400923758745192, 0.13430734367474265, 0.13459210097789764, 0.1335739633616279, 0.13420578539371492, 0.13315952693422636, 0.1344854637980461, 0.1334276780486107, 0.13402765095233918, 0.13401811404360664, 0.13432363172372183, 0.1342091191756098, 0.1339768585231569, 0.13406241742464212, 0.13471952893517233, 0.13408678472042085, 0.13362468584724094, 0.1333571496334943, 0.13395145264538852, 0.13397058927350575, 0.13346338421106338, 0.13403261791576038, 0.13427875004708767, 0.13372450917959214, 0.13369447365403175, 0.13410395269210523, 0.13275129944086075, 0.13380453437566758, 0.1341314040697538, 0.13321948498487474, 0.13389277309179307, 0.13398906588554382, 0.13420045673847197, 0.13440215090910593, 0.13432209036852183, 0.13462154702706772, 0.13273842090910132, 0.13351626247167586, 0.1334613859653473, 0.13307829733405793, 0.13349106758832932, 0.13397061427434284, 0.1338219940662384, 0.13378049805760384, 0.13300416059792042, 0.1339205340260551, 0.13418491060535112, 0.13429397841294607, 0.13334851960341135, 0.13381659278744146, 0.13384397671772882, 0.1335954503579573, 0.13338786789349147, 0.13311241452510542, 0.13322509825229645, 0.1337028870979945, 0.13412892818450928, 0.1332231737100161, 0.13395630771463568, 0.13427693024277687, 0.13426442337887629, 0.13329038565809076, 0.13333826661109924, 0.1338032346505385, 0.13391101757685345, 0.13412648364901542, 0.1338255527344617, 0.13333580610544785, 0.13410218155130427, 0.13391570238904518, 0.13468802074591318]}