('OC-FakeDect1 (Trained on AVG Dataset) \nTested on AVG Deepfakes Dataset \nRunning Average Evaluation', 'OC-FakeDect1_AVG', 'AVG', 'OC-FakeDect1_AVG_raeonDFavg')
auroc=0.5022874551454121
f1=0.45581395348837206
prec=0.4253472222222222
recall=0.4909819639278557

fpr=[0.0, 0.4864070536370316, 1.0]

tpr=[0.0, 0.4909819639278557, 1.0]

y_true=[0, 0, 0, 0, 0, 0, 0, 0, 0, 0, 0, 0, 0, 0, 0, 0, 0, 0, 0, 0, 0, 0, 0, 0, 0, 0, 0, 0, 0, 0, 0, 0, 0, 0, 0, 0, 0, 0, 0, 0, 0, 0, 0, 0, 0, 0, 0, 0, 0, 0, 0, 0, 0, 0, 0, 0, 0, 0, 0, 0, 0, 0, 0, 0, 0, 0, 0, 0, 0, 0, 0, 0, 0, 0, 0, 0, 0, 0, 0, 0, 0, 0, 0, 0, 0, 0, 0, 0, 0, 0, 0, 0, 0, 0, 0, 0, 0, 0, 0, 0, 0, 0, 0, 0, 0, 0, 0, 0, 0, 0, 0, 0, 0, 0, 0, 0, 0, 0, 0, 0, 0, 0, 0, 0, 0, 0, 0, 0, 0, 0, 0, 0, 0, 0, 0, 0, 0, 0, 0, 0, 0, 0, 0, 0, 0, 0, 0, 0, 0, 0, 0, 0, 0, 0, 0, 0, 0, 0, 0, 0, 0, 0, 0, 0, 0, 0, 0, 0, 0, 0, 0, 0, 0, 0, 0, 0, 0, 0, 0, 0, 0, 0, 0, 0, 0, 0, 0, 0, 0, 0, 0, 0, 0, 0, 0, 0, 0, 0, 0, 0, 0, 0, 0, 0, 0, 0, 0, 0, 0, 0, 0, 0, 0, 0, 0, 0, 0, 0, 0, 0, 0, 0, 0, 0, 0, 0, 0, 0, 0, 0, 0, 0, 0, 0, 0, 0, 0, 0, 0, 0, 0, 0, 0, 0, 0, 0, 0, 0, 0, 0, 0, 0, 0, 0, 0, 0, 0, 0, 0, 0, 0, 0, 0, 0, 0, 0, 0, 0, 0, 0, 0, 0, 0, 0, 0, 0, 0, 0, 0, 0, 0, 0, 0, 0, 0, 0, 0, 0, 0, 0, 0, 0, 0, 0, 0, 0, 0, 0, 0, 0, 0, 0, 0, 0, 0, 0, 0, 0, 0, 0, 0, 0, 0, 0, 0, 0, 0, 0, 0, 0, 0, 0, 0, 0, 0, 0, 0, 0, 0, 0, 0, 0, 0, 0, 0, 0, 0, 0, 0, 0, 0, 0, 0, 0, 0, 0, 0, 0, 0, 0, 0, 0, 0, 0, 0, 0, 0, 0, 0, 0, 0, 0, 0, 0, 0, 0, 0, 0, 0, 0, 0, 0, 0, 0, 0, 0, 0, 0, 0, 0, 0, 0, 0, 0, 0, 0, 0, 0, 0, 0, 0, 0, 0, 0, 0, 0, 0, 0, 0, 0, 0, 0, 0, 0, 0, 0, 0, 0, 0, 0, 0, 0, 0, 0, 0, 0, 0, 0, 0, 0, 0, 0, 0, 0, 0, 0, 0, 0, 0, 0, 0, 0, 0, 0, 0, 0, 0, 0, 0, 0, 0, 0, 0, 0, 0, 0, 0, 0, 0, 0, 0, 0, 0, 0, 0, 0, 0, 0, 0, 0, 0, 0, 0, 0, 0, 0, 0, 0, 0, 0, 0, 0, 0, 0, 0, 0, 0, 0, 0, 0, 0, 0, 0, 0, 0, 0, 0, 0, 0, 0, 0, 0, 0, 0, 0, 0, 0, 0, 0, 0, 0, 0, 0, 0, 0, 0, 0, 0, 0, 0, 0, 0, 0, 0, 0, 0, 0, 0, 0, 0, 0, 0, 0, 0, 0, 0, 0, 0, 0, 0, 0, 0, 0, 0, 0, 0, 0, 0, 0, 0, 0, 0, 0, 0, 0, 0, 0, 0, 0, 0, 0, 0, 0, 0, 0, 0, 0, 0, 0, 0, 0, 0, 0, 0, 0, 0, 0, 0, 0, 0, 0, 0, 0, 0, 0, 0, 0, 0, 0, 0, 0, 0, 0, 0, 0, 0, 0, 0, 0, 0, 0, 0, 0, 0, 0, 0, 0, 0, 0, 0, 0, 0, 0, 0, 0, 0, 0, 0, 0, 0, 0, 0, 0, 0, 0, 0, 0, 0, 0, 0, 0, 0, 0, 0, 0, 0, 0, 0, 0, 0, 0, 0, 0, 0, 0, 0, 0, 0, 0, 0, 0, 0, 0, 0, 0, 0, 0, 0, 0, 0, 0, 0, 0, 0, 0, 0, 0, 0, 0, 0, 0, 0, 0, 0, 0, 0, 0, 0, 0, 0, 0, 0, 0, 0, 0, 0, 0, 0, 0, 0, 0, 0, 0, 0, 0, 0, 0, 0, 0, 0, 0, 0, 0, 0, 0, 0, 0, 0, 0, 0, 0, 0, 0, 0, 0, 0, 0, 0, 0, 0, 0, 0, 0, 0, 0, 0, 0, 0, 0, 0, 0, 0, 0, 0, 0, 0, 0, 0, 0, 0, 0, 0, 0, 0, 0, 0, 0, 0, 0, 0, 0, 0, 0, 0, 0, 0, 0, 0, 0, 0, 0, 0, 0, 0, 0, 0, 0, 0, 0, 0, 0, 0, 0, 0, 0, 0, 0, 0, 0, 0, 0, 0, 0, 0, 0, 0, 0, 0, 0, 0, 0, 0, 0, 0, 0, 0, 0, 0, 0, 0, 0, 0, 0, 0, 0, 0, 0, 0, 0, 0, 0, 0, 0, 0, 0, 0, 0, 0, 0, 0, 0, 0, 0, 0, 0, 0, 0, 0, 0, 0, 0, 0, 0, 0, 0, 0, 0, 0, 0, 0, 0, 0, 0, 0, 0, 0, 0, 0, 0, 0, 0, 0, 0, 0, 0, 0, 0, 0, 0, 0, 0, 0, 0, 0, 0, 0, 0, 0, 0, 0, 0, 0, 0, 0, 0, 0, 0, 0, 0, 0, 0, 0, 0, 0, 0, 0, 0, 0, 0, 0, 0, 0, 0, 0, 0, 0, 0, 0, 0, 0, 0, 0, 0, 0, 0, 0, 0, 0, 0, 0, 0, 0, 0, 0, 0, 0, 0, 0, 0, 0, 0, 0, 0, 0, 0, 0, 0, 0, 0, 0, 0, 0, 0, 0, 0, 0, 0, 0, 0, 0, 0, 0, 0, 0, 0, 0, 0, 0, 0, 0, 0, 0, 0, 0, 0, 0, 0, 0, 0, 0, 0, 0, 0, 0, 0, 0, 0, 0, 0, 0, 0, 0, 0, 0, 0, 0, 0, 0, 0, 0, 0, 0, 0, 0, 0, 0, 0, 0, 0, 0, 0, 0, 0, 0, 0, 0, 0, 0, 0, 0, 0, 0, 0, 0, 0, 0, 0, 0, 0, 0, 0, 0, 0, 0, 0, 0, 0, 0, 0, 0, 0, 0, 0, 0, 0, 0, 0, 0, 0, 0, 0, 0, 0, 0, 0, 0, 0, 0, 0, 0, 0, 0, 0, 0, 0, 0, 0, 0, 0, 0, 0, 0, 0, 0, 0, 0, 0, 0, 0, 0, 0, 0, 0, 0, 0, 0, 0, 0, 0, 0, 0, 0, 0, 0, 0, 0, 0, 0, 0, 0, 0, 0, 0, 0, 0, 0, 0, 0, 0, 0, 0, 0, 0, 0, 0, 0, 0, 0, 0, 0, 0, 0, 0, 0, 0, 0, 0, 0, 0, 0, 0, 0, 0, 0, 0, 0, 0, 0, 0, 0, 0, 0, 0, 0, 0, 0, 0, 0, 0, 0, 0, 0, 0, 0, 0, 0, 0, 0, 0, 0, 0, 0, 0, 0, 0, 0, 0, 0, 0, 0, 0, 0, 0, 0, 0, 0, 0, 0, 0, 0, 0, 0, 0, 0, 0, 0, 0, 0, 0, 0, 0, 0, 0, 0, 0, 0, 0, 0, 0, 0, 0, 0, 0, 0, 0, 0, 0, 0, 0, 0, 0, 0, 0, 0, 0, 0, 0, 0, 0, 0, 0, 0, 0, 0, 0, 0, 0, 0, 0, 0, 0, 0, 0, 0, 0, 0, 0, 0, 0, 0, 0, 0, 0, 0, 0, 0, 0, 0, 0, 0, 0, 0, 0, 0, 0, 0, 0, 0, 0, 0, 0, 0, 0, 0, 0, 0, 0, 0, 0, 0, 0, 0, 0, 0, 0, 0, 0, 0, 0, 0, 0, 0, 0, 0, 0, 0, 0, 0, 0, 0, 0, 0, 0, 0, 0, 0, 0, 0, 0, 0, 0, 0, 0, 0, 0, 0, 0, 0, 0, 0, 0, 0, 0, 0, 0, 0, 0, 0, 0, 0, 0, 0, 0, 0, 0, 0, 0, 0, 0, 0, 0, 0, 0, 0, 0, 0, 0, 0, 0, 0, 0, 0, 0, 0, 0, 0, 0, 0, 0, 0, 0, 0, 0, 0, 0, 0, 0, 0, 0, 0, 0, 0, 0, 0, 0, 0, 0, 0, 0, 0, 0, 0, 0, 0, 0, 0, 0, 0, 0, 0, 0, 0, 0, 0, 0, 0, 0, 0, 0, 0, 0, 1, 1, 1, 1, 1, 1, 1, 1, 1, 1, 1, 1, 1, 1, 1, 1, 1, 1, 1, 1, 1, 1, 1, 1, 1, 1, 1, 1, 1, 1, 1, 1, 1, 1, 1, 1, 1, 1, 1, 1, 1, 1, 1, 1, 1, 1, 1, 1, 1, 1, 1, 1, 1, 1, 1, 1, 1, 1, 1, 1, 1, 1, 1, 1, 1, 1, 1, 1, 1, 1, 1, 1, 1, 1, 1, 1, 1, 1, 1, 1, 1, 1, 1, 1, 1, 1, 1, 1, 1, 1, 1, 1, 1, 1, 1, 1, 1, 1, 1, 1, 1, 1, 1, 1, 1, 1, 1, 1, 1, 1, 1, 1, 1, 1, 1, 1, 1, 1, 1, 1, 1, 1, 1, 1, 1, 1, 1, 1, 1, 1, 1, 1, 1, 1, 1, 1, 1, 1, 1, 1, 1, 1, 1, 1, 1, 1, 1, 1, 1, 1, 1, 1, 1, 1, 1, 1, 1, 1, 1, 1, 1, 1, 1, 1, 1, 1, 1, 1, 1, 1, 1, 1, 1, 1, 1, 1, 1, 1, 1, 1, 1, 1, 1, 1, 1, 1, 1, 1, 1, 1, 1, 1, 1, 1, 1, 1, 1, 1, 1, 1, 1, 1, 1, 1, 1, 1, 1, 1, 1, 1, 1, 1, 1, 1, 1, 1, 1, 1, 1, 1, 1, 1, 1, 1, 1, 1, 1, 1, 1, 1, 1, 1, 1, 1, 1, 1, 1, 1, 1, 1, 1, 1, 1, 1, 1, 1, 1, 1, 1, 1, 1, 1, 1, 1, 1, 1, 1, 1, 1, 1, 1, 1, 1, 1, 1, 1, 1, 1, 1, 1, 1, 1, 1, 1, 1, 1, 1, 1, 1, 1, 1, 1, 1, 1, 1, 1, 1, 1, 1, 1, 1, 1, 1, 1, 1, 1, 1, 1, 1, 1, 1, 1, 1, 1, 1, 1, 1, 1, 1, 1, 1, 1, 1, 1, 1, 1, 1, 1, 1, 1, 1, 1, 1, 1, 1, 1, 1, 1, 1, 1, 1, 1, 1, 1, 1, 1, 1, 1, 1, 1, 1, 1, 1, 1, 1, 1, 1, 1, 1, 1, 1, 1, 1, 1, 1, 1, 1, 1, 1, 1, 1, 1, 1, 1, 1, 1, 1, 1, 1, 1, 1, 1, 1, 1, 1, 1, 1, 1, 1, 1, 1, 1, 1, 1, 1, 1, 1, 1, 1, 1, 1, 1, 1, 1, 1, 1, 1, 1, 1, 1, 1, 1, 1, 1, 1, 1, 1, 1, 1, 1, 1, 1, 1, 1, 1, 1, 1, 1, 1, 1, 1, 1, 1, 1, 1, 1, 1, 1, 1, 1, 1, 1, 1, 1, 1, 1, 1, 1, 1, 1, 1, 1, 1, 1, 1, 1, 1, 1, 1, 1, 1, 1, 1, 1, 1, 1, 1, 1, 1, 1, 1, 1, 1, 1, 1, 1, 1, 1, 1, 1, 1, 1, 1, 1, 1, 1, 1, 1, 1, 1, 1, 1, 1, 1, 1, 1, 1, 1, 1, 1, 1, 1, 1, 1, 1, 1, 1, 1, 1, 1, 1, 1, 1, 1, 1, 1, 1, 1, 1, 1, 1, 1, 1, 1, 1, 1, 1, 1, 1, 1, 1, 1, 1, 1, 1, 1, 1, 1, 1, 1, 1, 1, 1, 1, 1, 1, 1, 1, 1, 1, 1, 1, 1, 1, 1, 1, 1, 1, 1, 1, 1, 1, 1, 1, 1, 1, 1, 1, 1, 1, 1, 1, 1, 1, 1, 1, 1, 1, 1, 1, 1, 1, 1, 1, 1, 1, 1, 1, 1, 1, 1, 1, 1, 1, 1, 1, 1, 1, 1, 1, 1, 1, 1, 1, 1, 1, 1, 1, 1, 1, 1, 1, 1, 1, 1, 1, 1, 1, 1, 1, 1, 1, 1, 1, 1, 1, 1, 1, 1, 1, 1, 1, 1, 1, 1, 1, 1, 1, 1, 1, 1, 1, 1, 1, 1, 1, 1, 1, 1, 1, 1, 1, 1, 1, 1, 1, 1, 1, 1, 1, 1, 1, 1, 1, 1, 1, 1, 1, 1, 1, 1, 1, 1, 1, 1, 1, 1, 1, 1, 1, 1, 1, 1, 1, 1, 1, 1, 1, 1, 1, 1, 1, 1, 1, 1, 1, 1, 1, 1, 1, 1, 1, 1, 1, 1, 1, 1, 1, 1, 1, 1, 1, 1, 1, 1, 1, 1, 1, 1, 1, 1, 1, 1, 1, 1, 1, 1, 1, 1, 1, 1, 1, 1, 1, 1, 1, 1, 1, 1, 1, 1, 1, 1, 1, 1, 1, 1, 1, 1, 1, 1, 1, 1, 1, 1, 1, 1, 1, 1, 1, 1, 1, 1, 1, 1, 1, 1, 1, 1, 1, 1, 1, 1, 1, 1, 1, 1, 1, 1, 1, 1, 1, 1, 1, 1, 1, 1, 1, 1, 1, 1, 1, 1, 1, 1, 1, 1, 1, 1, 1, 1, 1, 1, 1, 1, 1, 1, 1, 1, 1, 1, 1, 1, 1, 1, 1, 1, 1, 1, 1, 1, 1, 1, 1, 1, 1, 1, 1, 1, 1, 1, 1, 1, 1, 1, 1, 1, 1, 1, 1, 1, 1, 1, 1, 1, 1, 1, 1, 1, 1, 1, 1, 1, 1, 1, 1, 1, 1, 1, 1, 1, 1, 1, 1, 1, 1, 1, 1, 1, 1, 1, 1, 1, 1, 1, 1, 1, 1, 1, 1, 1, 1, 1, 1, 1, 1, 1, 1, 1, 1, 1, 1, 1, 1, 1, 1, 1, 1, 1, 1, 1, 1, 1, 1, 1, 1, 1, 1, 1, 1, 1, 1, 1, 1, 1, 1, 1, 1, 1, 1, 1, 1, 1, 1, 1, 1, 1, 1, 1, 1, 1, 1, 1, 1, 1, 1, 1, 1, 1, 1, 1, 1, 1, 1, 1, 1, 1, 1, 1, 1, 1, 1, 1, 1, 1, 1, 1, 1, 1, 1, 1, 1, 1, 1, 1, 1, 1, 1, 1, 1, 1, 1, 1, 1, 1, 1, 1, 1, 1, 1, 1, 1, 1, 1, 1, 1, 1, 1, 1, 1, 1, 1, 1, 1, 1, 1, 1, 1, 1, 1, 1, 1, 1, 1, 1, 1, 1, 1]

y_pred=[0.0, 1.0, 0.0, 1.0, 1.0, 1.0, 1.0, 1.0, 0.0, 1.0, 0.0, 0.0, 0.0, 0.0, 1.0, 1.0, 0.0, 1.0, 1.0, 0.0, 0.0, 0.0, 1.0, 1.0, 1.0, 0.0, 0.0, 1.0, 1.0, 0.0, 0.0, 0.0, 0.0, 0.0, 1.0, 0.0, 0.0, 1.0, 0.0, 1.0, 0.0, 0.0, 0.0, 1.0, 1.0, 0.0, 0.0, 0.0, 1.0, 1.0, 0.0, 0.0, 0.0, 1.0, 0.0, 1.0, 0.0, 0.0, 0.0, 1.0, 1.0, 1.0, 0.0, 0.0, 1.0, 1.0, 1.0, 0.0, 0.0, 0.0, 0.0, 0.0, 1.0, 0.0, 0.0, 1.0, 0.0, 1.0, 1.0, 1.0, 0.0, 1.0, 1.0, 1.0, 0.0, 1.0, 0.0, 0.0, 0.0, 1.0, 1.0, 0.0, 1.0, 1.0, 0.0, 0.0, 0.0, 0.0, 0.0, 0.0, 1.0, 1.0, 1.0, 1.0, 0.0, 0.0, 0.0, 0.0, 0.0, 0.0, 1.0, 0.0, 0.0, 0.0, 0.0, 0.0, 0.0, 1.0, 1.0, 0.0, 0.0, 0.0, 0.0, 1.0, 0.0, 1.0, 0.0, 0.0, 1.0, 1.0, 0.0, 1.0, 1.0, 0.0, 1.0, 0.0, 0.0, 0.0, 0.0, 0.0, 0.0, 1.0, 1.0, 0.0, 1.0, 1.0, 1.0, 0.0, 0.0, 0.0, 1.0, 1.0, 0.0, 0.0, 0.0, 1.0, 0.0, 0.0, 1.0, 1.0, 0.0, 1.0, 0.0, 1.0, 0.0, 0.0, 0.0, 1.0, 0.0, 1.0, 0.0, 1.0, 0.0, 1.0, 0.0, 0.0, 1.0, 0.0, 1.0, 1.0, 0.0, 1.0, 0.0, 1.0, 1.0, 1.0, 1.0, 1.0, 1.0, 1.0, 1.0, 0.0, 1.0, 1.0, 0.0, 1.0, 1.0, 1.0, 0.0, 1.0, 0.0, 1.0, 1.0, 0.0, 1.0, 0.0, 0.0, 0.0, 0.0, 0.0, 1.0, 0.0, 0.0, 0.0, 0.0, 0.0, 0.0, 1.0, 0.0, 0.0, 1.0, 1.0, 0.0, 1.0, 1.0, 0.0, 1.0, 1.0, 1.0, 0.0, 1.0, 1.0, 1.0, 0.0, 0.0, 0.0, 1.0, 1.0, 0.0, 0.0, 1.0, 1.0, 0.0, 0.0, 1.0, 0.0, 0.0, 0.0, 1.0, 1.0, 1.0, 0.0, 0.0, 1.0, 0.0, 1.0, 1.0, 0.0, 0.0, 0.0, 1.0, 0.0, 1.0, 0.0, 0.0, 1.0, 0.0, 0.0, 1.0, 1.0, 0.0, 0.0, 0.0, 1.0, 0.0, 0.0, 1.0, 1.0, 1.0, 0.0, 1.0, 0.0, 1.0, 1.0, 0.0, 0.0, 1.0, 1.0, 0.0, 1.0, 0.0, 0.0, 1.0, 1.0, 0.0, 0.0, 1.0, 0.0, 1.0, 0.0, 0.0, 1.0, 0.0, 1.0, 0.0, 0.0, 1.0, 0.0, 0.0, 0.0, 1.0, 1.0, 0.0, 0.0, 0.0, 1.0, 1.0, 0.0, 1.0, 1.0, 0.0, 1.0, 1.0, 1.0, 0.0, 0.0, 0.0, 0.0, 0.0, 0.0, 1.0, 1.0, 0.0, 1.0, 1.0, 1.0, 0.0, 0.0, 1.0, 1.0, 0.0, 0.0, 1.0, 1.0, 0.0, 1.0, 1.0, 1.0, 0.0, 0.0, 1.0, 0.0, 1.0, 0.0, 1.0, 0.0, 0.0, 0.0, 0.0, 1.0, 1.0, 0.0, 0.0, 0.0, 1.0, 1.0, 1.0, 0.0, 0.0, 0.0, 1.0, 0.0, 0.0, 0.0, 1.0, 1.0, 0.0, 1.0, 0.0, 1.0, 0.0, 0.0, 1.0, 1.0, 0.0, 1.0, 1.0, 1.0, 1.0, 0.0, 1.0, 0.0, 0.0, 1.0, 0.0, 0.0, 0.0, 0.0, 1.0, 0.0, 0.0, 1.0, 0.0, 0.0, 1.0, 0.0, 0.0, 0.0, 1.0, 1.0, 1.0, 1.0, 1.0, 0.0, 0.0, 1.0, 1.0, 1.0, 1.0, 0.0, 1.0, 1.0, 1.0, 1.0, 0.0, 0.0, 0.0, 1.0, 0.0, 0.0, 1.0, 0.0, 0.0, 0.0, 0.0, 0.0, 0.0, 0.0, 0.0, 1.0, 1.0, 0.0, 0.0, 0.0, 0.0, 0.0, 1.0, 1.0, 1.0, 1.0, 0.0, 0.0, 0.0, 1.0, 1.0, 0.0, 0.0, 1.0, 0.0, 1.0, 1.0, 0.0, 1.0, 0.0, 1.0, 1.0, 1.0, 1.0, 0.0, 1.0, 1.0, 1.0, 0.0, 1.0, 1.0, 1.0, 0.0, 0.0, 0.0, 0.0, 0.0, 1.0, 0.0, 1.0, 1.0, 0.0, 0.0, 1.0, 1.0, 1.0, 0.0, 1.0, 0.0, 0.0, 0.0, 0.0, 1.0, 0.0, 0.0, 1.0, 0.0, 0.0, 1.0, 0.0, 1.0, 1.0, 1.0, 0.0, 0.0, 1.0, 1.0, 1.0, 1.0, 0.0, 0.0, 1.0, 1.0, 0.0, 0.0, 1.0, 0.0, 1.0, 0.0, 0.0, 0.0, 0.0, 0.0, 1.0, 1.0, 0.0, 1.0, 0.0, 1.0, 0.0, 0.0, 0.0, 0.0, 0.0, 0.0, 1.0, 0.0, 0.0, 0.0, 1.0, 0.0, 0.0, 0.0, 1.0, 1.0, 1.0, 0.0, 0.0, 1.0, 0.0, 1.0, 0.0, 1.0, 1.0, 1.0, 0.0, 0.0, 1.0, 1.0, 1.0, 0.0, 1.0, 1.0, 1.0, 0.0, 0.0, 0.0, 0.0, 0.0, 1.0, 0.0, 0.0, 1.0, 1.0, 0.0, 1.0, 1.0, 1.0, 0.0, 1.0, 1.0, 1.0, 1.0, 1.0, 1.0, 1.0, 1.0, 0.0, 1.0, 1.0, 0.0, 0.0, 0.0, 1.0, 0.0, 0.0, 0.0, 0.0, 0.0, 0.0, 0.0, 1.0, 0.0, 0.0, 0.0, 1.0, 1.0, 0.0, 1.0, 1.0, 1.0, 1.0, 1.0, 0.0, 1.0, 1.0, 1.0, 0.0, 1.0, 0.0, 0.0, 0.0, 0.0, 1.0, 1.0, 0.0, 1.0, 1.0, 1.0, 1.0, 0.0, 1.0, 0.0, 1.0, 0.0, 0.0, 1.0, 1.0, 0.0, 0.0, 1.0, 0.0, 1.0, 1.0, 0.0, 0.0, 0.0, 1.0, 0.0, 1.0, 1.0, 1.0, 1.0, 1.0, 1.0, 0.0, 0.0, 0.0, 0.0, 1.0, 1.0, 0.0, 1.0, 1.0, 1.0, 0.0, 1.0, 1.0, 1.0, 1.0, 0.0, 0.0, 0.0, 1.0, 1.0, 0.0, 1.0, 1.0, 0.0, 0.0, 0.0, 0.0, 1.0, 1.0, 1.0, 1.0, 0.0, 0.0, 1.0, 0.0, 0.0, 0.0, 0.0, 1.0, 0.0, 1.0, 0.0, 0.0, 1.0, 1.0, 0.0, 0.0, 0.0, 1.0, 1.0, 1.0, 1.0, 1.0, 0.0, 1.0, 1.0, 1.0, 1.0, 1.0, 0.0, 0.0, 0.0, 0.0, 1.0, 0.0, 0.0, 0.0, 0.0, 0.0, 0.0, 1.0, 1.0, 0.0, 1.0, 0.0, 1.0, 0.0, 0.0, 1.0, 0.0, 1.0, 0.0, 0.0, 1.0, 1.0, 0.0, 0.0, 0.0, 0.0, 1.0, 1.0, 0.0, 0.0, 0.0, 0.0, 0.0, 1.0, 0.0, 0.0, 1.0, 0.0, 0.0, 0.0, 0.0, 1.0, 1.0, 0.0, 1.0, 0.0, 1.0, 1.0, 1.0, 0.0, 0.0, 0.0, 0.0, 0.0, 1.0, 0.0, 1.0, 1.0, 1.0, 1.0, 1.0, 0.0, 0.0, 1.0, 1.0, 1.0, 0.0, 1.0, 1.0, 0.0, 0.0, 0.0, 0.0, 0.0, 0.0, 1.0, 1.0, 1.0, 1.0, 1.0, 1.0, 0.0, 0.0, 0.0, 0.0, 0.0, 1.0, 0.0, 1.0, 1.0, 1.0, 0.0, 1.0, 0.0, 0.0, 0.0, 0.0, 1.0, 0.0, 1.0, 0.0, 1.0, 0.0, 1.0, 0.0, 1.0, 0.0, 1.0, 0.0, 1.0, 0.0, 1.0, 0.0, 1.0, 1.0, 0.0, 0.0, 0.0, 1.0, 1.0, 1.0, 0.0, 0.0, 1.0, 1.0, 1.0, 1.0, 0.0, 0.0, 1.0, 1.0, 1.0, 0.0, 1.0, 0.0, 0.0, 0.0, 1.0, 0.0, 0.0, 0.0, 1.0, 1.0, 0.0, 1.0, 0.0, 0.0, 0.0, 0.0, 0.0, 1.0, 1.0, 1.0, 1.0, 0.0, 0.0, 1.0, 1.0, 0.0, 1.0, 1.0, 1.0, 1.0, 1.0, 0.0, 1.0, 0.0, 1.0, 0.0, 0.0, 1.0, 0.0, 0.0, 1.0, 1.0, 1.0, 1.0, 0.0, 1.0, 0.0, 1.0, 0.0, 1.0, 0.0, 1.0, 1.0, 1.0, 1.0, 0.0, 0.0, 0.0, 0.0, 1.0, 0.0, 1.0, 1.0, 1.0, 1.0, 1.0, 1.0, 1.0, 1.0, 1.0, 0.0, 0.0, 1.0, 1.0, 1.0, 1.0, 0.0, 0.0, 0.0, 1.0, 1.0, 0.0, 0.0, 1.0, 1.0, 0.0, 0.0, 1.0, 1.0, 1.0, 0.0, 0.0, 0.0, 1.0, 0.0, 1.0, 0.0, 0.0, 1.0, 0.0, 1.0, 0.0, 1.0, 1.0, 1.0, 0.0, 0.0, 0.0, 1.0, 0.0, 1.0, 1.0, 1.0, 1.0, 0.0, 0.0, 1.0, 1.0, 0.0, 0.0, 0.0, 0.0, 0.0, 0.0, 0.0, 0.0, 0.0, 1.0, 1.0, 1.0, 1.0, 1.0, 0.0, 0.0, 1.0, 0.0, 1.0, 1.0, 0.0, 0.0, 1.0, 0.0, 0.0, 1.0, 1.0, 1.0, 0.0, 0.0, 1.0, 1.0, 0.0, 1.0, 0.0, 0.0, 1.0, 1.0, 0.0, 1.0, 0.0, 0.0, 1.0, 1.0, 0.0, 1.0, 0.0, 1.0, 0.0, 1.0, 0.0, 1.0, 1.0, 1.0, 0.0, 1.0, 0.0, 1.0, 0.0, 1.0, 0.0, 1.0, 1.0, 1.0, 0.0, 1.0, 1.0, 0.0, 0.0, 1.0, 0.0, 0.0, 1.0, 0.0, 0.0, 1.0, 1.0, 0.0, 0.0, 1.0, 1.0, 0.0, 1.0, 1.0, 0.0, 0.0, 1.0, 1.0, 0.0, 0.0, 0.0, 1.0, 0.0, 1.0, 1.0, 0.0, 1.0, 0.0, 0.0, 1.0, 0.0, 1.0, 1.0, 0.0, 1.0, 1.0, 1.0, 0.0, 1.0, 1.0, 0.0, 1.0, 1.0, 0.0, 1.0, 1.0, 0.0, 1.0, 0.0, 1.0, 1.0, 0.0, 1.0, 1.0, 1.0, 1.0, 0.0, 1.0, 0.0, 1.0, 1.0, 1.0, 1.0, 1.0, 0.0, 1.0, 1.0, 1.0, 0.0, 0.0, 0.0, 0.0, 0.0, 0.0, 1.0, 0.0, 0.0, 1.0, 1.0, 0.0, 0.0, 1.0, 0.0, 0.0, 0.0, 0.0, 1.0, 1.0, 0.0, 0.0, 0.0, 0.0, 0.0, 1.0, 1.0, 0.0, 1.0, 1.0, 0.0, 0.0, 1.0, 0.0, 1.0, 0.0, 1.0, 0.0, 0.0, 0.0, 0.0, 1.0, 1.0, 0.0, 1.0, 1.0, 0.0, 1.0, 1.0, 1.0, 0.0, 0.0, 0.0, 1.0, 1.0, 1.0, 0.0, 1.0, 0.0, 0.0, 0.0, 0.0, 1.0, 0.0, 1.0, 0.0, 0.0, 0.0, 0.0, 1.0, 0.0, 0.0, 1.0, 0.0, 1.0, 0.0, 1.0, 1.0, 0.0, 1.0, 0.0, 0.0, 0.0, 0.0, 1.0, 1.0, 1.0, 1.0, 1.0, 1.0, 0.0, 0.0, 1.0, 1.0, 1.0, 1.0, 0.0, 0.0, 0.0, 0.0, 0.0, 1.0, 0.0, 0.0, 0.0, 1.0, 1.0, 1.0, 0.0, 0.0, 1.0, 0.0, 0.0, 0.0, 1.0, 1.0, 1.0, 0.0, 1.0, 1.0, 0.0, 0.0, 1.0, 1.0, 0.0, 1.0, 0.0, 0.0, 0.0, 0.0, 0.0, 0.0, 0.0, 0.0, 0.0, 1.0, 1.0, 0.0, 1.0, 0.0, 0.0, 0.0, 0.0, 1.0, 1.0, 0.0, 0.0, 1.0, 0.0, 1.0, 1.0, 1.0, 0.0, 0.0, 0.0, 0.0, 1.0, 1.0, 1.0, 0.0, 1.0, 0.0, 1.0, 1.0, 1.0, 0.0, 0.0, 1.0, 1.0, 1.0, 0.0, 0.0, 0.0, 0.0, 1.0, 1.0, 1.0, 0.0, 1.0, 1.0, 0.0, 1.0, 0.0, 0.0, 0.0, 1.0, 1.0, 1.0, 0.0, 1.0, 1.0, 1.0, 0.0, 1.0, 0.0, 1.0, 1.0, 0.0, 1.0, 0.0, 0.0, 0.0, 0.0, 1.0, 0.0, 1.0, 1.0, 0.0, 0.0, 1.0, 1.0, 0.0, 0.0, 0.0, 0.0, 0.0, 1.0, 1.0, 0.0, 1.0, 1.0, 0.0, 1.0, 0.0, 1.0, 1.0, 1.0, 0.0, 1.0, 1.0, 0.0, 1.0, 0.0, 1.0, 1.0, 1.0, 1.0, 1.0, 0.0, 0.0, 1.0, 0.0, 1.0, 1.0, 1.0, 0.0, 0.0, 0.0, 1.0, 0.0, 1.0, 0.0, 0.0, 1.0, 1.0, 0.0, 1.0, 0.0, 1.0, 0.0, 1.0, 0.0, 0.0, 0.0, 1.0, 1.0, 1.0, 1.0, 0.0, 1.0, 0.0, 1.0, 0.0, 1.0, 1.0, 0.0, 0.0, 1.0, 0.0, 0.0, 0.0, 1.0, 1.0, 0.0, 0.0, 0.0, 1.0, 1.0, 1.0, 0.0, 1.0, 1.0, 1.0, 0.0, 0.0, 1.0, 1.0, 1.0, 0.0, 1.0, 1.0, 1.0, 0.0, 0.0, 0.0, 1.0, 1.0, 1.0, 1.0, 0.0, 1.0, 0.0, 0.0, 0.0, 1.0, 1.0, 1.0, 1.0, 0.0, 1.0, 1.0, 1.0, 0.0, 0.0, 1.0, 0.0, 1.0, 1.0, 0.0, 0.0, 0.0, 1.0, 0.0, 0.0, 0.0, 1.0, 0.0, 1.0, 0.0, 1.0, 1.0, 0.0, 0.0, 0.0, 1.0, 0.0, 1.0, 0.0, 1.0, 0.0, 1.0, 0.0, 0.0, 1.0, 0.0, 0.0, 0.0, 0.0, 0.0, 1.0, 1.0, 1.0, 0.0, 1.0, 0.0, 0.0, 1.0, 1.0, 0.0, 0.0, 0.0, 1.0, 1.0, 0.0, 0.0, 0.0, 1.0, 1.0, 0.0, 1.0, 0.0, 1.0, 1.0, 1.0, 0.0, 0.0, 0.0, 0.0, 0.0, 1.0, 1.0, 1.0, 1.0, 0.0, 0.0, 0.0, 0.0, 1.0, 0.0, 0.0, 0.0, 0.0, 1.0, 0.0, 0.0, 1.0, 1.0, 0.0, 1.0, 1.0, 0.0, 0.0, 1.0, 1.0, 1.0, 1.0, 1.0, 0.0, 1.0, 0.0, 0.0, 0.0, 1.0, 1.0, 1.0, 1.0, 0.0, 0.0, 0.0, 1.0, 0.0, 1.0, 1.0, 1.0, 1.0, 1.0, 0.0, 1.0, 1.0, 0.0, 1.0, 0.0, 1.0, 1.0, 0.0, 0.0, 1.0, 1.0, 0.0, 1.0, 0.0, 1.0, 0.0, 1.0, 0.0, 1.0, 1.0, 1.0, 1.0, 0.0, 0.0, 0.0, 0.0, 0.0, 1.0, 0.0, 0.0, 1.0, 1.0, 0.0, 0.0, 0.0, 1.0, 0.0, 0.0, 1.0, 1.0, 0.0, 1.0, 0.0, 1.0, 0.0, 1.0, 0.0, 1.0, 0.0, 1.0, 0.0, 1.0, 1.0, 0.0, 0.0, 0.0, 0.0, 1.0, 0.0, 0.0, 0.0, 0.0, 0.0, 1.0, 1.0, 0.0, 0.0, 1.0, 0.0, 0.0, 1.0, 1.0, 0.0, 1.0, 1.0, 1.0, 0.0, 0.0, 0.0, 0.0, 0.0, 1.0, 0.0, 1.0, 0.0, 0.0, 0.0, 1.0, 1.0, 0.0, 1.0, 0.0, 1.0, 0.0, 0.0, 0.0, 1.0, 0.0, 0.0, 0.0, 1.0, 1.0, 0.0, 1.0, 1.0, 1.0, 0.0, 0.0, 0.0, 1.0, 0.0, 0.0, 0.0, 0.0, 1.0, 0.0, 1.0, 1.0, 0.0, 0.0, 1.0, 0.0, 0.0, 1.0, 1.0, 1.0, 1.0, 1.0, 0.0, 0.0, 1.0, 1.0, 1.0, 1.0, 0.0, 1.0, 0.0, 0.0, 1.0, 1.0, 0.0, 1.0, 1.0, 0.0, 1.0, 1.0, 1.0, 1.0, 0.0, 0.0, 0.0, 0.0, 1.0, 1.0, 0.0, 1.0, 0.0, 1.0, 0.0, 1.0, 1.0, 1.0, 0.0, 1.0, 0.0, 1.0, 0.0, 1.0, 0.0, 1.0, 1.0, 0.0, 0.0, 1.0, 1.0, 1.0, 0.0, 1.0, 1.0, 0.0, 1.0, 1.0, 1.0, 1.0, 1.0, 0.0, 1.0, 0.0, 1.0, 1.0, 1.0, 0.0, 0.0, 1.0, 1.0, 0.0, 0.0, 0.0, 1.0, 1.0, 1.0, 1.0, 0.0, 0.0, 1.0, 1.0, 1.0, 1.0, 1.0, 1.0, 1.0, 0.0, 1.0, 0.0, 0.0, 1.0, 1.0, 1.0, 0.0, 0.0, 1.0, 0.0, 1.0, 1.0, 1.0, 0.0, 0.0, 0.0, 1.0, 1.0, 0.0, 0.0, 1.0, 0.0, 0.0, 1.0, 0.0, 0.0, 0.0, 0.0, 1.0, 1.0, 0.0, 0.0, 0.0, 1.0, 1.0, 0.0, 1.0, 1.0, 1.0, 0.0, 1.0, 0.0, 0.0, 0.0, 1.0, 0.0, 1.0, 0.0, 0.0, 0.0, 0.0, 1.0, 0.0, 1.0, 0.0, 0.0, 0.0, 0.0, 0.0, 0.0, 1.0, 0.0, 1.0, 0.0, 0.0, 0.0, 0.0, 1.0, 0.0, 0.0, 1.0, 1.0, 1.0, 1.0, 0.0, 0.0, 1.0, 1.0, 0.0, 0.0, 1.0, 1.0, 1.0, 0.0, 1.0, 1.0, 1.0, 0.0, 0.0, 1.0, 1.0, 1.0, 1.0, 0.0, 1.0, 1.0, 1.0, 1.0, 1.0, 1.0, 1.0, 1.0, 0.0, 0.0, 1.0, 0.0, 0.0, 1.0, 1.0, 1.0, 1.0, 1.0, 0.0, 0.0, 0.0, 0.0, 0.0, 1.0, 1.0, 0.0, 0.0, 1.0, 0.0, 0.0, 0.0, 1.0, 0.0, 1.0, 0.0, 1.0, 1.0, 0.0, 1.0, 1.0, 1.0, 0.0, 1.0, 1.0, 0.0, 1.0, 1.0, 1.0, 1.0, 1.0, 0.0, 1.0, 0.0, 0.0, 1.0, 1.0, 1.0, 1.0, 1.0, 1.0, 0.0, 0.0, 1.0, 1.0, 1.0, 0.0, 1.0, 0.0, 1.0, 0.0, 0.0, 1.0, 1.0, 1.0, 0.0, 0.0, 0.0, 0.0, 1.0, 1.0, 0.0, 0.0, 1.0, 1.0, 1.0, 0.0, 0.0, 0.0, 0.0, 1.0, 1.0, 1.0, 1.0, 0.0, 1.0, 0.0, 0.0, 0.0, 0.0, 1.0, 0.0, 0.0, 1.0, 0.0, 1.0, 0.0, 0.0, 0.0, 1.0, 1.0, 0.0, 0.0, 1.0, 0.0, 0.0, 0.0, 1.0, 1.0, 0.0, 0.0, 0.0, 0.0, 1.0, 0.0, 1.0, 0.0, 1.0, 0.0, 0.0, 0.0, 1.0, 0.0, 0.0, 1.0, 0.0, 1.0, 0.0, 0.0, 0.0, 1.0, 1.0, 0.0, 0.0, 1.0, 1.0, 0.0, 1.0, 1.0, 0.0, 1.0, 1.0, 1.0, 0.0, 1.0, 0.0, 0.0, 0.0, 0.0, 0.0, 0.0, 0.0, 1.0, 0.0, 0.0, 0.0, 1.0, 0.0, 0.0, 1.0, 1.0, 0.0, 1.0, 1.0, 1.0, 1.0, 0.0, 0.0, 1.0, 0.0, 1.0, 1.0, 0.0, 0.0, 1.0, 1.0, 1.0, 1.0, 1.0, 1.0, 0.0, 1.0, 0.0, 1.0, 1.0, 0.0, 1.0, 1.0, 0.0, 1.0, 0.0, 1.0, 1.0, 0.0, 1.0, 0.0, 0.0, 1.0, 1.0, 1.0, 1.0, 1.0, 0.0, 0.0, 1.0, 0.0, 1.0, 1.0, 1.0, 0.0, 1.0, 0.0, 0.0, 1.0, 1.0, 0.0, 1.0, 1.0, 0.0, 1.0, 0.0, 0.0, 0.0, 1.0, 1.0, 1.0, 0.0, 1.0, 1.0, 0.0, 0.0, 1.0, 0.0, 0.0, 0.0, 1.0, 0.0, 1.0, 1.0, 1.0, 1.0, 1.0, 0.0, 0.0, 0.0, 1.0, 0.0, 1.0, 1.0, 0.0, 0.0, 0.0, 0.0, 1.0, 0.0, 0.0, 1.0, 1.0, 0.0, 0.0, 0.0, 1.0, 0.0, 0.0, 1.0, 0.0, 1.0, 1.0, 1.0, 0.0, 0.0, 0.0, 0.0, 0.0, 0.0, 0.0, 0.0, 0.0, 0.0, 0.0, 0.0, 1.0, 1.0, 0.0, 0.0, 1.0, 1.0, 0.0, 0.0, 0.0, 0.0, 1.0, 0.0, 0.0, 1.0, 0.0, 0.0, 1.0, 1.0, 0.0, 1.0, 0.0, 0.0, 1.0, 0.0, 1.0, 1.0, 0.0, 1.0, 1.0, 0.0, 1.0, 1.0, 1.0, 0.0, 0.0, 1.0, 1.0, 1.0, 1.0, 0.0, 0.0, 0.0, 1.0, 0.0, 0.0, 0.0, 0.0, 0.0, 1.0, 0.0, 0.0, 1.0, 1.0, 1.0, 0.0, 0.0, 0.0, 0.0, 1.0, 0.0, 0.0, 1.0, 0.0, 1.0, 1.0, 1.0, 1.0, 0.0, 1.0, 1.0, 0.0, 1.0, 0.0, 1.0, 1.0, 0.0, 0.0, 1.0, 0.0, 1.0, 1.0, 0.0, 1.0, 0.0, 1.0, 0.0, 0.0, 1.0, 0.0, 1.0, 1.0, 1.0, 0.0, 1.0, 0.0, 0.0, 1.0, 0.0, 0.0, 1.0, 0.0, 0.0, 0.0, 0.0, 0.0, 0.0, 0.0, 0.0, 0.0, 0.0, 1.0, 0.0, 0.0, 1.0, 1.0, 1.0, 0.0, 1.0, 0.0, 0.0, 0.0, 1.0, 0.0, 1.0, 0.0, 1.0, 0.0, 1.0, 1.0, 0.0, 0.0, 1.0, 0.0, 1.0, 0.0, 0.0, 0.0, 0.0, 1.0, 0.0, 0.0, 0.0, 1.0, 1.0, 0.0, 1.0, 0.0, 1.0, 1.0, 1.0, 0.0, 0.0, 1.0, 1.0, 1.0, 0.0, 1.0, 0.0, 1.0, 0.0, 1.0, 0.0, 0.0, 1.0, 0.0, 0.0, 0.0, 1.0, 1.0, 1.0, 0.0, 0.0, 0.0, 1.0, 0.0, 1.0, 1.0, 1.0, 0.0, 1.0, 1.0, 0.0, 0.0, 1.0, 0.0, 1.0, 1.0, 0.0, 1.0, 0.0, 1.0, 0.0, 0.0, 0.0, 1.0, 1.0, 1.0, 0.0, 1.0, 1.0, 0.0, 1.0, 0.0, 0.0, 1.0, 0.0, 0.0, 0.0, 0.0, 1.0, 0.0, 1.0, 0.0, 1.0, 0.0]
\score={0: [0.1091991920883839, 0.10860948035350212, 0.1088607557117939, 0.10848137214779854, 0.10796696921953788, 0.10841843051215012, 0.10860560337702434, 0.10826223436743021, 0.10902911367324683, 0.10800585082986137, 0.1092825581630071, 0.10917059456308682, 0.10949047654867172, 0.10937163482109706, 0.10843920786129801, 0.1083133868549181, 0.10903599066659808, 0.10820420018651268, 0.10863718443683215, 0.10965781435370445, 0.10951787301085213, 0.10897683623162183, 0.10868140227264828, 0.10820315778255463, 0.10868962734937668, 0.10918608829379081, 0.1087708253322578, 0.10873546358197927, 0.10855091889114941, 0.10922099495756216, 0.1087992430797645, 0.10887521390731518, 0.10916374836649213, 0.10875777368034635, 0.10859412789344787, 0.10902900844812394, 0.10890909930070242, 0.10842383763304463, 0.10919328918680549, 0.10858124334897314, 0.10909923205250188, 0.10954871544471154, 0.10880487921034418, 0.10861124470829964, 0.10862856172025204, 0.10956473052501678, 0.10908876359462738, 0.1089901610144547, 0.10866940915584564, 0.10729519774516423, 0.10935398563742638, 0.10902358541886012, 0.10877663032575087, 0.10868055193588652, 0.10978198274970055, 0.10829934743898255, 0.10931011002797347, 0.10894108912907541, 0.1089681178331375, 0.10847338683464948, 0.10868974947012387, 0.10793398196498553, 0.10901523311622441, 0.10906975987282666, 0.10804306641221047, 0.1083143719217994, 0.10826992020010948, 0.10888192667202516, 0.10887025531969573, 0.10902024209499359, 0.10928601263598962, 0.10882642567157745, 0.1082693824061641, 0.10895639828273228, 0.10886718481779098, 0.10851653133119855, 0.1091964328661561, 0.1083277886112531, 0.10862966433719352, 0.10825612937862222, 0.10886372262850785, 0.10795161748925845, 0.10835153338584033, 0.10859596537005517, 0.10963461146904872, 0.10866375598642561, 0.1088935054010815, 0.11003049124370921, 0.10888502593426143, 0.10845319261508328, 0.10871617744366328, 0.10892449021339416, 0.10825762856337759, 0.10869457437233492, 0.10990471243858338, 0.10914371965023187, 0.11024239659309387, 0.10955121188328185, 0.10930402462299053, 0.1088725585829128, 0.10828975727781653, 0.10857182903134305, 0.10855309396982193, 0.10857592084828545, 0.10973202685515086, 0.10934084866728101, 0.10899611593534549, 0.10904559071333904, 0.10896734664073357, 0.10898637026548386, 0.10852383041665667, 0.10925739072263241, 0.10902337662198326, 0.10957312245260585, 0.10893582640325322, 0.10902699015357277, 0.10925167010110967, 0.10803420469164848, 0.10750841514931785, 0.10915635583492425, 0.10877393239310809, 0.10888052433729171, 0.1089249322456973, 0.10856030749924042, 0.10923876861731212, 0.10861690392096837, 0.11030072594682376, 0.10892488264168303, 0.10781252722848546, 0.10841968321594699, 0.10972372984344309, 0.10811993132034937, 0.10872794784929442, 0.10931387746875937, 0.10859349678302634, 0.10913028849943264, 0.10890514632830253, 0.1095928732644428, 0.10892274931949728, 0.10879406009031378, 0.1088721789419651, 0.10874494509055065, 0.10865487903356552, 0.10988962138071656, 0.10872190533315435, 0.10815923139452935, 0.10817018337547779, 0.10936731100082397, 0.10971095683899793, 0.10904531553387642, 0.10844427187527929, 0.10865591540932655, 0.10912697288123044, 0.1090143196284771, 0.10912322512139445, 0.10838844856390586, 0.1096039280295372, 0.10900358267520603, 0.10856745690107346, 0.10857911705970764, 0.1098083347082138, 0.10782585516571999, 0.10891613997519016, 0.10757111757993698, 0.11022313311696053, 0.10900554060935974, 0.10991768464446068, 0.10767873595742618, 0.1091797724366188, 0.10873101598450116, 0.10921863932162523, 0.10803873943431037, 0.10929142907261849, 0.1084987074136734, 0.1091538066310542, 0.10931968402404052, 0.10851683874021877, 0.10948978403681203, 0.10853219032287598, 0.10801109009318882, 0.10991218437751134, 0.10758497615655263, 0.1096006128937006, 0.10844365661514216, 0.10874072365138841, 0.10864876142956993, 0.10777343652750317, 0.10825041284163793, 0.10825491199890773, 0.10868305287190846, 0.10811678266951016, 0.10928091827941977, 0.10866166677858148, 0.1084876649081707, 0.10881039102872213, 0.10836737738414244, 0.10853451076481077, 0.10857130354270339, 0.10943207641442616, 0.1085974782705307, 0.10899193584918976, 0.10868742926554247, 0.10802037447690964, 0.1090276592544147, 0.10827358067035675, 0.1091195090927861, 0.10913834688456162, 0.1089186522249992, 0.10912060389916102, 0.108823666179722, 0.10873211771249772, 0.10932882192234199, 0.1092473678290844, 0.11007136479020119, 0.10924072279816582, 0.10949394282172709, 0.10883099536101024, 0.10827333457542188, 0.1096154697239399, 0.1092524029314518, 0.10872459933161735, 0.1075704388320446, 0.10949934433613505, 0.10853536874055862, 0.10850093017021815, 0.10904388564328353, 0.10843607306480407, 0.10806350708007813, 0.10840848223729567, 0.1088514333324773, 0.10808613979154164, 0.10863369135629564, 0.10855883156711404, 0.10900534689426422, 0.10875832678183266, 0.10887952074408531, 0.1074730851687491, 0.10767273157835007, 0.10944443009793758, 0.10943242659171422, 0.10847495822235942, 0.10849904020627339, 0.10911906138062477, 0.1089745791895049, 0.10857149557425426, 0.108821659215859, 0.10897433080456474, 0.11070310121232813, 0.10851124867245003, 0.10855425670742988, 0.10813218355178833, 0.1089986724158128, 0.1090071653681142, 0.10869873575866222, 0.10988141761885749, 0.1086652695256121, 0.10852708094395123, 0.10895784095757538, 0.10904566273093223, 0.10892739282412962, 0.10791766687351115, 0.1087622638489749, 0.10846588476782754, 0.10876549012027681, 0.10920017295413548, 0.10774841769175096, 0.10900331495536698, 0.10918924771249294, 0.1084577942887942, 0.10825997257703229, 0.10905906409025193, 0.108902600726911, 0.10879353594941062, 0.10821989497968129, 0.10991391268643466, 0.10898945568238988, 0.10867289288176431, 0.10860997065901756, 0.10783704979853197, 0.10884446927974391, 0.1085159219801426, 0.10962700049082438, 0.10847692610695958, 0.10849938744848425, 0.10882332315668464, 0.10979752852158113, 0.10801244402925174, 0.10836016173873629, 0.10959657058119773, 0.10867679027878509, 0.10887577591670884, 0.1091037533349461, 0.10770677402615547, 0.10859751654788852, 0.10928529560565949, 0.10936448901891709, 0.10821164542665848, 0.1091084663163532, 0.10785677640334419, 0.1088838259379069, 0.10888178951360962, 0.10858094053609031, 0.10921145437492265, 0.10857392389040726, 0.10939645767211914, 0.10910729183392091, 0.10867998450994491, 0.10894914150789932, 0.10934129854043324, 0.10960613749921322, 0.10843093862587755, 0.10811603979931937, 0.10943750562992963, 0.10911484127459319, 0.10924068891576358, 0.10865997129844294, 0.10813768208026886, 0.10990669510581276, 0.10771909306446711, 0.10855333371595903, 0.10907496362924576, 0.10841519314618338, 0.10814416408538818, 0.10867675617337227, 0.1091444802780946, 0.11013193511300617, 0.10938953442706002, 0.10904965673883756, 0.10883905962109566, 0.10894374602607318, 0.10867468736789844, 0.10838385298848152, 0.10890422761440277, 0.10863475948572159, 0.10868611479444164, 0.10848350760837396, 0.10939666561105034, 0.10888608836609384, 0.10826819083269905, 0.10865593198183421, 0.10905909091234207, 0.10929097057808013, 0.10850487622831549, 0.10870585218071938, 0.1091592415635075, 0.10868301357214268, 0.10782434791326523, 0.10835827098173254, 0.10900071798823774, 0.10887662849078576, 0.10803458026864311, 0.10920600389892404, 0.10848373493977956, 0.1088972669094801, 0.10820236376353673, 0.1092978302509554, 0.10889573146899541, 0.10922057791189714, 0.10913642276735867, 0.10841688378290697, 0.10814349129796028, 0.10879031335934997, 0.10902048082965793, 0.10893720698853333, 0.10841478167900018, 0.10818316443608357, 0.10870766639709473, 0.10969798373324531, 0.10917834523651335, 0.10902357411881287, 0.10846103660084984, 0.10926262103021145, 0.10882350305716197, 0.10900976260503133, 0.10830799572997624, 0.10827331865827243, 0.10885595962885887, 0.10793019695715471, 0.10900211306633772, 0.10853550136089325, 0.10905008567006964, 0.10897643938660621, 0.10857447733481725, 0.10818710209180911, 0.10904489799092214, 0.1085732573022445, 0.10866694329749971, 0.10853830239047176, 0.108477239751003, 0.10914300089435917, 0.10859533552737798, 0.10891388687822554, 0.10885227844119072, 0.10869255363941192, 0.10924048954620957, 0.10929751209914684, 0.10929516640802224, 0.1089728083461523, 0.10766231848133935, 0.10878815170791414, 0.10929669191439946, 0.10838755277486947, 0.10928430643520858, 0.10943233594298363, 0.10842367735776035, 0.10887018514090571, 0.10900212983999934, 0.1091908613840739, 0.10856775262139061, 0.10825894658382122, 0.1085162175198396, 0.10842148746762957, 0.10842140763998032, 0.10889995253334443, 0.10893118547068702, 0.10829567688482779, 0.10783856908480326, 0.10852009057998657, 0.10848774088005866, 0.10944947134703398, 0.10780258591358478, 0.10768756104840173, 0.10867945782162926, 0.10836418144978009, 0.1087791796611703, 0.10931477198998134, 0.10882124801476796, 0.10825524354974429, 0.10876166489389208, 0.10921045118256618, 0.10806312305586678, 0.10992620065808296, 0.10922317617926104, 0.10934610739350319, 0.10894441363566063, 0.1090004715052518, 0.10942435400052504, 0.10914417455593745, 0.10876313728444717, 0.10862599685788155, 0.108432349527166, 0.10904822157075007, 0.1087750965138761, 0.10890865474939346, 0.10925647070010504, 0.11000165134668351, 0.10813770277632608, 0.108161744589989, 0.10866566821932792, 0.10804046988487244, 0.10927148772911592, 0.10944082129460114, 0.10917500456174214, 0.10845743202500874, 0.1080093995520943, 0.10947051420807838, 0.10944073816592043, 0.10859948870810596, 0.1088531683473026, 0.10853646733821967, 0.1080078424318977, 0.10933045794566472, 0.10823496384546161, 0.10935068055987358, 0.10850700636704763, 0.1083620419104894, 0.10859863654426906, 0.10858236824472746, 0.10895750671625137, 0.10833150068564075, 0.10804231329397722, 0.10802807997573506, 0.10958494640448514, 0.10855852290987969, 0.10833604857325554, 0.1086830555328301, 0.10914362677269512, 0.10891474038362503, 0.10885066342981238, 0.10894832803922541, 0.10895869847048413, 0.10870143741369248, 0.10916349777708882, 0.10791392717510462, 0.1087044132026759, 0.10938655734062194, 0.10946805721947125, 0.10830376612452361, 0.10843718637313161, 0.10844829057653745, 0.10899846131602924, 0.10756360395596577, 0.10877329061428706, 0.10902921033975406, 0.10896815835161412, 0.10923306618271203, 0.10863867600758871, 0.10942254673976165, 0.1093311607837677, 0.10797198638319969, 0.10928781641026337, 0.10960957151034782, 0.10867338980499067, 0.1090501191263849, 0.10839727520942688, 0.10868334968884787, 0.10826903954148293, 0.1087899108727773, 0.10877728089690208, 0.10760730775919827, 0.10844146550604791, 0.10820219947679623, 0.10790427544942269, 0.10971505427733064, 0.10897850193256556, 0.10824575844933004, 0.10782311297953129, 0.10887486716875663, 0.10899577215313912, 0.10873758941888809, 0.10929560462633768, 0.10796821564435959, 0.10877073556184769, 0.10884245867148423, 0.10961470785348312, 0.10988974052926768, 0.10969974944988886, 0.10834813529047473, 0.10846711264716255, 0.10933002382516861, 0.10866582127554077, 0.10907826395261855, 0.10868943551624263, 0.10882252188665527, 0.10947929890382857, 0.10903104394674301, 0.10902027816822131, 0.10981411797304948, 0.10891789011657238, 0.10830701257173832, 0.10884695880267085, 0.1087676841351721, 0.10963578782975673, 0.10788198016010798, 0.10966671034693717, 0.10958388013144334, 0.10928946868939833, 0.1081172808220512, 0.1072801442609893, 0.10859118178486823, 0.10955005213618278, 0.1089234889337891, 0.10824391196171443, 0.108958899974823, 0.10828803786460091, 0.10879826697486418, 0.1083323876063029, 0.10841974486475406, 0.10846153061304774, 0.10880989829699199, 0.10902257655796252, 0.10864710435271263, 0.1085456025443579, 0.1085676339429778, 0.109489612958648, 0.10837316922843457, 0.10832664099606601, 0.10784344747662544, 0.10875304327124641, 0.10900563517442116, 0.10931225512176752, 0.10884821539123853, 0.10881837374634212, 0.10847275747972376, 0.10887004435062408, 0.10886207249547754, 0.10792835305134456, 0.10819051340222359, 0.10907644629478455, 0.10871229219165715, 0.10820539811482796, 0.10863230526447296, 0.10890258476138115, 0.10863782903727363, 0.10815188049205712, 0.10836183528105418, 0.10853707641363144, 0.1080465373747489, 0.10815016850829125, 0.10848019048571586, 0.10870174976975419, 0.10932093316858466, 0.10823750929083935, 0.1086740834084717, 0.10881604701280594, 0.10880623592270745, 0.10908950998997077, 0.10858379848874532, 0.10884273991636607, 0.10880155488848686, 0.10877941814916474, 0.10890218264916364, 0.10923401970002386, 0.10923958155843946, 0.10962525059779485, 0.10836540995275273, 0.10894361023719494, 0.1087847783097199, 0.10877783528783104, 0.10779835237190127, 0.1085101168602705, 0.10894208401441574, 0.1082012296507233, 0.10822834959253669, 0.10809773841389904, 0.10840545035898685, 0.10857751389796083, 0.10952668289343516, 0.10715347602963447, 0.10828507244586945, 0.10861111375001761, 0.10879412527595247, 0.108659349914108, 0.10957473860337184, 0.1094045490026474, 0.1091425832360983, 0.10916314102136172, 0.10829080182772416, 0.10874234288930892, 0.1091426509831633, 0.1083191712697347, 0.10796419124711644, 0.10827146126673771, 0.10833651820818584, 0.10896143249490044, 0.10854049662456793, 0.10900958469419768, 0.1083866527134722, 0.10921542263693279, 0.10941326008601622, 0.10812819004058838, 0.1077846372500062, 0.10920390273843493, 0.10880985075519198, 0.1085345736321281, 0.10972050459761369, 0.10813075635168287, 0.1053096354007721, 0.10912521160913236, 0.10893042720854282, 0.10877740417014468, 0.10824898736817497, 0.10933148698962253, 0.10787085216978322, 0.10781541805375706, 0.10727001141224589, 0.10865986482663588, 0.10839904370633038, 0.10844366252422333, 0.10900660935375425, 0.10877493612076107, 0.10949770428917625, 0.1088860032077019, 0.10871711237864061, 0.10875032795593143, 0.10897635342553258, 0.10868548463892054, 0.10835685580968857, 0.10816173737539965, 0.10918908857780954, 0.10863248220621011, 0.10837969432274501, 0.10829156590625644, 0.10835897206113888, 0.10926274177820786, 0.10961755439639091, 0.1087616584621943, 0.10812738738380946, 0.10814812613858117, 0.10879806739588578, 0.10847368410655431, 0.10827223882079125, 0.10922018645538224, 0.10893639642745256, 0.10886588426572937, 0.10893284070950288, 0.10767243938012556, 0.10814792886376381, 0.10874006897211075, 0.10757095863421758, 0.10918817002522319, 0.109039614146406, 0.10855548394223054, 0.10902425550645398, 0.10988696813583373, 0.10878495126962662, 0.10937266200780868, 0.10869987557331721, 0.10943534597754478, 0.10826492235064507, 0.10881581529974937, 0.10900851794415051, 0.10852090269327164, 0.10831757348317367, 0.10904030998547871, 0.10962832067161798, 0.1089148223400116, 0.10871058851480483, 0.10855568280177456, 0.10861774823731846, 0.10837626650377556, 0.10834504043062528, 0.10899150788784027, 0.10814641416072845, 0.10868756514456537, 0.10793633688063849, 0.10811721367968453, 0.10805465206503868, 0.10885569911736709, 0.10937478989362717, 0.10941675752401352, 0.10911228794317979, 0.10785791616548192, 0.10930005507543683, 0.10938063114881516, 0.10929443873465061, 0.10882810892706568, 0.10878172020117442, 0.10896988771855831, 0.10770135434965293, 0.10869978268941244, 0.10908356841121401, 0.10828432127049095, 0.10947157841707979, 0.10778730735182762, 0.10887276616535689, 0.1092037566834026, 0.10861697924487732, 0.1091372977410044, 0.10861436349730338, 0.10875412821769714, 0.10917369400461514, 0.10867872834205627, 0.10787199795246125, 0.10904603758279015, 0.10881687194108963, 0.10897689232868808, 0.10922243942817052, 0.10837257977413095, 0.10820879100968964, 0.10912360474467278, 0.10941497683525085, 0.10917771911179577, 0.10890586370671237, 0.10983102810051706, 0.10863223847220926, 0.10924177318811416, 0.10876797735691071, 0.10793079373737176, 0.10922785238786177, 0.1094248660586097, 0.10880020583669345, 0.10906707098086675, 0.10858082274595897, 0.10866078436374664, 0.1088820764174064, 0.10873293280601501, 0.10876506318648656, 0.1079718257699694, 0.10754593337575595, 0.1086305845528841, 0.10877333424593273, 0.10889280181039464, 0.1088663541844913, 0.10921410143375397, 0.10929112508893013, 0.1085659418077696, 0.10907411202788353, 0.108626351470039, 0.10776837836754949, 0.10839708700128224, 0.10758435726165771, 0.10815926860360538, 0.10926400249203046, 0.10925004879633586, 0.10859661708985056, 0.10809369917426791, 0.10821888595819473, 0.10879429903897372, 0.10864781018565683, 0.10853729374480969, 0.10902623236179351, 0.10898493159384955, 0.10879970443519679, 0.10902879498898983, 0.1097873467952013, 0.1090314449632869, 0.10802689815560977, 0.10862683112684049, 0.10840193456725071, 0.10868888298670451, 0.1087010878892172, 0.10849478662014007, 0.10879449817267331, 0.10906496271491051, 0.10929183882695657, 0.10891165491193533, 0.10879916088147597, 0.10829480601982637, 0.10876035836079846, 0.10817209010322888, 0.10870576516858169, 0.10755271878507403, 0.10931356561680634, 0.10858451537787914, 0.10956037445710255, 0.1089739540920538, 0.10960318098465602, 0.1095233124991258, 0.10839507852991422, 0.10945421392502992, 0.10852792199987632, 0.10908857869858644, 0.10844436181443078, 0.10922911949455738, 0.1081592321395874, 0.10875433454146752, 0.10861353278160095, 0.10906524837017059, 0.10848827949828571, 0.10977127626538277, 0.10860088238349327, 0.10901764541864395, 0.10838563740253448, 0.1088662538677454, 0.10810955255119889, 0.10842465509970983, 0.10908841118216514, 0.10969655960798264, 0.1090950071811676, 0.1084069274365902, 0.10861157481708834, 0.10855407454073429, 0.10892342496663332, 0.10896134062817223, 0.10835819232922334, 0.10857361013239081, 0.1084064921098096, 0.10849939604048375, 0.10904022076955208, 0.10893006771802902, 0.10818816195516025, 0.10792442038655281, 0.1078208987327183, 0.1090716959701644, 0.10846708448869842, 0.1088922468404616, 0.10885329487232062, 0.10918134218081832, 0.10844411740177556, 0.10932891163975, 0.10881101769896653, 0.10956148125908592, 0.10846170708537102, 0.10865867137908936, 0.10881395637989044, 0.10858390734689992, 0.10931749021013577, 0.10877489731196434, 0.10882170167234209, 0.10913168467008151, 0.10908279940485954, 0.10841611896951993, 0.10794604569673538, 0.108634123345837, 0.10738320992543147, 0.10900554309288661, 0.10878654763750407, 0.10839967544262226, 0.10822134514649709, 0.11024248256133153, 0.10866017926197785, 0.10831586420536041, 0.10848890936800412, 0.10818733349442482, 0.10794081973532836, 0.1095343346397082, 0.10870156494470742, 0.1090135621753606, 0.1083711844050523, 0.10948275029659271, 0.10927706273893516, 0.10869778767228126, 0.10962921778361003, 0.10948414558714087, 0.10847708707054456, 0.10863106573621432, 0.10857153940014541, 0.10797063745558262, 0.10899064037948847, 0.10842787722746532, 0.1089072841055253, 0.10798207082246479, 0.10916163095019081, 0.10863415291532874, 0.10876589706715416, 0.10820204392075539, 0.10824478976428509, 0.10873530279187595, 0.10777066598335902, 0.10905604199929671, 0.10969244316220284, 0.10888907064994176, 0.10951508409701861, 0.10857615053653717, 0.10893822892716057, 0.108677978100984, 0.10865767151117325, 0.10810715556144715, 0.10774996306966333, 0.10821535535480666, 0.1085645326723655, 0.10826426578892602, 0.1081969988133226, 0.1083909028342792, 0.10928558968007565, 0.1091254750000579, 0.1079469116197692, 0.1084935495422946, 0.10839982728163401, 0.10863172795091357, 0.10889904122603566, 0.10960768014192582, 0.1095685110323959, 0.10851830514994534, 0.10862275709708531, 0.10888681560754776, 0.1093595888465643, 0.1081035491079092, 0.10856749245832706, 0.10891636393286964, 0.10935188606381416, 0.10853920918371943, 0.1078477833006117, 0.10819010734558106, 0.10897170007228851, 0.10941175371408463, 0.10875757535298665, 0.10860854929143732, 0.10878156980982533, 0.1075303594653423, 0.10985056906938553, 0.10875748967130978, 0.10798950493335724, 0.10912097641762267, 0.10868168932696183, 0.10910097095701429, 0.10850294950333508, 0.10855431505478919, 0.10819644755438755, 0.10990994051098824, 0.10909893295981667, 0.10875319465994834, 0.10813783225603402, 0.10919209455068295, 0.10800238947073619, 0.10798369773796626, 0.1082357515891393, 0.10863678431024357, 0.10958901386369359, 0.11029100542267163, 0.10830840241649876, 0.10813926095547884, 0.10879279540053435, 0.10907196036229531, 0.1090531580798004, 0.10890658538449895, 0.10924149801333745, 0.10948393825027677, 0.10877009167482979, 0.10911976812141282, 0.10915476324096803, 0.10827001578667585, 0.10838143409867036, 0.10794139988720416, 0.10873997729757558, 0.1082974849985196, 0.10894321478330173, 0.10905827085177104, 0.10868284339085221, 0.10883647235839264, 0.10850776467592485, 0.1087264980782162, 0.10878014266490936, 0.10940021479671652, 0.10863367244601249, 0.10930363088846207, 0.10883909165859222, 0.10872337532540162, 0.10837290498117606, 0.10864911898970604, 0.10960433685353824, 0.10897727644649045, 0.10831051116639917, 0.10839015617966652, 0.1090386314761071, 0.10808438611657996, 0.10880069197578864, 0.10914277834327597, 0.10871602892875672, 0.10809830203652382, 0.10947549343109131, 0.10862505577859424, 0.10918865501880645, 0.10901684015989303, 0.10865604178979993, 0.10868811708959666, 0.11131196469068527, 0.10809382725329626, 0.10887450128793716, 0.10823787748813629, 0.10881976886042233, 0.10674885163704555, 0.10964607612954246, 0.10844395333720792, 0.10865598089165157, 0.10778543539345264, 0.10927997363938226, 0.10859137624502183, 0.10944034904241562, 0.10775617002086206, 0.10923271129528682, 0.10862654576013828, 0.10937536338513548, 0.10846827576557795, 0.10768326930701733, 0.10793711058795452, 0.10900155827403069, 0.10845400094985962, 0.10856180274631919, 0.10929433173603481, 0.10895312461070716, 0.10850497399983199, 0.10946701790975488, 0.10909783426258299, 0.10874610087450813, 0.10898331823674115, 0.10876757561257391, 0.10821852636964698, 0.10871836334466935, 0.10908563273108524, 0.10967423089525917, 0.10854136710986495, 0.10870978345765787, 0.10985924229025841, 0.10833049938082695, 0.1082406561164295, 0.10891960859298706, 0.10932168612877528, 0.10859381125585453, 0.10789153758775104, 0.1096493811769919, 0.10987919643521309, 0.10912474925103395, 0.10848106967436301, 0.10948682129383087, 0.10813622108914635, 0.10788176102297646, 0.10931542329490185, 0.10861783567816019, 0.1093098461966623, 0.10891560107469558, 0.10847493559122086, 0.10890185030607077, 0.10842087647567193, 0.1080130822956562, 0.1094171166419983, 0.10855322418843999, 0.10834304010495543, 0.1086295506154949, 0.108910971744494, 0.10805126967338416, 0.10869826376438141, 0.10964796940485637, 0.10871645722251672, 0.10770988029738267, 0.10876838018496832, 0.10784578793927242, 0.10873103095218539, 0.10936774353723268, 0.10872417425408083, 0.10905265621840954, 0.10834619713326295, 0.108087172465665, 0.10907747383628573, 0.10856208818800309, 0.10855398343669044, 0.10818350257781836, 0.10801351002671501, 0.10889717439810435, 0.10866754772988232, 0.10896399319171905, 0.10862862061837623, 0.10843991935253143, 0.10814441959647571, 0.10794538607199987, 0.10828552910914788, 0.1090174453953902, 0.1084881767630577, 0.10856658441049082, 0.10847028746054722, 0.10914578909675281, 0.10988336686904614, 0.10982935396688324, 0.1092041338292452, 0.10883535351604223, 0.10914106480777264, 0.10786663219332696, 0.10916671239667469, 0.10893129126021736, 0.10875039771199227, 0.1084500141441822, 0.1094627630981532, 0.10944764373394159, 0.10686527440945308, 0.1091461256146431, 0.10899537251047466, 0.10905372649431229, 0.1101893423633142, 0.10839176337633814, 0.10804533809423447, 0.10883137211203575, 0.10880726244714525, 0.10883088133953235, 0.10911006412722847, 0.10901924376857691, 0.1083735396032748, 0.10827420552571615, 0.10910159780790932, 0.10818396637151981, 0.10772155360742049, 0.10891769429047903, 0.10966885548371536, 0.10840446384329545, 0.10914756258328756, 0.10871450017605509, 0.11035081171072446, 0.10822365220103945, 0.10994191591938336, 0.10926009408938579, 0.10892178304493427, 0.10890486870299686, 0.10853933829527634, 0.10840527514616648, 0.11003347689455206, 0.10817301612008702, 0.10861693142816939, 0.10923903832832972, 0.1081142395734787, 0.10829805210232735, 0.10858209173266704, 0.1090512522496283, 0.10894994317523894, 0.10900535236816017, 0.10771642501155536, 0.10865427777171136, 0.10842949226498604, 0.10897562389864641, 0.10855704849516903, 0.10895752268178123, 0.10995077438976454, 0.10890066053937464, 0.10923199163329217, 0.1083513405174017, 0.11277060210704803, 0.10710730486445957, 0.10882631540298462, 0.10896759480237961, 0.1089839056648057, 0.10922812244721822, 0.10863009818336543, 0.10877711807980257, 0.10907116470237573, 0.10827949585822913, 0.10882431706961464, 0.10784816690560045, 0.10909136520190672, 0.10850550457835198, 0.10808266259052536, 0.10919157247389516, 0.10862163183364001, 0.10944817494601011, 0.10917925861264978, 0.10879866406321526, 0.10940665379166603, 0.10824347287416458, 0.10800023078918457, 0.10797901265323162, 0.10860257316380739, 0.10756204850398578, 0.1081456145779653, 0.10885240533389151, 0.11027361266314983, 0.10849130196230752, 0.10842847955577514, 0.1081502431112787, 0.10840617508991905, 0.10876350104808807, 0.10902629941701888, 0.10938068738450175, 0.10878438564638297, 0.1090598613023758, 0.10823111981153488, 0.10951260849833488, 0.10936385189945047, 0.10942948552278373, 0.10829637944698334, 0.10867194011807442, 0.10831875697924541, 0.10880436096340418, 0.10877735716731925, 0.10809690952301025, 0.10885106921195983, 0.10893827215546653, 0.10882713115877575, 0.10853238701820374, 0.10834850603714585, 0.10830159733692805, 0.11026065999811346, 0.10844500437378883, 0.10834297231015037, 0.10896257627190965, 0.10931268563637367, 0.1076730415225029, 0.10823725784818332, 0.1089040305126797, 0.10829620120617059, 0.11010718173705615, 0.10912236503579399, 0.10900462046265602, 0.10885246445735296, 0.1088009239597754, 0.10908250689506531, 0.1094951643185182, 0.10915221822889228, 0.10920270672068, 0.10811630869284272, 0.10754109571377436, 0.10885967358070262, 0.10861339207206454, 0.10928379164801703, 0.10929257869720459, 0.10924084335565568, 0.10887260424594085, 0.10819359762328011, 0.10850776938928498, 0.10912385853854092, 0.10919778387654912, 0.10825534690828885, 0.10945408733991477, 0.10851868667772838, 0.10866055231202733, 0.10808960348367691, 0.10899830474094911, 0.10899916255757922, 0.1091073619968751, 0.10883460193872452, 0.10831100940704345, 0.10863679316308764, 0.10842335969209671, 0.10900319096716968, 0.10868686251342297, 0.10917773569623629, 0.10854456926646985, 0.10835855366552577, 0.10836810287502077, 0.10890127505574908, 0.10931409895420074, 0.10809947503730655, 0.10868814960122108, 0.10857569500803947, 0.10926118104354195, 0.10875985741615296, 0.10897175946997271, 0.10893949156715757, 0.10859754480994664, 0.10860474904378255, 0.1082964227958159, 0.10886561125516891, 0.108705957504836, 0.10861305661242583, 0.10887942383898065, 0.10834146514534951, 0.10904088935681752, 0.10899681483323757, 0.10914045840501785, 0.10805438239784802, 0.10836537692107652, 0.10857614055275917, 0.10923703759908676, 0.1080648654864894, 0.10816123988479376, 0.10855347237416677, 0.10945778857502672, 0.10861428827047348, 0.10971415575061526, 0.1082253298163414, 0.10850599547848105, 0.10932898656888441, 0.10872462274212587, 0.108761458911679, 0.1091277568290631, 0.1094887062907219, 0.10965070930811074, 0.10829216061994948, 0.10904108039264021, 0.10806691812144385, 0.10873494214481777, 0.10895724035799503, 0.10906207809845607, 0.10798394100533591, 0.10855551117232867, 0.10988790804848951, 0.1088769219815731, 0.10926513680640389, 0.10932013764977455, 0.10876656230539083, 0.10862743177197197, 0.10865069346295463, 0.1088517295087085, 0.10822981126282526, 0.10862608114257455, 0.10943775003155072, 0.10766498409211636, 0.10894951572020849, 0.10804916647347537, 0.10870374280672807, 0.1078731661493128, 0.10927884504199029, 0.10848335176706314, 0.10828457586467266, 0.10885467093724471, 0.10850372724235058, 0.10927796754099074, 0.10853526858906996, 0.10869785220850081, 0.10829208008944988, 0.1077129559384452, 0.10842863975891046, 0.10954010337591172, 0.10951010829636029, 0.1085362557483756, 0.10905320703983307, 0.10860258030394714, 0.10790227879496182, 0.10863698770602544, 0.10919084637002512, 0.10923342530926068, 0.1088354915380478, 0.1082591459687267, 0.10914507880806923], 1: [0.10831720431645711, 0.10905262248383628, 0.10912138058079614, 0.10874221722284953, 0.1083676666021347, 0.10941143977371129, 0.10849714080492655, 0.1093644592911005, 0.10843186252392255, 0.10922582820057869, 0.10786356438289989, 0.1088969411869203, 0.10886974912136793, 0.10917725414037704, 0.10871739452704787, 0.10861533084376292, 0.10823459572651807, 0.10729718133807183, 0.10889093180497487, 0.10799912295558235, 0.1091329065652994, 0.10861939467765667, 0.10895353058973949, 0.1086186637932604, 0.10856748206747903, 0.10931573808193207, 0.1087844967842102, 0.10861500973502795, 0.10886106336558307, 0.10901631876116707, 0.10877620960984911, 0.10842624368766944, 0.10844686677058538, 0.1102794859558344, 0.10901663587851958, 0.10994835875251076, 0.1072622218302318, 0.10778151514629523, 0.10756464749574661, 0.10911648560847555, 0.10864676305880913, 0.10870103786389033, 0.10854892169727999, 0.1088715407710809, 0.10978426198874201, 0.10851405560970306, 0.10867900604551489, 0.1075601764023304, 0.11003905128348958, 0.10868212010930567, 0.10832859433077752, 0.10872836079862383, 0.10907547646447231, 0.10925338831212786, 0.10894205647966136, 0.10818705847486854, 0.10868639647960662, 0.10867323031028112, 0.10827344283461571, 0.10883167882760365, 0.10845437072790585, 0.10881480574607849, 0.10876371276875337, 0.10924568298188123, 0.10819046341237568, 0.10697570985013788, 0.10863338207656686, 0.10809877576927344, 0.10879597440361977, 0.10809494865437348, 0.10853785489286695, 0.10837667709902714, 0.10898397205507054, 0.10885312408208847, 0.10847721248865128, 0.10877892916852777, 0.10825462213584355, 0.10842607853313287, 0.11018184640190819, 0.1097557470202446, 0.10965763261685005, 0.10863885455406629, 0.10936175057521233, 0.10963988014393383, 0.10921900868415832, 0.10828536450862884, 0.10935931882032981, 0.10870381196339925, 0.10970190912485123, 0.1082353481224605, 0.10864773851174575, 0.10884158611297608, 0.10891979560256004, 0.10888954065740108, 0.10857728123664856, 0.10917032013336818, 0.10841044783592224, 0.10971883734067281, 0.10870308637619018, 0.10877269017510116, 0.10819309820299564, 0.10958070351796992, 0.10925322026014328, 0.10845147748477757, 0.10901089689948341, 0.10877745192159306, 0.10898901437010083, 0.10898150950670242, 0.10892313718795776, 0.1082373596727848, 0.10844304660956065, 0.10839224256136838, 0.10973984461564285, 0.10760787278413772, 0.10898728668689728, 0.10879513372977574, 0.1083403310992501, 0.10866212406579186, 0.10891636926680803, 0.10917838911215465, 0.10921048765119754, 0.10825455412268639, 0.10819329118186777, 0.10899132432845923, 0.10912866778671741, 0.11000728607177734, 0.10827768594026566, 0.10796925649046898, 0.10885717699656615, 0.10803803925712903, 0.10954117774963379, 0.10826710721960774, 0.10779161254564922, 0.10872212726445425, 0.1093361886839072, 0.10898099682833019, 0.10975040346384049, 0.10919330678880215, 0.10884375583667022, 0.10867985943332314, 0.10859420842358045, 0.10863299782459553, 0.10855165186027686, 0.10888333572074771, 0.10907750983129848, 0.10925650825867286, 0.10912430354140022, 0.10843972365061443, 0.10908981578217612, 0.10935932084133751, 0.10925762852032979, 0.10910068824887276, 0.10857779692326273, 0.10883642776924021, 0.11029663821682334, 0.10855691967641606, 0.1077581409078378, 0.10911683941429312, 0.10773042738437652, 0.10871392029982346, 0.10988512052142102, 0.10908827744424343, 0.10853795920099531, 0.10809920479853947, 0.10637327954173088, 0.10844711363315582, 0.10832770647747177, 0.1091888686021169, 0.10820057175376198, 0.10875499331288868, 0.10961526658918176, 0.10905460640788078, 0.10832363590598107, 0.10832453221082687, 0.10795165259729732, 0.10738543552510879, 0.10880479110138756, 0.1089292714993159, 0.10899933497421443, 0.10868947899767331, 0.10919667326885721, 0.10859589820558374, 0.10845656001142093, 0.10811303754647573, 0.10819397047162056, 0.10846505007323097, 0.10909049619327892, 0.1083941063420339, 0.10824201454718908, 0.10997543551705101, 0.10848680351461683, 0.10926210979620615, 0.10816918044454521, 0.1085693272948265, 0.10904179752937385, 0.10903277967510552, 0.10816297832192207, 0.10856909508054907, 0.10904181691316459, 0.10872776522522881, 0.10888678686959403, 0.10812547653913498, 0.1093238399674495, 0.10829815547913313, 0.10928548201918602, 0.10823619961738587, 0.10862600396979939, 0.10810055477278573, 0.10815111867019109, 0.10902471975846724, 0.10994469001889229, 0.1088521322235465, 0.11026163250207902, 0.10889383239878549, 0.10816970666249594, 0.1091775211195151, 0.10889177868763605, 0.10810997540300543, 0.10801828313957561, 0.10878367509160723, 0.1092530837968776, 0.10926003885619781, 0.1081011142759096, 0.10912046395242214, 0.10890746288574658, 0.10835398035123944, 0.10863043198531325, 0.10900747729465365, 0.108738262206316, 0.10976166142658754, 0.1082363140426184, 0.1090002005489973, 0.10821598023176193, 0.10887078195810318, 0.10841702805324034, 0.10952644093948252, 0.10846675494137932, 0.10938640932242076, 0.10869706581745829, 0.10823098705573515, 0.10876637138426304, 0.10878238330284755, 0.10965620477994283, 0.10889946609735489, 0.10811092438442367, 0.10899163714864037, 0.10885906890034676, 0.1091164389382238, 0.1093334158261617, 0.10901032216273822, 0.10829207645012782, 0.1079807552067857, 0.10923289838764402, 0.10889489710330963, 0.10862652889706871, 0.10943783447146416, 0.10931178859689018, 0.1085856178154548, 0.10785802536540562, 0.1092006570349137, 0.10784497570533019, 0.10854275171694003, 0.10786468982696533, 0.1100171332557996, 0.10913072302937507, 0.10892637387702339, 0.10892307292670012, 0.10880564679117764, 0.10862619608640671, 0.1096952198581262, 0.10842124643650922, 0.1090032418186848, 0.1093873381614685, 0.1097690025344491, 0.10861871303880916, 0.10830247609151734, 0.10885059336821239, 0.10823242366313934, 0.10908462107181549, 0.1077424180176523, 0.10906060039997101, 0.10877044200897217, 0.10887609775129117, 0.10854248981922865, 0.1094717038795352, 0.10916399334867795, 0.10916311144828797, 0.10865741968154907, 0.10872027017176152, 0.10944496840238571, 0.10823179986327887, 0.1076429694890976, 0.10866709395001332, 0.10999778211116791, 0.1092626634053886, 0.10931022202267367, 0.10863255212704341, 0.10918237268924713, 0.10883401036262512, 0.10875729311789785, 0.10927021941717933, 0.10862102895975113, 0.10953367240726948, 0.10841746777296066, 0.10867783261670007, 0.11006297969392367, 0.1095320887863636, 0.10863085632974451, 0.10956510975956917, 0.10921970890326933, 0.10832897573709488, 0.10848508449271321, 0.10805242359638215, 0.10830944111304623, 0.10774293094873429, 0.1090363344320884, 0.10879214397735065, 0.1083517201244831, 0.1076704624753732, 0.10853839704864904, 0.1084569717446963, 0.10903137698769569, 0.10868441023760372, 0.10945112732323733, 0.10947616914143929, 0.10851549506187438, 0.10793045163154602, 0.10930330716073514, 0.1083082915707068, 0.1087527853601119, 0.1088070339626736, 0.10849445271823141, 0.10825032042339444, 0.10870502764979999, 0.10797370734967683, 0.10881309087077777, 0.10879766382277012, 0.10921703366672292, 0.10912099480628967, 0.1087014956606759, 0.10862005808774162, 0.10920602775045804, 0.10841836915774779, 0.10896949629698481, 0.10862871855497361, 0.10963163983363372, 0.10863831918686628, 0.10797425891671862, 0.10827092826366425, 0.1092160398309881, 0.10873926887098624, 0.10913411966141533, 0.10857106470747997, 0.10903269797563553, 0.10853099301457406, 0.10936112018922965, 0.10853786340781621, 0.10813529441754023, 0.10895742304050006, 0.10886814792950948, 0.10783966407179832, 0.1087511549393336, 0.10804903036669682, 0.10884326116906272, 0.1083237427202138, 0.10847111791372299, 0.1091252657420495, 0.10820657493812698, 0.10833917983940669, 0.10809684002941305, 0.107964151725173, 0.10761799439787864, 0.10890148133039475, 0.10874037370085717, 0.10914495858279141, 0.10850711166858673, 0.10849392227828503, 0.10865829483820842, 0.10895227182369965, 0.10899556747504643, 0.10822949608167012, 0.10838215425610542, 0.11003753170371056, 0.10910114567530782, 0.10932911187410355, 0.10785570943897421, 0.10822357576001775, 0.10794374434386983, 0.10840660085280736, 0.1088823667343925, 0.10973881516191694, 0.10834662142125043, 0.1077943965792656, 0.10822503343224525, 0.10852112844586373, 0.10838395962491632, 0.10844785923307593, 0.1079091896613439, 0.10894664376974106, 0.10832571123655026, 0.10945842529718693, 0.10947435051202774, 0.10851809717714786, 0.10868896171450615, 0.10760738253593445, 0.11087442074830715, 0.1091423574835062, 0.10788198495688646, 0.10908339607218902, 0.10788486554072453, 0.10856642425060273, 0.10809140817986594, 0.10899831896478479, 0.1090720403008163, 0.10966433584690094, 0.10801567093414419, 0.10823782859370112, 0.10877952653737295, 0.1088631350014891, 0.10826110438658641, 0.1092223059386015, 0.10945094625155131, 0.10837140225845834, 0.10880486623329275, 0.10925638675689697, 0.10927822102199901, 0.10947725045330384, 0.10832432491911782, 0.10833533704280854, 0.10899354020754497, 0.10891637525388173, 0.10893126138869454, 0.1083144211658725, 0.10872582929289859, 0.1096810258924961, 0.10821403800086542, 0.10837679012463643, 0.10831520903636427, 0.10899190442717593, 0.10802695900201797, 0.10881318725072421, 0.10876450687646866, 0.10948503687977791, 0.10785564814101566, 0.10910852067172527, 0.10772382467985153, 0.10894160605967045, 0.10891525587067008, 0.10910092585760614, 0.10902798594906926, 0.10823883460118221, 0.10927452072501183, 0.10838593281805516, 0.10885529741644859, 0.10884411207267217, 0.10911894744882981, 0.10879872603849931, 0.10987049314592566, 0.10915455132722855, 0.10835828153150422, 0.10893314220011234, 0.10866612113184398, 0.10921073413413504, 0.10925503075122833, 0.10919349789619445, 0.10888871068463606, 0.10835162550210953, 0.10941644199192524, 0.10895172692835331, 0.10869031151135762, 0.10822553783655167, 0.1087459542534568, 0.10867401538416743, 0.10887511353939772, 0.1087891562626912, 0.10799040831625462, 0.1081143676170281, 0.10902909620812065, 0.10910151898860931, 0.10865871436320819, 0.10805259235203266, 0.10812954902648926, 0.10885463302072726, 0.10822258029992764, 0.10831844732165337, 0.10857051475481554, 0.10936847261407158, 0.10960343554615974, 0.10839979326532732, 0.10806260092390908, 0.1083157379180193, 0.10830214274365728, 0.10877463848967302, 0.10861075784151371, 0.10859270114451647, 0.10858820006251335, 0.10801082307642157, 0.10795398354530335, 0.10793438828305195, 0.10860165705283482, 0.10872476423780124, 0.10919168323278428, 0.11022837708393733, 0.1086637981235981, 0.10904850671067834, 0.1092704948451784, 0.10834673745557666, 0.10861434042453766, 0.10832710056142374, 0.10761063794294994, 0.1082389377630674, 0.10918686997431976, 0.10915737066950117, 0.10919929891824723, 0.10935294876495998, 0.10888693007555875, 0.10870506327885848, 0.10801998302340507, 0.10947724012658, 0.10928418636322021, 0.10751956179738045, 0.10933622717857361, 0.1088975624491771, 0.10933097279988803, 0.10820634104311466, 0.10938553906538907, 0.108222178541697, 0.10934069007635117, 0.10842866776511073, 0.10819179298622268, 0.10893204311529796, 0.10858694553375244, 0.10848217194571215, 0.10782146867778566, 0.10944571858271956, 0.10820097476243973, 0.10846969886468007, 0.10941369086503983, 0.1074593576292197, 0.10781031314815794, 0.10843632694171823, 0.1079065768669049, 0.10875147144342291, 0.10905472256920555, 0.10805011093616486, 0.10995092378421263, 0.10935621921505247, 0.10794984075156125, 0.107258989661932, 0.10838458190361659, 0.10752941519021988, 0.10872995988889174, 0.10765112477999467, 0.10915005313498634, 0.10906848808129628, 0.10864898722086634, 0.10874522816051137, 0.10712509060447867, 0.10879700556397438, 0.10839438065886497, 0.10922461630482423, 0.10815117508172989, 0.10879924148321152, 0.10932490194127673, 0.1086735561490059, 0.10783335939049721, 0.10818937420845032, 0.10932732018686477, 0.10922613074736935, 0.10933199127515157, 0.10913105019264752, 0.10869350284337997, 0.10853683489064375, 0.10887815505266189, 0.10974907279014587, 0.10752539709210396, 0.10809823396531018, 0.10845909369262782, 0.1089725089924676, 0.11039202931252393, 0.10971800237894058, 0.10974656519564716, 0.10835967833797137, 0.10841154803832372, 0.10760381610857116, 0.10871254839003086, 0.10893268047309504, 0.10827523210774297, 0.10908639225466497, 0.10887162616619697, 0.1099576780741865, 0.10892574808427266, 0.1086211498169338, 0.10884626445017363, 0.10891718715429306, 0.10782519231239955, 0.10923490524291993, 0.10812926204765544, 0.10900481293598811, 0.10943027745400156, 0.10906624900443214, 0.1086872880657514, 0.10839989386937197, 0.1087927433848381, 0.10882581025362015, 0.1077774129807949, 0.10894749381325462, 0.10941280346167714, 0.10887208055047427, 0.1083223707973957, 0.1085052490234375, 0.1091550961136818, 0.10992623306810856, 0.10951952124014497, 0.10893829746378793, 0.10779832235791466, 0.10877511306450917, 0.10836083327348416, 0.10930120064453645, 0.10834990900296432, 0.10917091025755955, 0.10885861057501572, 0.10930129708278746, 0.10763291083276272, 0.10922932199069432, 0.10984137033422788, 0.10852783565458499, 0.10915996506810188, 0.10860099027986111, 0.11027206006375226, 0.1098796627484262, 0.10885206712730999, 0.10853525996208191, 0.10778596252202988, 0.10898203949133554, 0.10905169260998566, 0.10838202262918155, 0.10793601107947967, 0.10887040694554646, 0.10872548622520346, 0.10852055111899972, 0.10957672695318858, 0.10862412382113307, 0.10839366036302903, 0.10841049998998642, 0.10877113913496335, 0.10813492015004159, 0.10969436872336599, 0.10977946849245775, 0.10921778853820718, 0.10941375344991684, 0.10904236924317148, 0.10889244228601455, 0.10903241174916427, 0.10734596035697243, 0.10876242816448212, 0.10938768088817596, 0.10958812182599847, 0.10827635725339253, 0.10953427038409493, 0.10963155222790581, 0.1085029376240877, 0.10777150488951627, 0.10886462316626594, 0.10855531532849584, 0.10760685019195079, 0.10831277012825012, 0.1086235374212265, 0.1094160017867883, 0.10883697122335434, 0.10874872688542712, 0.1088998183608055, 0.10865232969323795, 0.1078608168496026, 0.10883932908376058, 0.11040386422113939, 0.10860034016271432, 0.10853307396173477, 0.10825519439052134, 0.10786076221201155, 0.10838112582763036, 0.10852903356918922, 0.10900902400414149, 0.1079072193665938, 0.10880336786309878, 0.10836104931015718, 0.10855178934122835, 0.10890675888017372, 0.10850409577999796, 0.10807542672211473, 0.10941790727277596, 0.1079756762418482, 0.1089995400980115, 0.10851467847824096, 0.10769259482622147, 0.10902207141572778, 0.10812421515583992, 0.10893245551146959, 0.1088494537841706, 0.1074456578741471, 0.1085182199704236, 0.10811793357133866, 0.10846415907144547, 0.10809493313233058, 0.10892840431017034, 0.10953965845207374, 0.10865729972720146, 0.10977440395138481, 0.10766520723700523, 0.10861114183297524, 0.10841388374567032, 0.10928743042879635, 0.10830612374203545, 0.10878184166821567, 0.10897114723920823, 0.10833717347122729, 0.10856456212375475, 0.10957418903708457, 0.10826869532465935, 0.10779602453112602, 0.10930965095758438, 0.10837503251704303, 0.10917388200759888, 0.10952760726213455, 0.10915095110734303, 0.10759027776393024, 0.1084282820423444, 0.10845306647174499, 0.1096143675968051, 0.10838142409920692, 0.10805051177740096, 0.1092759987546338, 0.10948688499629497, 0.10831037376608167, 0.10891629010438919, 0.10916072782129049, 0.10944688864625417, 0.10805450690289338, 0.10891167006709358, 0.10866927877068519, 0.108709751162678, 0.10868782490491867, 0.10827223807573319, 0.10838011428713798, 0.10970222411884202, 0.10937198085917367, 0.1093188817302386, 0.10851279728942448, 0.1090260911732912, 0.10790678014357885, 0.10857159147659938, 0.10967827078543212, 0.1094949644591127, 0.10910862451419234, 0.10880709232555495, 0.10796864454944928, 0.10888694768602197, 0.10878314077854156, 0.10751219143470128, 0.10768824256956577, 0.10887961288293203, 0.1092819416274627, 0.10889326702607305, 0.10821385035912195, 0.10889824603994687, 0.10918520763516426, 0.10832858458161354, 0.10904125733809038, 0.10867583677172661, 0.1084852156539758, 0.10786978608888129, 0.10880838199095293, 0.10917404027921813, 0.10900810526476966, 0.10925228190090921, 0.10921688228845597, 0.10884374176914041, 0.10944903289016925, 0.10909174188323643, 0.10885075889527798, 0.10881669012208779, 0.1089253262258493, 0.1094087225695451, 0.10820933820112892, 0.10870840871020367, 0.10941723397090322, 0.10896883295340971, 0.10861780121922493, 0.10873273152995992, 0.10917356014251708, 0.10939937581618626, 0.11006775548060735, 0.1093597593717277, 0.10827354815873233, 0.10923460977418083, 0.10888700800783493, 0.10871503253777821, 0.10884046012705023, 0.10969967457155387, 0.10872595353672902, 0.10873871967196465, 0.1088488690403043, 0.10765252324442069, 0.10904374867677688, 0.10920076593756675, 0.10857127065008337, 0.10961554571986198, 0.10856353677809238, 0.10800101421773434, 0.10933446092531085, 0.10859776635964712, 0.10837250715121627, 0.10875495783984661, 0.10844814479351043, 0.10864256769418716, 0.10853416522343953, 0.10887891054153442, 0.10882779955863953, 0.10861951485276222, 0.1080174586839146, 0.10816841036081314, 0.10852563008666039, 0.109149532490655, 0.10884705693884329, 0.10948082268238067, 0.10859498133261998, 0.11000935850959075, 0.10921352844813774, 0.10931332867879134, 0.1089242341763833, 0.10876922660014209, 0.10851164475867622, 0.10901755169034004, 0.10936550104192325, 0.10824702028185129, 0.10846623236482794, 0.10861100926995278, 0.10892328210175037, 0.10921142498652141, 0.10902894288301468, 0.1092152123649915, 0.10747424309903925, 0.10925082936882972, 0.10893705753343445, 0.10827030560800008, 0.10898731369525194, 0.10820936933159828, 0.10820293900641528, 0.10827104679562828, 0.10822012628379621, 0.10895983576774597, 0.10841099752320184, 0.10823095714052518, 0.1089791665700349, 0.1086613569747318, 0.10901193987382085, 0.10840827870098027, 0.10799907520413399, 0.10937939509749413, 0.10954828763549979, 0.10854650801047683, 0.10930955335497856, 0.10794247415932742, 0.10804723031245746, 0.10978468439795754, 0.10871649272739888, 0.10911806523799897, 0.10874588191509246, 0.10917303842656753, 0.10880799405276775, 0.10830295085906982, 0.10934971620639165, 0.10862306369976564, 0.10802031511610205, 0.10874765813350677, 0.1089392854935593, 0.10839223218235103, 0.10955177315256813, 0.10927013849670236, 0.10772017848033172, 0.10877225581895221, 0.10918210508922736, 0.10807679765499555, 0.10890334844589233, 0.10916366755962371, 0.10877801477909088, 0.10923431901370778, 0.10953720659017563, 0.1088882139460607, 0.10954755815592679, 0.1092509558567634, 0.10922885189453761, 0.10897652328014373, 0.10837803449895647, 0.10916255186829302, 0.10916321584954858, 0.10846688554567449, 0.10838055025253977, 0.10802401602268219, 0.10880991014150473, 0.10815224264349256, 0.1090744450688362, 0.10883256219900571, 0.10926622673869132, 0.10853753013141228, 0.10910905737962041, 0.10806216875260527, 0.10974475155983653, 0.10849314047531648, 0.10877876556836642, 0.10854489986713116, 0.1085446709766984, 0.1095608644760572, 0.10892981953091091, 0.10864878445863724, 0.10907512940466405, 0.10840545797889883, 0.10912798096736272, 0.10896247334596587, 0.10893032225695523, 0.10912852020313342, 0.10836435342207551, 0.10911614176901904, 0.10942800023726054, 0.10886050689788092, 0.1085535032408578, 0.1071130707859993, 0.1094892370429906, 0.10763716910566602, 0.10928650510807832, 0.10861179507092426, 0.10769636574245635, 0.10823749800523122, 0.10881963275049043, 0.10993589528582313, 0.10867104785782951, 0.10810780376195908, 0.10873659923672677, 0.10901222411881793, 0.10860447362065315, 0.10886751928112724, 0.10795816965401173, 0.10886955882112186, 0.10854563572340542, 0.10937834005145465, 0.10990595711129052, 0.10750237554311752, 0.1100905068218708, 0.10883290982908672, 0.10951299220323563, 0.10872045010328293, 0.10808584690093995, 0.10872306078672409, 0.10875496764977773, 0.10907675006559917, 0.1090729996562004, 0.10802240211230058, 0.10941217057406902, 0.10859635152987071, 0.10849187282785293, 0.10815690209468205, 0.10902329640729087, 0.1077251727382342, 0.1083459197120233, 0.10877672244202007, 0.11004606566645882, 0.10827418281273408, 0.10883249608533722, 0.10801190591376761, 0.10835089048613673, 0.10957931396034029, 0.10827152201762566, 0.1089965949455897, 0.10825608945206593, 0.10947585850954056, 0.10918685545523961, 0.10920966576252665, 0.10767335532342687, 0.10873234117853231, 0.1079799336194992, 0.10875822018299784, 0.10867696938415368, 0.10786882415413857, 0.10938539355993271, 0.10852752912503022, 0.10972979068756103, 0.10942017411192258, 0.10820383443073793, 0.10878213069268636, 0.10980390477925539, 0.10916470971546675, 0.10962438210844994, 0.10843077898025513, 0.10910574677917692, 0.10830012895166874, 0.1093151652150684, 0.10854684859514237, 0.10880606887595994]}