('OC-FakeDect1 (Trained on DFDB Dataset) \nTested on AVG CDFv2 Dataset \nRunning Average Evaluation', 'OC-FakeDect1_DFDB', 'DFDB', 'OC-FakeDect1_DFDB_raeonAVG')
auroc=0.532255234861347
f1=0.6522522522522523
prec=0.9106918238993711
recall=0.5080701754385964

fpr=[0.0, 0.5080701754385964, 1.0]

tpr=[0.0, 0.5725806451612904, 1.0]

y_true=[0, 0, 0, 0, 0, 0, 0, 0, 0, 0, 0, 0, 0, 0, 0, 0, 0, 0, 0, 0, 0, 0, 0, 0, 0, 0, 0, 0, 0, 0, 0, 0, 0, 0, 0, 0, 0, 0, 0, 0, 0, 0, 0, 0, 0, 0, 0, 0, 0, 0, 0, 0, 0, 0, 0, 0, 0, 0, 0, 0, 0, 0, 0, 0, 0, 0, 0, 0, 0, 0, 0, 0, 0, 0, 0, 0, 0, 0, 0, 0, 0, 0, 0, 0, 0, 0, 0, 0, 0, 0, 0, 0, 0, 0, 0, 0, 0, 0, 0, 0, 0, 0, 0, 0, 0, 0, 0, 0, 0, 0, 0, 0, 0, 0, 0, 0, 0, 0, 0, 0, 0, 0, 0, 0, 1, 1, 1, 1, 1, 1, 1, 1, 1, 1, 1, 1, 1, 1, 1, 1, 1, 1, 1, 1, 1, 1, 1, 1, 1, 1, 1, 1, 1, 1, 1, 1, 1, 1, 1, 1, 1, 1, 1, 1, 1, 1, 1, 1, 1, 1, 1, 1, 1, 1, 1, 1, 1, 1, 1, 1, 1, 1, 1, 1, 1, 1, 1, 1, 1, 1, 1, 1, 1, 1, 1, 1, 1, 1, 1, 1, 1, 1, 1, 1, 1, 1, 1, 1, 1, 1, 1, 1, 1, 1, 1, 1, 1, 1, 1, 1, 1, 1, 1, 1, 1, 1, 1, 1, 1, 1, 1, 1, 1, 1, 1, 1, 1, 1, 1, 1, 1, 1, 1, 1, 1, 1, 1, 1, 1, 1, 1, 1, 1, 1, 1, 1, 1, 1, 1, 1, 1, 1, 1, 1, 1, 1, 1, 1, 1, 1, 1, 1, 1, 1, 1, 1, 1, 1, 1, 1, 1, 1, 1, 1, 1, 1, 1, 1, 1, 1, 1, 1, 1, 1, 1, 1, 1, 1, 1, 1, 1, 1, 1, 1, 1, 1, 1, 1, 1, 1, 1, 1, 1, 1, 1, 1, 1, 1, 1, 1, 1, 1, 1, 1, 1, 1, 1, 1, 1, 1, 1, 1, 1, 1, 1, 1, 1, 1, 1, 1, 1, 1, 1, 1, 1, 1, 1, 1, 1, 1, 1, 1, 1, 1, 1, 1, 1, 1, 1, 1, 1, 1, 1, 1, 1, 1, 1, 1, 1, 1, 1, 1, 1, 1, 1, 1, 1, 1, 1, 1, 1, 1, 1, 1, 1, 1, 1, 1, 1, 1, 1, 1, 1, 1, 1, 1, 1, 1, 1, 1, 1, 1, 1, 1, 1, 1, 1, 1, 1, 1, 1, 1, 1, 1, 1, 1, 1, 1, 1, 1, 1, 1, 1, 1, 1, 1, 1, 1, 1, 1, 1, 1, 1, 1, 1, 1, 1, 1, 1, 1, 1, 1, 1, 1, 1, 1, 1, 1, 1, 1, 1, 1, 1, 1, 1, 1, 1, 1, 1, 1, 1, 1, 1, 1, 1, 1, 1, 1, 1, 1, 1, 1, 1, 1, 1, 1, 1, 1, 1, 1, 1, 1, 1, 1, 1, 1, 1, 1, 1, 1, 1, 1, 1, 1, 1, 1, 1, 1, 1, 1, 1, 1, 1, 1, 1, 1, 1, 1, 1, 1, 1, 1, 1, 1, 1, 1, 1, 1, 1, 1, 1, 1, 1, 1, 1, 1, 1, 1, 1, 1, 1, 1, 1, 1, 1, 1, 1, 1, 1, 1, 1, 1, 1, 1, 1, 1, 1, 1, 1, 1, 1, 1, 1, 1, 1, 1, 1, 1, 1, 1, 1, 1, 1, 1, 1, 1, 1, 1, 1, 1, 1, 1, 1, 1, 1, 1, 1, 1, 1, 1, 1, 1, 1, 1, 1, 1, 1, 1, 1, 1, 1, 1, 1, 1, 1, 1, 1, 1, 1, 1, 1, 1, 1, 1, 1, 1, 1, 1, 1, 1, 1, 1, 1, 1, 1, 1, 1, 1, 1, 1, 1, 1, 1, 1, 1, 1, 1, 1, 1, 1, 1, 1, 1, 1, 1, 1, 1, 1, 1, 1, 1, 1, 1, 1, 1, 1, 1, 1, 1, 1, 1, 1, 1, 1, 1, 1, 1, 1, 1, 1, 1, 1, 1, 1, 1, 1, 1, 1, 1, 1, 1, 1, 1, 1, 1, 1, 1, 1, 1, 1, 1, 1, 1, 1, 1, 1, 1, 1, 1, 1, 1, 1, 1, 1, 1, 1, 1, 1, 1, 1, 1, 1, 1, 1, 1, 1, 1, 1, 1, 1, 1, 1, 1, 1, 1, 1, 1, 1, 1, 1, 1, 1, 1, 1, 1, 1, 1, 1, 1, 1, 1, 1, 1, 1, 1, 1, 1, 1, 1, 1, 1, 1, 1, 1, 1, 1, 1, 1, 1, 1, 1, 1, 1, 1, 1, 1, 1, 1, 1, 1, 1, 1, 1, 1, 1, 1, 1, 1, 1, 1, 1, 1, 1, 1, 1, 1, 1, 1, 1, 1, 1, 1, 1, 1, 1, 1, 1, 1, 1, 1, 1, 1, 1, 1, 1, 1, 1, 1, 1, 1, 1, 1, 1, 1, 1, 1, 1, 1, 1, 1, 1, 1, 1, 1, 1, 1, 1, 1, 1, 1, 1, 1, 1, 1, 1, 1, 1, 1, 1, 1, 1, 1, 1, 1, 1, 1, 1, 1, 1, 1, 1, 1, 1, 1, 1, 1, 1, 1, 1, 1, 1, 1, 1, 1, 1, 1, 1, 1, 1, 1, 1, 1, 1, 1, 1, 1, 1, 1, 1, 1, 1, 1, 1, 1, 1, 1, 1, 1, 1, 1, 1, 1, 1, 1, 1, 1, 1, 1, 1, 1, 1, 1, 1, 1, 1, 1, 1, 1, 1, 1, 1, 1, 1, 1, 1, 1, 1, 1, 1, 1, 1, 1, 1, 1, 1, 1, 1, 1, 1, 1, 1, 1, 1, 1, 1, 1, 1, 1, 1, 1, 1, 1, 1, 1, 1, 1, 1, 1, 1, 1, 1, 1, 1, 1, 1, 1, 1, 1, 1, 1, 1, 1, 1, 1, 1, 1, 1, 1, 1, 1, 1, 1, 1, 1, 1, 1, 1, 1, 1, 1, 1, 1, 1, 1, 1, 1, 1, 1, 1, 1, 1, 1, 1, 1, 1, 1, 1, 1, 1, 1, 1, 1, 1, 1, 1, 1, 1, 1, 1, 1, 1, 1, 1, 1, 1, 1, 1, 1, 1, 1, 1, 1, 1, 1, 1, 1, 1, 1, 1, 1, 1, 1, 1, 1, 1, 1, 1, 1, 1, 1, 1, 1, 1, 1, 1, 1, 1, 1, 1, 1, 1, 1, 1, 1, 1, 1, 1, 1, 1, 1, 1, 1, 1, 1, 1, 1, 1, 1, 1, 1, 1, 1, 1, 1, 1, 1, 1, 1, 1, 1, 1, 1, 1, 1, 1, 1, 1, 1, 1, 1, 1, 1, 1, 1, 1, 1, 1, 1, 1, 1, 1, 1, 1, 1, 1, 1, 1, 1, 1, 1, 1, 1, 1, 1, 1, 1, 1, 1, 1, 1, 1, 1, 1, 1, 1, 1, 1, 1, 1, 1, 1, 1, 1, 1, 1, 1, 1, 1, 1, 1, 1, 1, 1, 1, 1, 1, 1, 1, 1, 1, 1, 1, 1, 1, 1, 1, 1, 1, 1, 1, 1, 1, 1, 1, 1, 1, 1, 1, 1, 1, 1, 1, 1, 1, 1, 1, 1, 1, 1, 1, 1, 1, 1, 1, 1, 1, 1, 1, 1, 1, 1, 1, 1, 1, 1, 1, 1, 1, 1, 1, 1, 1, 1, 1, 1, 1, 1, 1, 1, 1, 1, 1, 1, 1, 1, 1, 1, 1, 1, 1, 1, 1, 1, 1, 1, 1, 1, 1, 1, 1, 1, 1, 1, 1, 1, 1, 1, 1, 1, 1, 1, 1, 1, 1, 1, 1, 1, 1, 1, 1, 1, 1, 1, 1, 1, 1, 1, 1, 1, 1, 1, 1, 1, 1, 1, 1, 1, 1, 1, 1, 1, 1, 1, 1, 1, 1, 1, 1, 1, 1, 1, 1, 1, 1, 1, 1, 1, 1, 1, 1, 1, 1, 1, 1, 1, 1, 1, 1, 1, 1, 1, 1, 1, 1, 1, 1, 1, 1, 1, 1, 1, 1, 1, 1, 1, 1, 1, 1, 1, 1, 1, 1, 1, 1, 1, 1, 1, 1, 1, 1, 1, 1, 1, 1, 1, 1, 1, 1, 1, 1, 1, 1, 1, 1, 1, 1, 1, 1, 1, 1, 1, 1, 1, 1, 1, 1, 1, 1, 1, 1, 1, 1, 1, 1, 1, 1, 1, 1, 1, 1, 1, 1, 1, 1, 1, 1, 1, 1, 1, 1, 1, 1, 1, 1, 1, 1, 1, 1, 1, 1, 1, 1, 1, 1, 1, 1, 1, 1, 1, 1, 1, 1, 1, 1, 1, 1, 1, 1, 1, 1, 1, 1, 1, 1, 1, 1, 1, 1, 1, 1, 1, 1, 1, 1, 1, 1, 1, 1, 1, 1, 1, 1, 1, 1, 1, 1, 1, 1, 1, 1, 1, 1, 1, 1, 1, 1, 1, 1, 1, 1, 1, 1, 1, 1, 1, 1, 1, 1, 1, 1, 1, 1, 1, 1, 1, 1, 1, 1, 1, 1, 1, 1, 1, 1, 1, 1, 1, 1, 1, 1, 1, 1, 1, 1, 1, 1, 1, 1, 1, 1, 1, 1, 1, 1, 1, 1, 1, 1, 1, 1, 1, 1, 1, 1, 1, 1, 1, 1, 1, 1, 1, 1, 1, 1, 1, 1, 1, 1, 1, 1, 1, 1, 1, 1, 1, 1, 1, 1, 1, 1, 1, 1, 1, 1, 1, 1, 1, 1, 1, 1, 1, 1, 1, 1, 1, 1, 1, 1, 1, 1, 1, 1, 1, 1, 1, 1, 1, 1, 1]

y_pred=[0.0, 1.0, 1.0, 1.0, 1.0, 0.0, 0.0, 0.0, 0.0, 1.0, 1.0, 1.0, 1.0, 1.0, 1.0, 0.0, 1.0, 0.0, 0.0, 0.0, 0.0, 0.0, 1.0, 1.0, 0.0, 0.0, 1.0, 1.0, 0.0, 1.0, 1.0, 0.0, 0.0, 0.0, 0.0, 1.0, 0.0, 0.0, 1.0, 1.0, 0.0, 1.0, 1.0, 0.0, 1.0, 0.0, 0.0, 0.0, 1.0, 0.0, 1.0, 0.0, 0.0, 0.0, 1.0, 1.0, 1.0, 1.0, 0.0, 0.0, 1.0, 1.0, 0.0, 1.0, 1.0, 1.0, 1.0, 0.0, 0.0, 0.0, 1.0, 1.0, 1.0, 0.0, 1.0, 0.0, 1.0, 0.0, 1.0, 0.0, 0.0, 0.0, 0.0, 0.0, 0.0, 0.0, 0.0, 0.0, 0.0, 1.0, 0.0, 1.0, 0.0, 1.0, 0.0, 0.0, 1.0, 0.0, 1.0, 0.0, 1.0, 0.0, 1.0, 1.0, 0.0, 0.0, 1.0, 0.0, 1.0, 0.0, 0.0, 1.0, 0.0, 0.0, 0.0, 0.0, 0.0, 0.0, 0.0, 0.0, 0.0, 1.0, 0.0, 0.0, 0.0, 1.0, 1.0, 0.0, 0.0, 0.0, 0.0, 1.0, 1.0, 0.0, 0.0, 0.0, 1.0, 1.0, 0.0, 0.0, 1.0, 1.0, 0.0, 1.0, 0.0, 0.0, 0.0, 1.0, 1.0, 1.0, 0.0, 1.0, 0.0, 0.0, 1.0, 1.0, 1.0, 0.0, 0.0, 1.0, 0.0, 1.0, 0.0, 0.0, 0.0, 0.0, 1.0, 0.0, 0.0, 0.0, 1.0, 0.0, 0.0, 1.0, 1.0, 0.0, 1.0, 1.0, 1.0, 1.0, 0.0, 0.0, 0.0, 1.0, 1.0, 0.0, 1.0, 1.0, 1.0, 0.0, 1.0, 0.0, 0.0, 1.0, 1.0, 1.0, 1.0, 0.0, 0.0, 0.0, 0.0, 0.0, 1.0, 0.0, 1.0, 1.0, 0.0, 1.0, 1.0, 0.0, 0.0, 0.0, 1.0, 0.0, 1.0, 1.0, 0.0, 0.0, 1.0, 1.0, 1.0, 1.0, 1.0, 0.0, 0.0, 0.0, 0.0, 1.0, 0.0, 0.0, 0.0, 1.0, 0.0, 1.0, 1.0, 0.0, 0.0, 0.0, 1.0, 0.0, 0.0, 1.0, 1.0, 0.0, 0.0, 0.0, 0.0, 0.0, 0.0, 0.0, 1.0, 1.0, 1.0, 1.0, 1.0, 0.0, 1.0, 1.0, 1.0, 1.0, 0.0, 1.0, 1.0, 0.0, 1.0, 1.0, 0.0, 0.0, 1.0, 0.0, 0.0, 1.0, 0.0, 0.0, 1.0, 1.0, 1.0, 1.0, 1.0, 0.0, 0.0, 0.0, 1.0, 1.0, 0.0, 0.0, 1.0, 0.0, 1.0, 1.0, 0.0, 0.0, 1.0, 0.0, 1.0, 1.0, 0.0, 0.0, 0.0, 0.0, 0.0, 0.0, 0.0, 0.0, 1.0, 0.0, 1.0, 0.0, 0.0, 1.0, 1.0, 1.0, 0.0, 0.0, 0.0, 0.0, 0.0, 1.0, 0.0, 0.0, 0.0, 0.0, 1.0, 1.0, 1.0, 1.0, 0.0, 0.0, 0.0, 0.0, 1.0, 1.0, 0.0, 0.0, 1.0, 1.0, 1.0, 1.0, 1.0, 0.0, 0.0, 1.0, 1.0, 1.0, 1.0, 1.0, 1.0, 0.0, 1.0, 1.0, 0.0, 0.0, 0.0, 0.0, 1.0, 1.0, 1.0, 0.0, 0.0, 1.0, 0.0, 0.0, 1.0, 0.0, 1.0, 0.0, 0.0, 1.0, 0.0, 1.0, 1.0, 1.0, 0.0, 1.0, 0.0, 1.0, 0.0, 0.0, 0.0, 1.0, 0.0, 0.0, 1.0, 1.0, 1.0, 1.0, 1.0, 0.0, 1.0, 1.0, 0.0, 0.0, 0.0, 0.0, 1.0, 1.0, 1.0, 1.0, 0.0, 0.0, 1.0, 1.0, 1.0, 1.0, 0.0, 1.0, 1.0, 1.0, 0.0, 1.0, 1.0, 1.0, 0.0, 0.0, 0.0, 0.0, 0.0, 0.0, 1.0, 1.0, 1.0, 0.0, 1.0, 1.0, 1.0, 1.0, 1.0, 0.0, 1.0, 1.0, 0.0, 0.0, 1.0, 0.0, 0.0, 1.0, 1.0, 0.0, 1.0, 1.0, 1.0, 0.0, 1.0, 0.0, 1.0, 0.0, 0.0, 1.0, 1.0, 0.0, 1.0, 0.0, 0.0, 1.0, 0.0, 1.0, 0.0, 1.0, 0.0, 1.0, 0.0, 1.0, 0.0, 1.0, 1.0, 0.0, 0.0, 0.0, 0.0, 0.0, 0.0, 0.0, 1.0, 0.0, 0.0, 0.0, 0.0, 0.0, 0.0, 1.0, 1.0, 0.0, 1.0, 0.0, 0.0, 0.0, 0.0, 0.0, 1.0, 0.0, 0.0, 1.0, 1.0, 1.0, 1.0, 1.0, 1.0, 0.0, 0.0, 0.0, 0.0, 0.0, 0.0, 0.0, 0.0, 0.0, 0.0, 1.0, 0.0, 0.0, 1.0, 1.0, 1.0, 0.0, 0.0, 0.0, 1.0, 1.0, 0.0, 0.0, 1.0, 1.0, 1.0, 0.0, 0.0, 1.0, 1.0, 0.0, 1.0, 0.0, 1.0, 1.0, 1.0, 0.0, 1.0, 0.0, 0.0, 0.0, 1.0, 0.0, 0.0, 0.0, 0.0, 0.0, 1.0, 0.0, 1.0, 1.0, 1.0, 0.0, 1.0, 0.0, 1.0, 0.0, 1.0, 1.0, 0.0, 1.0, 1.0, 1.0, 1.0, 1.0, 1.0, 0.0, 1.0, 0.0, 1.0, 0.0, 0.0, 0.0, 1.0, 1.0, 0.0, 1.0, 0.0, 0.0, 1.0, 0.0, 0.0, 0.0, 1.0, 0.0, 0.0, 1.0, 0.0, 0.0, 1.0, 1.0, 1.0, 1.0, 0.0, 0.0, 1.0, 0.0, 0.0, 0.0, 1.0, 0.0, 0.0, 0.0, 0.0, 1.0, 1.0, 1.0, 1.0, 1.0, 1.0, 1.0, 0.0, 0.0, 0.0, 1.0, 0.0, 1.0, 1.0, 0.0, 0.0, 0.0, 1.0, 0.0, 1.0, 1.0, 1.0, 1.0, 0.0, 1.0, 0.0, 1.0, 0.0, 0.0, 1.0, 0.0, 1.0, 1.0, 0.0, 0.0, 0.0, 1.0, 1.0, 1.0, 0.0, 0.0, 0.0, 1.0, 0.0, 1.0, 1.0, 0.0, 1.0, 0.0, 1.0, 1.0, 0.0, 0.0, 0.0, 1.0, 0.0, 1.0, 0.0, 1.0, 0.0, 1.0, 1.0, 0.0, 1.0, 0.0, 0.0, 0.0, 0.0, 1.0, 0.0, 0.0, 1.0, 1.0, 1.0, 1.0, 1.0, 1.0, 0.0, 0.0, 0.0, 0.0, 0.0, 1.0, 0.0, 1.0, 1.0, 1.0, 0.0, 1.0, 1.0, 0.0, 1.0, 0.0, 1.0, 1.0, 1.0, 1.0, 1.0, 0.0, 0.0, 1.0, 0.0, 0.0, 1.0, 1.0, 0.0, 0.0, 1.0, 0.0, 0.0, 1.0, 1.0, 0.0, 0.0, 0.0, 0.0, 0.0, 0.0, 1.0, 1.0, 0.0, 0.0, 0.0, 1.0, 0.0, 0.0, 1.0, 0.0, 0.0, 1.0, 1.0, 1.0, 0.0, 0.0, 1.0, 0.0, 1.0, 0.0, 1.0, 0.0, 1.0, 0.0, 1.0, 0.0, 1.0, 0.0, 0.0, 1.0, 1.0, 0.0, 1.0, 1.0, 0.0, 1.0, 0.0, 1.0, 0.0, 0.0, 0.0, 1.0, 0.0, 0.0, 1.0, 0.0, 1.0, 1.0, 0.0, 1.0, 1.0, 0.0, 1.0, 0.0, 0.0, 1.0, 1.0, 1.0, 0.0, 0.0, 0.0, 0.0, 0.0, 1.0, 0.0, 1.0, 0.0, 0.0, 1.0, 0.0, 0.0, 1.0, 1.0, 1.0, 1.0, 0.0, 0.0, 1.0, 1.0, 0.0, 1.0, 1.0, 0.0, 0.0, 0.0, 0.0, 1.0, 1.0, 0.0, 0.0, 1.0, 0.0, 0.0, 0.0, 0.0, 1.0, 0.0, 1.0, 0.0, 1.0, 1.0, 1.0, 0.0, 1.0, 0.0, 1.0, 1.0, 1.0, 1.0, 0.0, 0.0, 1.0, 1.0, 0.0, 1.0, 1.0, 0.0, 0.0, 1.0, 1.0, 0.0, 1.0, 0.0, 1.0, 0.0, 0.0, 1.0, 1.0, 0.0, 0.0, 0.0, 0.0, 1.0, 1.0, 1.0, 0.0, 1.0, 1.0, 0.0, 1.0, 1.0, 0.0, 0.0, 0.0, 0.0, 1.0, 1.0, 0.0, 1.0, 1.0, 1.0, 0.0, 1.0, 0.0, 1.0, 1.0, 0.0, 0.0, 0.0, 1.0, 1.0, 1.0, 0.0, 0.0, 1.0, 1.0, 0.0, 1.0, 0.0, 1.0, 1.0, 0.0, 1.0, 1.0, 1.0, 0.0, 0.0, 1.0, 0.0, 0.0, 0.0, 1.0, 0.0, 1.0, 0.0, 1.0, 1.0, 0.0, 0.0, 1.0, 0.0, 0.0, 0.0, 1.0, 0.0, 0.0, 0.0, 1.0, 0.0, 1.0, 1.0, 0.0, 0.0, 1.0, 0.0, 1.0, 0.0, 1.0, 0.0, 1.0, 1.0, 0.0, 1.0, 0.0, 0.0, 0.0, 0.0, 1.0, 0.0, 0.0, 0.0, 0.0, 1.0, 1.0, 1.0, 1.0, 0.0, 1.0, 1.0, 1.0, 0.0, 0.0, 1.0, 1.0, 0.0, 1.0, 1.0, 0.0, 0.0, 0.0, 0.0, 0.0, 1.0, 0.0, 0.0, 0.0, 1.0, 1.0, 0.0, 0.0, 0.0, 0.0, 0.0, 1.0, 1.0, 1.0, 0.0, 1.0, 0.0, 1.0, 0.0, 1.0, 1.0, 1.0, 1.0, 1.0, 1.0, 0.0, 0.0, 0.0, 1.0, 0.0, 1.0, 0.0, 1.0, 0.0, 1.0, 1.0, 1.0, 0.0, 1.0, 1.0, 1.0, 0.0, 1.0, 1.0, 1.0, 0.0, 1.0, 0.0, 1.0, 1.0, 1.0, 0.0, 0.0, 1.0, 0.0, 0.0, 1.0, 1.0, 0.0, 0.0, 1.0, 1.0, 0.0, 1.0, 0.0, 0.0, 0.0, 1.0, 1.0, 1.0, 0.0, 0.0, 1.0, 1.0, 0.0, 0.0, 0.0, 1.0, 1.0, 0.0, 0.0, 0.0, 0.0, 0.0, 0.0, 0.0, 0.0, 0.0, 1.0, 0.0, 1.0, 1.0, 1.0, 0.0, 1.0, 0.0, 0.0, 0.0, 0.0, 1.0, 1.0, 0.0, 1.0, 0.0, 0.0, 1.0, 1.0, 1.0, 1.0, 0.0, 1.0, 1.0, 0.0, 0.0, 0.0, 1.0, 0.0, 1.0, 0.0, 0.0, 1.0, 1.0, 1.0, 1.0, 0.0, 1.0, 0.0, 0.0, 1.0, 0.0, 1.0, 1.0, 1.0, 1.0, 0.0, 1.0, 1.0, 0.0, 1.0, 1.0, 0.0, 0.0, 0.0, 1.0, 0.0, 1.0, 0.0, 1.0, 0.0, 1.0, 1.0, 0.0, 0.0, 0.0, 1.0, 1.0, 0.0, 0.0, 1.0, 1.0, 1.0, 1.0, 0.0, 1.0, 0.0, 1.0, 1.0, 1.0, 0.0, 1.0, 1.0, 0.0, 1.0, 0.0, 1.0, 0.0, 1.0, 0.0, 1.0, 0.0, 0.0, 1.0, 1.0, 0.0, 1.0, 0.0, 1.0, 1.0, 1.0, 0.0, 1.0, 0.0, 1.0, 0.0, 0.0, 0.0, 1.0, 0.0, 1.0, 0.0, 0.0, 1.0, 1.0, 1.0, 0.0, 1.0, 0.0, 0.0, 1.0, 0.0, 0.0, 1.0, 0.0, 0.0, 0.0, 1.0, 0.0, 0.0, 1.0, 0.0, 1.0, 0.0, 1.0, 0.0, 0.0, 0.0, 1.0, 0.0, 1.0, 0.0, 1.0, 1.0, 0.0, 1.0, 0.0, 0.0, 1.0, 1.0, 0.0, 0.0, 0.0, 1.0, 0.0, 0.0, 0.0, 1.0, 1.0, 0.0, 1.0, 1.0, 1.0, 0.0, 1.0, 1.0, 1.0, 0.0, 1.0, 1.0, 0.0, 1.0, 1.0, 1.0, 0.0, 0.0, 1.0, 0.0, 1.0, 1.0, 1.0, 0.0, 0.0, 1.0, 0.0, 1.0, 0.0, 0.0, 0.0, 0.0, 0.0, 0.0, 0.0, 0.0, 1.0, 0.0, 1.0, 1.0, 0.0, 1.0, 0.0, 1.0, 1.0, 1.0, 1.0, 1.0, 1.0, 0.0, 1.0, 1.0, 1.0, 0.0, 1.0, 0.0, 0.0, 1.0, 1.0, 0.0, 1.0, 1.0, 0.0, 1.0, 1.0, 1.0, 1.0, 0.0, 1.0, 1.0, 1.0, 0.0, 0.0, 1.0, 0.0, 1.0, 0.0, 0.0, 1.0, 1.0, 1.0, 1.0, 1.0, 0.0, 1.0, 0.0, 1.0, 0.0, 0.0, 0.0, 0.0, 1.0, 0.0, 0.0, 0.0, 0.0, 0.0, 1.0, 1.0, 0.0, 1.0, 0.0, 0.0, 1.0, 0.0, 1.0, 0.0, 1.0, 0.0, 0.0, 0.0, 1.0, 0.0, 0.0, 0.0, 0.0, 0.0, 0.0, 0.0, 1.0, 1.0, 1.0, 1.0, 1.0, 0.0, 0.0, 0.0, 0.0, 0.0, 1.0, 1.0, 1.0, 0.0, 1.0, 0.0, 0.0, 1.0, 1.0, 0.0, 0.0, 0.0, 1.0, 1.0, 1.0, 1.0, 1.0, 1.0, 0.0, 0.0, 0.0, 0.0, 1.0, 0.0, 1.0, 0.0, 0.0, 0.0, 1.0, 1.0, 1.0, 0.0, 1.0, 0.0, 1.0, 0.0, 1.0, 1.0, 0.0, 0.0, 1.0, 1.0, 1.0, 0.0, 1.0, 1.0, 0.0, 1.0, 0.0, 0.0, 0.0, 0.0, 1.0, 1.0, 0.0, 1.0, 0.0, 0.0, 1.0, 1.0, 0.0, 1.0, 0.0, 0.0, 0.0, 1.0, 0.0, 0.0, 1.0, 1.0, 0.0, 1.0, 1.0, 1.0, 0.0, 1.0, 0.0, 0.0, 1.0, 0.0, 0.0, 1.0, 0.0, 1.0, 1.0, 1.0, 0.0, 1.0, 1.0, 0.0, 1.0, 1.0, 0.0, 1.0, 1.0, 0.0, 1.0, 1.0, 1.0, 1.0, 0.0, 1.0, 0.0, 1.0, 1.0, 1.0, 1.0, 0.0, 0.0, 0.0, 0.0, 0.0, 1.0, 0.0, 1.0, 0.0, 0.0, 1.0, 1.0, 1.0, 0.0, 0.0, 1.0, 1.0, 1.0, 0.0, 0.0, 1.0, 0.0, 0.0, 1.0, 0.0, 1.0, 1.0, 1.0, 1.0, 1.0, 0.0, 0.0, 1.0, 1.0, 1.0, 0.0, 1.0, 1.0, 0.0, 1.0, 0.0, 0.0, 0.0, 0.0, 1.0, 1.0, 0.0, 1.0, 0.0, 0.0, 0.0, 0.0, 1.0, 1.0, 0.0, 0.0, 0.0, 1.0, 0.0, 1.0, 1.0, 1.0, 0.0, 1.0, 1.0, 1.0, 0.0, 0.0, 1.0, 1.0, 0.0, 0.0, 0.0, 1.0, 1.0, 0.0, 1.0, 1.0, 0.0, 1.0, 0.0, 1.0, 1.0, 0.0, 1.0, 0.0, 1.0, 0.0, 0.0, 0.0, 1.0, 1.0, 0.0, 0.0, 1.0, 0.0, 1.0, 1.0, 0.0, 0.0, 0.0, 0.0, 0.0, 0.0, 0.0, 0.0]
\score={0: [0.1863115973332349, 0.18822043687105178, 0.1883114218711853, 0.18914220109581947, 0.18905462076266608, 0.18752139061689377, 0.18579512503412035, 0.18759868343671163, 0.18682913929224015, 0.18915125562085044, 0.1889279862244924, 0.18946233093738557, 0.18865443553243363, 0.18787566423416138, 0.18934348970651627, 0.18700245420138042, 0.18905403465032578, 0.18754161794980367, 0.18688653856515886, 0.18706358330590384, 0.18679225674042335, 0.1863345939379472, 0.1883120226363341, 0.1889881948630015, 0.18647206255367824, 0.18649751245975493, 0.18896711398573482, 0.19078758358955383, 0.18611745660503706, 0.1887225498755773, 0.18929667274157205, 0.18520209938287735, 0.18653218041766773, 0.1862731397151947, 0.18722008971067575, 0.18883361087905037, 0.18702375516295433, 0.18680995404720308, 0.1882992833852768, 0.18783603608608246, 0.18685895651578904, 0.18801044207066298, 0.1882423329002717, 0.1867768131196499, 0.1880992241203785, 0.18746780554453532, 0.18632612070616553, 0.1872318794329961, 0.18960824310779573, 0.18776914353171983, 0.18935162099924954, 0.1877885118126869, 0.18709842529561785, 0.1871616067364812, 0.18838723462361556, 0.1879481077194214, 0.18821904559930167, 0.1895778740153593, 0.18711531839587472, 0.18730166753133137, 0.18925188056060246, 0.18875307589769363, 0.1856209859251976, 0.1881873740090264, 0.18946121508876482, 0.1897475253790617, 0.19035100936889648, 0.18726421892642975, 0.1859601724606294, 0.1866728514432907, 0.18851804435253144, 0.1891320560659681, 0.1886026680469513, 0.18519948422908783, 0.18864651701667093, 0.1859337231144309, 0.18898943439126015, 0.18737285708387694, 0.18969324773008173, 0.1874145656824112, 0.186576078645885, 0.1874833047389984, 0.18654023110866547, 0.1861416906118393, 0.18734167380766434, 0.18762704332669575, 0.18689580803567712, 0.18725485478838286, 0.18730917147227696, 0.1887342557311058, 0.18656001411951506, 0.1880682831009229, 0.1863800961720316, 0.18857376898328462, 0.1865165005127589, 0.1875096490749946, 0.1882288157939911, 0.18766128753914552, 0.18856372386217118, 0.18711954881163204, 0.18920139372348785, 0.18731686587517077, 0.1894495870385851, 0.18881706367520726, 0.1869932139913241, 0.1868241773918271, 0.18871492853290156, 0.1873122289776802, 0.18864462205341884, 0.18735533602097454, 0.18710124120116234, 0.18846798630861136, 0.18535539507865906, 0.18647663409893328, 0.18749876817067465, 0.18698051678282873, 0.18636829338290475, 0.1874241175559851, 0.18681558002443874, 0.18744747447116034, 0.18569816201925277, 0.18856137593587238, 0.18683634239893693, 0.18673814291303809], 1: [0.18658957523959024, 0.18805456757545472, 0.18973834663629532, 0.1870936006307602, 0.1863606907427311, 0.18658179144064585, 0.18768762449423473, 0.1890656569829354, 0.18793082535266875, 0.1873515511260313, 0.1876851276439779, 0.18660339984026822, 0.18998847603797914, 0.18795905262231827, 0.186882084608078, 0.18765635788440704, 0.18847788870334625, 0.1880775668791362, 0.18713985112580386, 0.1890513926744461, 0.1873472524540765, 0.18637373584967393, 0.18769567140511104, 0.1879690012761525, 0.19009024040265518, 0.18868029862642288, 0.1866069318992751, 0.18902993202209473, 0.186927936398066, 0.18772738302747408, 0.18869780451059343, 0.18809131905436516, 0.18833905179053545, 0.18719292283058167, 0.1866298938790957, 0.18796364404261112, 0.1871957004070282, 0.187927458435297, 0.18716663718223572, 0.18661755323410034, 0.1869753636419773, 0.18646351993083954, 0.18780857026576997, 0.18647328143318495, 0.18686549094590274, 0.18759192526340485, 0.1888045221567154, 0.1875187039375305, 0.18676267670733587, 0.18811332881450654, 0.1893643319606781, 0.18684947590033213, 0.18879304639995098, 0.18970835208892822, 0.1908390074968338, 0.18829814860453972, 0.187378260307014, 0.18719435057469777, 0.1865561306476593, 0.18810104231039684, 0.18871216972668967, 0.1875891387462616, 0.18814260684526884, 0.1882573753595352, 0.1879701465368271, 0.18457004834305157, 0.18868603433171907, 0.18772752583026886, 0.18714186425010362, 0.18832510845227676, 0.1881002845863501, 0.18821542538129366, 0.18825445771217347, 0.18700995544592539, 0.18697397013505299, 0.18664004802703857, 0.18773953158121842, 0.18755295723676682, 0.1903003931045532, 0.18723633008844712, 0.18884690602620444, 0.18819833766011632, 0.18772434492905934, 0.18793882773472712, 0.18794672284275293, 0.187706497999338, 0.18777912625899681, 0.1861575422808528, 0.18886235803365709, 0.1863933652639389, 0.18828000724315644, 0.18819077042016116, 0.18765916426976523, 0.1877937763929367, 0.1881321832537651, 0.18857918431361517, 0.18888647258281707, 0.19146861881017685, 0.18956300988793373, 0.18722902437051137, 0.18696601390838624, 0.1863560825586319, 0.1873700334267183, 0.18896801322698592, 0.1876629814505577, 0.187262624502182, 0.1839661846558253, 0.1887086917247091, 0.18702752739191056, 0.18782566289107006, 0.1896059550344944, 0.18723166547715664, 0.1864917318026225, 0.18751327906336104, 0.1881849582378681, 0.18766525089740754, 0.1870959222316742, 0.18843765755494435, 0.18827635794878006, 0.1859365620396354, 0.18614003700869425, 0.18617307394742966, 0.18576619923114776, 0.18704980115095773, 0.18771353470427649, 0.1866593360900879, 0.18821017788006708, 0.18802644461393356, 0.18824446902555578, 0.18808948451822455, 0.18795760141478646, 0.18553878217935563, 0.18921567251284918, 0.18857460469007492, 0.18798649162054062, 0.1887177437543869, 0.18720302648014492, 0.1886180743575096, 0.18925568709770837, 0.1871202439069748, 0.187957305709521, 0.18845683534940083, 0.18572958186268806, 0.1869188460210959, 0.1879124477505684, 0.1870408723751704, 0.18751189410686492, 0.18847848176956178, 0.18649188987910748, 0.1874227935776991, 0.18986807887752852, 0.18918475011984506, 0.18917948752641678, 0.18790315091609955, 0.18857319777210554, 0.18779800087213516, 0.18761172331869602, 0.1872980839439801, 0.18916660640388727, 0.18976932076307443, 0.1873809446891149, 0.18638040032237768, 0.18788023731287787, 0.18756660918394724, 0.18939991891384125, 0.18873488306999206, 0.18654987340172133, 0.1869070788224538, 0.1883452465136846, 0.18640283346176148, 0.18867382258176804, 0.18877944923364198, 0.18766220938414335, 0.1874079555273056, 0.1876988522708416, 0.18726271291573843, 0.18743478032675656, 0.18685491780440014, 0.18679749965667725, 0.1869691482612065, 0.18903524552782378, 0.18657944972316423, 0.18847377432717216, 0.186226549744606, 0.18704369763533274, 0.18800278902053832, 0.1896898254752159, 0.1883597642183304, 0.18684875816106797, 0.18676504641771316, 0.18665324027339616, 0.18766183807299688, 0.186777886417177, 0.18849785129229227, 0.18776480214936392, 0.18705950038773672, 0.18612180913195892, 0.1872872829437256, 0.18805596638809552, 0.1879850156032122, 0.18822864691416422, 0.18780352771282197, 0.18699313302834827, 0.18759919330477715, 0.18716444240676033, 0.1874732905998826, 0.18817623456319174, 0.18847255011399586, 0.186072972204004, 0.18744647304217021, 0.18790881484746932, 0.18865592990602767, 0.18886830906073251, 0.18974975310266018, 0.18845539934494915, 0.18660287111997603, 0.18724370300769805, 0.18907416313886644, 0.18803741725591513, 0.18781654205587175, 0.18867420125752687, 0.18876586854457855, 0.18893534583704813, 0.18730388581752777, 0.18877517990767956, 0.18829151690006257, 0.1868330112525395, 0.18638140911405737, 0.18770350416501363, 0.18639134672971872, 0.18973158299922943, 0.18863227557052265, 0.18957514129579067, 0.18622900983866522, 0.1875859566710212, 0.1882768452167511, 0.18720769012967745, 0.186440147459507, 0.18804337084293365, 0.18619156832044775, 0.18829853374224442, 0.18750627007749346, 0.18673748075962066, 0.18849456186095873, 0.18776439037173986, 0.18931702743558323, 0.18843514937907457, 0.18809118742744127, 0.18737202882766724, 0.1880908265709877, 0.18659685676296553, 0.19003468602895737, 0.18640629811720413, 0.18723786473274232, 0.1876006692647934, 0.1881280869245529, 0.18640719583401313, 0.18755059058849627, 0.18918528101023505, 0.18801860014597574, 0.18831481956518614, 0.18780165222974923, 0.18863164207765035, 0.18758729696273804, 0.18846174329519272, 0.18820511400699616, 0.18776958485444387, 0.187722110748291, 0.1876769190033277, 0.187423064158513, 0.18801313989302693, 0.18791508302092552, 0.18793295236194835, 0.18818666338920592, 0.1856229074976661, 0.18710247107914516, 0.18911085575819014, 0.18886910264308637, 0.18854994277159373, 0.18809047078385072, 0.1868549957871437, 0.18870752304792404, 0.18785078326861063, 0.1890646278858185, 0.1873473584651947, 0.1878884541136878, 0.187874432404836, 0.18841938060872696, 0.18639768021447317, 0.1875427784398198, 0.18700014501810075, 0.18743616176976097, 0.18727182894945144, 0.18604392806688944, 0.18918924828370412, 0.1886893485983213, 0.18838768771716527, 0.18646230949805334, 0.18817599805501792, 0.188725046813488, 0.18895889446139336, 0.18906883624466983, 0.18892719679408604, 0.18766099214553833, 0.18876863221327464, 0.18790050799196417, 0.1872637260418672, 0.18755229860544204, 0.1892923762400945, 0.18684083223342896, 0.18644159535566965, 0.18782410621643067, 0.1908204287290573, 0.18575714379549027, 0.18880520636836687, 0.18786838981840345, 0.18808964919298887, 0.18613534623926337, 0.18787360733205621, 0.18760111182928085, 0.19059429441889128, 0.1866035242875417, 0.18598181108633677, 0.18863286698857942, 0.18898132294416428, 0.18664855460325877, 0.18782449141144753, 0.1877403811496847, 0.1868810663620631, 0.1880969192300524, 0.18676990270614624, 0.19065689742565156, 0.18510671854019164, 0.1881991758942604, 0.18686755299568175, 0.1884232997894287, 0.18586419274409613, 0.18791657239198684, 0.18599633978945868, 0.1896697779496511, 0.18903176188468934, 0.18734918683767318, 0.18715022628506026, 0.18747520872524806, 0.1869011789560318, 0.18610081672668458, 0.18662653068701426, 0.1872408390045166, 0.18918240467707317, 0.18711212929338217, 0.18610644603476806, 0.18708579012980828, 0.1862122519658162, 0.18651510179042816, 0.18752333223819734, 0.1890885846482383, 0.18826476335525513, 0.18771020770072938, 0.18930468757947286, 0.18774611316621304, 0.18725544078783554, 0.1870121918618679, 0.18690152168273927, 0.18763506809870403, 0.18844051783283552, 0.1875220537185669, 0.18724777262944442, 0.1890370061000188, 0.1894297632906172, 0.18831102848052977, 0.18809165358543395, 0.187997135023276, 0.18912270550544447, 0.18734438866376876, 0.18777961603232793, 0.18772887686888376, 0.18777051071325937, 0.18731003552675246, 0.18765251444918768, 0.18776514331499736, 0.1857684701681137, 0.18563717504342397, 0.18742074221372604, 0.1882776596716472, 0.18757134217482346, 0.18694515526294708, 0.18852879106998444, 0.18925083535058157, 0.18890975415706635, 0.1876075029373169, 0.1866593152284622, 0.1874023394452201, 0.18818559366114, 0.19031207114458085, 0.1877279430627823, 0.18732559255191258, 0.18885373026132585, 0.18823774605989457, 0.18783974051475524, 0.18683992139995098, 0.18703917507082224, 0.18863597512245178, 0.18880993586320144, 0.1865508183836937, 0.1880095884203911, 0.18656860698353162, 0.19158038645982742, 0.18786008868898665, 0.18851938098669052, 0.1866008329849977, 0.189274924993515, 0.18526045978069305, 0.18703914834902838, 0.1873008134690198, 0.18870746903121471, 0.18752070584080435, 0.1873921900987625, 0.18663195818662642, 0.1877151295542717, 0.1872535856331096, 0.18782610978399003, 0.18740079899628956, 0.18803559882300241, 0.1887311617533366, 0.18811087310314178, 0.1869357770139521, 0.1889790097872416, 0.18744397349655628, 0.18824380338191987, 0.1871018096804619, 0.18877809707607543, 0.1895873913398156, 0.18638573323979096, 0.18850785940885545, 0.1879691779613495, 0.18860133737325668, 0.18878498952835798, 0.18865387265880904, 0.18953452316614297, 0.18600247469213274, 0.19008971062990335, 0.1869720829029878, 0.18822821974754333, 0.18777751425902048, 0.18756210126660086, 0.1873848479655054, 0.19108331352472305, 0.18878084023793537, 0.18648047745227814, 0.1892757291595141, 0.18574091129832798, 0.1872154362499714, 0.1889916643500328, 0.18636394005555373, 0.18677446110682053, 0.1873352845509847, 0.1899261360659319, 0.1858365046126502, 0.18634280065695444, 0.1891449734568596, 0.18664218857884407, 0.18750412861506144, 0.1897809773683548, 0.18783331768853323, 0.19003191940924702, 0.18797909775201013, 0.186246853073438, 0.18710429695519534, 0.188331363722682, 0.18770141620188951, 0.18645905057589213, 0.18690459628899891, 0.18793094754219056, 0.18746345341205597, 0.18727368281947243, 0.1861501309004697, 0.18625872187754688, 0.1879435447709901, 0.18845974802970886, 0.18925713854176657, 0.18786883850892386, 0.18863977094491322, 0.18819276057183743, 0.1881846422329545, 0.18745799012043896, 0.1876007074659521, 0.18720938186896474, 0.18859646966060004, 0.18702427584391373, 0.18873855223258337, 0.18922945391386747, 0.18758917351563772, 0.18644385412335396, 0.18731622717210225, 0.1881298412169729, 0.186884543299675, 0.18840739130973816, 0.1879896988471349, 0.18917651772499083, 0.1882077306509018, 0.18745454102754594, 0.18822715562932632, 0.18749565134445825, 0.18803480118513108, 0.187050861120224, 0.18706819613774617, 0.18843568288362944, 0.18653259629553015, 0.1891903447754243, 0.18916230741888285, 0.18774184957146645, 0.18634756157795587, 0.1876907902104514, 0.189372418820858, 0.18792134794321927, 0.18915341049432755, 0.18679131070772806, 0.18665880113840103, 0.18704015279517455, 0.1900015339255333, 0.18772478252649308, 0.18825708329677582, 0.1898020625114441, 0.18772433549165726, 0.18942672510941824, 0.187597400508821, 0.1889412465194861, 0.188168081370267, 0.18538377285003663, 0.18772863845030466, 0.18719420649788596, 0.1889480065022196, 0.18725690990686417, 0.18842423504049127, 0.18777275532484056, 0.18930192589759826, 0.1876845769584179, 0.1878178616364797, 0.18816366642713547, 0.1877902393991297, 0.18790642278535025, 0.18652233825280115, 0.18694876631100973, 0.18633750279744465, 0.1872534087071052, 0.1882831871509552, 0.18579536229372023, 0.18550750613212585, 0.18983041743437448, 0.18809680369767276, 0.1893558767106798, 0.1882228468145643, 0.18807921856641768, 0.18892102440198263, 0.18756631761789322, 0.18752258084714413, 0.18745825563867888, 0.1871838629245758, 0.186824007332325, 0.18833782970905305, 0.18511895504262713, 0.18862650791803995, 0.18807586431503295, 0.18904812519366926, 0.1874974923474448, 0.18900748093922934, 0.18980803910423727, 0.18764305859804153, 0.19020576775074005, 0.1870744541287422, 0.18873506877571344, 0.1887926391579888, 0.18894608020782472, 0.18971545845270157, 0.18800322886775522, 0.18708290656407675, 0.18581582073654448, 0.18790588460185312, 0.1860305681824684, 0.18685225993394852, 0.18799388302224024, 0.18847579260667166, 0.1868219215136308, 0.18709921836853027, 0.18805636580173785, 0.18733776147876466, 0.1871556649605433, 0.1894314095377922, 0.18871018886566163, 0.18609027713537216, 0.18716555502679613, 0.18709762493769327, 0.18614037930965424, 0.18700993486813136, 0.18524285831621715, 0.18832520643870035, 0.18818716555833817, 0.1866150846083959, 0.187164013274014, 0.1876220442354679, 0.18813386758168538, 0.18627708107233049, 0.1873530477285385, 0.18829663222034773, 0.1875607818365097, 0.1870150218407313, 0.1899289403642927, 0.1880195160706838, 0.18847408269842467, 0.18680409448487417, 0.18628671318292617, 0.18916654959321022, 0.18583444462103002, 0.18787512621458838, 0.18724943531884086, 0.18954535860281724, 0.18631913885474205, 0.18878867328166962, 0.18768823585089514, 0.1893619502132589, 0.18541547082937682, 0.18783321107427278, 0.18573407270014286, 0.18656716563484885, 0.18804259598255157, 0.1882845828930537, 0.18627510701908784, 0.19068984538316727, 0.1878477990627289, 0.18738779673973718, 0.18824787735939025, 0.1873986472686132, 0.18905968286774374, 0.18642563846978275, 0.18747993042835823, 0.18762984322874168, 0.19081470641222867, 0.18584544211626053, 0.18731599748134614, 0.18868313978115717, 0.18686621808088744, 0.18913600077995887, 0.18794409533341724, 0.18757938245932262, 0.19025500267744064, 0.18807608233048365, 0.1875577246149381, 0.18962142057716846, 0.18641377172686838, 0.18685035407543182, 0.18832787424325942, 0.18917075143410608, 0.18892992933591207, 0.18765064477920532, 0.18757317553866992, 0.18738486617803574, 0.18779760734601456, 0.1873894792336684, 0.18954552710056305, 0.1875659465789795, 0.18857450385888416, 0.1875802849729856, 0.18727393820881844, 0.18785609169439835, 0.18731479744116467, 0.18659790605306625, 0.1883737538009882, 0.18865246077378592, 0.1882762693696552, 0.18790018558502197, 0.18729569230760848, 0.18755381678541502, 0.18875149587790171, 0.1882409109519078, 0.18756468792756398, 0.18921379620830217, 0.18880284061798683, 0.18604608350678495, 0.1859579011797905, 0.18626914376562292, 0.18742048144340515, 0.189804803331693, 0.1882714731618762, 0.18755995631217956, 0.18764742463827133, 0.18864717334508896, 0.18748512864112854, 0.18712560087442398, 0.18740119536717734, 0.18555769696831703, 0.1892975096901258, 0.18745268422823685, 0.18830202966928483, 0.18661163467913866, 0.18804517636696497, 0.18798303178378514, 0.18945014747706326, 0.18723103031516075, 0.18854398212649606, 0.18699356455069321, 0.18827163130044938, 0.18802645057439804, 0.18820169754326344, 0.18934214611848196, 0.18733378180435725, 0.18763079780798692, 0.18832282721996307, 0.18825350175885594, 0.1872274987399578, 0.18852483413436197, 0.18858137620346888, 0.18762940626878005, 0.18622845113277436, 0.1889816572268804, 0.1886101856827736, 0.18744696447482476, 0.18842600286006927, 0.18771572411060333, 0.18837406020611525, 0.18652157485485077, 0.18664948046207427, 0.18808332200233752, 0.18857848644256592, 0.18692934202651182, 0.18586271901925405, 0.1862810393795371, 0.18682764172554017, 0.18906136534430765, 0.18926834830870995, 0.18787672370672226, 0.18733660578727723, 0.18854212760925293, 0.18880149442702532, 0.18762848153710365, 0.18928107023239135, 0.18852639198303223, 0.18708265821139017, 0.18746066000312567, 0.18662252073938196, 0.187315305074056, 0.1893301953872045, 0.1887476071715355, 0.18685097353799002, 0.18805506639182568, 0.1887735068798065, 0.18948402553796767, 0.1842271275818348, 0.18970031142234803, 0.1870813935995102, 0.1891889105240504, 0.188527412712574, 0.18700590580701829, 0.1870858520269394, 0.18636122665234975, 0.18813117146492003, 0.18848376414355109, 0.18805809567372003, 0.18766132462769747, 0.18767822872508655, 0.1886975109577179, 0.18969717156141996, 0.18689647763967515, 0.18807960487902164, 0.1876148670911789, 0.18784759069482485, 0.1883264992918287, 0.1876025858024756, 0.19005991915861767, 0.18782392550598492, 0.18879901675077584, 0.18689093738794327, 0.1870459386935601, 0.18861255049705505, 0.18778989166021348, 0.1875764230887095, 0.1869944989681244, 0.18838986605405808, 0.18695521975557008, 0.1881475838331076, 0.18616294860839844, 0.18877366862513803, 0.18837898870309194, 0.18557158410549163, 0.18704664707183838, 0.18890565208026341, 0.18740544671362097, 0.1870279997587204, 0.18671521916985512, 0.18808843567967415, 0.18753023174676028, 0.1873680529269305, 0.1875910023227334, 0.18827637284994125, 0.1867787852883339, 0.19048826290028437, 0.1883802056312561, 0.1869580815820133, 0.183549165725708, 0.18786813815434775, 0.187402606010437, 0.18859129602258856, 0.1871816081305345, 0.18800132473309836, 0.1877684397622943, 0.18808779269456863, 0.19010387475673968, 0.18746075928211212, 0.18939988408237696, 0.18651138059794903, 0.18761341951110147, 0.1875148585864476, 0.18676551644291198, 0.18792473607593113, 0.18743273946974012, 0.18643807967503864, 0.1850390670200189, 0.18703793154822457, 0.18850722470704248, 0.18787152794274417, 0.18844366669654847, 0.18861685422333804, 0.1866855427622795, 0.1895329418281714, 0.1884179369856914, 0.1881410777568817, 0.18641163137826053, 0.18662086874246597, 0.1881122720592162, 0.18988158678015074, 0.18733041426714728, 0.18857985202755248, 0.1895351376798418, 0.18760152693305696, 0.1864546723663807, 0.18769462231327505, 0.18725056946277618, 0.18734333460981195, 0.18796635215932672, 0.18776533326932363, 0.187585612430292, 0.18643333476323348, 0.19004975855350495, 0.18835146900485544, 0.18725972125927606, 0.1865190386772156, 0.1862103541692098, 0.186229912771119, 0.1867016524076462, 0.18843369505235127, 0.18782904297113417, 0.19003844938494943, 0.18689704754135825, 0.18834103963204793, 0.18705053751667342, 0.18837152297298113, 0.1873792283810102, 0.18829263945420582, 0.18837657464402063, 0.18825235962867737, 0.1885173334316774, 0.18845946341753006, 0.18968451850944096, 0.1872001625597477, 0.18663873726671393, 0.18651500782545874, 0.18787407875061035, 0.1871019408983343, 0.18843330442905426, 0.1876943845834051, 0.18782600512107214, 0.18652177304029466, 0.18832095805555582, 0.18838999503188664, 0.18909515738487243, 0.18734321892261505, 0.18823018137897765, 0.18828186690807341, 0.18912285885640553, 0.18623563771446547, 0.18879061395471747, 0.18819951437986815, 0.1884606196121736, 0.18715913991133373, 0.18988112253802164, 0.18761637210845947, 0.18823206590281594, 0.1883440596215865, 0.18784298138184982, 0.18546898538867632, 0.18685817252844572, 0.18822628259658813, 0.18772579450160265, 0.1877964156515458, 0.18793759644031524, 0.18958978752295177, 0.1871465563774109, 0.18667359054088592, 0.18857492208480836, 0.18898608088493346, 0.1862624604254961, 0.18837748368581136, 0.18691459950059652, 0.18497202119656972, 0.1863750908523798, 0.18892086744308473, 0.18808180714646974, 0.18936441342035928, 0.18719595670700073, 0.18478798245390257, 0.1889823886255423, 0.18798687011003495, 0.18716158270835875, 0.18650798499584198, 0.1866156905889511, 0.18850265350192785, 0.18817701297146933, 0.18696500857671103, 0.1864826609690984, 0.18648945457405514, 0.18741548620164394, 0.18765509303878336, 0.1869045225056735, 0.18713731020689012, 0.1876972627181273, 0.18775826119459593, 0.18832734326521555, 0.18628434836864471, 0.18846597439712948, 0.18957927425702412, 0.187846340239048, 0.1860186919569969, 0.18876172403494518, 0.18609928488731384, 0.18730854988098145, 0.1873569544404745, 0.18769321143627166, 0.1884027749300003, 0.18866564411866038, 0.18608435429632664, 0.18906545639038086, 0.18664046190679073, 0.18762437041316712, 0.1887286938726902, 0.18902149703353643, 0.18863424211740493, 0.18820791840553283, 0.18738312323888143, 0.18872008472681046, 0.18939709947222755, 0.18702885189226695, 0.18761055469512938, 0.18752638697624208, 0.18819051484266916, 0.18607514103253683, 0.18864512902039748, 0.18686162737699655, 0.18772638440132142, 0.1880609780550003, 0.1887503852446874, 0.18786244839429855, 0.19062943011522293, 0.18713946474923027, 0.1888254558046659, 0.18732381165027617, 0.18658544402569532, 0.18794402480125427, 0.18658312757809956, 0.1886653412472118, 0.18787763019402823, 0.18885261979367998, 0.1884514702992006, 0.1875553303039991, 0.1878153681755066, 0.18973516797026, 0.18779857208331427, 0.18802593189936417, 0.18886551707983018, 0.1875831200317903, 0.18613717059294382, 0.187437171737353, 0.18980105370283126, 0.18703897744417192, 0.1884309076345884, 0.18723033865292868, 0.18939348608255385, 0.18691834641827476, 0.18939193395467904, 0.18780921498934428, 0.18769013012448946, 0.18766318261623383, 0.18610132833321888, 0.18905153274536132, 0.1887329654260115, 0.1872777740160624, 0.18716388642787934, 0.1884524855348799, 0.1884609083334605, 0.19047374092042446, 0.18858382230003676, 0.18778357158104578, 0.18939351538817087, 0.18712821922131948, 0.18922400567680597, 0.18792877278544687, 0.18831798620522022, 0.18609974450535244, 0.1889549270272255, 0.18861826062202453, 0.18732579679865585, 0.18957767511407533, 0.18709200421969097, 0.18947907090187072, 0.1875496283173561, 0.18830183961174704, 0.18564880390961966, 0.18813512194901705, 0.18770122403899828, 0.18755535781383514, 0.18863341996544286, 0.1889447420835495, 0.1872743802766005, 0.18810341358184815, 0.1876554846763611, 0.18861499056220055, 0.1880915438135465, 0.18858433216810228, 0.187215776493152, 0.1893977016210556, 0.18725360184907913, 0.18910906761884688, 0.18654649188885322, 0.18685848315556844, 0.18757152160008747, 0.18862416744232177, 0.1875639222562313, 0.18844442069530487, 0.18725454608599346, 0.18697624710889962, 0.18810812383890152, 0.18846590220928192, 0.18901453415552774, 0.18720925748348236, 0.18841352462768554, 0.1869857438973018, 0.18715909421443938, 0.18891877233982085, 0.18735018053225108, 0.18772351294755935, 0.18907282182148524, 0.18741168826818466, 0.1876169517636299, 0.18773041530088944, 0.19006248149606916, 0.18768325746059417, 0.1877884002668517, 0.18783348351716994, 0.18722160025076431, 0.188923495380502, 0.18697149604558944, 0.1886592134833336, 0.18533184255162874, 0.1865638093306468, 0.1857472537085414, 0.187950927231993, 0.186280115374497, 0.1880407601594925, 0.18691365740128926, 0.1905914152210409, 0.18830055800768045, 0.18725926600969756, 0.1880360424518585, 0.1861259447676795, 0.18767163834788583, 0.1879412923988543, 0.19104430228471755, 0.18730889962000005, 0.1870534084737301, 0.18694727736360886, 0.18801122553208294, 0.18773745745420456, 0.18753832827011743, 0.1874427603823798, 0.18846718867619833, 0.18822174805861253, 0.18709287513047457, 0.18807688881369197, 0.18912247866392135, 0.1888279402628541, 0.1870594158768654, 0.18797509109272675, 0.18905134871602058, 0.18852808842292199, 0.18748954062660536, 0.18823544681072235, 0.18813212495297194, 0.18748310295974507, 0.18914311130841574, 0.18806535005569458, 0.18904843926429749, 0.18755799929300945, 0.18690706888834635, 0.18872638578925813, 0.18649639785289765, 0.18852431040543777, 0.18882171171052115, 0.18795438706874848, 0.18734187023206192, 0.1872327650586764, 0.18780549243092537, 0.18714063671919015, 0.18948187232017516, 0.18683148814099176, 0.18649294078350068, 0.18687949453790983, 0.1871404768899083, 0.1859541913637748, 0.18721696039040883, 0.18731693046934464, 0.1864251010119915, 0.18860818147659303, 0.1865799233317375, 0.18805420513336474, 0.18843169616801397, 0.18715682327747346, 0.18879324595133465, 0.1877833189708846, 0.1882084220647812, 0.18872519433498383, 0.189215167115132, 0.18849843565155477, 0.1879023803131921, 0.18929662039646736, 0.18656775802373887, 0.1882729262113571, 0.18819362297654152, 0.18846551908387077, 0.18736695684492588, 0.19007508243833268, 0.18735560402274132, 0.18570991791784763, 0.1879900060594082, 0.1882273070514202, 0.18565759890609318, 0.18931982608941886, 0.18825906195810863, 0.18711731533209483, 0.1886877349831841, 0.18961965888738633, 0.18804633244872093, 0.18808551430702208, 0.18643757700920105, 0.18908481020480394, 0.18943753838539124, 0.18783843517303467, 0.18692399155009876, 0.18743964433670043, 0.18797721962134042, 0.18758908808231353, 0.18824104070663453, 0.18654961418360472, 0.18739950427642235, 0.18910042072335878, 0.18938277264436085, 0.18926740130957434, 0.1882829243938128, 0.18903447538614274, 0.18511540939410528, 0.1879188884049654, 0.18689777106046676, 0.1883053719997406, 0.1873845778978788, 0.1858498066663742, 0.187406550347805, 0.18591834406057994, 0.18781481789691107, 0.1873388946056366, 0.1876742626939501, 0.18497229491670927, 0.18742797871430714, 0.18750215272108714, 0.18851899821311235, 0.18831848601500192, 0.1875316669543584, 0.18976941598313196, 0.18459409177303315, 0.18773363072138566, 0.18817944251574004, 0.186394851654768, 0.1884006027664457, 0.18747466802597046, 0.18871184065937996, 0.1868876777589321, 0.1867650882764296, 0.18642197251319886, 0.18804904917875925, 0.1867323100566864, 0.1869113271435102, 0.1860807736714681, 0.185806909432778, 0.18660655866066614, 0.18707520067691802, 0.18702769050231347, 0.18904905810075648, 0.18846951127052308, 0.1908247575163841, 0.18784166872501373, 0.18800152306045806, 0.1868068979066961, 0.18740550225431268, 0.18739272228309087, 0.18599664568901061, 0.18739437187711397, 0.18889225721359254, 0.1906749963760376, 0.1881444050985224, 0.18698514004548392, 0.1881711259484291, 0.1875222004376925, 0.18704294929137597, 0.18817694609363875, 0.18845562479997935, 0.1871162847830699, 0.18693816661834717, 0.18668263653914133, 0.18866650462150575, 0.1879574954509735, 0.18784620463848115, 0.18873243729273478, 0.18924213647842408, 0.18895127872625986, 0.18764957636594773, 0.18728445584957415, 0.18664705540452683, 0.18760432054599127, 0.18785393983125687, 0.18604366055556706, 0.1880629857381185, 0.18744079943965464, 0.18718228556893088, 0.1873616024851799, 0.1885604461034139, 0.1892424114048481, 0.18854025432041713, 0.1867840476334095, 0.1890459378560384, 0.18747464853983659, 0.1887959986925125, 0.1865444968144099, 0.1878367822903853, 0.18931837379932404, 0.18705102915947253, 0.1865370377898216, 0.18823423186937968, 0.18861772032345042, 0.18909081717332205, 0.18453027651860163, 0.19063064341361707, 0.18811142619918375, 0.18504703491926194, 0.18925175666809083, 0.18767423778772355, 0.1864518854353163, 0.18773210514336824, 0.1872429959475994, 0.18936236649751664, 0.1879148229956627, 0.18748760755573, 0.18822127048458373, 0.18769861459732057, 0.1868400378152728, 0.18859587495143598, 0.19098582565784455, 0.18711411207914352, 0.18803193171819052, 0.1863049939274788, 0.18737228065729142, 0.18590456712991, 0.1899111196398735, 0.18760042389233908, 0.18732597331206005, 0.18865724503993989, 0.18807773739099504, 0.18637637048959732, 0.1881950114454542, 0.18811138905584812, 0.18884555995464325, 0.18764941891034445, 0.18786568825061506, 0.1876686429604888, 0.18716382359464964, 0.18788776422540346, 0.18738573576722825, 0.18714806650366103, 0.188847158352534, 0.186842598594152, 0.1887819603085518, 0.1892860174179077, 0.18943786372741064, 0.18418354115315846, 0.18981547156969705, 0.18843036890029907, 0.1856185257434845, 0.18808880980525697, 0.18857489973306657, 0.18773718029260636, 0.18803819864988328, 0.1894755991441863, 0.1852096195022265, 0.18885764181613923, 0.18796619772911072, 0.1880226731300354, 0.18858471249832826, 0.18712427534840323, 0.18782162453447068, 0.18702792562544346, 0.1880939251610211, 0.18820523151329585, 0.1881589231391748, 0.18798411587874095, 0.1873156080643336, 0.1870280678073565, 0.18778760460290042, 0.1877022534608841, 0.18697905093431472, 0.18825527901450792, 0.1854552080233892, 0.18863547407090664, 0.18629121231405357, 0.18657161614724568, 0.18870392590761184, 0.18829322159290313, 0.18974327743053437, 0.1872003455956777, 0.1865957647562027, 0.1881424511472384, 0.18839069306850434, 0.1887628525495529, 0.18752696514129638, 0.18659990348599173, 0.1884125848611196, 0.18657330373922984, 0.18706318587064744, 0.18857408612966536, 0.187719730536143, 0.1889669574224032, 0.18858547934464046, 0.18867568485438824, 0.18922859565778213, 0.1886690691113472, 0.18755921934332168, 0.187644495566686, 0.18853175869354835, 0.18834899190594168, 0.18816990529497465, 0.18704929734979356, 0.18837792639221465, 0.18940897906819978, 0.18731926505764326, 0.18853895366191864, 0.18755858497960226, 0.18721801615678346, 0.18706740687290827, 0.18757998247941335, 0.18836922242360957, 0.18999567840780532, 0.18718801107671526, 0.18792272833260623, 0.18657829186746053, 0.18670403584837914, 0.18675779501597087, 0.18633871991187334, 0.1882754683494568, 0.1879624735031809, 0.18762175589799882, 0.18735700007528067, 0.1876123383641243, 0.18924162685871124, 0.1867143541574478, 0.18870043158531188, 0.18989625573158264, 0.18828781445821127, 0.18658117491465348, 0.1881496340036392, 0.1884385461316389, 0.18840563017874956, 0.18663300077120462, 0.1876678208510081, 0.18828361928462983, 0.1884281208117803, 0.18582640290260316, 0.18754846304655076, 0.18719455134123564, 0.1881246268749237, 0.18963095410303635, 0.18640697865109696, 0.18816292400543505, 0.1882413991472938, 0.18560859064261118, 0.1878374530510469, 0.18774344944036925, 0.18830949813127518, 0.18927943110466003, 0.18752365112304686, 0.1879821556309859, 0.18664398789405823, 0.18848356902599334, 0.18724486380815505, 0.18747854232788086, 0.18694630414247512, 0.19075487951437634, 0.18888189494609833, 0.18652575250182832, 0.1861046150326729, 0.18953506524364153, 0.18693871895472208, 0.18844490016207976, 0.1878779617448648, 0.18722938663429683, 0.18774072329203287, 0.18765472417527979, 0.1856310334470537, 0.1869685873389244, 0.1872215449810028, 0.1852071166038513, 0.1860273006287488]}