('OC-FakeDect1 (Trained on AVG Dataset)               \nTested on RND CDFv2 Dataset               \nRunning Average Evaluation', 'OC-FakeDect1_AVG', 'AVG', 'OC-FakeDect1_AVG_raeonRND')
auroc=0.549269949066214
f1=0.6291208791208791
prec=0.9051383399209486
recall=0.48210526315789476

fpr=[0.0, 0.48210526315789476, 1.0]

tpr=[0.0, 0.5806451612903226, 1.0]

y_true=[0, 0, 0, 0, 0, 0, 0, 0, 0, 0, 0, 0, 0, 0, 0, 0, 0, 0, 0, 0, 0, 0, 0, 0, 0, 0, 0, 0, 0, 0, 0, 0, 0, 0, 0, 0, 0, 0, 0, 0, 0, 0, 0, 0, 0, 0, 0, 0, 0, 0, 0, 0, 0, 0, 0, 0, 0, 0, 0, 0, 0, 0, 0, 0, 0, 0, 0, 0, 0, 0, 0, 0, 0, 0, 0, 0, 0, 0, 0, 0, 0, 0, 0, 0, 0, 0, 0, 0, 0, 0, 0, 0, 0, 0, 0, 0, 0, 0, 0, 0, 0, 0, 0, 0, 0, 0, 0, 0, 0, 0, 0, 0, 0, 0, 0, 0, 0, 0, 0, 0, 0, 0, 0, 0, 1, 1, 1, 1, 1, 1, 1, 1, 1, 1, 1, 1, 1, 1, 1, 1, 1, 1, 1, 1, 1, 1, 1, 1, 1, 1, 1, 1, 1, 1, 1, 1, 1, 1, 1, 1, 1, 1, 1, 1, 1, 1, 1, 1, 1, 1, 1, 1, 1, 1, 1, 1, 1, 1, 1, 1, 1, 1, 1, 1, 1, 1, 1, 1, 1, 1, 1, 1, 1, 1, 1, 1, 1, 1, 1, 1, 1, 1, 1, 1, 1, 1, 1, 1, 1, 1, 1, 1, 1, 1, 1, 1, 1, 1, 1, 1, 1, 1, 1, 1, 1, 1, 1, 1, 1, 1, 1, 1, 1, 1, 1, 1, 1, 1, 1, 1, 1, 1, 1, 1, 1, 1, 1, 1, 1, 1, 1, 1, 1, 1, 1, 1, 1, 1, 1, 1, 1, 1, 1, 1, 1, 1, 1, 1, 1, 1, 1, 1, 1, 1, 1, 1, 1, 1, 1, 1, 1, 1, 1, 1, 1, 1, 1, 1, 1, 1, 1, 1, 1, 1, 1, 1, 1, 1, 1, 1, 1, 1, 1, 1, 1, 1, 1, 1, 1, 1, 1, 1, 1, 1, 1, 1, 1, 1, 1, 1, 1, 1, 1, 1, 1, 1, 1, 1, 1, 1, 1, 1, 1, 1, 1, 1, 1, 1, 1, 1, 1, 1, 1, 1, 1, 1, 1, 1, 1, 1, 1, 1, 1, 1, 1, 1, 1, 1, 1, 1, 1, 1, 1, 1, 1, 1, 1, 1, 1, 1, 1, 1, 1, 1, 1, 1, 1, 1, 1, 1, 1, 1, 1, 1, 1, 1, 1, 1, 1, 1, 1, 1, 1, 1, 1, 1, 1, 1, 1, 1, 1, 1, 1, 1, 1, 1, 1, 1, 1, 1, 1, 1, 1, 1, 1, 1, 1, 1, 1, 1, 1, 1, 1, 1, 1, 1, 1, 1, 1, 1, 1, 1, 1, 1, 1, 1, 1, 1, 1, 1, 1, 1, 1, 1, 1, 1, 1, 1, 1, 1, 1, 1, 1, 1, 1, 1, 1, 1, 1, 1, 1, 1, 1, 1, 1, 1, 1, 1, 1, 1, 1, 1, 1, 1, 1, 1, 1, 1, 1, 1, 1, 1, 1, 1, 1, 1, 1, 1, 1, 1, 1, 1, 1, 1, 1, 1, 1, 1, 1, 1, 1, 1, 1, 1, 1, 1, 1, 1, 1, 1, 1, 1, 1, 1, 1, 1, 1, 1, 1, 1, 1, 1, 1, 1, 1, 1, 1, 1, 1, 1, 1, 1, 1, 1, 1, 1, 1, 1, 1, 1, 1, 1, 1, 1, 1, 1, 1, 1, 1, 1, 1, 1, 1, 1, 1, 1, 1, 1, 1, 1, 1, 1, 1, 1, 1, 1, 1, 1, 1, 1, 1, 1, 1, 1, 1, 1, 1, 1, 1, 1, 1, 1, 1, 1, 1, 1, 1, 1, 1, 1, 1, 1, 1, 1, 1, 1, 1, 1, 1, 1, 1, 1, 1, 1, 1, 1, 1, 1, 1, 1, 1, 1, 1, 1, 1, 1, 1, 1, 1, 1, 1, 1, 1, 1, 1, 1, 1, 1, 1, 1, 1, 1, 1, 1, 1, 1, 1, 1, 1, 1, 1, 1, 1, 1, 1, 1, 1, 1, 1, 1, 1, 1, 1, 1, 1, 1, 1, 1, 1, 1, 1, 1, 1, 1, 1, 1, 1, 1, 1, 1, 1, 1, 1, 1, 1, 1, 1, 1, 1, 1, 1, 1, 1, 1, 1, 1, 1, 1, 1, 1, 1, 1, 1, 1, 1, 1, 1, 1, 1, 1, 1, 1, 1, 1, 1, 1, 1, 1, 1, 1, 1, 1, 1, 1, 1, 1, 1, 1, 1, 1, 1, 1, 1, 1, 1, 1, 1, 1, 1, 1, 1, 1, 1, 1, 1, 1, 1, 1, 1, 1, 1, 1, 1, 1, 1, 1, 1, 1, 1, 1, 1, 1, 1, 1, 1, 1, 1, 1, 1, 1, 1, 1, 1, 1, 1, 1, 1, 1, 1, 1, 1, 1, 1, 1, 1, 1, 1, 1, 1, 1, 1, 1, 1, 1, 1, 1, 1, 1, 1, 1, 1, 1, 1, 1, 1, 1, 1, 1, 1, 1, 1, 1, 1, 1, 1, 1, 1, 1, 1, 1, 1, 1, 1, 1, 1, 1, 1, 1, 1, 1, 1, 1, 1, 1, 1, 1, 1, 1, 1, 1, 1, 1, 1, 1, 1, 1, 1, 1, 1, 1, 1, 1, 1, 1, 1, 1, 1, 1, 1, 1, 1, 1, 1, 1, 1, 1, 1, 1, 1, 1, 1, 1, 1, 1, 1, 1, 1, 1, 1, 1, 1, 1, 1, 1, 1, 1, 1, 1, 1, 1, 1, 1, 1, 1, 1, 1, 1, 1, 1, 1, 1, 1, 1, 1, 1, 1, 1, 1, 1, 1, 1, 1, 1, 1, 1, 1, 1, 1, 1, 1, 1, 1, 1, 1, 1, 1, 1, 1, 1, 1, 1, 1, 1, 1, 1, 1, 1, 1, 1, 1, 1, 1, 1, 1, 1, 1, 1, 1, 1, 1, 1, 1, 1, 1, 1, 1, 1, 1, 1, 1, 1, 1, 1, 1, 1, 1, 1, 1, 1, 1, 1, 1, 1, 1, 1, 1, 1, 1, 1, 1, 1, 1, 1, 1, 1, 1, 1, 1, 1, 1, 1, 1, 1, 1, 1, 1, 1, 1, 1, 1, 1, 1, 1, 1, 1, 1, 1, 1, 1, 1, 1, 1, 1, 1, 1, 1, 1, 1, 1, 1, 1, 1, 1, 1, 1, 1, 1, 1, 1, 1, 1, 1, 1, 1, 1, 1, 1, 1, 1, 1, 1, 1, 1, 1, 1, 1, 1, 1, 1, 1, 1, 1, 1, 1, 1, 1, 1, 1, 1, 1, 1, 1, 1, 1, 1, 1, 1, 1, 1, 1, 1, 1, 1, 1, 1, 1, 1, 1, 1, 1, 1, 1, 1, 1, 1, 1, 1, 1, 1, 1, 1, 1, 1, 1, 1, 1, 1, 1, 1, 1, 1, 1, 1, 1, 1, 1, 1, 1, 1, 1, 1, 1, 1, 1, 1, 1, 1, 1, 1, 1, 1, 1, 1, 1, 1, 1, 1, 1, 1, 1, 1, 1, 1, 1, 1, 1, 1, 1, 1, 1, 1, 1, 1, 1, 1, 1, 1, 1, 1, 1, 1, 1, 1, 1, 1, 1, 1, 1, 1, 1, 1, 1, 1, 1, 1, 1, 1, 1, 1, 1, 1, 1, 1, 1, 1, 1, 1, 1, 1, 1, 1, 1, 1, 1, 1, 1, 1, 1, 1, 1, 1, 1, 1, 1, 1, 1, 1, 1, 1, 1, 1, 1, 1, 1, 1, 1, 1, 1, 1, 1, 1, 1, 1, 1, 1, 1, 1, 1, 1, 1, 1, 1, 1, 1, 1, 1, 1, 1, 1, 1, 1, 1, 1, 1, 1, 1, 1, 1, 1, 1, 1, 1, 1, 1, 1, 1, 1, 1, 1, 1, 1, 1, 1, 1, 1, 1, 1, 1, 1, 1, 1, 1, 1, 1, 1, 1, 1, 1, 1, 1, 1, 1, 1, 1, 1, 1, 1, 1, 1, 1, 1, 1, 1, 1, 1, 1, 1, 1, 1, 1, 1, 1, 1, 1, 1, 1, 1, 1, 1, 1, 1, 1, 1, 1, 1, 1, 1, 1, 1, 1, 1, 1, 1, 1, 1, 1, 1, 1, 1, 1, 1, 1, 1, 1, 1, 1, 1, 1, 1, 1, 1, 1, 1, 1, 1, 1, 1, 1, 1, 1, 1, 1, 1, 1, 1, 1, 1, 1, 1, 1, 1, 1, 1, 1, 1, 1, 1, 1, 1, 1, 1, 1, 1, 1, 1, 1, 1, 1, 1, 1, 1, 1, 1, 1, 1, 1, 1, 1, 1, 1, 1, 1, 1, 1, 1, 1, 1, 1, 1, 1, 1, 1, 1, 1, 1, 1, 1, 1, 1, 1, 1, 1, 1, 1, 1, 1, 1, 1, 1, 1, 1, 1, 1, 1, 1, 1, 1, 1, 1, 1, 1, 1, 1, 1, 1, 1, 1, 1, 1, 1, 1, 1, 1, 1, 1, 1, 1, 1, 1, 1, 1, 1, 1, 1, 1, 1, 1, 1, 1, 1, 1, 1, 1, 1, 1, 1, 1, 1, 1, 1, 1, 1, 1, 1, 1, 1, 1, 1, 1, 1, 1, 1, 1, 1, 1, 1, 1, 1, 1, 1, 1, 1, 1, 1, 1, 1, 1, 1, 1, 1, 1, 1, 1, 1, 1, 1, 1, 1, 1, 1, 1, 1, 1, 1, 1, 1, 1, 1, 1, 1, 1, 1, 1, 1, 1, 1, 1, 1, 1, 1, 1, 1, 1, 1, 1, 1, 1, 1, 1, 1, 1, 1, 1, 1, 1, 1, 1, 1, 1, 1, 1, 1, 1, 1, 1, 1, 1, 1, 1, 1, 1, 1, 1, 1, 1, 1, 1, 1, 1]

y_pred=[0.7796535700559616, 0.7768195658922196, 0.7787641733884811, 0.7786085246240392, 0.7792845636606216, 0.7792012592156728, 0.777176014640752, 0.7785043428341547, 0.779007417956988, 0.7782521037494435, 0.7796568785394942, 0.7795505113899708, 0.7789325147867203, 0.7790462347594175, 0.7792357513133217, 0.7772536188364029, 0.7788959950208664, 0.7770085288211703, 0.7775771754483382, 0.7788737223428839, 0.7790295047064623, 0.7780912593007088, 0.7776274410161105, 0.7787465438246727, 0.7780668979341334, 0.7781310424208641, 0.7782061591744422, 0.7798202887177468, 0.7792303736011187, 0.7786235545690243, 0.7781955965540626, 0.7791424244642258, 0.7771281336362545, 0.7788024668892225, 0.7784734778106213, 0.7784196070649407, 0.7787908434867858, 0.7800252065062523, 0.7797005936503411, 0.7780866067517888, 0.7776296425324221, 0.7787696664983577, 0.7782978171652013, 0.7787077069282532, 0.779058963060379, 0.7773849566777548, 0.7795188099145889, 0.7799141673105103, 0.7780781943689693, 0.7785416334867478, 0.7789416742675445, 0.7784054984649023, 0.7783123036989799, 0.7787407543510199, 0.7785044175883135, 0.7778368261125352, 0.778694056547605, 0.7796707918246587, 0.7795182707218024, 0.777865965451513, 0.7790811136364937, 0.7794773921370506, 0.7789869606494904, 0.7781284760970335, 0.7768480373280389, 0.7784840712944666, 0.7785830249389013, 0.7794942284623781, 0.7791843616536686, 0.7789651647210121, 0.7790747607747713, 0.7787764380375544, 0.7776846140623093, 0.7797173827886581, 0.7779007693131765, 0.7791323587298393, 0.7781251519918442, 0.7789741257826487, 0.7790481997653842, 0.7793800452580819, 0.7814123974396632, 0.7801914351681868, 0.7794861137866974, 0.7789769032970071, 0.779364812374115, 0.7781069238980611, 0.7795759793370962, 0.7799428328871727, 0.7782914468220302, 0.7794037540753682, 0.7771575137972832, 0.7785035978470529, 0.778565090894699, 0.7787353675812483, 0.7786503687500954, 0.7797544511655966, 0.7789215349099216, 0.7776767695322633, 0.7785051584243774, 0.7788861084442873, 0.7784421503543854, 0.7791820890628375, 0.7788288381538893, 0.7790443773070971, 0.7804010460774103, 0.7778978480233086, 0.7785742663674884, 0.7788535546925333, 0.7792138482133547, 0.7770243018865586, 0.7776810654572078, 0.7789879406873996, 0.7788373993502723, 0.7796996732552847, 0.7787123998006185, 0.7787109126647314, 0.7787729931228301, 0.7791233291992774, 0.7791040903992124, 0.7773013434239796, 0.7777498644940993, 0.7784480080008507, 0.7791459960372824, 0.779543706526359, 0.7787394841512044, 0.7779547199606895, 0.7791733254085887, 0.7784004062414169, 0.7786925718188286, 0.7783410578966141, 0.7792776262058931, 0.7789913465579351, 0.778099262714386, 0.7771932842100368, 0.7795681585868199, 0.7775640800595284, 0.7790194668553092, 0.7782765136045569, 0.7796063164869944, 0.777420815299539, 0.778460963567098, 0.7786822459276985, 0.7781032830476761, 0.7795214757323266, 0.7786794968626716, 0.778255226857522, 0.7789106458425522, 0.7778654589372522, 0.7774309188127517, 0.7787577360868454, 0.7785590857267379, 0.7801027327775956, 0.779452380808917, 0.7794900676783394, 0.7792991116642952, 0.7798856854438782, 0.7797822329927893, 0.780345442891121, 0.7772738942328621, 0.7790984322627386, 0.7782186239957809, 0.7782198258421638, 0.7782840308021097, 0.7804761230945587, 0.7793338427941005, 0.7784275123301674, 0.7787766764561335, 0.7786265848314061, 0.7785073111454646, 0.7786997899413108, 0.7772400988773867, 0.7788213402032852, 0.7802911301453909, 0.7778978496789932, 0.7784360471893759, 0.7782803406318028, 0.7790576741099358, 0.7790543260899457, 0.7799972059095607, 0.7795920595526695, 0.7779220372438431, 0.7783135412370458, 0.7781025797128678, 0.7790569971005121, 0.7788301241748473, 0.7777849127848944, 0.7783936828374862, 0.7782316952943802, 0.7777673172600129, 0.778892207145691, 0.7789970179398855, 0.7786494020153494, 0.7795254458983739, 0.7793301790952682, 0.7792943137533525, 0.7792354047298431, 0.7785896241664887, 0.7762451280247081, 0.7794404809965807, 0.7784643694758415, 0.7789184838533402, 0.7785731799462262, 0.7779369254906973, 0.779648353656133, 0.7778772799407735, 0.7783555964628855, 0.7804506257176399, 0.7802864584055814, 0.7784274246762781, 0.7797514602541924, 0.7778020292520523, 0.7785385180922115, 0.7779344896475474, 0.7781889398892721, 0.777262402807965, 0.7785156846046448, 0.779622869193554, 0.7779262648387388, 0.7779163560446571, 0.7793815448880196, 0.7770383437474568, 0.7796956554931753, 0.7782421418849159, 0.7781324555476506, 0.7786817893385887, 0.7800902832638134, 0.7793611910413294, 0.7781324406464895, 0.7788822282763088, 0.7810845166444779, 0.7789025530219078, 0.7776863182132894, 0.7779116262407864, 0.7795512835184732, 0.7784197146401686, 0.778921107451121, 0.7796159287293752, 0.7790144760819042, 0.7773269216219584, 0.7804653197526932, 0.7784775698726827, 0.779119685292244, 0.7788009449839592, 0.7784709811210633, 0.7783526265993714, 0.7783686481416225, 0.7768868009249369, 0.778170695900917, 0.7797120497985319, 0.7784460178192925, 0.7791606158018112, 0.7795282304286957, 0.7775640515610576, 0.7776851256688436, 0.7809179425239563, 0.7787569791078568, 0.7798212333159014, 0.7793609797954559, 0.7776147916913032, 0.7795808583498001, 0.7776565831154585, 0.7799107072254022, 0.7771542916695277, 0.7778375446796417, 0.7782646431164308, 0.7786791841773426, 0.7776744157075882, 0.7759210258722306, 0.7778811762109399, 0.7782798297703266, 0.7778783247751349, 0.7791367904706434, 0.7773791998624802, 0.7793753187764775, 0.7791893795132637, 0.7800668315453962, 0.7788270354270935, 0.7780173644423485, 0.7776131734251976, 0.7794351950287819, 0.7788004336448816, 0.7790129536932164, 0.7787293677146618, 0.7772030035654703, 0.7792810662226244, 0.7785819977521896, 0.7785367920994759, 0.7793670780956745, 0.7771188490665876, 0.7783683488766352, 0.7753780633211136, 0.7795906856656074, 0.7786882981657982, 0.7788443550467491, 0.7786537584933367, 0.7803720818324522, 0.7783611105246977, 0.7775455728173256, 0.7792235910892487, 0.7784908384084701, 0.7789697537819544, 0.7780794396119959, 0.7772910766876661, 0.7784266974776983, 0.7789699658751488, 0.7778136879205704, 0.7791671454906464, 0.7786937857216054, 0.7799058272079988, 0.7777649238705635, 0.7777780145406723, 0.7790133426586787, 0.7787787797195571, 0.7791544397672018, 0.7786077550228905, 0.7780963070690632, 0.7792830169200897, 0.7771665722131729, 0.7776439723869165, 0.7790259748697281, 0.7779818509633725, 0.7768523002212697, 0.7785419076681137, 0.7762787805663215, 0.7784693196415902, 0.7785461410880089, 0.7781340976556143, 0.7800619572401046, 0.7784263044595718, 0.7771632671356201, 0.7787608817219734, 0.7779663441081842, 0.7781927511096001, 0.7792046425434259, 0.778325923464515, 0.7772610059806279, 0.7791105409463247, 0.7788796618580818, 0.778741018474102, 0.7778986675871743, 0.7792100638151169, 0.7795150279998779, 0.7793262332677842, 0.77756527364254, 0.7788121215999126, 0.7793334260582924, 0.778751558982409, 0.7797341265461661, 0.7780822579349791, 0.7781399902370241, 0.7784365534782409, 0.7794096648693085, 0.7800230383872986, 0.7792303532361984, 0.7792958348989487, 0.7777840554714203, 0.7801054775714874, 0.7774715299407641, 0.779577699303627, 0.779261554662998, 0.7784638553857803, 0.7788424300295966, 0.7794146984815598, 0.7789716854691505, 0.7787787616252899, 0.7806896269321442, 0.7777460217475891, 0.7776847466826439, 0.7781423717737198, 0.7798257529735565, 0.7788003371520476, 0.778830399736762, 0.7786221340298652, 0.7776832357048988, 0.7773815964659055, 0.779428748620881, 0.7777613633208804, 0.7787442564964294, 0.7774150922894478, 0.7790100858970122, 0.7784509155899286, 0.7798522382974624, 0.7787311047315597, 0.7789175361394882, 0.7787749701076083, 0.7796847141451306, 0.7780504986643791, 0.7781071156263352, 0.7786410030993548, 0.779750457033515, 0.7798677310347557, 0.7802352041006089, 0.7788023178776106, 0.7771209561162524, 0.7788678159316381, 0.7778400644659996, 0.7780625104904175, 0.7789577123793688, 0.7789317071437836, 0.7797021925449371, 0.7785649672150612, 0.7766034702459971, 0.7778472370571561, 0.7793899046050178, 0.7789702167113622, 0.7781688289509879, 0.7810019632944694, 0.7799089948336283, 0.7780720442533493, 0.7790239197867257, 0.7768530081957579, 0.7775724828243256, 0.7799499745552356, 0.7785780106981596, 0.7775505897071626, 0.7789625514012117, 0.779985178510348, 0.7779586429779346, 0.7779705726674625, 0.7786782151088119, 0.7785414308309555, 0.7790077982040552, 0.7782638631761074, 0.778956949710846, 0.779244900895999, 0.7791397054990132, 0.7798017549973268, 0.7783902095896857, 0.7786506535485387, 0.7781179904937744, 0.7789148161044488, 0.7780050225555897, 0.7804440293047163, 0.7790949023686923, 0.7797458072503408, 0.777227276792893, 0.7780855681215013, 0.7785787368193269, 0.7790178388357163, 0.7784383434515734, 0.7793658847610155, 0.7781033747726016, 0.778971621623406, 0.7790607333183288, 0.7799959916334887, 0.7779485764248031, 0.7783511020243168, 0.7780312165617943, 0.7778794318437576, 0.7784297002686394, 0.7786082476377487, 0.7801281789938609, 0.7778169994170849, 0.7787005252071789, 0.7792434031143785, 0.7782966256141662, 0.7774615574341555, 0.7780708894133568, 0.7786604381269879, 0.7794904651550146, 0.7786578675111135, 0.7799684107303619, 0.7783452730093683, 0.7767242835834622, 0.7790378406643867, 0.7797726653516293, 0.7797368145906008, 0.7771235145628452, 0.7795927872260412, 0.7789469372767668, 0.7781740218400955, 0.7791954450882398, 0.7773535272904805, 0.7797440988942981, 0.7804025828838348, 0.7775995376018378, 0.7783447094261646, 0.7790669716066785, 0.778626737686304, 0.7803084800640742, 0.7797612204001501, 0.777977358017649, 0.7786112381145358, 0.7778919398784637, 0.7789541540237573, 0.7780915734668573, 0.7789346443282233, 0.7787424669815943, 0.7794264127810796, 0.7785722693571677, 0.7792167482631547, 0.7785938195884228, 0.7778594344854355, 0.7793863862752914, 0.7781741631527742, 0.778389991985427, 0.7798483589520822, 0.7785987695058187, 0.7779964346152086, 0.7796812217150415, 0.7789581483229995, 0.7790667891502381, 0.7795310467481613, 0.7788818019131819, 0.7795597298277749, 0.7783730075909541, 0.7796719640493393, 0.7784079278890903, 0.77804261552436, 0.7774507952854037, 0.7791635170578957, 0.7773329386344323, 0.7786072492599487, 0.7770816021495395, 0.7783366842911794, 0.7786670525868734, 0.7783109992742538, 0.7788177207112312, 0.7783770440146327, 0.7786522850394249, 0.7794278309895442, 0.7782276980578899, 0.7798457427157296, 0.7795231411090264, 0.7795781383911768, 0.7794431608456831, 0.7790762835315296, 0.7773294122889638, 0.7775985628366471, 0.7797699673817708, 0.7779979134599367, 0.7784115605884128, 0.7809540354288541, 0.7795872002840042, 0.777015982912137, 0.7792704414044107, 0.7785599762573838, 0.7779423251748085, 0.7788933057051439, 0.7805748768150806, 0.7787633356120851, 0.7791903775471907, 0.7779341648022333, 0.7774796932935715, 0.777351544371673, 0.7783548608422279, 0.7790911480784416, 0.779432916870484, 0.778563973804315, 0.7788252979516983, 0.7791579147944083, 0.7775645732879639, 0.7769950307332553, 0.7780480065516063, 0.7787383915856481, 0.7784772008657456, 0.7767646438800372, 0.7789311230182647, 0.7773676946759224, 0.777413061261177, 0.7775618691336025, 0.7780632868409156, 0.7779272779822349, 0.7820281792770732, 0.7776114331050352, 0.7797541305422783, 0.7788012579083443, 0.7801660746335983, 0.777536472136324, 0.7792430698871613, 0.7794861063361168, 0.7773256778717041, 0.7790971520272169, 0.7787792492996563, 0.7782275988297029, 0.7796443670988082, 0.7781278342008591, 0.7803722441196441, 0.7776037224314429, 0.7799037083983421, 0.7794007495045662, 0.7786749601364136, 0.778648472645066, 0.7773309322920713, 0.7789326056838035, 0.7795995667576789, 0.7802882999181747, 0.7781175835566088, 0.7805829957127571, 0.7789088800549507, 0.7777916625142097, 0.777956557544795, 0.7786451063372872, 0.7792280858213252, 0.7776862993836403, 0.7792341843247413, 0.7792610451579094, 0.7782936109737917, 0.777357143163681, 0.7785424783825874, 0.7773763358592987, 0.7779364897446199, 0.7777695466171611, 0.7771452868526632, 0.7783974558115005, 0.7773504839702086, 0.7800360747746059, 0.7784689277410507, 0.777744085951285, 0.777686421573162, 0.77916149944067, 0.7773691922426224, 0.7788417743785041, 0.7781648747622967, 0.7778692218390378, 0.7784521877765656, 0.7822160452604294, 0.7792654850266196, 0.7786910966038704, 0.7793730869889259, 0.7801547139883042, 0.7765857321875436, 0.777526905760169, 0.7799331247806549, 0.7799211506332671, 0.7780466705560685, 0.7788803387771953, 0.7772564724087715, 0.780309408903122, 0.7797784134745598, 0.7789972397414121, 0.7799491167068482, 0.7794846783984791, 0.7789993211627007, 0.7788866207003593, 0.7784377282316035, 0.7778848856687546, 0.7804346504536542, 0.7773265108466149, 0.7799532935023308, 0.7794528916478157, 0.7785430699586868, 0.7774500002463659, 0.7799504771828651, 0.7787296503782273, 0.7791900426149369, 0.778434507548809, 0.7783350422978401, 0.7809531763195992, 0.778375793993473, 0.7781028836965561, 0.7785583188136419, 0.7775823146104812, 0.7784047350287437, 0.7794826596975326, 0.7792824491858482, 0.7799099385738373, 0.7791802898049355, 0.7808215528726578, 0.7776541441679001, 0.7780096779266993, 0.7791924774646759, 0.7781122729182244, 0.7791829317808151, 0.7797352403402329, 0.7789492130279541, 0.7799544140696526, 0.7787552163004875, 0.7797567456960678, 0.7817188600699106, 0.7770945727825165, 0.7799638912081719, 0.7788792684674263, 0.7816049501299858, 0.7801922768354416, 0.7789857015013695, 0.7794428378343582, 0.7784013882279396, 0.7809818138678869, 0.7793221220374107, 0.7794035166501999, 0.778431336581707, 0.7799104645848274, 0.777809165418148, 0.7768563702702522, 0.7792774170637131, 0.7794866897165775, 0.7793695628643036, 0.7773805883797732, 0.7778669387102127, 0.7771450443701311, 0.7784300893545151, 0.7787368148565292, 0.779419407248497, 0.7792624775320292, 0.7803103151646528, 0.7790216863155365, 0.7791707800193266, 0.7787786588072777, 0.7788018122315407, 0.777000418305397, 0.7788521908223629, 0.7781188799576326, 0.7784519805149599, 0.7798971578478813, 0.778723957863721, 0.7787377133965492, 0.7795359343290329, 0.7804939538240433, 0.7794753685593605, 0.779628337784247, 0.7797731459140778, 0.776887209713459, 0.7774250894784928, 0.778470404446125, 0.7789321050047875, 0.7780318018049002, 0.7773800925775007, 0.7793446868658066, 0.7793469483202153, 0.7794621031392704, 0.7796685993671417, 0.7795886112885042, 0.7786216542124749, 0.7789608551697298, 0.7795046538114547, 0.7758095741271973, 0.7777384451844476, 0.7805338366465135, 0.7779923785816539, 0.7778354612263766, 0.7783253625035286, 0.7783088169314645, 0.7784297227859497, 0.7796201665293087, 0.7790502414107323, 0.7779488184235313, 0.7789187878370285, 0.7768493145704269, 0.7789511382579803, 0.7797474801540375, 0.778334763917056, 0.7788128644227982, 0.7770304720510136, 0.7785980924963951, 0.7785952880978584, 0.7787774570963599, 0.7781538042155179, 0.7796425697478381, 0.778198163617741, 0.7795641869306564, 0.7788776186379519, 0.77901741117239, 0.7794297527183186, 0.7781509131193161, 0.7777507483959198, 0.7782506482167677, 0.7791676209731535, 0.7779115018519488, 0.7783247584646398, 0.7788873463869095, 0.7792281589724801, 0.7789479076862336, 0.7779007161205465, 0.7790518954396248, 0.7774048461155458, 0.7778855264186859, 0.7789773887821606, 0.7780998771389326, 0.778784092515707, 0.7789328321814537, 0.7788085032786642, 0.7797686651349067, 0.7785975461204847, 0.778475018342336, 0.7785850675667033, 0.7788806319236755, 0.7777361901743072, 0.7798359741767248, 0.7792624731858572, 0.7797368541359901, 0.7789488104837281, 0.7788619473576546, 0.7782912390927473, 0.7803399801254273, 0.7768915129058501, 0.7784861564636231, 0.7785016798547336, 0.7791451066732407, 0.7785769154628118, 0.7792332557340463, 0.7773682826331684, 0.7788568153977394, 0.778492317845424, 0.7787843614816665, 0.7788778561003068, 0.777954651415348, 0.7779049319880349, 0.7798226041098436, 0.7785537590583166, 0.7779469129939874, 0.778019474021026, 0.778109484910965, 0.7785102104147276, 0.7789304812749227, 0.7786639858694637, 0.7783637195825577, 0.7790223030107362, 0.7783830501139164, 0.7772282920777798, 0.7791782170534134, 0.7783633364098412, 0.7779374539852142, 0.7783008043964704, 0.7800690124432246, 0.7779692271176506, 0.7796626016497612, 0.7775002771190235, 0.7778873567779859, 0.7801890584329764, 0.7769715761144956, 0.7796264305710793, 0.7775873231391112, 0.7799241145451864, 0.779479039065978, 0.7780301064252854, 0.7781324705907277, 0.7778501225014528, 0.778707372645537, 0.7790326997637749, 0.7787993039403642, 0.7785340145230293, 0.778953280299902, 0.7787386739955229, 0.7791648611426354, 0.7782235507454192, 0.7781381445626417, 0.7780360194543997, 0.7788611575961113, 0.7777353823184967, 0.7786381244659424, 0.7784685711065928, 0.7800431453129825, 0.7803267344832421, 0.778445402426379, 0.7773714599510034, 0.7789310278991858, 0.7792071973284086, 0.777701691857406, 0.7794411450624465, 0.7774570646385351, 0.7795681585868199, 0.7778688292292988, 0.7778046876192093, 0.778200062257903, 0.7771275453269482, 0.7784361441930135, 0.7776471177736918, 0.7775901108980179, 0.7774198353290558, 0.7799076375861963, 0.7793344110250473, 0.7784852815024993, 0.7781057849526405, 0.7787489394346873, 0.7787440742055575, 0.7760879049698511, 0.7774985253810882, 0.778864868423518, 0.778611173587186, 0.7797552707294623, 0.7770176393290361, 0.7797749117016792, 0.7788069908108031, 0.7793547287583351, 0.7785210832953453, 0.7781290729840596, 0.7799803711035672, 0.7782849416136741, 0.7777790001460484, 0.7790861676136652, 0.7798627081016699, 0.7790254764258862, 0.7789487272500992, 0.7783365870515505, 0.7794141044219335, 0.7781146212535746, 0.7791765704751015, 0.7793310550706727, 0.7792779741187891, 0.7782514827946821, 0.7783592281242212, 0.777184828051499, 0.7793205037713051, 0.7784009737273058, 0.7789681990941366, 0.7790080913726021, 0.7789097473025322, 0.7790419938308852, 0.776972788075606, 0.777192751566569, 0.778007390598456, 0.7788732051849365, 0.7789148757855098, 0.777674469001153, 0.7793468281626701, 0.7776466285188993, 0.7785525744160017, 0.7796071469783783, 0.7783613801002502, 0.7781827419996261, 0.7788371928036213, 0.7785769432783127, 0.7784315952483345, 0.7786845892667771, 0.7783382428543908, 0.7789961956441402, 0.7788964758316675, 0.7786772263546785, 0.7784789758069175, 0.7759084865450859, 0.778436690568924, 0.7794290542602539, 0.7783871994299048, 0.7784564718604088, 0.7796281655629476, 0.7782243430614472, 0.7798937341341605, 0.7791743874549866, 0.7779728981355826, 0.7799212048451105, 0.7786008110269904, 0.7775577525297801, 0.7790037197992206, 0.7767941961685816, 0.7783013711373011, 0.7780486593643824, 0.778255188694367, 0.7796904412763459, 0.7768734569350878, 0.7783540278673172, 0.7777616819366813, 0.7797689338525137, 0.7788702378670375, 0.7798608183860779, 0.7777197627084595, 0.7788923407594363, 0.778557738661766, 0.7789073055610061, 0.7792738517746329, 0.7776944627364477, 0.7790228138367334, 0.7780121723810831, 0.7803192069897285, 0.7785946492637907, 0.7767688222229481, 0.7787540306647619, 0.7782228961586952, 0.7798403143882752, 0.7786625666277749, 0.7770558670163155, 0.7795271100476384, 0.7790880739688874, 0.7792750517527263, 0.7787182574922389, 0.7776195382078489, 0.7790225466092427, 0.7791552642981211, 0.7811550021171569, 0.779065724994455, 0.7792863311866919, 0.7800694359466434, 0.7783722718556723, 0.7782649755477905, 0.7788650054823268, 0.7781980633735657, 0.7786774983008703, 0.7783514926830928, 0.7774927807705743, 0.778326847900947, 0.7780612055212259, 0.7786296715339025, 0.7790077755848567, 0.7796001325954091, 0.7794677093625069, 0.778548389673233, 0.778585950533549, 0.7795170173048973, 0.7777317874133587, 0.7775566726922989, 0.7788005024194717, 0.7795247882604599, 0.7790990844368935, 0.7789369394381841, 0.7784405052661896, 0.7774532912299037, 0.7771884398534894, 0.7792407100399336, 0.7815853272165572, 0.7775748991049253, 0.7793317238489786, 0.7799419835209846, 0.7795060528442264, 0.7780876830220222, 0.7776168572405974, 0.7790239115556081, 0.7789036908320018, 0.778712360904767, 0.7798494050900141, 0.7796908169984818, 0.7787475399672985, 0.7792088026180863, 0.7797531150281429, 0.778217014670372, 0.7782421324934279, 0.7779789005334561, 0.7786070282260577, 0.779867859184742, 0.7792661739513278, 0.7791801653802395, 0.7778226683537165, 0.7782063007354736, 0.7792157126324517, 0.7782111523243097, 0.7786545132597288, 0.7785934954881668, 0.778480245007409, 0.7785854419072469, 0.7791049561717294, 0.7801681756973267, 0.7799837778011958, 0.7781758079926173, 0.7798178112134337, 0.7779656132062276, 0.7781581273302436, 0.7775119278166029, 0.7789927701155345, 0.7791262512857264, 0.7785981496175131, 0.7795553674300512, 0.7775134325027466, 0.7801832596460978, 0.7787157371640205, 0.7782952010631561, 0.7786179976537824, 0.7784362898932563, 0.7781103630860646, 0.7789200151508504, 0.7779635600745678, 0.7782302767038345, 0.7779980570077896, 0.7809404611587525, 0.7783033587038517, 0.7782185286283493, 0.7790249278768897, 0.7792923384242587, 0.7800697892904281, 0.7771198099309748, 0.7793867290019989, 0.7780541390180588, 0.779232042034467, 0.7801746944586436, 0.7787594860419631, 0.7777341405550638, 0.7784666488567988, 0.7792986805240313, 0.7783023385064942, 0.7766984129945437, 0.7781375469639897, 0.7779681269939129, 0.7799763003220925, 0.7769125563402971, 0.779139635960261, 0.7779880603775382, 0.7797830591599146, 0.7797913886606693, 0.7782182650906699, 0.7796120184163252, 0.7787539279088378, 0.7791582735685202, 0.7783721364461459, 0.7781093041102092, 0.7784424470737576, 0.7789143145084381, 0.7791799070934454, 0.779185091810567, 0.7792664592464765, 0.7784938951954246, 0.7790609976420035, 0.7787883373407217, 0.7781129491825899, 0.7792059540748596, 0.7794851204380393, 0.7777642520765463, 0.7775253940905844, 0.778279193987449, 0.7791553447023034, 0.7792271329806402, 0.7770548130457218, 0.7780931716163954, 0.7788642664750417, 0.7783198030665517, 0.7789121796687444, 0.7781599871814251, 0.7796155052880446, 0.7810225830628321, 0.7790561616420746, 0.7785009344418844, 0.7780980877578259, 0.7778463691473008, 0.7796513512730598, 0.7782786584326199, 0.7777776134510835, 0.7772924285382032, 0.7776595044594545, 0.7791931262383094, 0.778482053677241, 0.7785372287034988, 0.7779279761016369, 0.7781130852443832, 0.7777327286700407, 0.7785600628703833, 0.7795935250245608, 0.7790684149815486, 0.7781596841911474, 0.7786143561204275, 0.7799452282488346, 0.7782614638408025, 0.7788188507159551, 0.7771298087068966, 0.7778045659263929, 0.7792120343074203, 0.7774341301276133, 0.7791742441745905, 0.7786379059155782, 0.7789303623139858, 0.77821257909139, 0.7782885531584421, 0.778904496559075, 0.7804272969563802, 0.7792891012504697, 0.7786091760947154, 0.7781771685068424, 0.7784132987260819, 0.7792108170688152, 0.7774957676728567, 0.7787743732333183, 0.7808420360088348, 0.7768960955242316, 0.7788027906790376, 0.7794839441776276, 0.7796646631681002, 0.7772804697354635, 0.7781201223532359, 0.7789643500000238, 0.7778293589750925, 0.7782980116705099, 0.7784730749470847, 0.7788764598468939, 0.7784803295508027, 0.7805494643174685, 0.7781606316566467, 0.7792608079810938, 0.7783929248650869, 0.7783930683508515, 0.7784335970878601, 0.7784754894673824, 0.779290745300906, 0.7779617694516977, 0.7789849676191807, 0.778987046617728, 0.7792195207797564, 0.7805346933503946, 0.7788232425848642, 0.7789047369733453, 0.7784842113653818, 0.7776941421131293, 0.7780796523605074, 0.7780479987462362, 0.7785741584375501, 0.7795612743267646, 0.7770869181706355, 0.7804030614594618, 0.7773845463991165, 0.7793209152296185, 0.7769017775853475, 0.7789016428093115, 0.7773174941539764, 0.7789049819111824, 0.7796319806948304, 0.7786077180734048, 0.7787782767644296, 0.7782817917565504, 0.7781680295864741, 0.7785669602453709, 0.7784573410948118, 0.7797673928240935, 0.7785771545022726, 0.7787354279022951, 0.7798810647084162, 0.7782828132311503, 0.7773135125637054, 0.7777327038347721, 0.778878275837217, 0.77995723610123, 0.7800654703751206, 0.7790189075928469, 0.7797213150904729, 0.7787377138932546, 0.7796661903460821, 0.7788616381585598, 0.7779999723037084, 0.7788895728687445, 0.7787772704448019, 0.7775039176146189, 0.7796732513234019, 0.7786546452687337, 0.778047997217912, 0.7787592423458894, 0.7784520347913106, 0.7784213740378618, 0.7798955361048381, 0.7779182185729345, 0.7784988936036825, 0.7768600146685327, 0.7790978157094547, 0.7793557475010554, 0.77840885668993, 0.7794106836829866, 0.7768974080681801, 0.7785026095807552, 0.7783849000930786, 0.7773190140724182, 0.7810068419203162, 0.7792843388659614, 0.7763358162982124, 0.7779853135347367, 0.7778416454792023, 0.778699517250061, 0.7795811966061592, 0.777633810415864, 0.780148129661878, 0.7776757379372915, 0.7778769973665476, 0.7785882534725326, 0.7770453010286604, 0.7783727218707402, 0.777667573094368, 0.7784501622830118, 0.7782080933451653, 0.7782449573278427, 0.7776396060362458, 0.7794080536280359, 0.7789812445640564, 0.7780176550149918, 0.7777354493737221, 0.7783385952934623, 0.7783905327320099, 0.7793473452329636, 0.7772431327030063, 0.7788208233458656, 0.7779589731778418, 0.7785455276568731, 0.7811440318822861, 0.7799283042550087, 0.7786192983388901, 0.778531844727695, 0.779353779554367, 0.7788954526185989, 0.7784224189817905, 0.7787273920008114, 0.7787957042455673, 0.7779281924168269, 0.778152659535408, 0.779213432754789, 0.7793243318796158, 0.7778132315725088, 0.7777575304110845, 0.7767587373654048, 0.7775921924039721, 0.7779629177280835, 0.7779033843960081, 0.7794185320536295, 0.7779618874192238, 0.7784348398447036, 0.7778323711827397, 0.7775514552990596, 0.7786543021599451, 0.7773157367482781, 0.7793306506105832, 0.7793399542570114, 0.778856693704923, 0.7773157447576523, 0.7780418949467796, 0.7771042257547378, 0.7782775163650513, 0.7786569148302078, 0.7783114324013392, 0.7788297068327665, 0.7788787420306886, 0.7779160787661871, 0.7795510128140449, 0.777001217007637, 0.7785887224599719, 0.7794931272665659, 0.7796781398355961, 0.7793005832604, 0.7804071168814386, 0.7787281721830368, 0.7786937087774277, 0.7784390939133508, 0.7776284858584404, 0.7784937918186188, 0.7789062927166621, 0.7786276956399282, 0.7784208878874779, 0.777636933539595, 0.779692261346749, 0.7789823055267334, 0.7780039578676223, 0.7782859385013581, 0.7796531664207578, 0.777433239420255, 0.7785439391930898, 0.7790013607591391, 0.7784972414374352, 0.7780407220125198, 0.7796164294083914, 0.7781216099858284, 0.780015800680433, 0.7795656740665435, 0.7789298612624407, 0.7787710209687551, 0.7788279215494791, 0.7791784182190895, 0.7792959117463657, 0.7784325267587389, 0.7780151764551798, 0.7798315346240997, 0.7777577117085457, 0.7795098677277565, 0.7797171864658594, 0.7798238625129064, 0.7783435702323913, 0.7794219171628356, 0.7794202140399388, 0.7772468977740833, 0.7785349239905676, 0.7784097194671631, 0.7811488626258714, 0.7787113845348358, 0.7794304508715868, 0.7780574470758438, 0.7783508509397506, 0.7769662877544761, 0.7788765398519379, 0.7798087639468056, 0.7783100883165995, 0.7787859931588172, 0.7785757662994521, 0.7797532618045807, 0.7781613113151656, 0.7788201485361372, 0.7790368124842644, 0.7778699820240339, 0.7794440001249313, 0.7802665144205093, 0.7792878543788737, 0.7780789504448573, 0.779025313258171, 0.7790535551806291, 0.779348430223763, 0.7789849787950516, 0.7782486929343297, 0.7785668757401014, 0.7770373001694679, 0.7777822216351827, 0.7772997450083494, 0.7783379117647806, 0.7781250052727186, 0.7780953010446147, 0.7772432327270508, 0.7781431563198566, 0.7796688498929143, 0.7778761227925619, 0.7784716257682214, 0.7788044904407702, 0.7780463516712188, 0.7772378772497177, 0.7791708301414143, 0.7783089099185807, 0.7785996034741401, 0.7788377883178847, 0.7779625757382467, 0.7784213237464428, 0.7796999961137772, 0.7795269856850306, 0.7781618929335049, 0.7779662132263183, 0.7785790523416117, 0.7773480196793874, 0.7775135993957519, 0.778306958930833, 0.7763849660754204, 0.7789801560342312, 0.7791343107819557, 0.7794647206862768, 0.779168808211883, 0.7783254798915651, 0.7787692637907134, 0.7791785970330238, 0.7793334433261085, 0.7788364127987907, 0.7792581543326378, 0.7791205279529094, 0.7788448383410772, 0.7775352378686269, 0.7782628883918127, 0.7781178090307448, 0.779158279299736, 0.7794333373506864, 0.7785254839588613, 0.778687440923282, 0.7778313085436821, 0.7782450005412102, 0.7802908395727476, 0.7786843578020731, 0.7776070982217789, 0.778625542918841, 0.7788300174805853, 0.7785508198042711, 0.777434931958423, 0.778177186137154, 0.7792198270559311, 0.7793448664247989, 0.7785750205318133, 0.7786235094070435, 0.7782894236346086, 0.7794797751638625, 0.7775286568535699, 0.7788698486983776, 0.7771221530788085, 0.7781433537602425, 0.7788057575623194, 0.7789756519099077, 0.7787782218721178, 0.7787138786580827, 0.778275811423858, 0.7782216519117355, 0.778450275460879, 0.7797963817914327, 0.7787924880782763, 0.7802933491766453, 0.7766020178794861, 0.7777471404809218, 0.7798293878634771, 0.7787101219097773, 0.7794468038611941, 0.7779153221183353, 0.7785380911082029, 0.7805331885814667, 0.7794458163636071, 0.7787180542945862, 0.778414648771286, 0.7796226607428657, 0.7776420613129934, 0.7777090364446243, 0.7779857099056244, 0.7772836868579571, 0.7788825531800588, 0.778385814693239, 0.7776799781454934, 0.7773132274548212, 0.7782901184012493, 0.7786592304706573, 0.7799822347504752, 0.7782767139948331, 0.7793839395046234, 0.7789238016395008, 0.7779416808715234, 0.7782502012948195, 0.7775227027504068, 0.7772068828344345, 0.7797700900297899, 0.7784815306464831, 0.7782589071675351, 0.7789853162625257, 0.7778564370595492, 0.7790907012919585, 0.778777971079475, 0.7783134877681732, 0.7787587780218859, 0.779592956105868, 0.7786017170077876, 0.7780283739169439, 0.7781352479668224, 0.7790295080496714, 0.7778957672417164, 0.7790912115260175, 0.7803307123043958, 0.778081646332374, 0.7784504195054373, 0.7796209376109273, 0.7787614981917774, 0.7779328318742605, 0.7779134462277094, 0.7785045292816664, 0.7782088141230976, 0.7791796899758853, 0.7780622678498427, 0.7776118352224952, 0.7775735046182359, 0.7796653264335224, 0.7780268434435129, 0.779789129892985, 0.778309234551021, 0.7790202234800045, 0.779037524263064, 0.7790602311491966, 0.7789485912237848, 0.7790655962058476, 0.7783444821834564, 0.7777064926922321, 0.7790642763887132, 0.7788705126597331, 0.7783170988162359, 0.7780394688248634, 0.7779024775539125, 0.7801114129168647, 0.7793095583717028, 0.7786841293176016, 0.7805337575929505, 0.7780029361064618, 0.7778892745574315, 0.7780584946274758, 0.7792522768889154, 0.7791255765727588, 0.7779518651465575, 0.7789874859154224, 0.7784192338585854, 0.7792297819486032, 0.7774171978235245, 0.778950180610021, 0.7785333469510078, 0.7792664894035884, 0.7772598254183928, 0.7772560504575571, 0.7785694184047836, 0.7792107336796247]
\score={0: [0.22034642994403839, 0.22318043410778046, 0.22123582661151886, 0.22139147537596085, 0.22071543633937835, 0.22079874078432718, 0.222823985359248, 0.22149565716584524, 0.22099258204301198, 0.2217478962505565, 0.2203431214605059, 0.22044948861002922, 0.22106748521327974, 0.22095376524058255, 0.22076424868667827, 0.2227463811635971, 0.2211040049791336, 0.22299147117882967, 0.22242282455166182, 0.22112627765711615, 0.22097049529353777, 0.22190874069929123, 0.2223725589838895, 0.2212534561753273, 0.22193310206586664, 0.22186895757913588, 0.2217938408255577, 0.22017971128225328, 0.22076962639888129, 0.2213764454309757, 0.2218044034459374, 0.22085757553577423, 0.22287186636374548, 0.22119753311077753, 0.22152652218937874, 0.2215803929350593, 0.2212091565132141, 0.2199747934937477, 0.22029940634965897, 0.22191339324821124, 0.222370357467578, 0.2212303335016424, 0.22170218283479864, 0.22129229307174683, 0.22094103693962097, 0.22261504332224527, 0.22048119008541106, 0.22008583268948964, 0.2219218056310307, 0.22145836651325226, 0.22105832573245554, 0.22159450153509777, 0.22168769630102012, 0.22125924564898014, 0.22149558241168657, 0.22216317388746473, 0.22130594345239493, 0.2203292081753413, 0.22048172927819765, 0.22213403454848699, 0.22091888636350632, 0.22052260786294936, 0.22101303935050964, 0.22187152390296644, 0.2231519626719611, 0.22151592870553335, 0.22141697506109873, 0.22050577153762183, 0.22081563834633147, 0.22103483527898787, 0.22092523922522864, 0.22122356196244558, 0.22231538593769073, 0.22028261721134185, 0.22209923068682352, 0.22086764127016068, 0.22187484800815582, 0.2210258742173513, 0.2209518002346158, 0.22061995474191812, 0.21858760256033677, 0.21980856483181319, 0.22051388621330262, 0.22102309670299292, 0.22063518762588502, 0.2218930761019389, 0.22042402066290379, 0.2200571671128273, 0.2217085531779698, 0.22059624592463176, 0.22284248620271682, 0.22149640215294703, 0.2214349091053009, 0.22126463241875172, 0.22134963124990464, 0.22024554883440337, 0.22107846509007847, 0.22232323046773672, 0.22149484157562255, 0.22111389155571276, 0.22155784964561462, 0.22081791093716255, 0.2211711618461107, 0.2209556226929029, 0.21959895392258963, 0.22210215197669136, 0.22142573363251156, 0.22114644530746672, 0.22078615178664526, 0.22297569811344148, 0.2223189345427922, 0.22101205931260035, 0.2211626006497277, 0.22030032674471536, 0.2212876001993815, 0.22128908733526867, 0.2212270068771699, 0.22087667080072257, 0.2208959096007877, 0.22269865657602037, 0.22225013550590067, 0.22155199199914932, 0.22085400396271757, 0.22045629347364107], 1: [0.22126051584879558, 0.22204528003931046, 0.22082667459141125, 0.22159959375858307, 0.2213074281811714, 0.22165894210338594, 0.22072237379410686, 0.2210086534420649, 0.22190073728561402, 0.22280671578996322, 0.22043184141318004, 0.22243591994047165, 0.22098053314469077, 0.22172348639544318, 0.22039368351300556, 0.222579184700461, 0.22153903643290201, 0.22131775407230153, 0.2218967169523239, 0.2204785242676735, 0.2213205031373284, 0.22174477314247804, 0.22108935415744782, 0.22213454106274774, 0.22256908118724822, 0.2212422639131546, 0.221440914273262, 0.2198972672224045, 0.22054761919108304, 0.22050993232166066, 0.2207008883357048, 0.22011431455612182, 0.22021776700721069, 0.2196545571088791, 0.22272610576713786, 0.22090156773726147, 0.22178137600421904, 0.2217801741578362, 0.22171596919789033, 0.21952387690544128, 0.22066615720589955, 0.22157248766983256, 0.22122332354386648, 0.2213734151685939, 0.2214926888545354, 0.2213002100586891, 0.22275990112261337, 0.22117865979671478, 0.21970886985460916, 0.22210215032100677, 0.22156395281062408, 0.22171965936819713, 0.22094232589006424, 0.2209456739100543, 0.2200027940904393, 0.22040794044733047, 0.22207796275615693, 0.22168645876295426, 0.22189742028713227, 0.22094300289948782, 0.22116987582515268, 0.2222150872151057, 0.22160631716251372, 0.2217683047056198, 0.2222326827399871, 0.2211077928543091, 0.22100298206011454, 0.22135059798465057, 0.22047455410162609, 0.22066982090473175, 0.22070568624664755, 0.22076459527015685, 0.22141037583351136, 0.22375487197529187, 0.2205595190034193, 0.22153563052415848, 0.22108151614665986, 0.22142682005377376, 0.22206307450930277, 0.22035164634386697, 0.22212272005922654, 0.22164440353711445, 0.21954937428236007, 0.2197135415944186, 0.22157257532372193, 0.22024853974580766, 0.2221979707479477, 0.22146148190778844, 0.2220655103524526, 0.22181106011072796, 0.222737597192035, 0.22148431539535524, 0.22037713080644608, 0.22207373516126114, 0.2220836439553429, 0.22061845511198044, 0.22296165625254313, 0.2203043445068247, 0.22175785811508403, 0.22186754445234935, 0.22131821066141127, 0.21990971673618664, 0.22063880895867066, 0.22186755935351055, 0.22111777172369115, 0.21891548335552216, 0.2210974469780922, 0.22231368178671057, 0.22208837375921361, 0.2204487164815267, 0.22158028535983143, 0.221078892548879, 0.2203840712706248, 0.22098552391809576, 0.2226730783780416, 0.21953468024730682, 0.22152243012731726, 0.22088031470775604, 0.2211990550160408, 0.22152901887893678, 0.22164737340062857, 0.22163135185837746, 0.22311319907506308, 0.22182930409908294, 0.22028795020146805, 0.2215539821807076, 0.22083938419818877, 0.22047176957130432, 0.22243594843894243, 0.2223148743311564, 0.2190820574760437, 0.22124302089214326, 0.22017876668409866, 0.22063902020454407, 0.22238520830869674, 0.22041914165019988, 0.2223434168845415, 0.2200892927745978, 0.22284570833047232, 0.22216245532035828, 0.22173535688356918, 0.22132081582265742, 0.2223255842924118, 0.22407897412776948, 0.22211882378906012, 0.22172017022967339, 0.22212167522486517, 0.22086320952935654, 0.22262080013751984, 0.22062468122352252, 0.2208106204867363, 0.21993316845460373, 0.2211729645729065, 0.22198263555765152, 0.2223868265748024, 0.2205648049712181, 0.2211995663551184, 0.2209870463067835, 0.2212706322853382, 0.22279699643452963, 0.22071893377737564, 0.22141800224781036, 0.22146320790052415, 0.22063292190432549, 0.2228811509334124, 0.22163165112336478, 0.2246219366788864, 0.22040931433439254, 0.22131170183420182, 0.22115564495325088, 0.22134624150666324, 0.21962791816754776, 0.22163888947530228, 0.2224544271826744, 0.22077640891075134, 0.22150916159152984, 0.22103024621804554, 0.2219205603880041, 0.2227089233123339, 0.22157330252230167, 0.22103003412485123, 0.22218631207942963, 0.22083285450935364, 0.22130621427839453, 0.2200941727920012, 0.2222350761294365, 0.2222219854593277, 0.2209866573413213, 0.22122122028044292, 0.22084556023279825, 0.22139224497710958, 0.2219036929309368, 0.22071698307991028, 0.22283342778682708, 0.2223560276130835, 0.22097402513027192, 0.22201814903662756, 0.22314769977873022, 0.2214580923318863, 0.2237212194336785, 0.2215306803584099, 0.22145385891199112, 0.22186590234438577, 0.2199380427598953, 0.22157369554042816, 0.22283673286437988, 0.2212391182780266, 0.2220336558918158, 0.22180724889039993, 0.22079535745657408, 0.22167407653548502, 0.2227389940193721, 0.22088945905367532, 0.22112033814191817, 0.22125898152589799, 0.2221013324128257, 0.22078993618488313, 0.22048497200012207, 0.2206737667322159, 0.22243472635746003, 0.22118787840008736, 0.2206665739417076, 0.22124844101759103, 0.22026587345383383, 0.22191774206502096, 0.2218600097629759, 0.22156344652175902, 0.22059033513069154, 0.21997696161270142, 0.22076964676380156, 0.22070416510105134, 0.2222159445285797, 0.21989452242851257, 0.2225284700592359, 0.22042230069637297, 0.2207384453370021, 0.22153614461421967, 0.2211575699704034, 0.22058530151844025, 0.22102831453084945, 0.22122123837471008, 0.21931037306785583, 0.2222539782524109, 0.2223152533173561, 0.22185762822628022, 0.22017424702644348, 0.22119966284795242, 0.22116960026323795, 0.22137786597013473, 0.22231676429510117, 0.22261840353409448, 0.22057125137911904, 0.22223863667911953, 0.22125574350357055, 0.22258490771055223, 0.22098991410298782, 0.22154908441007137, 0.22014776170253753, 0.22126889526844024, 0.22108246386051178, 0.22122502989239162, 0.22031528585486942, 0.22194950133562089, 0.22189288437366486, 0.22135899690064517, 0.22024954296648502, 0.2201322689652443, 0.21976479589939119, 0.22119768212238947, 0.22287904388374752, 0.2211321840683619, 0.2221599355340004, 0.22193748950958253, 0.22104228762063113, 0.22106829285621643, 0.22029780745506286, 0.2214350327849388, 0.2233965297540029, 0.22215276294284397, 0.22061009539498222, 0.2210297832886378, 0.22183117104901207, 0.2189980367055306, 0.22009100516637167, 0.2219279557466507, 0.22097608021327428, 0.22314699180424213, 0.22242751717567444, 0.22005002544476435, 0.22142198930184046, 0.22244941029283735, 0.22103744859878832, 0.22001482148965198, 0.22204135702206537, 0.22202942733253753, 0.22132178489118814, 0.2214585691690445, 0.2209922017959448, 0.2217361368238926, 0.22104305028915405, 0.22075509910400098, 0.22086029450098674, 0.2201982450026732, 0.22160979041031428, 0.22134934645146132, 0.22188200950622558, 0.22108518389555123, 0.22199497744441032, 0.21955597069528368, 0.22090509763130775, 0.2202541927496592, 0.22277272320710695, 0.22191443187849863, 0.22142126318067312, 0.22098216116428376, 0.2215616565484267, 0.22063411523898444, 0.22189662522739834, 0.22102837837659395, 0.22093926668167113, 0.2200040083665114, 0.22205142357519694, 0.2216488979756832, 0.22196878343820572, 0.22212056815624237, 0.22157029973136055, 0.22139175236225128, 0.2198718210061391, 0.2221830005829151, 0.22129947479282105, 0.22075659688562155, 0.22170337438583373, 0.2225384425658446, 0.22192911058664322, 0.22133956187301213, 0.22050953484498537, 0.2213421324888865, 0.22003158926963806, 0.22165472699063166, 0.22327571641653776, 0.22096215933561325, 0.22022733464837074, 0.22026318540939918, 0.22287648543715477, 0.22040721277395883, 0.22105306272323316, 0.22182597815990449, 0.22080455491176018, 0.2226464727095195, 0.22025590110570192, 0.21959741711616515, 0.22240046239816225, 0.22165529057383537, 0.22093302839332157, 0.22137326231369606, 0.2196915199359258, 0.22023877959985, 0.22202264198235103, 0.2213887618854642, 0.22210806012153625, 0.22104584597624266, 0.22190842653314272, 0.22106535567177665, 0.22125753301840562, 0.2205735872189204, 0.22142773064283225, 0.2207832517368453, 0.22140618041157722, 0.22214056551456451, 0.22061361372470856, 0.22182583684722582, 0.22161000801457298, 0.22015164104791787, 0.2214012304941813, 0.22200356538479143, 0.22031877828495844, 0.22104185167700052, 0.22093321084976197, 0.22046895325183868, 0.22111819808681807, 0.22044027017222512, 0.22162699240904588, 0.2203280359506607, 0.22159207211090967, 0.2219573844756399, 0.22254920471459627, 0.22083648294210434, 0.22266706136556771, 0.22139275074005127, 0.22291839785046047, 0.22166331570882064, 0.22133294741312662, 0.22168900072574615, 0.22118227928876877, 0.2216229559853673, 0.2213477149605751, 0.2205721690104558, 0.22177230194211006, 0.2201542572842704, 0.2204768588909736, 0.22042186160882313, 0.22055683915431684, 0.22092371646847045, 0.2226705877110362, 0.22240143716335298, 0.2202300326182292, 0.22200208654006323, 0.22158843941158718, 0.21904596457114586, 0.22041279971599578, 0.22298401708786303, 0.22072955859558924, 0.22144002374261618, 0.2220576748251915, 0.22110669429485613, 0.21942512318491936, 0.22123666438791487, 0.22080962245280927, 0.22206583519776663, 0.22252030670642853, 0.22264845562832697, 0.22164513915777206, 0.22090885192155837, 0.220567083129516, 0.22143602619568506, 0.2211747020483017, 0.22084208520559165, 0.22243542671203614, 0.22300496926674476, 0.2219519934483937, 0.22126160841435194, 0.22152279913425446, 0.22323535611996284, 0.22106887698173522, 0.2226323053240776, 0.22258693873882293, 0.22243813086639752, 0.2219367131590843, 0.22207272201776504, 0.21797182072292676, 0.22238856689496475, 0.2202458694577217, 0.22119874209165574, 0.21983392536640167, 0.2224635278636759, 0.22075693011283876, 0.22051389366388321, 0.2226743221282959, 0.22090284797278317, 0.22122075070034375, 0.2217724011702971, 0.2203556329011917, 0.22187216579914093, 0.21962775588035582, 0.22239627756855704, 0.22009629160165786, 0.2205992504954338, 0.22132503986358643, 0.221351527354934, 0.22266906770792874, 0.22106739431619643, 0.220400433242321, 0.21971170008182525, 0.22188241644339127, 0.2194170042872429, 0.2210911199450493, 0.22220833748579025, 0.22204344245520505, 0.2213548936627128, 0.22077191417867487, 0.22231370061635972, 0.22076581567525863, 0.2207389548420906, 0.22170638902620834, 0.22264285683631896, 0.22145752161741256, 0.22262366414070128, 0.2220635102553801, 0.22223045338283887, 0.2228547131473368, 0.22160254418849945, 0.2226495160297914, 0.21996392522539412, 0.22153107225894927, 0.22225591404871506, 0.2223135784268379, 0.22083850055933, 0.22263080775737762, 0.22115822562149592, 0.22183512523770332, 0.2221307781609622, 0.22154781222343445, 0.21778395473957063, 0.22073451497338034, 0.2213089033961296, 0.22062691301107407, 0.21984528601169587, 0.2234142678124564, 0.22247309423983097, 0.2200668752193451, 0.220078849366733, 0.2219533294439316, 0.2211196612228047, 0.22274352759122848, 0.21969059109687805, 0.22022158652544022, 0.22100276025858792, 0.22005088329315187, 0.22051532160152088, 0.22100067883729935, 0.22111337929964064, 0.22156227176839655, 0.22211511433124542, 0.2195653495463458, 0.22267348915338517, 0.22004670649766922, 0.2205471083521843, 0.22145693004131317, 0.22254999975363413, 0.22004952281713486, 0.22127034962177278, 0.22080995738506318, 0.22156549245119095, 0.22166495770215988, 0.21904682368040085, 0.22162420600652694, 0.22189711630344391, 0.22144168118635812, 0.22241768538951873, 0.22159526497125626, 0.22051734030246734, 0.22071755081415176, 0.22009006142616272, 0.22081971019506455, 0.21917844712734222, 0.22234585583209993, 0.2219903220733007, 0.2208075225353241, 0.22188772708177568, 0.22081706821918487, 0.22026475965976716, 0.2210507869720459, 0.22004558593034745, 0.22124478369951248, 0.22024325430393218, 0.21828113993008932, 0.22290542721748352, 0.22003610879182817, 0.2211207315325737, 0.21839504987001418, 0.2198077231645584, 0.22101429849863052, 0.22055716216564178, 0.2215986117720604, 0.21901818613211313, 0.22067787796258925, 0.22059648334980012, 0.221568663418293, 0.22008953541517257, 0.22219083458185196, 0.22314362972974777, 0.22072258293628694, 0.22051331028342247, 0.2206304371356964, 0.22261941162022678, 0.2221330612897873, 0.22285495562986893, 0.22156991064548492, 0.22126318514347076, 0.220580592751503, 0.22073752246797085, 0.21968968483534726, 0.2209783136844635, 0.22082921998067337, 0.22122134119272233, 0.22119818776845931, 0.22299958169460296, 0.2211478091776371, 0.2218811200423674, 0.22154801948504013, 0.22010284215211867, 0.22127604213627902, 0.22126228660345076, 0.2204640656709671, 0.21950604617595673, 0.2205246314406395, 0.22037166221575302, 0.22022685408592224, 0.223112790286541, 0.22257491052150727, 0.22152959555387497, 0.22106789499521257, 0.22196819819509983, 0.22261990742249924, 0.22065531313419343, 0.2206530516797846, 0.22053789686072955, 0.22033140063285828, 0.22041138871149582, 0.2213783457875252, 0.22103914483027023, 0.22049534618854522, 0.22419042587280275, 0.22226155481555246, 0.21946616335348648, 0.22200762141834607, 0.22216453877362338, 0.2216746374964714, 0.22169118306853555, 0.2215702772140503, 0.22037983347069134, 0.22094975858926774, 0.22205118157646872, 0.2210812121629715, 0.22315068542957306, 0.22104886174201965, 0.22025251984596253, 0.221665236082944, 0.22118713557720185, 0.2229695279489864, 0.2214019075036049, 0.22140471190214156, 0.22122254290364005, 0.2218461957844821, 0.2203574302521619, 0.22180183638225903, 0.22043581306934357, 0.22112238136204806, 0.22098258882761002, 0.2205702472816814, 0.2218490868806839, 0.2222492516040802, 0.22174935178323227, 0.22083237902684646, 0.22208849814805118, 0.22167524153536017, 0.22111265361309052, 0.22077184102751993, 0.2210520923137665, 0.2220992838794535, 0.22094810456037522, 0.2225951538844542, 0.2221144735813141, 0.22102261121783937, 0.22190012286106744, 0.22121590748429298, 0.2210671678185463, 0.2211914967213358, 0.22023133486509322, 0.22140245387951532, 0.221524981657664, 0.22141493243329666, 0.22111936807632446, 0.22226380982569285, 0.22016402582327524, 0.22073752681414285, 0.22026314586400986, 0.22105118951627187, 0.22113805264234543, 0.22170876090725264, 0.21966001987457276, 0.22310848709414988, 0.22151384353637696, 0.2214983201452664, 0.22085489332675934, 0.2214230845371882, 0.2207667442659537, 0.22263171736683166, 0.2211431846022606, 0.22150768215457597, 0.22121563851833342, 0.2211221438996932, 0.22204534858465194, 0.22209506801196507, 0.22017739589015642, 0.22144624094168344, 0.2220530870060126, 0.22198052597897394, 0.22189051508903504, 0.22148978958527246, 0.22106951872507732, 0.22133601413053625, 0.22163628041744232, 0.2209776969892638, 0.2216169498860836, 0.22277170792222023, 0.2208217829465866, 0.22163666359015874, 0.22206254601478576, 0.2216991956035296, 0.2199309875567754, 0.22203077288234935, 0.2203373983502388, 0.22249972288097655, 0.2221126432220141, 0.2198109415670236, 0.2230284238855044, 0.22037356942892075, 0.2224126768608888, 0.22007588545481363, 0.2205209609340219, 0.22196989357471467, 0.22186752940927232, 0.22214987749854723, 0.22129262735446295, 0.22096730023622513, 0.22120069605963572, 0.22146598547697066, 0.22104671970009804, 0.22126132600447712, 0.22083513885736467, 0.2217764492545809, 0.22186185543735823, 0.22196398054560026, 0.2211388424038887, 0.2222646176815033, 0.22136187553405762, 0.22153142889340718, 0.21995685468701756, 0.21967326551675798, 0.22155459757362092, 0.2226285400489966, 0.2210689721008142, 0.22079280267159143, 0.22229830814259394, 0.2205588549375534, 0.22254293536146483, 0.22043184141318004, 0.22213117077070124, 0.2221953123807907, 0.22179993774209703, 0.22287245467305183, 0.22156385580698648, 0.2223528822263082, 0.22240988910198212, 0.2225801646709442, 0.22009236241380373, 0.2206655889749527, 0.2215147184975007, 0.22189421504735946, 0.2212510605653127, 0.2212559257944425, 0.22391209503014883, 0.22250147461891173, 0.22113513157648199, 0.22138882641281402, 0.2202447292705377, 0.22298236067096391, 0.22022508829832077, 0.221193009189197, 0.2206452712416649, 0.2214789167046547, 0.22187092701594036, 0.22001962889643276, 0.22171505838632583, 0.22222099985395158, 0.22091383238633475, 0.22013729189833006, 0.22097452357411385, 0.22105127274990083, 0.22166341294844946, 0.22058589557806652, 0.22188537874642542, 0.22082342952489853, 0.2206689449293273, 0.22072202588121095, 0.22174851720531782, 0.22164077187577882, 0.22281517194850103, 0.22067949622869493, 0.22159902627269426, 0.22103180090586344, 0.22099190862739787, 0.2210902526974678, 0.2209580061691148, 0.22302721192439398, 0.222807248433431, 0.22199260940154394, 0.22112679481506348, 0.22108512421449025, 0.22232553099884705, 0.22065317183732985, 0.2223533714811007, 0.22144742558399835, 0.2203928530216217, 0.22163861989974976, 0.22181725800037383, 0.2211628071963787, 0.22142305672168733, 0.22156840475166545, 0.22131541073322297, 0.22166175714560918, 0.22100380435585976, 0.22110352416833243, 0.22132277364532152, 0.22152102419308253, 0.2240915134549141, 0.22156330943107605, 0.2205709457397461, 0.22161280057009528, 0.22154352813959122, 0.2203718344370524, 0.22177565693855286, 0.22010626586583945, 0.22082561254501343, 0.2220271018644174, 0.22007879515488943, 0.2213991889730096, 0.22244224747021993, 0.22099628020077944, 0.22320580383141836, 0.22169862886269887, 0.22195134063561758, 0.22174481130563295, 0.22030955872365407, 0.22312654306491217, 0.2216459721326828, 0.22223831806331873, 0.22023106614748636, 0.22112976213296254, 0.22013918161392212, 0.22228023729154042, 0.22110765924056372, 0.22144226133823394, 0.22109269443899393, 0.22072614822536707, 0.22230553726355234, 0.2209771861632665, 0.22198782761891683, 0.21968079301027152, 0.22140535073620932, 0.22323117777705193, 0.22124596933523813, 0.22177710384130478, 0.22015968561172486, 0.22133743337222508, 0.22294413298368454, 0.22047288995236158, 0.22091192603111268, 0.22072494824727376, 0.22128174250776117, 0.22238046179215112, 0.22097745339075725, 0.22084473570187887, 0.218844997882843, 0.22093427500554494, 0.2207136688133081, 0.21993056405335665, 0.2216277281443278, 0.22173502445220947, 0.22113499451767316, 0.22180193662643433, 0.22132250169912973, 0.22164850731690725, 0.2225072192294257, 0.22167315209905306, 0.22193879447877407, 0.22137032846609753, 0.22099222441514332, 0.22039986740459094, 0.22053229063749313, 0.22145161032676697, 0.22141404946645102, 0.2204829826951027, 0.2222682125866413, 0.2224433273077011, 0.22119949758052826, 0.2204752117395401, 0.22090091556310654, 0.2210630605618159, 0.22155949473381042, 0.2225467087700963, 0.2228115601465106, 0.22075928996006647, 0.2184146727834429, 0.2224251008950747, 0.22066827615102133, 0.22005801647901535, 0.22049394715577364, 0.22191231697797775, 0.2223831427594026, 0.2209760884443919, 0.2210963091679982, 0.22128763909523302, 0.22015059490998587, 0.22030918300151825, 0.2212524600327015, 0.22079119738191366, 0.22024688497185707, 0.22178298532962798, 0.22175786750657217, 0.22202109946654394, 0.22139297177394232, 0.22013214081525803, 0.2207338260486722, 0.2208198346197605, 0.22217733164628348, 0.22179369926452636, 0.22078428736754827, 0.2217888476756903, 0.22134548674027124, 0.2214065045118332, 0.22151975499259102, 0.2214145580927531, 0.22089504382827066, 0.21983182430267334, 0.2200162221988042, 0.2218241920073827, 0.22018218878656626, 0.22203438679377238, 0.2218418726697564, 0.22248807218339708, 0.22100722988446553, 0.22087374871427362, 0.22140185038248697, 0.22044463256994884, 0.22248656749725343, 0.21981674035390217, 0.22128426283597946, 0.22170479893684386, 0.22138200234621763, 0.2215637101067437, 0.22188963691393535, 0.22107998484914954, 0.2220364399254322, 0.22176972329616546, 0.22200194299221038, 0.21905953884124757, 0.2216966412961483, 0.2217814713716507, 0.2209750721231103, 0.22070766157574123, 0.21993021070957183, 0.2228801900690252, 0.2206132709980011, 0.22194586098194122, 0.22076795796553295, 0.2198253055413564, 0.2212405139580369, 0.22226585944493613, 0.2215333511432012, 0.2207013194759687, 0.22169766149350575, 0.2233015870054563, 0.22186245303601027, 0.2220318730060871, 0.2200236996779075, 0.22308744365970293, 0.22086036403973897, 0.2220119396224618, 0.22021694084008533, 0.22020861133933067, 0.2217817349093301, 0.22038798158367476, 0.2212460720911622, 0.2208417264314798, 0.22162786355385414, 0.22189069588979085, 0.22155755292624235, 0.22108568549156188, 0.22082009290655455, 0.22081490818943297, 0.2207335407535235, 0.22150610480457544, 0.22093900235799643, 0.22121166265927827, 0.22188705081741014, 0.22079404592514038, 0.2205148795619607, 0.22223574792345366, 0.22247460590941565, 0.22172080601255098, 0.2208446552976966, 0.2207728670193599, 0.2229451869542782, 0.22190682838360468, 0.2211357335249583, 0.22168019693344831, 0.2210878203312556, 0.2218400128185749, 0.2203844947119554, 0.21897741693716782, 0.22094383835792542, 0.22149906555811563, 0.22190191224217415, 0.2221536308526993, 0.22034864872694016, 0.22172134156738008, 0.2222223865489165, 0.22270757146179676, 0.22234049554054552, 0.2208068737616906, 0.22151794632275898, 0.22146277129650116, 0.2220720238983631, 0.22188691475561687, 0.22226727132995924, 0.22143993712961674, 0.22040647497543922, 0.2209315850184514, 0.22184031580885252, 0.22138564387957255, 0.2200547717511654, 0.2217385361591975, 0.2211811492840449, 0.22287019129310334, 0.22219543407360712, 0.22078796569257975, 0.22256586987238663, 0.22082575582540953, 0.22136209408442178, 0.22106963768601418, 0.22178742090861003, 0.22171144684155783, 0.22109550344092505, 0.21957270304361978, 0.22071089874953032, 0.22139082390528458, 0.2218228314931576, 0.22158670127391816, 0.22078918293118477, 0.22250423232714336, 0.22122562676668167, 0.21915796399116516, 0.22310390447576842, 0.22119720932096243, 0.22051605582237244, 0.2203353368318998, 0.22271953026453653, 0.22187987764676412, 0.22103564999997616, 0.22217064102490744, 0.22170198832949004, 0.2215269250529153, 0.22112354015310606, 0.2215196704491973, 0.2194505356825315, 0.22183936834335327, 0.22073919201890627, 0.22160707513491312, 0.22160693164914846, 0.2215664029121399, 0.22152451053261757, 0.22070925469909394, 0.22203823054830232, 0.22101503238081932, 0.22101295338227198, 0.2207804792202436, 0.21946530664960542, 0.2211767574151357, 0.22109526302665472, 0.22151578863461813, 0.2223058578868707, 0.2219203476394926, 0.22195200125376383, 0.22142584156244993, 0.2204387256732354, 0.22291308182936448, 0.21959693854053816, 0.22261545360088347, 0.22067908477038145, 0.22309822241465252, 0.22109835719068846, 0.22268250584602356, 0.2210950180888176, 0.22036801930516958, 0.22139228192659524, 0.22122172323557046, 0.22171820824344954, 0.2218319704135259, 0.22143303975462914, 0.22154265890518823, 0.2202326071759065, 0.2214228454977274, 0.22126457209770495, 0.22011893529158372, 0.2217171867688497, 0.22268648743629454, 0.2222672961652279, 0.22112172416278295, 0.22004276389877, 0.21993452962487936, 0.2209810924071532, 0.22027868490952712, 0.2212622861067454, 0.22033380965391794, 0.2211383618414402, 0.2220000276962916, 0.22111042713125548, 0.22122272955519812, 0.22249608238538107, 0.22032674867659807, 0.22134535473126632, 0.22195200278208807, 0.22124075765411058, 0.22154796520868938, 0.22157862596213818, 0.22010446389516194, 0.22208178142706553, 0.22150110639631748, 0.22313998533146723, 0.22090218429054534, 0.2206442524989446, 0.22159114331007004, 0.22058931631701334, 0.22310259193181992, 0.22149739041924477, 0.22161509990692138, 0.2226809859275818, 0.21899315807968378, 0.22071566113403865, 0.22366418370178767, 0.22201468646526337, 0.22215835452079774, 0.22130048274993896, 0.2204188033938408, 0.222366189584136, 0.21985187033812206, 0.22232426206270853, 0.22212300263345242, 0.22141174652746745, 0.22295469897133963, 0.22162727812925975, 0.222332426905632, 0.22154983771698816, 0.22179190665483475, 0.2217550426721573, 0.22236039396375418, 0.22059194637196405, 0.2210187554359436, 0.22198234498500824, 0.22226455062627792, 0.22166140470653772, 0.2216094672679901, 0.22065265476703644, 0.22275686729699373, 0.22117917665413447, 0.22204102682215826, 0.22145447234312693, 0.21885596811771393, 0.2200716957449913, 0.22138070166110993, 0.221468155272305, 0.22064622044563292, 0.22110454738140106, 0.22157758101820946, 0.22127260799918855, 0.22120429575443268, 0.2220718075831731, 0.22184734046459198, 0.22078656724521092, 0.22067566812038422, 0.2221867684274912, 0.2222424695889155, 0.22324126263459523, 0.22240780759602785, 0.2220370822719165, 0.2220966156039919, 0.22058146794637043, 0.22203811258077621, 0.22156516015529631, 0.22216762881726027, 0.22244854470094044, 0.22134569784005484, 0.22268426325172186, 0.22066934938941682, 0.2206600457429886, 0.221143306295077, 0.22268425524234772, 0.22195810505322047, 0.22289577424526213, 0.22172248363494873, 0.22134308516979218, 0.2216885675986608, 0.22117029316723347, 0.2211212579693113, 0.22208392123381296, 0.22044898718595504, 0.22299878299236298, 0.2214112775400281, 0.22050687273343403, 0.22032186016440392, 0.22069941673960006, 0.21959288311856134, 0.2212718278169632, 0.22130629122257234, 0.22156090608664922, 0.2223715141415596, 0.22150620818138123, 0.2210937072833379, 0.22137230436007183, 0.22157911211252213, 0.22236306646040507, 0.2203077386532511, 0.2210176944732666, 0.2219960421323776, 0.22171406149864198, 0.22034683357924223, 0.22256676057974498, 0.2214560608069102, 0.22099863924086094, 0.22150275856256485, 0.22195927798748016, 0.22038357059160868, 0.2218783900141716, 0.219984199319567, 0.2204343259334564, 0.22107013873755932, 0.22122897903124492, 0.22117207845052084, 0.2208215817809105, 0.22070408825363433, 0.22156747324126108, 0.22198482354482016, 0.22016846537590026, 0.22224228829145432, 0.2204901322722435, 0.2202828135341406, 0.2201761374870936, 0.22165642976760863, 0.2205780828371644, 0.2205797859600612, 0.22275310222591674, 0.22146507600943247, 0.22159028053283691, 0.21885113737412862, 0.22128861546516418, 0.2205695491284132, 0.22194255292415618, 0.22164914906024932, 0.22303371224552393, 0.22112346014806203, 0.22019123605319432, 0.22168991168340046, 0.2212140068411827, 0.2214242337005479, 0.22024673819541932, 0.22183868868483436, 0.22117985146386282, 0.22096318751573563, 0.22213001797596613, 0.22055599987506866, 0.21973348557949066, 0.22071214562112634, 0.22192104955514272, 0.2209746867418289, 0.2209464448193709, 0.220651569776237, 0.22101502120494843, 0.2217513070656703, 0.22143312425989853, 0.22296269983053207, 0.2222177783648173, 0.22270025499165058, 0.22166208823521932, 0.22187499472728142, 0.2219046989553853, 0.2227567672729492, 0.22185684368014336, 0.2203311501070857, 0.22212387720743815, 0.22152837423177865, 0.2211955095592298, 0.22195364832878112, 0.2227621227502823, 0.2208291698585857, 0.22169109008141927, 0.22140039652585983, 0.22116221168211528, 0.22203742426175338, 0.2215786762535572, 0.22030000388622284, 0.22047301431496938, 0.22183810706649507, 0.22203378677368163, 0.22142094765838824, 0.2226519803206126, 0.22248640060424804, 0.221693041069167, 0.22361503392457963, 0.22101984396576882, 0.22086568921804428, 0.22053527931372324, 0.22083119178811708, 0.22167452010843489, 0.22123073620928657, 0.22082140296697617, 0.2206665566738914, 0.2211635872012093, 0.2207418456673622, 0.22087947204709052, 0.22115516165892282, 0.2224647621313731, 0.22173711160818735, 0.22188219096925524, 0.22084172070026398, 0.2205666626493136, 0.2214745160411386, 0.22131255907671793, 0.2221686914563179, 0.22175499945878982, 0.21970916042725244, 0.22131564219792685, 0.22239290177822113, 0.22137445708115897, 0.2211699825194147, 0.22144918019572893, 0.22256506804157705, 0.22182281386284602, 0.2207801729440689, 0.22065513357520103, 0.2214249794681867, 0.22137649059295655, 0.2217105763653914, 0.22052022483613756, 0.22247134314643013, 0.2211301513016224, 0.2228778469211915, 0.22185664623975754, 0.22119424243768057, 0.22102434809009233, 0.2212217781278822, 0.22128612134191725, 0.22172418857614198, 0.22177834808826447, 0.221549724539121, 0.2202036182085673, 0.2212075119217237, 0.21970665082335472, 0.22339798212051393, 0.2222528595190782, 0.22017061213652292, 0.22128987809022269, 0.2205531961388058, 0.2220846778816647, 0.22146190889179707, 0.21946681141853333, 0.22055418363639287, 0.22128194570541382, 0.22158535122871398, 0.22037733925713432, 0.22235793868700662, 0.22229096355537573, 0.22201429009437562, 0.2227163131420429, 0.2211174468199412, 0.221614185306761, 0.2223200218545066, 0.22268677254517874, 0.22170988159875074, 0.22134076952934265, 0.2200177652495248, 0.22172328600516686, 0.22061606049537658, 0.22107619836049922, 0.22205831912847665, 0.2217497987051805, 0.22247729724959323, 0.2227931171655655, 0.22022990997021014, 0.2215184693535169, 0.22174109283246493, 0.22101468373747432, 0.22214356294045082, 0.22090929870804152, 0.221222028920525, 0.22168651223182678, 0.2212412219781142, 0.220407043894132, 0.2213982829922124, 0.22197162608305612, 0.22186475203317754, 0.22097049195032853, 0.22210423275828362, 0.22090878847398257, 0.2196692876956042, 0.22191835366762602, 0.22154958049456278, 0.22037906238907262, 0.2212385018082226, 0.22206716812573946, 0.22208655377229056, 0.2214954707183336, 0.2217911858769024, 0.22082031002411476, 0.2219377321501573, 0.22238816477750478, 0.222426495381764, 0.22033467356647765, 0.22197315655648708, 0.22021087010701498, 0.22169076544897898, 0.22097977651999548, 0.22096247573693592, 0.22093976885080338, 0.22105140877621515, 0.22093440379415238, 0.22165551781654358, 0.22229350730776787, 0.22093572361128672, 0.22112948734026688, 0.22168290118376413, 0.22196053117513656, 0.22209752244608744, 0.21988858708313533, 0.22069044162829718, 0.22131587068239847, 0.21946624240704946, 0.22199706389353827, 0.22211072544256846, 0.22194150537252427, 0.22074772311108454, 0.2208744234272412, 0.22204813485344252, 0.22101251408457756, 0.22158076614141464, 0.22077021805139688, 0.22258280217647552, 0.22104981938997906, 0.22146665304899216, 0.22073351059641158, 0.2227401745816072, 0.22274394954244295, 0.22143058159521647, 0.2207892663203753]}